labels,image_id
U+306E 1496 1569 122 148 U+3082 1214 1524 72 116 U+3092 875 2404 142 188 U+4E09 899 3035 123 108 U+306B 1525 2240 77 236 U+306B 912 1455 59 90 U+6B66 1187 1939 167 207 U+6D6E 869 1982 155 183 U+3044 1492 1220 146 68 U+305A 891 1759 99 174 U+306E 259 2229 69 125 U+3092 582 2547 121 161 U+306E 546 1913 144 106 U+6587 192 2383 218 177 U+6642 1466 1340 167 177 U+306E 904 2881 92 87 U+306E 1185 2424 171 127 U+306B 927 3446 70 88 U+88CF 850 2609 170 235 U+6C17 1503 1752 145 206 U+8001 1169 1688 149 207 U+3057 630 2992 26 292 U+4EBA 215 2044 182 137 U+305F 1165 955 146 152 U+5F37 1485 2034 155 144 U+8AE7 551 2331 156 160 U+8077 210 1770 194 204 U+3081 594 3313 149 183 U+4E16 849 2238 168 125 U+3055 1220 3268 91 121 U+3068 1562 2981 52 116 U+306F 1232 3465 128 55 U+6839 203 1439 181 160 U+5DE5 1168 1399 187 91 U+3057 1244 2948 35 305 U+5DF1 1516 2502 124 118 U+8005 1194 2200 130 167 U+53CA 852 1589 149 171 U+76F2 254 2578 116 220 U+5B50 890 1256 101 162 U+304C 273 1654 87 68 U+4FF3 536 2097 182 156 U+3060 244 2828 158 142 U+98A8 541 1626 147 226 U+81EA 1853 1735 104 216 U+3051 277 2973 114 139 U+306A 1192 2778 136 179 U+5E8F 1818 2093 152 300 U+7D30 1146 1213 195 131 U+907F 517 946 182 173 U+7573 912 3194 98 230 U+305D 315 3289 59 135 U+304B 1189 2605 155 155 U+3075 1510 3357 149 188 U+697D 568 2765 138 207 U+3082 244 1178 121 194 seg_fp 220 927 123 94 U+308C 1495 2798 170 144 U+6B63 539 1439 139 168 U+3053 289 3164 72 123 U+3084 1489 2672 152 117 U+82E5 1469 1012 167 154 U+601D 1489 3178 159 144 U+3051 219 3329 56 101 U+308C 203 3441 182 118 U+606F 877 947 121 234 seg_fp 264 1022 92 133 U+3066 549 1195 103 161 seg_fp 1484 950 152 69 seg_fp 608 1306 25 53,100241706_00004_2
U+83DC 1523 1035 154 180 U+306B 1285 1522 112 89 U+306E 577 1456 83 77 U+306E 1061 2087 77 73 U+9999 1292 1041 133 145 U+89E3 321 1262 121 201 U+306E 1062 3060 77 68 U+3051 1788 977 97 124 U+306F 578 1125 88 64 U+5BB6 575 1186 98 127 U+306E 1787 1137 86 77 U+5148 557 3196 108 124 U+306E 2034 1509 74 73 U+3082 583 2324 83 124 U+3076 549 2958 109 95 U+3059 1035 3459 105 94 U+5177 556 1315 115 130 U+5E73 787 1854 136 125 U+308C 572 2090 85 120 U+98DF 1048 2764 124 134 U+98DF 1535 1907 131 163 U+53E3 833 2420 61 58 U+9C60 791 2553 149 158 U+3076 1041 1833 104 90 U+53C8 1997 2582 148 96 U+306A 579 2717 66 136 U+732A 799 2246 128 139 U+306A 1307 2548 88 111 U+306B 562 2609 100 95 U+3066 1547 1808 99 106 U+307B 1302 1620 100 138 U+576A 795 2047 148 142 U+3055 1548 3177 76 86 U+8003 550 3327 107 139 U+306A 1548 2611 96 97 U+6545 549 3076 138 118 U+308A 1799 1690 56 109 U+306F 1302 1371 80 48 U+306A 575 1982 86 113 U+3064 2026 1129 93 131 U+308A 842 1506 52 159 U+7269 1278 1212 131 123 U+306B 321 1151 103 96 U+3079 1530 2766 131 59 U+8003 567 1542 100 156 U+304B 2042 2489 45 74 U+3066 2044 2045 41 142 U+25B2 1547 929 96 43 U+3051 2027 2370 77 102 U+306A 1065 1607 79 111 U+3092 557 3486 89 114 U+25B2 1301 929 96 43 U+306B 1065 1484 70 108 U+306B 560 1698 105 97 U+6240 1041 1938 111 128 U+5177 1041 2180 105 155 U+3082 842 1051 53 151 U+901A 1523 3371 132 108 U+98DF 562 2464 113 139 U+3086 1539 2170 93 90 U+3078 1528 2557 130 57 U+3057 1326 2814 29 319 U+306A 1787 1592 81 102 U+3092 2021 1738 101 111 U+3066 1046 2651 94 100 U+3057 1785 1378 91 116 U+3031 1323 2264 83 263 U+662F 573 969 118 153 U+985E 1025 2911 130 129 U+306A 840 1354 64 149 U+3088 1071 2446 61 92 U+306B 1044 2341 105 96 U+305D 1556 2969 83 102 U+306B 1537 2338 100 93 U+304A 2025 1400 92 87 U+305A 1541 3485 110 93 U+306B 1041 1209 106 101 U+306E 819 1208 104 145 U+3075 559 1883 100 90 U+3086 2020 972 93 88 U+6545 1295 1870 116 124 U+306B 1317 1997 57 110 U+3044 569 1815 90 65 U+3055 1545 1330 66 117 U+3075 1287 1759 106 99 U+3089 583 2849 41 103 U+305D 1554 1641 77 106 U+5B57 1781 1230 101 128 U+81B3 1041 1335 115 145 U+3068 1563 3270 65 93 U+3068 1077 3383 49 81 U+3064 2012 2287 98 81 U+306F 1541 1554 87 68 U+3068 1564 3074 68 96 U+7230 1056 1049 98 155 U+60E3 1039 3149 116 127 U+308B 1070 3553 52 60 U+3079 1279 2734 128 80 U+3053 342 975 81 125 U+3055 1548 2454 68 94 U+3075 1530 2074 104 92 U+3051 2028 1267 91 131 U+305D 2039 1861 66 106 U+5B57 2032 1593 79 144 U+304A 2030 2202 83 79 U+540D 1038 3266 105 116 U+3057 1580 2816 18 140 U+3069 584 2237 79 83 U+3078 2011 1068 122 46 U+304B 1298 2122 102 94 U+3075 1285 2220 103 107 U+3044 1533 1452 114 96 U+308B 1813 1493 39 83 U+3089 1087 1719 30 95 U+3078 1536 1753 112 50 U+3078 2013 1974 116 59 U+308B 1564 2706 47 59 U+308B 1319 2655 47 70 U+25B2 1058 932 96 38 U+308A 1074 2539 46 121 U+3078 1524 2268 120 56 U+309D 370 1099 33 51,100241706_00008_1
U+306E 1035 1756 79 98 U+306E 1537 2974 83 78 U+306E 316 2570 77 78 U+98DF 1511 2004 123 151 U+306E 1772 2790 74 71 U+306E 1761 3212 88 83 U+307C 541 1244 123 135 U+5E2B 1021 1582 118 151 U+306E 2003 1706 73 97 U+4E2D 311 3077 88 131 U+6708 1754 996 96 158 U+98DF 1994 2010 117 155 U+304A 1757 2238 105 85 U+3082 1044 2771 69 98 U+304B 1740 2893 116 92 U+306F 1524 1928 82 61 U+3081 1032 2340 88 127 U+7985 1002 1382 133 189 U+308C 794 2237 102 131 U+6F2C 299 1439 105 163 U+7528 308 2422 89 136 U+4E38 291 1315 139 112 U+3059 2016 2291 77 128 U+3044 799 1836 85 77 U+5E38 1999 1820 81 180 U+74DC 291 1159 135 131 U+5EB5 988 1214 142 143 U+6F2C 1267 1396 114 163 U+590F 1755 1758 85 169 U+74DC 283 1626 131 144 U+96F7 522 1051 131 156 U+7528 1532 2810 89 134 U+305F 783 1025 110 109 U+6D45 286 1010 128 147 U+6240 1987 1583 111 114 U+3064 1997 1263 97 134 U+5E74 1033 2981 95 165 U+306A 1521 1355 84 133 U+3066 304 2191 92 96 U+308A 1060 3237 55 105 U+306A 1292 1582 65 155 U+5E74 1040 3358 93 180 U+3051 1034 1978 98 130 U+5869 1740 2639 130 119 U+5473 1494 1191 122 138 U+304D 1749 3091 114 116 U+3042 309 2081 86 113 U+3092 1760 1276 84 123 U+53C8 1006 2891 157 97 U+3082 813 1719 60 94 U+9AD8 1507 1004 102 170 U+4EBA 1971 999 132 124 U+6F2C 785 1462 114 152 U+6570 1492 1642 143 147 U+3068 1043 2676 81 89 U+751A 1542 2476 81 166 U+306B 1758 3425 96 92 U+5FB3 1512 2648 125 159 U+79CB 1736 1947 118 155 U+308F 805 1250 54 119 U+306A 1987 2529 105 109 U+304B 812 2385 63 67 U+3066 1762 3518 94 87 U+304F 1536 1479 55 151 U+307F 1784 3297 53 93 U+306B 322 1944 67 110 U+25B2 521 970 108 43 U+305A 1538 2302 78 139 U+571F 315 2317 80 85 U+3091 1538 3344 90 104 U+308A 2031 2633 48 109 U+305B 1519 2183 97 115 U+8D8A 1746 1407 117 151 U+3092 1996 1138 101 116 U+3044 787 2044 100 83 U+3093 1274 1254 111 120 U+308B 320 2819 85 124 U+3079 1264 1848 121 70 U+65E5 331 3320 45 78 U+3070 1763 2528 92 79 U+308B 2027 2418 49 74 U+3057 1309 1923 28 281 U+3057 576 1402 25 240 U+3068 811 1617 75 99 U+3065 787 2137 131 98 U+54C1 1529 3082 110 127 U+7167 292 2685 116 131 U+3064 1027 1883 92 94 U+304F 1266 1013 109 103 U+306B 1768 2103 63 114 U+6CA2 997 1041 132 160 U+3075 782 1915 100 98 U+3088 1068 3160 42 80 U+308F 1289 1122 52 131 U+5869 286 1800 131 138 U+591A 1523 3476 98 134 U+3068 2025 2163 56 110 U+3075 1018 2561 111 111 U+3086 1531 3216 101 129 U+7D66 1042 2473 66 93 U+65E5 328 2976 51 76 U+3075 1984 1465 98 98 U+3057 1792 1560 19 181 U+306F 1034 2125 75 107 U+308B 1303 1735 46 109 U+304F 814 1104 70 134 U+3078 778 1396 118 64 U+4E00 302 3259 105 18 U+3089 1777 2981 52 111 U+3078 1033 3552 124 51 U+3058 1074 2233 53 112 U+3005 1793 1154 20 97 U+3088 1780 2324 53 107 U+3079 1747 2442 115 72 U+3005 1551 1802 29 95 U+304B 2030 1395 40 70 U+3057 305 3489 119 120 U+25B2 1017 957 77 47 U+5E72 305 3449 97 84,100241706_00018_1
U+306E 828 2272 80 87 U+306E 580 2944 84 78 U+3082 1551 1013 70 131 U+5E0C 796 1560 123 187 U+306E 2040 2185 79 76 U+8449 813 2067 111 176 U+306B 2012 1159 109 94 U+6C17 2055 3233 98 135 U+4E07 822 1920 108 130 U+3082 603 1766 53 124 U+3092 560 3200 117 92 U+306E 583 1892 82 98 U+963F 818 1407 130 140 U+3082 1804 1764 60 129 U+9EA9 1266 1184 152 184 U+53E3 1555 1347 83 71 U+308A 1555 1167 76 151 U+306B 2042 2652 68 85 U+306F 1083 3326 69 137 U+4EEE 814 2394 117 118 U+6F2C 2018 1762 101 162 U+3066 2042 3502 91 103 U+540D 1060 2515 97 133 U+63DA 1050 1951 122 167 U+306B 817 3514 104 100 U+304B 323 2135 121 99 U+8336 2019 1577 109 165 U+9EA9 793 1021 151 165 U+9152 2029 3009 103 137 U+3070 834 3221 115 124 U+306A 1795 1531 69 100 U+3066 329 1019 89 111 U+66F8 543 1022 146 169 U+5929 316 1161 130 122 U+7269 2019 2505 119 121 U+306A 1554 1471 91 127 U+5DEE 1791 2127 88 194 U+7F85 816 1202 123 171 U+304B 827 2970 100 101 U+7F85 328 1473 111 170 U+5668 2006 1000 129 135 U+3086 2038 2895 85 84 U+3066 1064 1803 78 119 U+3057 1579 1794 35 409 U+7528 2043 2757 79 135 U+3081 1073 3190 84 91 U+751A 1794 1005 93 167 U+63DA 559 2771 124 148 U+9AD8 1788 1173 93 191 U+540D 815 2517 98 149 U+5929 1292 1041 127 132 U+7F85 1287 1403 129 174 U+306B 2040 3404 94 94 U+3068 348 1668 71 103 U+3059 1076 2799 80 148 U+5473 1768 1369 117 136 U+3066 825 2821 90 108 U+3066 568 1197 92 98 U+6597 334 1796 97 177 U+306E 2047 3141 73 88 U+6CB9 1051 1525 111 150 U+306A 584 2010 82 114 U+305D 2048 2297 66 118 U+3064 575 2385 100 125 U+3089 351 3280 60 113 U+3079 1532 1710 134 78 U+3092 1064 2375 96 128 U+306C 568 3331 103 126 U+9B5A 1060 1010 90 156 U+308A 583 2123 70 143 U+305F 1071 2134 69 126 U+985E 1039 1176 113 180 U+3086 1793 2700 93 78 U+53D6 2015 1284 122 127 U+308A 1804 1632 55 114 U+5B57 584 3036 81 151 U+3093 822 3345 126 117 U+9EA9 303 1297 131 164 U+3092 1062 1359 93 142 U+3066 337 2962 84 89 U+5929 1050 3512 143 104 U+3093 827 3059 133 132 U+3077 328 3174 115 109 U+25B2 1300 964 97 43 U+90FD 311 2656 127 159 U+306A 2035 1947 86 116 U+304B 598 2659 53 77 U+3093 325 3048 135 102 U+3066 343 2822 82 109 U+306B 847 2701 49 112 U+3068 354 3402 66 81 U+3057 620 2519 26 137 U+3068 848 1767 56 119 U+308B 1087 2255 43 116 U+308A 1789 1899 79 153 U+304D 592 3463 59 160 U+3078 1776 2788 140 57 U+304A 1785 2323 109 105 U+304D 346 2241 67 102 U+308A 581 1455 82 143 U+3046 597 1315 54 138 U+3068 1090 2668 50 127 U+306F 1075 2976 70 100 U+3069 2045 2062 72 95 U+60E3 336 3506 96 117 U+3086 338 2478 87 87 U+306B 1081 1683 49 120 U+3044 568 2295 108 91 U+3057 1828 2538 25 139 U+3057 615 1586 35 164 U+308A 2046 1420 63 135 U+3057 372 2340 22 122 U+308A 348 1986 64 131 U+304D 1798 2429 80 114 U+308B 1575 1596 37 103 U+3078 2021 2430 122 53 U+3078 1772 2066 116 52 U+3058 1108 3067 53 123 U+3078 328 2583 127 52,100241706_00019_1
U+306E 834 1161 90 90 U+3082 2046 1364 62 117 U+685C 808 1272 152 150 U+888B 826 2232 126 157 U+306E 839 2139 93 83 U+306E 351 1583 86 80 U+716E 1301 1240 109 200 U+306B 1306 2814 107 95 U+306E 594 2389 89 81 U+6CA2 2028 1500 110 131 U+306A 1323 1974 74 139 U+3092 586 1152 96 113 U+306E 589 1509 90 83 U+716E 817 1600 117 196 U+306A 1578 2540 66 141 U+3092 1562 1812 95 125 U+716E 582 2790 107 172 U+685C 1540 978 134 147 U+3092 355 2638 100 105 U+5176 1808 3131 61 150 U+86AB 813 2003 155 117 U+662F 586 996 86 156 U+306B 2055 3009 65 96 U+86F8 1543 1657 116 154 U+4EE3 1549 2414 113 145 U+306A 2052 1912 63 141 U+3073 578 2272 116 110 U+716E 1557 1946 95 201 U+5C4B 1558 1144 109 132 U+3044 2031 971 93 91 U+86F8 799 985 136 156 U+540D 1307 1645 98 181 U+3066 1577 3307 61 142 U+306B 573 1911 104 91 U+5C4B 836 2404 115 126 U+3075 580 2487 101 106 U+306E 2037 1270 88 94 U+8ED2 1779 2518 123 137 U+3082 2057 1164 56 108 U+306F 2053 1771 66 137 U+5C4B 836 1453 114 133 U+306F 1583 3474 63 126 U+305F 587 1283 105 111 U+3061 1800 2142 82 132 U+305D 362 2517 89 116 U+308A 1573 2684 64 131 U+4E8C 1309 2269 104 72 U+540D 1782 2680 104 153 U+8ED2 1299 2372 111 152 U+3068 1814 1616 65 113 U+86AB 1287 981 145 127 U+4E8C 1781 2429 111 62 U+5176 1333 2929 56 155 U+306B 1341 3229 60 99 U+672C 2041 2709 102 136 U+304B 338 1360 99 98 U+3084 1779 1516 108 106 U+716E 826 2550 110 176 U+305E 2048 2492 95 103 U+306B 1555 1307 100 113 U+308A 369 1097 50 117 U+3080 343 1235 100 125 U+3092 1310 1123 111 127 U+5F97 1068 994 97 132 U+304A 331 1681 117 133 U+306B 1565 3200 98 108 U+308D 1791 1352 103 159 U+305B 335 979 92 120 U+304B 2027 2057 102 102 U+3053 604 1400 74 96 U+5C71 2032 1640 113 129 U+304B 1095 1768 49 58 U+3042 584 2028 96 119 U+7269 1306 1832 109 127 U+3075 2022 1064 102 103 U+306F 1558 1562 83 75 U+3082 1332 2645 87 140 U+3066 1567 1420 59 134 U+5185 1800 3299 88 130 U+3086 1066 1579 95 116 U+308A 1339 2109 56 128 U+5473 1306 3088 125 141 U+3089 366 1954 46 121 U+3044 597 3093 84 69 U+8B02 1767 1765 128 160 U+4EAC 2045 3456 94 147 U+308B 1589 2151 40 94 U+6B64 1780 2289 120 114 U+3057 346 2277 95 123 U+3056 356 2087 84 82 U+308A 2060 2155 55 104 U+5C4B 2046 3286 104 126 U+308B 361 2171 55 75 U+6A4B 2034 2861 111 140 U+308A 1067 1213 77 120 U+308B 1342 1445 42 96 U+3075 1784 1926 104 117 U+304F 1814 2985 45 128 U+3072 590 3163 105 107 U+306A 607 3268 63 157 U+685C 2024 3131 130 135 U+6A4B 1773 976 134 154 U+5999 1301 3352 131 119 U+3078 1052 1707 133 51 U+305F 1079 1131 71 78 U+3055 597 1610 66 89 U+3068 612 2958 65 111 U+306E 1074 1452 82 128 U+3092 1329 3477 105 122 U+3054 353 1819 95 137 U+77E5 344 2764 113 128 U+888B 1557 2839 119 170 U+5C4B 1573 3018 105 136 U+304C 1338 1541 74 77 U+3089 604 2696 51 100 U+305D 1082 1336 73 114 U+3057 389 3070 27 303 U+3046 1817 2036 46 111 U+3064 336 2402 107 114 U+306F 594 3535 86 74 U+65E5 2060 2611 56 88 U+3079 335 2990 120 69 U+3075 1782 1142 109 107 U+540D 1552 2266 97 156 U+3089 605 1805 55 102 U+308F 603 2148 51 122 U+9AD8 1812 2837 61 159 U+3068 1336 2536 55 103 U+3057 391 1442 21 121 U+3068 2065 2375 48 107 U+308B 382 2894 42 93 U+304F 577 1710 111 95 U+306B 1814 3454 45 162 U+3057 2071 2248 23 116 U+304F 583 2597 103 92 U+3089 619 3427 45 109 U+304F 1813 1240 63 114,100241706_00021_1
U+3084 1515 1292 118 144 U+5E73 1767 1281 109 180 U+9999 1503 1456 148 160 U+304B 1511 1029 127 95 U+3082 1053 1677 60 116 U+304F 1533 1128 75 146 U+3082 566 1669 72 115 U+306E 1533 1634 86 86 U+306E 1046 1430 78 81 U+306A 1045 2121 97 114 U+3059 1272 2989 102 129 U+304F 1061 2965 49 142 U+9999 1014 1252 148 163 U+5E73 2007 1713 104 145 U+3082 2043 1203 62 111 U+304F 1054 1963 44 127 U+3032 1296 2378 98 241 U+3082 578 2038 62 122 U+306A 815 2282 76 128 U+306A 2034 1423 66 140 U+306E 2020 1872 78 96 U+306A 1048 3120 77 123 U+6CB9 797 2132 114 121 U+306A 1772 1496 85 142 U+3064 555 1810 101 126 U+306E 2028 1316 81 92 U+306A 329 1414 78 163 U+9152 800 1622 105 141 U+3061 2019 2070 81 147 U+3066 1039 2357 85 100 U+3031 822 1000 70 273 U+3057 1290 2648 100 102 U+3092 1283 2043 105 132 U+7269 1032 1546 110 108 U+3066 805 2873 94 98 U+53E4 1023 1830 116 119 U+306E 556 2156 86 90 U+845B 2023 988 91 192 U+3066 807 1501 86 95 U+308B 1319 3114 41 91 U+3046 576 1281 62 145 U+3046 832 1975 41 105 U+7269 1512 1738 122 145 U+3072 1045 2637 109 97 U+306E 1289 3521 78 81 U+5473 1029 2482 130 152 U+3072 807 3436 113 85 U+307B 551 1142 114 118 U+3064 2012 2472 93 126 U+3086 2020 2742 90 99 U+306C 1999 2227 102 131 U+308A 2023 1559 73 148 U+3042 1049 2756 93 93 U+3059 1301 998 80 138 U+3057 808 1765 98 117 U+540D 1035 1004 102 146 U+8272 1056 3479 98 124 U+306B 789 2529 114 110 U+3068 831 3518 70 96 U+53C8 790 3343 141 78 U+3079 1281 1147 120 156 U+304C 1285 1434 121 101 U+306C 1769 998 102 136 U+96A0 1281 3226 110 155 U+3066 1286 1304 86 115 U+3068 825 1260 73 102 U+3046 2038 1970 44 106 U+3046 1301 2865 64 121 U+3055 1297 2199 75 104 U+307E 573 1417 58 140 U+3070 814 3234 96 82 U+7269 1273 1887 118 147 U+3078 543 2382 137 62 U+3092 1036 3338 108 94 U+3084 1281 1688 101 98 U+3089 2030 2360 51 99 U+6240 1275 3384 111 115 U+3078 2000 2857 143 61 U+308B 1801 1641 38 101 U+3053 1305 2767 73 91 U+304F 2033 2582 68 140 U+3084 801 1884 99 90 U+3079 295 1717 131 87 U+4E5F 1044 1152 114 82 U+307F 575 1558 64 96 U+3079 1759 1745 112 77 U+51FA 804 3004 109 102 U+306F 1287 1797 87 81 U+3057 558 1006 112 126 U+3051 808 2752 94 127 U+305B 799 3114 92 119 U+308B 338 1578 53 126 U+3086 553 2267 97 86 U+308B 1070 3240 49 88 U+304F 583 1910 66 130 U+3057 1795 1847 34 391 U+3064 797 2665 97 87 U+3069 831 2412 67 113 U+307E 1293 2306 70 116 U+304C 308 1009 152 103 seg_fp 305 1252 115 58 seg_fp 1772 1140 102 111 U+308A 1063 2250 47 118 U+25B2 1541 942 96 54 U+3057 343 1849 38 412 seg_fp 368 1330 25 58 U+3057 1108 2840 27 100 U+304F 1312 1510 60 152 U+3057 846 1373 22 120 U+304F 342 1102 62 115,100241706_00027_1
U+4ECA 1532 968 134 169 U+306E 1051 2723 80 67 U+3082 1310 1848 54 120 U+4E2D 800 1855 106 156 U+306E 552 2600 87 90 U+4E8C 797 2501 107 70 U+4ECA 1762 2389 120 149 U+3066 1773 3278 51 178 U+3066 1788 1092 53 143 U+306B 1028 1272 116 87 U+3072 556 1739 102 108 U+306E 2020 2446 85 80 U+3082 830 1376 61 134 U+3092 1756 2851 118 84 U+3082 820 1718 67 108 U+6D41 2011 1139 128 149 U+3082 2023 3295 73 94 U+5F1F 1019 2942 113 162 U+3042 1778 1687 94 103 U+306E 811 1508 89 100 U+5BB6 554 968 124 157 U+6B64 788 1268 136 92 U+9905 1514 1407 133 164 U+3053 2029 2336 80 79 U+58F2 306 964 122 222 U+304D 1780 1791 72 131 U+3066 2007 3195 90 97 U+4ECA 1274 962 147 162 U+5834 2001 2905 122 151 U+884C 2010 1296 123 147 U+304A 565 1514 93 90 U+304F 2036 962 51 139 U+4E8C 1039 2516 92 69 U+306F 548 3077 85 58 U+83D3 794 3224 101 177 U+5B50 791 3472 104 119 U+3082 557 3507 69 99 U+7565 1759 2947 108 152 U+3057 1805 1450 31 213 U+306A 1287 2927 87 135 U+3088 833 970 61 107 U+6BDB 1020 1128 142 111 U+88FD 1760 1262 117 176 U+5144 1044 2814 102 121 U+3082 318 3292 68 107 U+5DDD 1282 1128 113 155 U+3044 1298 1573 93 64 U+7230 2018 1953 89 161 U+713C 1266 1286 133 177 U+3044 542 3179 107 97 U+3082 581 1602 61 133 U+4EBA 1025 2611 143 97 U+3068 1064 2100 68 113 U+3092 555 1355 111 137 U+306A 1544 1616 76 148 U+696D 553 1144 113 216 U+76DB 1761 2533 124 182 U+3042 555 2356 101 115 U+7D05 1014 990 151 127 U+6B64 1268 2398 122 85 U+3081 1046 1752 90 121 U+7766 786 2022 132 148 U+305B 304 2472 105 101 U+306B 534 2476 114 105 U+3063 1774 975 100 113 U+306A 1775 1951 98 126 U+306B 2007 3100 96 95 U+308B 2043 1835 43 89 U+3042 1046 3113 90 106 U+306B 541 3394 110 96 U+3070 306 3025 100 80 U+3055 1546 1161 74 138 U+3044 1039 2236 94 80 U+624B 328 1469 72 169 U+308A 1059 3216 65 128 U+5F1F 303 3129 95 153 U+3066 541 2724 88 97 U+308A 2032 2767 62 124 U+3066 1038 1390 89 93 U+3092 318 1347 108 101 U+306A 2028 1466 82 126 U+304B 1997 2128 109 102 U+3072 1762 2083 104 116 U+3084 1275 2016 125 112 U+3064 553 1869 104 95 U+3072 1266 2795 119 106 U+4EBA 786 2595 151 107 U+3051 1051 3367 91 133 U+3055 2017 3413 78 111 U+308B 1773 2723 74 112 U+5E83 304 1635 109 175 U+3057 1796 3106 33 165 U+308B 1315 3064 42 104 U+3051 2018 1717 94 120 U+3055 2024 2543 69 108 U+304D 556 1973 100 126 U+3089 1064 1607 49 121 U+8CB8 303 1972 134 170 U+308B 1051 3498 90 108 U+3079 1512 1868 137 83 U+5148 312 1197 104 141 U+305B 303 2910 102 112 U+304B 2001 2656 108 113 U+305F 1263 2514 110 159 U+308A 1278 2239 87 139 U+3057 312 3440 97 118 U+3089 1052 1982 58 112 U+304B 1299 3163 52 88 U+3068 329 2676 66 112 U+3050 1276 2674 113 110 U+3051 557 2099 95 138 U+305B 788 3052 96 112 U+7533 329 2800 57 107 U+308B 1783 2286 56 75 U+7533 826 2710 53 105 U+3057 1562 1972 36 402 U+51FA 314 2175 108 90 U+308B 1324 1736 42 81 U+25B2 1038 909 96 51 U+308B 580 2235 43 88 U+3069 829 1622 84 95 U+3089 578 2932 37 107 U+3057 809 2199 90 121 U+3057 858 1077 28 175 U+304F 328 1805 69 156 U+304F 821 2310 67 149 U+3068 1314 1465 65 90 U+3044 1029 1872 129 106 U+3093 302 2572 137 91 U+3051 1780 2202 70 86 U+304B 574 3282 50 117 U+3044 543 2829 116 101 U+3057 349 2274 25 187 U+304B 1558 1304 50 68 U+3078 1286 1645 120 79 U+304B 2032 3523 55 73 U+306F 1296 2131 71 105 U+3044 1034 1491 127 115 U+3042 799 2822 107 130 U+308B 1069 2410 42 74 U+308B 1565 1757 43 113 U+304B 333 3558 53 57 U+3078 1029 2329 126 64 U+3057 2067 2220 24 113 U+306F 806 2960 95 92 U+3057 2064 1580 34 131 seg_fp 325 2117 66 61,100241706_00030_1
U+306E 1756 1600 94 92 U+3031 544 2342 113 280 U+306E 1286 3102 90 82 U+5C0F 1016 1339 128 114 U+3066 1030 1107 71 180 U+306B 782 2161 120 112 U+306E 1278 1351 94 101 U+306A 1770 2459 78 168 U+3066 801 2814 58 160 U+306F 542 3147 100 58 U+3051 302 1715 102 139 U+3082 1043 2066 74 114 U+3066 548 3009 83 113 U+671D 777 1297 134 153 U+5143 1755 2025 121 139 U+306A 306 2689 79 141 U+306B 554 1137 71 125 U+671D 1011 2210 141 157 U+5150 1018 1480 129 147 U+3068 1050 1643 78 109 U+308C 300 2105 92 151 U+8D77 528 2752 124 149 U+3044 1030 1803 98 71 U+3065 1753 2191 118 144 U+671D 775 3000 120 158 U+96E8 1753 1431 114 132 U+3053 1529 1151 94 105 U+3079 1740 2728 140 93 U+3088 556 1873 72 101 U+306B 284 2546 110 115 U+3044 793 2612 94 83 U+7C73 792 2281 98 172 U+671D 1265 1729 126 151 U+5E38 290 2366 123 180 U+306B 1772 1882 70 119 U+591C 1023 3318 120 161 U+307C 551 1645 109 117 U+308D 796 1135 101 133 U+6B64 534 3231 119 104 U+3042 1749 977 119 141 U+3092 298 1160 123 110 U+5948 1272 974 115 205 U+306A 1284 3224 96 136 U+3053 306 1975 87 136 U+306E 802 3164 85 108 U+3093 543 1754 133 106 U+5BDD 1007 2402 135 196 U+77ED 1017 3170 141 138 U+3066 298 2948 85 96 U+540D 1754 1715 103 160 U+305F 785 3310 93 179 U+306B 1020 983 118 122 U+304B 788 1762 114 119 U+304F 290 1299 125 108 U+3042 534 1296 115 131 U+304A 1497 1006 153 138 U+3088 1304 2144 49 103 U+3072 1276 3502 111 101 U+56FD 1282 2935 97 125 U+304C 317 2274 73 58 U+3092 791 2462 102 118 U+304D 1285 2497 75 141 U+3081 1775 1120 92 181 U+3068 562 2612 70 118 U+3089 1299 3361 52 124 U+306D 292 3054 117 141 U+3057 1559 1302 35 322 U+3053 803 985 96 145 U+7C73 302 974 99 176 U+3091 1996 1355 122 126 U+7269 525 970 136 156 U+3069 1044 1948 88 116 U+308A 812 2697 54 120 U+304D 801 1595 78 148 U+3080 2000 978 140 134 U+305B 294 1562 99 128 U+826F 1284 1177 95 159 U+305A 1043 3012 97 134 U+3044 544 3356 104 94 U+3086 2005 1224 105 126 U+306F 1288 1622 80 75 U+3068 1288 1912 81 91 U+308A 1280 2248 72 143 U+56FD 1283 1473 96 136 U+308B 328 1851 43 91 U+308F 323 1414 54 146 U+25B2 1516 919 120 50 U+6642 288 3401 123 117 U+306E 1041 3487 84 109 U+3079 774 3495 130 89 U+308A 560 3457 71 145 U+305B 1030 2875 94 128 U+3057 1784 2833 43 381 U+3092 1031 2604 109 128 U+3055 1044 2755 68 111 U+3078 540 1544 109 76 U+304D 550 2114 83 154 U+304A 791 1489 122 101 U+308B 1312 2798 37 99 U+304A 1276 2401 107 97 U+304A 535 2005 129 112 U+308B 326 3281 44 83 U+306C 787 1881 98 149 U+305F 551 1429 82 102 U+51FA 1279 2678 110 119 U+306F 1770 1315 96 90 U+308B 822 2038 42 96 U+3078 1018 1884 128 58 U+3088 553 2273 72 122 U+308B 1791 2623 47 103 U+308A 318 2826 54 133 U+3056 313 3198 88 88 U+304F 1298 1999 63 127 U+304F 1785 2313 65 132 U+3057 580 2891 26 120 U+306F 302 3519 88 85 seg_fp 2053 1155 30 48 U+304F 2033 1101 56 105,100241706_00037_1
U+306E 1190 870 72 65 U+672C 615 1251 91 161 U+306E 1383 1211 69 63 U+306A 1010 895 80 101 U+3092 621 1410 82 84 U+3092 1189 1092 75 71 U+306A 453 2443 75 124 U+306E 426 573 90 103 U+5484 243 2159 119 89 U+306F 446 1275 68 45 U+306A 618 676 68 111 U+306E 1208 2596 71 90 U+6F2C 1002 2269 97 131 U+65B9 1183 1512 68 139 U+4EBA 963 512 136 128 U+306E 1009 1713 80 90 U+9332 1357 1686 122 133 U+306F 1391 2189 68 46 U+6B64 603 900 102 112 U+306E 1005 1174 73 80 U+61D0 614 1499 105 140 U+308A 1030 1314 47 97 U+308A 634 786 49 104 U+5F8C 623 2052 88 127 U+7570 1012 356 68 154 U+306E 1013 2412 61 63 U+3084 235 879 95 85 U+306B 440 1564 85 73 U+66F8 610 493 83 167 U+4E2D 625 1636 89 140 U+9577 992 631 109 134 U+6C0F 999 784 108 115 U+308A 447 858 48 106 U+66F8 594 1001 100 178 U+3089 856 2357 33 112 U+306E 828 1289 69 60 U+3092 257 1428 74 74 U+3066 266 1033 32 119 U+55DF 250 2288 111 126 U+306B 802 361 97 91 U+8336 812 1143 102 130 U+306E 1403 2646 59 50 U+98A8 798 728 110 112 U+751F 449 1657 56 111 U+73CD 612 368 99 121 U+3066 265 1611 56 114 U+4F1D 989 1404 109 115 U+53F3 815 1653 93 102 U+307B 240 376 96 94 U+9752 1016 1800 67 142 U+3078 822 2135 91 114 U+5BA2 817 1349 82 153 U+304D 1213 2238 55 112 U+306E 1373 2080 106 100 U+9593 276 2544 58 119 U+4F59 1391 678 78 134 U+4E00 612 1210 88 25 U+306F 633 1984 75 52 U+7CD6 232 1270 119 142 U+5DE6 1361 1441 104 115 U+6D41 796 848 125 123 U+5F31 1369 2390 110 111 U+308A 262 473 46 65 U+51A0 1376 2506 113 115 U+3059 262 1881 71 79 U+66F8 1012 2584 75 89 U+904A 1191 1885 86 126 U+7CD6 999 2133 107 131 U+84EE 427 2031 104 147 U+3042 424 982 102 84 U+308B 467 1939 39 69 U+5EA7 814 1504 97 145 U+308C 636 1874 65 106 U+5949 1163 1171 102 166 U+7802 1002 2054 102 89 U+88FD 252 1720 95 154 U+3082 840 1902 53 102 U+7269 994 1945 110 91 U+65E5 828 1830 65 70 U+547D 1178 938 87 154 U+306F 262 2078 71 51 U+3072 441 1148 77 109 U+305B 1200 2025 73 71 U+79D8 1351 1569 139 102 U+5C0F 427 1339 100 89 U+3082 282 1511 37 98 U+6F2B 1173 1742 120 140 U+4F1D 994 2476 102 104 U+897F 1182 2368 114 87 U+304D 1190 463 49 136 U+4E00 811 1781 97 24 U+308C 269 1957 63 118 U+6240 998 1603 103 88 U+8FF0 1350 877 137 132 U+308A 259 629 52 124 U+56DB 1168 1439 102 70 U+3059 645 1772 59 100 U+5DDE 1192 2455 96 124 U+6240 1364 1108 115 89 U+306A 1380 1826 83 94 U+3082 1029 1071 44 105 U+822C 1338 519 139 154 U+306E 265 2456 76 96 U+7802 223 1174 121 104 U+6839 435 2301 113 111 U+7236 1170 748 96 113 U+6709 646 2419 54 115 U+3066 263 754 29 100 U+6C60 436 1435 108 124 U+308B 1032 997 39 72 U+306B 1173 1663 97 81 U+3066 831 582 35 127 U+308B 841 2577 46 91 U+3055 845 2484 43 98 U+308B 1407 1920 46 64 U+5408 611 2538 96 141 U+9F0E 1366 1284 95 155 U+6B20 833 2018 67 114 U+304B 1418 2336 43 38 U+304B 1410 815 43 47 U+306E 447 2209 74 92 U+3082 1407 1988 41 93 U+3068 470 2568 37 104 U+5BB6 1177 610 88 139 U+677E 436 364 73 183 U+3068 1206 358 34 98 U+3068 1221 2162 39 80 U+3068 458 781 30 76 U+305F 467 1868 45 71 U+5E8F 1535 416 126 158 U+3068 271 542 31 82 U+3088 1034 1259 34 58 U+304B 271 972 31 63 U+55AB 787 988 124 159 U+304B 861 2273 31 83 U+3057 477 1760 23 109 U+308B 455 1065 47 74 U+3057 1217 1320 17 115 U+4F59 1400 2232 76 105 U+5712 634 2186 76 162 U+3057 850 458 18 110 U+308B 1403 1020 38 80 U+307F 448 686 41 93 U+308B 1024 1521 48 80 U+306B 659 2351 36 64 U+3057 1234 2096 25 76 seg_fp 1569 361 46 57 seg_fp 1345 408 107 34 seg_fp 1581 812 96 53,100249371_00002_2
U+4E8B 1051 2373 79 227 U+5E74 506 794 78 203 U+306E 1047 1955 74 68 U+5E73 1035 1810 100 126 U+83EF 481 1792 98 213 U+7A93 1402 603 94 163 U+4EBA 447 2170 156 132 U+4E8B 1228 1071 74 205 U+5929 1578 367 115 126 U+3092 1419 2162 73 76 U+6307 1573 1179 118 118 U+8ABF 1581 1701 121 118 U+306E 1605 605 72 64 U+6607 1030 1629 104 178 U+56FD 469 1621 121 155 U+8AC7 1212 1357 111 129 U+306E 1411 1091 69 68 U+7092 1404 2542 121 111 U+3092 1215 1254 80 73 U+3084 836 678 91 101 U+306A 1607 2081 76 93 U+3092 1217 529 89 77 U+5473 1575 926 110 126 U+65E7 1402 1518 95 144 U+306F 686 1408 56 88 U+4E0A 1608 477 57 96 U+306E 1617 1426 55 74 U+9673 473 1989 119 172 U+4E94 495 694 95 90 U+5247 1023 1228 99 134 U+5CD9 1015 773 105 133 U+9190 1571 830 126 96 U+6625 1407 779 60 150 U+7159 1400 2041 112 107 U+982D 1578 1302 117 114 U+697D 1041 2223 90 140 U+56FD 666 1592 86 111 U+5206 1050 494 70 118 U+8C46 1222 366 73 136 U+3059 1613 1825 60 89 U+306E 1411 517 78 87 U+6708 1403 370 77 117 U+6642 1201 964 104 107 U+308C 1592 2331 124 94 U+305F 666 1210 93 104 U+4E0B 1413 1159 74 101 U+9152 1220 2274 98 137 U+984C 477 2318 121 124 U+4E00 1050 2053 86 21 U+4E09 1042 380 60 95 U+306E 673 1877 83 85 U+308A 1253 2099 38 72 U+8317 1218 2403 92 151 U+306B 670 1323 82 73 U+308B 1244 1565 44 73 U+3072 1426 2366 87 92 U+5927 1053 2113 79 108 U+306F 1615 2443 74 38 U+6C38 481 547 110 119 U+4E80 665 1727 90 133 U+6545 1390 1419 115 96 seg_fp 836 977 70 91 U+307F 1199 734 113 106 U+306F 1050 1092 56 119 U+6625 502 1004 78 147 U+306B 1600 1628 94 62 U+3042 848 365 74 100 U+304D 1627 1965 40 108 U+5609 486 377 105 156 U+5C71 674 1959 103 76 U+308C 1039 978 68 113 U+3082 1620 1049 47 108 U+3059 1242 1474 46 91 U+76F8 1406 1669 82 138 U+5BFE 1401 1810 101 135 U+4E91 869 893 50 76 U+3059 850 572 60 101 U+306E 674 1514 68 80 U+3068 1253 2574 34 105 U+3042 1225 1941 89 93 U+306B 679 2205 82 60 U+9593 1617 1502 54 123 U+306B 1222 1837 82 76 U+9F0E 1025 657 94 108 U+308A 1629 2171 46 78 U+3066 1410 1329 58 63 U+3066 1256 2171 24 94 U+5438 1408 2256 102 101 U+82B1 1390 931 105 156 U+3078 1583 1923 111 51 U+3066 1242 838 31 105 U+304D 1242 1720 54 115 U+4F4F 669 2294 92 92 U+3068 868 797 29 83 U+96EA 1607 2496 82 166 U+918D 1574 687 115 116 U+308C 1046 1431 68 131 U+3051 690 2111 68 101 U+3059 1045 902 54 75 U+3055 1627 2250 39 81 U+308B 692 2386 54 60 U+3057 1446 1927 17 117 U+305F 1256 2032 36 72 U+3068 1251 1650 40 75 U+304B 1253 637 32 91 U+306B 1073 2617 26 65 U+306B 1428 1268 24 58 U+304B 703 2039 24 67 U+3053 1040 1346 74 95 U+3089 869 473 29 100 seg_fp 689 1698 39 50 seg_fp 1047 634 48 43,100249371_00003_1
U+5408 192 819 92 119 U+5408 1060 1454 100 107 U+5C71 1422 1992 100 63 U+516B 899 1284 99 78 U+83EF 1411 1790 107 147 U+79D8 1583 681 111 93 U+56FD 1434 1643 84 122 U+5408 367 1456 103 106 U+96EA 908 540 87 121 U+4EBA 1402 2123 122 106 U+7F8A 1252 912 80 137 U+5F10 734 1277 92 101 U+7FB9 1241 1069 109 183 U+5301 741 1548 50 133 U+4E94 200 594 86 73 U+65B9 1268 1363 60 126 U+5C0F 1069 690 90 72 U+767D 911 696 69 94 U+767D 1073 536 73 90 U+5DE6 1595 535 82 104 U+7802 892 857 101 101 U+5473 187 689 101 106 U+6587 196 1119 82 110 U+306A 210 2167 64 103 U+62FE 716 1410 103 106 U+6C34 378 550 103 112 U+58F1 1088 1282 56 128 U+767D 555 544 85 93 U+53F3 190 457 102 107 U+7149 1227 738 112 148 U+5301 918 1547 45 128 U+3031 230 1772 45 133 U+25CB 1261 645 67 68 U+7CD6 896 970 99 141 U+706B 198 1366 78 126 U+7F6E 1075 2251 73 109 U+7802 728 716 105 90 U+58F1 389 1293 53 124 U+6B66 199 1232 86 128 U+6C37 735 545 97 92 U+62FE 882 1410 111 102 U+308A 223 2268 42 106 U+308A 518 2175 40 97 U+9332 1585 1070 98 124 U+9332 1588 800 107 112 U+8C46 1076 851 80 112 U+306E 1267 1278 72 84 U+308B 213 2079 45 65 U+304A 498 1939 69 60 U+8FF0 1408 2289 113 109 U+7CD6 719 833 104 121 U+3066 205 1025 52 69 U+3086 202 1660 64 75 U+3066 203 1575 54 72 U+5206 571 1550 55 120 U+4E94 556 1471 77 74 U+9644 1590 940 94 111 U+5225 591 1899 73 111 U+5668 597 2014 84 105 U+3066 579 844 60 67 U+306A 517 2094 41 84 U+308B 213 1734 41 59 U+305B 197 942 63 78 U+3053 1095 1640 45 70 U+88FD 1068 2023 86 122 U+6C34 584 2277 81 81 U+304B 590 670 37 60 U+716E 581 2350 78 113 U+3093 1070 1901 89 70 U+9F0E 1603 388 80 145 U+3042 1082 1828 61 74 U+3093 574 722 86 80 U+3066 604 2191 38 65 U+304F 525 2012 30 71 U+3068 221 1902 27 82 U+3057 1099 2147 26 104 U+306F 603 1838 63 49 U+3093 576 915 72 97 U+306B 1103 1975 28 33 U+662F 607 1710 49 123 U+3066 505 1837 46 71 U+5BF8 566 1353 68 95 U+306B 223 2011 28 66 U+306B 616 2124 23 66 U+306B 224 1490 23 80 U+3057 1101 1710 24 115 U+56DB 556 1297 98 47 U+3057 524 1715 20 117,100249371_00013_2
U+306E 382 1224 67 61 U+3092 725 1610 83 72 U+306A 738 461 58 96 U+306E 1431 969 60 63 U+306E 377 1591 71 71 U+30AB 196 765 63 69 U+7F6E 378 530 67 137 U+8CAF 539 2574 93 109 U+306E 1433 1777 71 55 U+5408 1594 1567 86 130 U+306E 1602 1380 67 60 U+5165 1241 2121 96 83 U+53C8 555 1148 85 80 U+306A 386 1981 60 93 U+5E03 725 656 80 114 U+5C71 1418 1683 100 74 U+3082 1605 1168 51 81 U+304B 1229 1534 98 68 U+5408 733 2234 78 129 U+3081 739 1946 65 67 U+30A4 201 1034 48 87 U+9262 547 2216 112 123 U+306A 386 674 55 103 U+7DB2 894 1273 95 97 U+6D6E 899 669 82 88 U+306E 728 1248 79 91 U+53F3 1598 1271 78 87 U+6753 882 1392 100 102 U+53F3 1418 459 90 98 U+305F 1096 471 46 87 U+6975 356 1311 100 107 U+5272 1588 1449 90 121 U+304A 1248 1012 82 65 U+25CB 196 643 64 58 U+306E 741 2602 63 82 U+3066 735 838 48 72 U+3066 1083 2620 62 77 U+901F 894 2285 89 113 U+3092 1597 1712 84 59 U+4F11 1062 1077 106 106 U+9921 367 1098 104 105 U+3046 747 1495 45 112 U+57A2 1404 846 112 92 U+5165 1229 1233 108 66 U+308A 750 556 42 81 U+53F3 737 2474 70 83 U+7ACB 1259 2592 74 111 U+6C34 1262 1891 64 132 U+714E 728 1700 89 114 U+5C11 1427 2484 75 82 U+306E 194 1259 63 84 U+304B 1071 2332 98 62 U+3066 910 1671 54 72 U+53F3 731 1136 79 95 U+304D 916 1126 58 121 U+6F09 715 932 105 98 U+3092 1430 2185 75 77 U+3053 383 868 59 98 U+7CD6 1407 696 104 123 U+6B8B 1057 2047 120 107 U+30E9 198 1140 49 95 U+5805 560 1448 82 122 U+3042 1081 1870 74 100 U+3072 902 1908 81 90 U+7528 1609 2065 54 111 U+3092 737 2143 81 76 U+5165 546 965 92 57 U+308A 574 649 41 84 U+308C 1266 1274 48 110 U+53BB 912 2006 64 107 U+66AB 1061 852 107 113 U+308B 1095 558 42 69 U+7CD6 1067 1654 99 121 U+7149 534 1757 112 113 U+306A 919 762 53 81 U+5869 719 2035 97 102 U+307C 555 567 105 84 U+304D 1446 1539 43 118 U+306E 1433 2000 57 71 U+3078 361 1925 104 68 U+30C6 195 928 70 84 U+308C 377 965 62 107 U+30B9 197 860 67 51 U+308B 918 2612 50 82 U+4E5F 1604 2329 69 71 U+3078 1248 961 88 40 U+76AE 1432 2071 80 108 U+3057 1458 2576 20 124 U+3057 554 466 73 103 U+305A 1088 2213 84 115 U+3092 1266 2027 64 79 U+305B 738 2368 68 82 U+7802 1064 1568 107 86 U+7CD6 1243 808 96 128 U+3070 1086 1470 109 63 U+307E 1099 2446 47 106 U+3084 1412 1227 96 68 U+3059 917 1756 50 84 U+3053 382 1671 63 95 U+3092 567 859 61 83 U+308A 406 2076 39 107 U+7802 1406 606 108 91 U+306A 912 2542 53 74 U+7C89 546 750 107 106 U+65B9 194 1341 63 116 U+3066 579 2097 26 95 U+3058 1287 2334 50 103 U+5B50 915 1517 57 75 U+3070 915 2200 99 62 U+3066 1433 2413 56 65 U+308C 1088 1363 54 109 U+662F 1605 562 53 133 U+305B 1077 1278 80 83 U+306B 903 2486 81 43 U+3057 1104 975 19 105 U+306F 1434 1388 63 46 U+3082 1435 1901 49 86 U+308C 572 1006 58 118 U+308D 1259 1080 62 74 U+307E 1094 1185 46 93 U+308A 1449 2342 36 74 U+306B 551 1658 91 77 U+308A 927 843 40 80 U+4E0A 914 462 62 99 U+4F55 1589 791 88 85 U+3081 549 2030 81 68 U+3044 1424 1861 77 43 U+306B 901 568 83 66 U+53BB 1430 1042 59 99 U+3070 1264 471 91 96 U+3088 1277 1388 35 69 U+3078 368 474 95 53 U+308A 393 774 42 97 U+307B 1600 885 79 79 U+308A 1446 1137 41 95 U+304B 1099 1971 38 55 U+306E 1086 1798 60 68 U+3055 750 1336 40 75 U+308C 919 2099 49 105 U+3057 759 1033 16 105 U+308B 1618 2252 40 78 U+3064 743 1895 60 52 U+3069 1637 949 62 77 U+3064 562 1961 69 69 U+3086 1602 2175 66 76 U+3068 756 1418 28 75 U+3055 1455 2277 32 65 U+7802 1243 713 99 93 U+4E0A 383 1405 67 97 U+304F 1276 1454 29 77 U+3066 1621 1950 27 94 U+5176 910 924 54 125 U+305B 1265 2209 60 59 U+307E 1275 1703 41 88 U+3088 1447 1450 39 85 U+308A 1098 2550 34 72 U+306F 1598 697 65 60 U+3046 1445 1302 39 89 U+306B 1282 2448 25 73 U+3093 1258 2269 75 70 U+305F 1105 2392 42 57 U+306B 926 1606 27 65 U+3068 1107 626 27 77 U+3088 578 1234 34 74 U+3068 926 1049 32 77 U+304B 928 2413 41 73 U+3055 569 1571 50 79 U+3057 1281 1152 16 78 U+306B 751 771 24 65 U+3058 766 1811 69 85 U+305C 1248 1791 77 81 U+304D 1097 708 38 117 U+3082 1622 1787 42 66 U+3089 403 1847 25 78 U+308A 1267 615 46 95 U+304D 575 1313 36 111 U+3064 1596 1853 68 93 U+304F 916 1839 46 67 U+3005 399 1506 28 69 U+308C 556 2423 68 128 U+306B 581 2351 23 64 U+3078 1234 2534 94 53 U+3066 1605 1091 58 75 U+3057 413 1761 29 85 U+304B 1275 559 35 59 U+308A 585 1870 38 88 U+304D 1277 1604 33 95 U+3089 1117 2151 24 67 U+306B 1622 1034 29 55 seg_fp 1822 1403 48 86 seg_fp 1838 1609 32 102 seg_fp 1815 1507 55 100,100249371_00015_2
U+5301 1552 1640 63 146 U+5341 1379 1372 65 125 U+5301 1376 1646 51 143 U+5301 1202 1660 59 137 U+5301 1028 1656 55 145 U+306E 866 2655 60 76 U+5408 836 2089 114 110 U+4E94 1010 1543 96 80 U+5165 297 1751 115 89 U+3061 347 2643 52 91 U+7F6E 683 1492 73 121 U+84EE 1347 626 99 160 U+4E94 1370 1524 85 105 U+3082 337 2388 49 92 U+5EFF 1013 1398 81 90 U+8089 1360 907 86 116 U+3092 682 1215 73 71 U+53F3 827 487 86 103 U+5341 1555 1383 76 119 U+4E94 1540 1533 90 90 U+306E 508 1132 54 58 U+3051 513 2460 73 87 U+62FE 1173 1519 107 110 U+516D 488 565 79 78 U+5165 840 1660 99 74 U+6975 828 828 99 97 U+4E94 474 481 90 79 U+5225 666 654 84 113 U+5C71 1017 652 78 116 U+98A8 306 930 100 108 U+3082 499 756 50 74 U+7D30 834 942 94 111 U+5207 295 711 99 83 U+5F10 1185 1394 99 95 U+3084 303 1276 90 73 U+308A 529 1922 36 87 U+305F 327 2488 78 81 U+306C 301 1183 93 91 U+6C42 847 2282 104 124 U+65E5 499 668 53 69 U+5F15 297 1055 87 124 U+3070 326 1992 91 77 U+306B 306 1441 95 68 U+7C89 671 1091 105 105 U+308A 164 761 39 106 U+306B 334 612 39 84 U+3066 336 799 25 105 U+307E 868 1383 45 102 U+53F3 490 1020 89 103 U+305B 859 2202 61 79 U+3078 677 1815 91 59 U+5E03 493 1407 87 118 U+3057 686 1279 77 97 U+3082 349 2560 35 90 U+3075 489 1682 94 83 U+7802 485 2021 108 81 U+3066 853 1305 61 77 U+5B9F 1545 889 77 147 U+3076 832 1489 109 70 U+307B 301 477 81 67 U+7C89 489 1201 111 116 U+304D 498 1767 85 85 U+80A5 837 2433 110 92 U+672B 837 1053 93 103 U+7CD6 474 2102 111 130 U+7CD5 833 2543 107 107 U+82E1 1173 809 98 128 U+308A 701 2039 50 86 U+7BB1 308 1530 85 131 U+56DB 835 625 74 78 U+3066 502 947 54 67 U+3092 505 1329 72 73 U+3064 681 2309 82 45 U+3066 509 1606 55 68 U+5668 675 766 86 108 U+85AC 1007 896 93 143 U+82A1 1537 616 95 160 U+3044 329 2089 61 47 U+308A 520 2319 41 76 U+858F 1179 641 93 152 U+5473 831 706 91 98 U+3064 319 2138 82 56 U+304D 514 2637 89 89 U+4EC1 1174 955 114 80 U+3051 327 1914 70 105 U+7DF4 841 1916 103 110 U+3046 710 2217 27 88 U+3075 487 2232 83 90 U+4E0A 691 1730 67 76 U+3067 334 2290 99 88 U+3078 675 904 85 34 U+3068 711 2129 34 83 U+904E 503 848 60 96 U+3069 338 526 68 81 U+306A 146 657 56 105 U+306B 337 1661 40 82 U+3046 338 1349 35 99 U+308A 697 1014 40 84 U+3088 535 2552 36 81 U+5176 698 1626 53 109 U+3057 880 1548 22 111 U+304A 297 1836 100 76 U+5F97 125 492 96 89 U+304D 698 1374 57 109 U+307E 877 1711 41 122 U+304B 528 2404 35 58 U+305F 873 1835 49 73 U+3068 707 943 28 71 U+3068 527 1853 33 72 U+51B7 679 2578 99 81 U+3068 696 1871 50 71 U+308A 891 2024 33 62 U+307E 343 2181 42 121 U+306B 872 1164 28 61 U+3057 723 2356 16 75 U+3088 718 2449 32 56 U+304F 699 582 31 68 U+306B 523 1527 26 76 U+304F 714 2506 25 60 U+3057 718 2636 18 105 U+308B 165 576 34 76 U+308D 679 1952 83 87 seg_fp 699 491 63 90 U+3057 869 1223 25 82,100249371_00021_1
U+5165 1016 2006 101 87 U+6C17 874 1383 74 122 U+6642 704 472 93 131 U+5165 335 1223 94 90 U+308A 366 1687 39 105 U+306A 350 1592 62 96 U+53F3 1209 1988 77 89 U+88FD 1561 1118 89 131 U+6C34 1230 561 62 118 U+6C17 1220 681 82 119 U+306B 520 1137 85 62 U+25CB 1582 667 60 61 U+5165 1200 483 107 84 U+3066 1216 1642 65 72 U+7F6E 1396 2137 66 117 U+6CB9 1033 1657 81 86 U+306E 1586 1044 45 67 U+3082 542 2625 53 87 U+3092 1220 814 75 68 U+308A 545 2386 41 82 U+3031 1055 2454 43 238 U+3092 1211 2421 71 66 U+84EE 166 789 97 160 U+306E 723 611 55 70 U+306B 1034 1074 82 59 U+3066 532 1548 55 67 U+53D6 1395 2263 70 102 U+306A 544 2313 45 74 U+7092 1547 786 109 93 U+5225 514 900 91 115 U+64B9 498 1856 107 114 U+3072 873 2277 78 60 U+304D 722 1337 58 121 U+9ED2 1035 1159 85 109 U+7CD6 1025 1381 90 120 U+65B0 1376 943 98 110 U+7092 1204 2095 89 79 U+6B66 1215 1375 77 110 U+7C73 1569 912 89 105 U+6BB5 526 1019 87 108 U+3042 351 478 72 91 U+307E 1063 475 53 107 U+71B1 1031 670 99 110 U+3084 862 1903 82 56 U+308A 1225 1901 45 93 U+3059 1037 1771 70 74 U+3061 1054 985 48 84 U+767D 1402 661 66 96 U+3076 846 575 120 81 U+308B 883 1826 44 67 U+7802 1034 1290 96 86 U+3031 728 1028 50 120 U+306E 880 1522 54 43 U+3070 1400 1351 92 72 U+5165 516 2071 93 63 U+4E7E 712 1241 78 110 U+304D 367 1465 38 110 U+6C34 1378 1761 95 90 U+64B9 1019 2095 101 107 U+8986 872 2114 92 141 U+5C24 525 481 89 85 U+8AF8 350 1020 90 81 U+7092 1201 1729 105 91 U+306A 1226 1825 42 78 U+7C73 1394 760 82 112 U+306F 527 841 61 37 U+7C73 1389 1055 84 111 U+65E5 1405 1503 50 64 U+9593 721 681 57 113 U+6CD5 175 1358 85 117 U+3066 881 1043 46 72 U+4E0A 710 1467 65 79 U+25CB 181 675 60 67 U+4E0A 1401 2368 61 52 U+308B 1226 2347 45 68 U+307E 889 482 49 91 U+6D78 1382 1940 95 116 U+306E 1224 2625 54 73 U+305C 538 1978 94 72 U+8C46 530 706 70 115 U+308C 527 2541 89 85 U+597D 704 2219 98 70 U+8AA0 700 1721 106 123 U+306A 714 2436 54 68 U+9ED2 520 582 88 111 U+66AB 871 2566 77 137 U+306A 1398 1169 72 88 U+5185 351 761 76 100 U+4E5F 708 2581 80 69 U+7092 516 1225 94 89 U+3057 905 645 18 110 U+5B50 194 1132 54 89 U+5C11 870 1119 76 77 U+91A4 1030 1529 81 123 U+306C 862 1595 84 75 U+306E 721 2156 53 59 U+306B 708 797 84 66 U+591C 1386 1622 85 137 U+306F 880 2478 68 60 U+308B 551 2228 40 71 U+8AF8 524 1683 93 85 U+7D76 707 1929 81 121 U+6CD5 1567 1270 80 105 U+3051 871 1678 83 83 U+306E 187 1263 58 90 U+4E00 347 961 84 17 U+7F6E 881 2354 65 115 U+84CB 863 765 87 139 U+706B 1220 1473 75 101 U+3079 335 1377 123 84 U+304D 1062 784 42 112 U+4E0A 1405 488 69 94 U+308B 727 2505 40 78 U+6587 1202 1293 84 87 U+5473 693 2299 104 75 U+3078 1381 2639 81 67 U+5999 698 2058 96 77 U+304D 363 639 40 114 U+308C 1404 1254 55 107 U+3082 887 1290 43 80 U+7389 179 1003 88 96 U+3046 1061 903 33 81 U+305C 1041 2207 83 81 U+3092 871 908 71 63 U+3044 1385 2444 71 36 U+3053 539 2479 42 64 U+306B 377 1126 26 75 U+4E00 1382 1463 91 22 U+3088 1245 896 32 61 U+308A 733 1545 35 81 U+306B 866 2034 74 66 U+306F 723 878 45 85 U+304D 1407 2539 38 91 U+7F6E 527 1430 69 114 U+305F 1234 2289 37 57 U+3064 351 572 64 64 U+4E00 532 1636 67 18 U+3056 887 1749 70 76 U+308B 378 1313 27 77 U+3066 730 1628 25 83 U+3053 1051 1846 43 53 U+305D 1226 2507 53 119 U+308C 544 2126 43 104 U+308A 1227 2181 43 97 U+3057 1064 1899 18 99 U+3005 1429 586 21 69 U+308A 541 1316 50 94 U+304F 1056 2368 28 75 U+3068 730 1149 22 78 U+306B 551 1767 32 66 U+3089 1249 1140 22 69 U+306B 1413 1855 32 80 U+3046 891 1959 28 71 U+306B 1241 1575 22 64 U+306B 732 1845 27 74 U+3057 1248 1208 12 81 U+304B 1420 2492 28 48 U+3089 738 968 17 79 U+3057 1420 2047 17 85 U+3088 1058 2297 31 70 U+306B 349 860 73 57 U+3068 734 2380 24 54 U+304F 1249 957 22 54 U+309D 1081 581 21 58 U+305F 1229 1024 66 116 U+4E00 1390 1594 79 30 U+3057 898 969 26 72 U+3057 903 1207 19 83 seg_fp 548 1415 23 22,100249371_00028_1
U+5165 1058 1171 90 68 U+4E8B 911 835 64 153 U+5341 1604 478 70 67 U+5165 1578 1914 85 62 U+5916 217 1182 94 103 U+8336 1073 793 71 129 U+6587 369 1011 91 91 U+80E1 1237 737 93 91 U+5165 1416 680 101 64 U+4E0D 899 1396 80 88 U+7D30 1049 2594 96 98 U+65E5 1585 2636 55 74 U+65E5 1615 705 55 60 U+9580 602 957 113 140 U+6C34 1604 1132 72 109 U+7D19 365 1709 94 93 U+8AF8 593 582 140 134 U+304A 1596 783 84 57 U+3059 1077 1939 61 72 U+3079 881 2169 108 74 U+5E7E 1570 2462 89 128 U+306F 1592 2405 54 36 U+80E1 1062 477 101 85 U+3059 1439 1407 65 76 U+3092 1078 699 60 75 U+96D1 588 769 129 141 seg_fp 391 651 56 52 U+306E 220 986 67 60 U+3092 1594 1833 65 56 U+4F1D 201 2374 90 87 U+3092 1600 1258 62 68 U+6C34 383 1369 60 100 U+3051 383 1607 70 87 U+5999 894 996 93 76 U+4E94 1599 625 90 73 U+5B57 218 2081 58 102 U+306E 1079 1622 59 56 seg_fp 627 433 87 83 U+25CB 1267 651 58 58 U+6C34 220 727 72 105 U+306B 1095 1100 37 58 U+3072 1073 1254 77 75 U+4E8B 1437 1543 62 135 U+3084 1065 1329 86 65 U+3066 384 946 52 54 U+662F 916 1251 58 112 U+306E 236 1305 49 44 U+9152 1425 487 81 94 U+7406 888 1862 93 94 U+6587 378 2270 73 104 U+308A 241 1102 37 66 U+304A 207 1614 82 54 U+3092 213 2196 71 47 U+3072 216 1750 71 80 U+5C3B 1068 1674 93 109 U+6368 1585 1343 96 100 U+601D 898 1501 80 78 U+6CD5 1248 1377 84 110 U+6912 1225 844 115 94 U+3066 1622 1446 24 96 U+306E 1602 1576 58 58 U+305A 899 2332 100 103 U+672B 915 484 70 84 U+308B 1080 2010 48 62 U+5F8C 1578 2293 87 101 U+306A 914 1069 43 78 U+3066 1606 931 58 64 U+3092 1430 587 64 74 U+3059 1261 1235 56 71 U+3066 223 1830 48 59 U+7D19 212 1379 96 98 U+6912 1057 589 107 95 U+5100 878 1588 107 103 U+5473 1416 1143 88 85 U+3093 1061 1013 91 74 U+5176 1617 1015 43 106 U+3092 1248 962 72 67 U+3093 1061 1530 94 77 U+3046 1094 1395 33 83 U+9152 1590 1729 82 92 U+3079 1061 2062 93 62 U+304A 1426 749 79 64 U+308B 924 759 39 72 U+306B 244 909 30 53 U+308B 226 2309 41 52 U+58A8 363 741 97 130 U+306E 908 1702 55 59 U+308B 907 2107 44 71 U+3057 1093 2126 27 114 U+6C88 367 2102 90 88 U+306A 1434 1687 59 79 U+308A 920 1146 37 90 U+5999 894 1767 94 93 U+308B 1441 1481 48 58 U+308B 1615 1974 30 76 U+305D 1442 1246 44 82 U+9152 1421 1055 86 89 U+5B57 375 2375 64 100 U+56DB 1599 567 79 56 U+3061 1607 1636 48 94 U+3064 375 1554 71 54 U+5B57 378 1101 66 106 U+3093 1417 1331 93 66 U+307B 214 1670 73 82 U+3066 1080 1855 41 63 U+7C89 1236 1039 118 114 U+5DF2 1602 2206 44 84 U+3053 369 1940 78 79 U+3053 243 1048 33 56 U+6642 1054 2362 86 96 U+304B 924 2235 34 44 U+306A 907 666 73 94 U+306B 399 1472 26 60 U+5176 225 1893 54 98 U+308B 1265 1306 44 68 U+6587 207 2001 82 76 U+306F 916 1963 39 81 U+306B 245 1476 24 56 U+3066 230 1538 40 61 U+3057 1623 2093 16 89 U+4E0A 232 841 57 51 U+305F 1090 1474 37 61 U+306F 384 1810 54 30 U+307F 396 2191 29 59 U+304B 914 2043 39 69 U+3092 382 1221 72 59 U+308F 1096 939 28 75 U+66AB 1065 2240 74 115 U+306B 1274 1155 28 62 U+3057 1452 1770 26 106 U+3082 1435 959 48 69 U+305D 384 1848 40 90 U+306F 376 2493 56 27 U+304D 1450 810 33 92 U+3078 1573 2058 96 34 U+306B 400 2020 20 64 U+306B 1095 1794 22 59 U+304D 1624 836 36 93 U+3068 238 2256 27 54 U+66F8 372 1285 72 71 U+306B 938 591 21 71 U+306B 403 885 24 60 U+3066 1431 909 54 55 U+3089 930 2279 21 66 U+306B 1087 2466 27 87 seg_fp 1087 2533 28 23,100249371_00035_2
U+65B9 859 1320 117 127 U+306E 865 1246 129 99 U+306E 1087 1310 92 74 U+3042 1090 1081 98 105 U+306E 859 2304 108 104 U+304D 886 1114 78 137 U+306E 221 1269 125 97 U+65B9 859 2414 98 107 U+65B9 1257 2340 105 125 U+3031 246 1111 72 178 U+306E 648 2230 105 123 U+3084 857 1039 130 90 U+3068 667 2079 90 144 U+65B9 639 2354 104 113 U+306E 1274 1375 128 102 U+65B9 222 1341 98 119 U+306E 1467 1209 116 103 U+65B9 1282 1453 89 122 U+767D 466 858 87 109 U+306E 1259 2249 119 109 U+307E 1107 851 63 125 U+3044 439 2110 112 64 U+65B9 1083 1398 75 104 U+304B 646 1822 114 76 U+306E 878 953 99 90 U+306E 434 1200 121 108 U+65B9 677 1255 81 116 U+65B9 448 1305 95 111 U+308D 222 1973 98 93 U+3046 1511 1896 35 122 U+3084 1462 1811 130 88 U+3044 219 1910 109 71 U+65B9 1486 1315 73 111 U+306E 429 2294 133 104 U+305F 1502 1121 64 81 U+3075 865 862 119 91 U+3081 1085 977 98 94 U+3081 1086 1191 99 128 U+306E 1063 2226 104 106 U+3059 1481 844 110 125 U+3042 677 857 100 120 U+306E 678 1164 97 91 U+306E 205 2409 123 100 U+308A 885 1930 72 161 U+5DDD 865 2192 90 119 U+306E 1482 2204 94 100 U+3089 1279 1041 98 135 U+3061 1296 1286 82 106 U+65B9 1079 2330 71 108 U+3044 1272 1818 107 67 U+3073 1084 2000 118 112 U+304F 1290 837 96 82 U+3061 236 2310 75 99 U+3082 1295 1156 67 124 U+307E 1282 2009 70 139 U+304D 1268 2149 103 126 U+3057 1324 914 24 130 U+65B9 1473 2301 93 119 U+3044 658 1999 109 72 U+3075 446 992 123 86 U+3046 254 1810 38 114 U+3057 443 1834 105 120 U+307E 256 858 65 127 U+3093 1076 1870 131 125 U+3084 659 1057 121 107 U+65B9 440 2367 81 109 U+3057 491 1070 22 128 U+3089 465 1966 48 140 U+304B 1476 2009 108 82 U+304B 1479 1050 97 73 U+5EFF 1307 716 78 47 U+5EFF 1511 1676 68 42 U+307F 853 2092 107 108 U+516B 1513 1717 69 43 U+3093 1078 2108 110 115 U+3051 1095 1813 66 63 U+3088 899 1816 58 111 U+3082 1292 1874 72 130 U+3068 456 2156 82 134 U+308B 233 1043 107 97 U+307F 1476 964 104 88 U+3093 1482 2089 98 116 U+65B9 221 2476 84 109 U+5EFF 1517 720 81 51 U+5341 897 770 78 32 U+3046 249 2065 40 113 U+4E03 1511 768 83 39 U+4E5D 1312 759 77 51 U+3089 685 1892 44 111 U+5341 1295 1716 71 51 U+4E09 895 724 87 42 U+4E03 478 781 69 33 U+5341 252 1720 62 45 U+3082 250 2186 39 121 U+56DB 246 1694 75 31 U+3053 692 981 57 70 U+4E09 458 1680 74 45 U+4E09 260 714 64 40 U+5341 1110 1715 64 34 U+56DB 893 1741 74 36 U+4E5D 269 784 66 37 U+4E09 1106 725 72 35 U+4E09 478 722 76 42 U+4E09 894 1681 74 36 U+5341 1110 760 67 44 U+4E09 693 717 73 38 seg_fp 256 988 44 63 U+4E09 1294 1677 74 36 U+4E09 906 805 58 33 U+5341 263 758 55 25 U+4E09 686 1683 73 38 U+5341 688 1714 64 27 U+5341 461 1727 67 28 U+4E09 1107 1677 72 37 U+5341 891 1717 75 28 U+516D 685 1738 73 50 U+516B 457 1752 80 38 U+4E94 693 757 70 69 U+5341 478 752 73 33 U+4E00 1110 799 67 10 U+4E8C 1109 1749 69 29 seg_fp 689 748 79 17,100249376_00007_2
U+7D19 422 975 129 143 U+306B 1470 971 111 96 U+5C0F 646 1094 117 104 U+3092 446 1100 81 87 U+767E 605 753 150 106 U+306B 1476 657 111 109 U+306B 420 2189 118 97 U+308D 1468 1520 103 125 U+305F 1273 942 97 116 U+3080 1268 643 111 107 U+6C37 1256 1537 128 133 U+76EE 663 868 87 106 U+5165 402 1344 147 96 U+5408 604 2198 160 128 U+306E 1248 1160 114 117 U+5019 1274 2417 91 84 U+4ED5 203 1096 126 121 U+3052 214 2170 133 127 U+305F 1262 1756 118 118 U+306A 449 662 81 135 U+3092 1474 1190 122 132 U+3092 1269 2527 115 92 U+7A0B 207 2383 105 136 U+306E 617 2440 126 101 U+7C89 637 1426 135 148 U+7533 1090 1464 60 133 U+5165 619 1902 146 100 U+3059 897 958 62 129 U+306E 198 665 135 106 U+306E 635 1343 130 98 U+4E0A 217 1319 92 109 U+3066 427 2381 95 114 U+3092 222 981 103 101 U+5341 859 1868 89 122 U+6577 433 1201 130 140 U+706B 219 1689 97 121 U+308A 235 1196 63 113 U+5E73 639 2537 91 120 U+5165 1453 777 151 93 U+3051 1073 1314 107 142 U+7F6E 1488 1288 81 155 U+5927 426 1415 107 113 U+3053 241 2092 56 60 U+3044 1469 2162 96 60 U+306D 633 1993 131 134 U+3092 211 1827 113 103 U+9EA6 655 1210 96 144 U+5019 1082 1593 84 75 U+5B50 877 1669 81 116 U+3055 1291 1674 68 85 U+3064 855 1981 105 130 U+7A0B 1458 1939 110 125 U+4E0B 1493 858 84 100 U+3072 1059 1029 132 121 U+306A 446 1542 77 116 U+305B 1258 2072 105 71 U+7C89 419 2057 141 134 U+306B 665 969 59 115 U+306B 239 2530 62 108 U+7389 876 1538 112 122 U+76EE 661 1784 79 113 U+3078 1265 762 109 120 U+7F6E 222 1937 93 128 U+306B 230 1572 63 109 U+5019 1481 1865 84 64 U+3078 425 805 132 88 U+3044 1262 888 117 70 U+516D 629 651 134 106 U+4E0B 223 1447 78 102 U+9285 639 2335 115 121 U+934B 417 1760 111 132 U+306E 1274 1970 98 89 U+3093 1259 2139 129 131 U+706B 1483 1073 93 113 U+304B 847 871 139 84 U+3053 1483 2582 58 60 U+308B 453 1657 48 81 U+767E 614 1675 148 102 U+308A 677 2117 49 96 U+3064 1461 1642 114 122 U+5F8C 1459 2473 115 124 U+3057 1303 2243 19 161 U+306B 446 1891 51 102 U+767D 867 2308 93 102 U+3051 1477 1744 99 118 U+3044 1473 1458 97 60 U+3075 828 2109 132 84 U+7CD6 844 2518 129 131 U+305F 236 885 65 91 U+4E94 867 1793 99 91 U+3046 1298 1044 48 116 U+5019 228 2306 81 76 U+306D 421 2556 112 96 U+6C99 849 2415 122 110 U+306B 1491 2048 50 102 U+304F 1290 1415 42 112 U+3044 1068 668 106 66 U+3057 899 2177 21 116 U+3066 866 1099 86 107 U+308A 1496 2217 51 125 U+4E94 644 1577 106 102 U+3082 1093 1115 48 131 U+3075 213 782 136 102 U+306B 455 847 50 114 U+304B 1104 1250 49 92 U+3046 1302 1846 34 125 U+5165 406 1997 162 87 U+3089 888 1206 43 160 U+304B 464 2487 39 59 U+305F 1092 911 55 115 seg_fp 1095 844 53 65 U+3057 485 2280 16 105 U+5341 879 747 81 81 U+304F 1106 700 57 147 U+5176 1486 2342 46 137 seg_fp 1298 1310 42 110,100249376_00014_2
U+5019 1639 1953 73 71 U+3066 563 2052 102 106 U+5347 1191 1933 94 134 U+3084 959 1297 122 106 U+306E 755 1976 121 91 U+3084 745 2070 123 67 U+767D 1195 2195 87 108 U+306E 1391 648 118 109 U+9285 355 670 126 125 U+3061 776 887 85 122 U+306E 1179 1574 97 96 U+5C0F 1191 1347 115 85 U+4ED8 573 1222 107 140 U+58F1 1194 1816 84 114 U+3084 1603 648 136 109 U+306E 339 1341 156 94 U+7C89 1173 1680 134 134 U+306A 1636 1109 89 140 U+3044 774 1013 110 65 U+307E 762 2370 116 95 U+3066 986 977 80 97 U+7533 1643 1852 58 108 U+306B 385 986 53 101 U+4E0B 365 2016 92 111 U+8ECA 758 1841 97 137 U+306E 1596 2366 130 103 U+4ED5 1400 1350 121 128 U+306E 962 2310 129 95 U+304D 784 1415 77 114 U+3064 1407 1085 116 135 U+7533 1649 913 58 117 U+706B 372 2248 91 110 U+306E 758 664 111 109 U+69D8 562 662 130 133 U+3092 578 1837 110 109 U+4F46 1620 2037 120 110 U+5165 944 660 153 97 U+3092 361 2369 117 84 U+5F62 553 2165 136 111 U+306B 380 2137 55 101 U+306B 778 2262 58 106 U+306B 1206 2080 57 102 U+9EA6 1184 1440 108 140 U+4E0A 363 1869 82 114 U+306D 559 1695 137 136 U+3066 571 1361 82 106 U+306F 1213 875 70 115 U+4ED5 347 1745 122 123 U+308B 1171 1109 139 138 U+4ED5 564 892 132 117 U+5165 336 1094 160 92 U+3092 349 1628 132 144 U+306F 1635 1412 78 47 U+306B 1645 1660 46 94 U+5019 1633 1040 90 68 U+706B 1621 2450 102 103 U+5176 588 1473 60 140 U+306B 978 1618 110 113 U+5207 1611 1761 130 89 U+4E38 774 1299 117 108 U+3046 788 2141 38 124 U+7F6E 369 2461 88 123 U+5207 552 2568 125 86 U+306B 979 871 108 102 U+306F 778 2463 93 42 U+308A 1428 971 73 122 U+706B 1416 771 104 105 U+3078 354 924 122 86 U+308A 1643 1250 57 148 U+306B 784 1731 57 99 U+4E8C 1181 2529 105 53 U+8272 1612 1455 113 132 U+3046 1214 990 51 137 U+7CD6 1175 2396 121 128 U+306A 373 779 89 134 U+6C99 1183 2300 120 104 U+304D 774 1164 100 145 U+3092 568 1114 133 131 U+5019 1428 1460 76 77 U+6C34 991 730 82 142 U+5341 1220 743 72 60 U+306D 957 1165 142 137 U+306D 360 1244 101 114 U+3057 813 764 20 121 U+3066 355 2588 130 77 U+306F 988 1404 75 46 U+306B 587 2479 58 74 U+6301 550 1944 143 108 U+3057 1666 2132 22 134 U+3089 1006 1445 48 103 U+306D 758 1616 113 112 U+3053 977 2396 88 89 U+304D 1645 772 73 126 U+3093 975 2180 122 130 U+5408 1167 2587 159 72 U+5019 780 2612 91 61 U+3057 811 2503 17 135 U+306B 595 793 61 102 U+304F 1001 2549 40 106 U+3082 1005 1707 44 149 U+3046 996 1977 52 140 U+8272 567 2271 98 130 U+307F 998 1855 50 118 U+3088 1441 880 41 81 U+304B 806 1534 42 80 U+3091 574 1009 97 107 U+304B 395 1169 40 78 U+303B 1653 1587 34 63 U+305F 363 1527 84 94 U+3088 1442 1204 47 89 U+3055 800 1069 44 87 U+304F 1437 1286 47 99 U+3068 989 2110 64 72 U+3075 353 1401 106 123 U+303B 600 2399 33 66 U+304B 597 1618 43 78 U+304B 1005 1547 37 66 U+3053 993 1072 56 66 U+4E0B 1629 2275 80 104 U+4E0A 1637 2547 73 91 U+3068 1013 2465 36 88 U+4E00 1217 809 76 15 seg_fp 1633 2624 76 17,100249376_00015_1
U+3066 991 1183 87 124 U+5347 1011 1364 64 146 U+7AF9 374 954 121 122 U+3066 1426 1527 94 105 U+4E2D 777 1837 91 124 U+5408 968 2112 151 110 U+304A 1629 1211 113 130 U+3066 380 1179 94 112 U+3072 1209 1481 112 112 U+305F 1630 826 115 116 U+306B 381 1073 92 101 U+304D 1646 2128 81 137 U+306E 1206 1803 99 98 U+5165 1612 1135 132 92 U+304D 392 809 72 150 U+306B 1445 1432 55 96 U+308A 794 1710 73 116 U+306D 1420 703 123 132 U+3044 991 2238 99 56 U+3066 993 2615 114 83 U+306E 591 2334 132 95 U+53F3 1196 1345 107 127 U+306F 608 1620 61 124 U+3053 818 2618 55 58 U+306E 1409 1045 153 98 U+3092 993 705 115 124 U+4E09 997 2005 87 97 U+3051 1430 1737 102 125 U+307E 1416 914 111 136 U+4F5C 764 1613 127 107 U+3042 1439 1620 92 101 U+3084 575 2027 124 79 U+767D 1004 1630 84 104 U+3092 595 1189 116 102 U+306B 592 1912 105 106 U+3054 1449 838 89 64 U+306B 1019 1519 50 103 U+3080 780 2029 109 112 U+3092 374 1493 131 131 U+3092 1644 1017 99 108 U+7C73 1216 2539 84 137 U+4E21 580 1409 104 134 U+3072 1638 1444 116 138 U+7D30 372 700 125 114 U+306B 996 2550 93 76 U+304F 808 2281 43 127 U+306B 993 960 106 108 U+304D 798 2143 75 141 U+306E 581 1538 121 99 U+308B 796 2416 83 105 U+7CD6 979 1865 119 134 U+3042 391 1280 87 125 U+7533 1439 1848 63 144 U+6C99 583 946 113 106 U+5176 1657 2279 49 145 U+7C89 980 843 127 126 U+767D 595 823 80 106 U+3046 1230 2157 40 118 U+306E 382 2476 119 90 U+3042 1216 933 102 119 U+6C99 989 1751 120 111 U+5019 1444 1975 75 73 U+6E6F 978 2432 129 116 U+308C 1000 2287 75 140 U+3089 1448 1321 53 107 U+3055 1665 715 53 100 U+3084 1635 2032 108 100 U+304F 621 2588 41 102 U+307F 823 2529 43 62 U+3044 1206 1727 108 75 U+4E00 974 1327 127 32 U+306F 796 1208 80 59 U+3081 1640 1698 90 94 U+3042 401 1595 90 157 U+8272 785 1268 91 129 U+3057 626 1752 20 156 U+307E 589 711 118 105 U+306A 796 968 84 127 U+3078 776 1970 122 76 U+5305 593 1303 113 106 U+7CD6 581 1054 120 125 U+3053 598 2425 94 87 U+9EBB 372 2356 130 110 U+3059 1226 1607 61 113 U+3053 1664 2611 56 64 U+305F 1216 1141 76 101 U+306D 769 817 125 142 U+308A 808 1099 57 115 U+3057 633 2214 20 134 U+308B 1216 2277 88 110 U+306A 391 1405 99 104 U+306B 804 1482 60 113 U+3057 1249 2385 26 156 U+80E1 378 2233 114 103 U+6CB9 392 2582 113 93 U+3051 396 1717 101 183 U+3042 1433 1115 83 119 U+307E 392 2041 102 120 U+3046 627 2109 27 115 U+304F 1231 2040 35 108 U+3075 1399 1231 124 89 U+307E 1639 2424 105 136 U+3057 1688 1311 17 141 U+5341 1222 788 71 45 U+5176 404 1895 50 149 U+3046 1678 929 35 119 U+5C11 1639 1796 93 114 U+3053 1236 1053 49 85 U+516D 1222 833 72 49 U+3057 1677 1895 20 135 U+3053 805 711 46 92 U+3089 1652 1583 50 134 U+303B 822 1400 35 83 U+3068 626 2499 37 92 U+3057 1019 1060 33 124 U+309D 1681 2559 28 35 U+309D 431 2165 26 49 seg_fp 1232 1912 42 132,100249376_00017_1
U+3066 1072 1704 98 128 U+9905 192 915 150 156 U+308C 1084 1303 80 153 U+6210 1488 915 127 117 U+307B 230 2255 99 83 U+306E 659 861 100 107 U+3066 880 994 86 125 U+5347 1284 2324 78 155 U+305F 1073 778 115 130 U+3044 1083 1246 96 61 U+3066 224 1319 77 118 U+6210 645 1333 134 133 U+58F1 430 2184 93 127 U+9905 403 1865 141 163 U+5019 1494 1157 84 74 U+5927 653 964 112 128 U+306F 883 2597 75 55 U+3084 850 2023 117 94 U+5F71 195 2095 131 140 U+7533 1502 1033 68 141 U+304D 875 2105 78 144 U+306D 865 737 131 146 U+5C0F 1275 1740 105 91 U+7C89 1257 2118 144 143 U+65E5 237 1765 71 93 U+591C 213 1943 111 137 U+3055 1292 882 77 96 U+306E 1245 1998 135 113 U+7C92 420 2309 130 145 U+3059 889 1094 80 151 U+9EA6 1276 1839 94 166 U+306B 1263 2453 131 127 U+7533 880 2262 58 132 U+767D 1286 2551 81 108 U+305F 1277 978 115 115 U+308A 1094 2038 58 110 U+7533 675 1451 66 158 U+5510 417 1708 114 156 U+306E 212 1446 106 95 U+3061 445 1387 84 139 U+7C73 430 2037 98 140 U+306B 1073 1604 106 108 U+5408 1051 1114 159 117 U+305B 1259 1202 116 85 U+306D 1062 2384 132 124 U+6C34 1083 1452 92 150 U+306D 660 733 90 133 U+3044 434 1181 107 93 U+306B 232 1081 64 114 U+306B 876 882 103 109 U+3057 267 1544 21 145 U+3057 1070 1805 111 120 U+3091 214 657 112 116 U+3053 882 1251 77 79 U+3078 1265 1400 109 130 U+5F10 1075 997 116 118 U+308B 1092 1927 63 110 U+3044 1290 1531 104 76 U+3093 1276 1281 134 115 U+53F3 1067 2489 93 109 U+306B 1500 794 62 122 U+4E00 211 1893 113 28 U+306E 1057 2597 137 84 U+6C5F 864 2479 107 131 U+3055 1511 674 64 116 U+4E00 224 1692 96 28 U+308A 245 780 60 128 U+3046 1299 1076 55 149 U+4E00 1255 2284 123 32 U+3053 1085 2270 72 111 U+3057 273 2314 22 150 U+3081 443 1004 89 109 U+5019 667 1593 91 73 U+3064 439 2484 93 79 U+3082 469 1249 42 134 U+3055 455 889 62 108 U+307F 846 1911 116 115 U+306F 883 1633 62 159 U+304B 686 658 43 76 U+5341 1292 741 71 43 U+3046 1117 890 40 116 U+5019 876 2384 82 91 U+3068 1102 2148 43 119 U+3064 873 1476 102 108 U+5EFF 452 746 84 67 U+3055 678 1096 63 94 U+3055 883 1794 65 112 U+3056 1103 655 101 125 U+306B 670 1201 60 131 U+3057 904 1337 30 135 U+3057 256 1192 25 119 U+304B 905 650 47 86 U+4E5D 1292 784 78 50 U+304B 456 1113 50 64 U+306B 231 2458 101 97 U+309D 472 2568 28 49 U+309D 907 1587 34 36 U+3066 176 2572 110 75,100249376_00018_2
U+304D 1627 1318 82 147 U+4E2D 1629 1951 88 141 U+3066 364 1327 89 120 U+306E 543 1246 120 113 U+5165 1615 2392 147 94 U+306E 1387 1264 140 130 U+308C 560 866 73 143 U+767D 785 1907 86 114 U+5408 727 776 153 120 U+306B 374 1784 109 106 U+5176 1614 921 63 158 U+7F6E 383 1895 97 155 U+3066 1391 1610 113 109 U+5347 776 1637 84 148 U+3066 947 806 84 128 U+306E 1632 1849 95 99 U+7C73 995 2343 96 141 U+3066 353 899 74 122 U+6728 1399 1365 97 145 U+7533 1432 2208 72 143 U+3092 1200 2293 121 101 U+5019 1434 2333 89 73 U+305F 777 2141 106 123 U+5408 736 1328 148 109 U+5927 1382 905 123 133 U+3066 403 2534 100 124 U+306B 791 1790 54 105 U+7C73 1199 2143 103 143 U+4E03 730 664 123 93 U+3055 789 2031 72 104 U+3059 1157 893 115 144 U+306E 1408 791 85 109 U+4E38 1611 1208 123 120 U+306B 364 1233 93 101 U+9905 947 2203 158 149 U+5408 765 2454 148 111 U+306B 1238 2549 50 95 U+7C89 972 1710 137 140 U+7C89 756 1447 122 131 U+308C 763 946 76 162 U+304A 1397 1699 122 124 U+7B49 591 2411 90 155 U+304B 1393 1959 115 77 U+305F 582 1631 81 170 U+306B 990 1401 59 112 U+6C41 382 2220 93 133 U+3051 1625 1608 110 134 U+3044 745 911 108 54 U+3080 1602 667 114 104 U+304F 403 1663 37 107 U+3072 951 1290 123 138 U+3078 1611 2101 139 61 U+3057 1454 1811 22 156 U+3051 978 1593 107 135 U+5347 998 1912 76 161 U+767D 1204 2013 89 127 U+7269 1394 654 124 137 U+4E94 791 2575 100 94 U+3092 387 2356 120 105 U+306B 340 677 111 111 U+306B 1004 2087 59 107 U+306A 359 1013 87 162 U+304B 1163 1138 94 89 U+6C34 594 2158 97 135 U+306E 970 2482 144 103 U+305B 736 1216 133 100 U+5F8C 1596 1079 125 130 U+7A0B 1388 1137 125 142 U+306B 1424 1517 62 104 U+3044 545 814 104 57 U+7269 1618 1748 122 103 U+305F 1195 1206 68 124 U+3051 1651 2548 84 114 U+7D79 949 945 116 128 U+3042 370 1428 95 123 U+308A 593 1906 70 134 U+307F 1198 1037 48 93 U+307E 1641 1469 62 128 U+564C 555 1486 109 135 U+5473 557 1353 118 124 U+3046 814 2247 38 123 U+52FA 537 674 101 128 U+7C89 1195 2398 113 150 U+307E 580 1801 108 110 U+5176 398 2063 54 154 U+4E09 791 2374 87 86 U+3055 1409 1016 66 114 U+3064 365 1557 103 109 U+3068 607 2037 44 113 U+3075 952 1088 103 93 U+3081 1423 2103 96 103 U+7C89 973 2544 155 127 U+3046 1201 1473 46 162 U+3078 346 1189 129 71 U+4E00 747 1594 130 31 U+5206 609 2579 84 93 U+308B 1190 1625 91 120 U+4EE5 381 2452 132 75 U+4E03 1177 801 67 45 U+307E 767 1114 75 107 U+5C11 1636 2155 112 124 U+3057 1649 774 17 150 U+5EFF 1169 759 88 44 U+305F 1433 2025 70 78 U+303B 592 1152 35 80 U+3064 1646 2279 79 59 U+4E00 960 1866 135 47 U+4E0A 542 1013 108 134 U+3057 982 650 26 156 U+304B 997 1518 41 72 U+308B 992 1178 50 93 U+3057 1227 1739 23 157 U+307E 1662 2441 44 106 U+4E0A 1195 1899 105 118 U+3057 390 768 17 127 U+3068 610 2287 48 114 U+309D 1686 2340 17 40,100249376_00021_1
U+9905 895 703 163 150 U+3058 1199 1489 53 159 U+3092 1152 1138 121 107 U+4E2D 1153 1008 101 139 U+534A 947 1290 93 128 U+3092 934 986 119 102 U+306D 318 1315 119 122 U+3058 361 1428 60 150 U+306D 1144 1363 144 140 U+3068 548 1125 95 169 U+3055 1397 2271 67 100 U+7C73 933 851 102 135 U+3080 1147 1623 118 126 U+3064 946 2023 105 126 U+6642 1153 2189 117 102 U+716E 1572 942 124 138 U+3080 1588 1674 124 103 U+4F46 535 1796 122 116 U+53D6 1606 1346 82 104 U+3066 1160 876 80 117 U+3066 1601 1226 70 117 U+305F 1152 2290 116 99 U+6642 930 1191 125 105 U+9577 1379 2145 93 119 U+3059 1155 2085 114 120 U+53F3 526 1448 112 117 U+5BF8 1376 2434 98 100 U+4E2D 1589 816 92 110 U+5BF8 522 2391 115 107 U+3031 985 2204 86 155 U+3066 327 847 81 124 U+3092 1600 690 107 104 U+3080 725 836 123 102 U+7533 749 1088 70 156 U+3092 317 1093 126 108 U+306B 952 1683 109 106 U+767D 543 940 92 105 U+7A0B 925 1419 123 131 U+306B 549 2584 108 92 U+6C34 964 1535 76 147 U+4ED8 728 699 114 136 U+53F3 1375 1503 104 122 U+540C 532 1568 106 116 U+5019 341 2006 82 65 U+4F46 1373 1905 118 104 U+7533 355 1843 59 157 U+4E2D 328 982 93 107 U+3080 326 1579 120 113 U+65AD 1378 1753 97 154 U+3092 950 2505 116 70 U+5C11 331 1201 110 113 U+767D 1381 929 91 110 U+540C 1378 1640 102 113 U+65AD 531 1684 109 125 U+5F10 548 2285 100 92 U+3075 943 2142 101 91 U+7533 1612 1903 52 119 U+9577 550 2033 73 139 U+5019 739 1235 90 68 U+5019 1604 2022 75 56 U+4E00 928 1127 113 24 U+7A0B 533 2497 127 110 U+3044 524 1074 117 58 U+3064 1570 1469 125 82 U+307B 1170 2467 93 82 U+3057 584 1899 21 144 U+53D6 958 2583 84 90 U+51B7 942 1792 116 96 U+3057 995 1880 20 141 U+3051 1605 1512 77 151 U+306B 1163 689 89 90 U+5345 552 782 86 48 U+3055 558 2181 67 97 U+7C73 955 2370 99 142 U+3075 1362 1048 131 100 U+3057 1426 1995 18 138 U+5345 1389 784 79 43 U+7533 1181 1878 50 124 U+516B 557 829 76 42 U+4E03 1388 829 67 34 U+4E00 1366 2388 114 33 U+5C11 1176 1254 105 106 U+3057 1627 1086 24 140 U+3055 1175 1992 55 95 U+3057 1419 1147 29 167 U+3057 771 936 19 153 U+3057 372 1685 20 158 U+3057 360 696 29 144 U+3057 1222 2521 19 139 U+3046 1194 2374 36 96 U+3057 1190 1752 18 128 U+3057 1634 1769 22 135 U+3057 1222 767 25 108 U+4E94 1379 2540 98 122 U+5206 1403 2614 59 61,100249376_00025_1
U+3044 1084 712 103 62 U+5176 1285 700 69 178 U+7533 241 2202 60 126 U+3089 1510 694 81 162 U+3066 467 1723 49 129 U+3066 661 1575 94 128 U+304D 886 1372 88 157 U+767D 667 1254 103 122 U+4E0A 657 1117 110 124 U+6642 649 2396 122 90 U+6C34 670 1681 92 146 U+3084 650 2056 121 95 U+5019 233 2330 86 70 U+306A 1099 1796 82 123 U+3064 431 1867 113 82 U+306B 657 1376 121 99 U+3061 1094 1232 90 146 U+3084 867 1270 131 108 U+524D 1090 1645 109 132 U+9905 844 2223 155 131 U+3084 215 1986 128 99 U+308A 1304 2106 69 124 U+3080 427 1130 139 118 U+304D 1500 1915 71 125 U+5207 211 717 138 90 U+5207 1265 2248 134 94 U+306A 1304 1969 79 140 U+3092 434 859 130 143 U+3068 1116 1384 47 136 U+308D 1098 795 92 119 U+540C 1081 1541 98 109 U+7C73 879 2342 93 137 U+308D 1481 1341 114 128 U+9593 451 707 74 142 U+3078 1268 994 132 71 U+7F6E 448 974 90 150 U+7A0B 642 2564 114 106 U+3084 1285 2344 109 90 U+3046 1310 2592 44 103 U+304D 236 2072 75 134 U+306A 1496 2241 107 102 U+3072 656 1936 107 111 U+3059 433 1503 132 127 U+3046 1116 918 44 151 U+305F 885 1700 76 145 U+7C92 870 2544 131 117 U+3080 1282 1564 117 108 U+3075 1272 1042 119 85 U+306B 682 1830 56 107 U+3055 452 2493 68 71 U+308A 1109 1920 59 133 U+3072 1275 1251 118 117 U+5F8C 427 2220 124 125 U+307B 860 1967 120 130 U+306A 1494 936 106 123 U+3057 700 2158 21 167 U+3061 445 2333 71 109 U+3091 644 884 131 106 U+4E2D 223 821 102 115 U+3046 1308 2438 42 125 U+934B 207 1620 138 133 U+3092 223 1195 117 102 U+3046 894 1853 41 126 U+306B 235 1757 71 103 U+308A 698 992 45 124 U+304F 459 2559 50 97 U+7533 1307 1826 63 145 U+306B 450 1612 103 111 U+307E 1512 2488 52 113 U+4E0A 1279 883 92 102 U+3078 1487 2442 115 71 U+3057 481 1236 22 157 U+305F 1501 2604 75 73 U+534A 650 2470 88 107 U+3044 427 2437 121 65 U+3078 1477 1792 111 115 U+306F 1296 2549 87 57 U+304D 459 1923 72 155 U+4E00 655 2345 105 24 U+3059 1476 1585 97 111 U+3078 219 938 123 71 U+3051 1284 1442 109 126 U+3066 236 1865 68 115 U+3064 221 1301 121 141 U+3082 1106 1069 52 156 U+8FD4 1470 2103 124 126 U+3064 877 1058 105 99 U+3089 913 1158 31 123 U+3046 1508 1471 42 116 U+3068 1500 1157 71 84 U+3046 463 1392 42 117 U+3057 1328 1658 21 170 U+308B 1516 1055 53 85 U+3042 240 975 92 113 U+3093 236 1088 113 105 U+3064 656 719 107 80 U+4E00 856 2511 124 27 U+307F 222 1505 111 112 U+56DB 891 814 80 38 U+3057 940 2090 24 126 U+304F 1506 1687 40 92 U+4E00 1468 2057 123 28 U+5176 454 2082 58 136 U+3046 902 935 47 121 U+308B 1315 1132 58 103 U+304B 1314 1362 41 66 U+304B 1517 885 52 48 U+3089 1528 2342 26 94 U+5341 894 848 68 37 U+3057 709 1464 19 109 U+309D 695 805 31 55 U+3053 1516 1244 47 93 U+4E8C 896 882 67 25 U+309D 273 1446 33 54,100249376_00026_2
U+7F6E 1282 952 92 146 U+5E72 867 1196 109 138 U+304D 1107 921 70 135 U+5019 887 2563 82 77 U+3092 674 2336 100 95 U+3092 444 1303 116 104 U+306B 887 2234 63 113 U+306E 1454 1701 128 122 U+76AE 437 1164 118 141 U+3072 646 2215 128 114 U+305F 652 1841 124 127 U+3092 1483 2162 110 106 U+5176 888 649 67 171 U+4E2D 433 1639 108 137 U+4E0A 439 1037 94 116 U+3061 683 1557 78 138 U+5009 1272 2062 115 153 U+306B 226 2073 116 118 U+308A 463 1506 61 137 U+3066 232 1320 92 111 U+3046 1113 638 45 146 U+3080 1090 2230 111 118 U+3092 446 2094 112 101 U+308D 657 1035 120 160 U+7C89 437 2197 142 135 U+307B 1088 1372 109 106 U+5207 1067 1709 130 97 U+3059 1082 770 101 154 U+3089 1509 1201 55 135 U+3078 863 1428 144 92 U+308D 884 1679 93 132 U+4E09 1493 2290 81 92 U+306F 893 1501 78 48 U+5347 242 1937 90 163 U+7C89 210 1751 146 133 U+3075 1083 1255 114 104 U+4E8B 874 2071 111 156 U+6912 1271 2334 121 147 U+671D 1266 1926 127 137 U+89D2 1289 1560 91 148 U+7C92 640 2518 140 130 U+5207 1249 1805 147 111 U+3072 211 1117 132 126 U+898B 878 1945 117 134 U+3057 708 1274 26 150 U+6642 1475 2407 120 92 U+3066 1083 2139 89 110 U+3066 444 2543 80 115 U+9593 1286 655 75 151 U+306E 226 2325 120 89 U+5C71 1281 2228 114 94 U+5F8C 851 827 126 133 U+3092 1297 2468 103 84 U+306B 897 1054 61 130 U+7C89 222 2397 140 121 U+306B 1103 2044 79 99 U+3082 690 1423 51 134 U+5019 889 1333 79 89 U+3064 1476 1014 116 116 U+4E00 650 2467 116 26 U+3072 211 1638 126 111 U+65E5 890 970 75 88 U+304F 903 1805 53 125 U+9905 219 2203 129 118 U+3092 1282 818 109 125 U+3075 208 932 120 96 U+3093 434 1953 134 135 U+306E 435 1775 101 85 U+308C 1075 1922 130 144 U+3082 685 891 51 149 U+5305 1281 2552 118 100 U+3057 871 1558 112 115 U+306B 1305 1708 54 102 U+3055 462 1419 62 84 U+305D 1112 1808 59 115 U+3075 1464 2062 135 98 U+304D 232 657 73 146 U+3075 225 1432 122 98 U+3093 1082 1163 140 114 U+3072 1083 2529 112 113 U+3055 1304 1298 61 74 U+304F 1309 1373 47 120 U+3053 675 1173 97 111 U+306B 454 2341 81 110 U+304F 1113 1585 47 126 U+3093 1482 1926 108 122 U+3053 1487 1824 89 100 U+3053 1087 1069 87 94 U+7A0B 1473 2563 102 106 U+304B 1521 1120 38 80 U+5347 252 2549 72 115 U+308A 474 905 38 127 U+3044 1276 1227 116 69 U+304D 675 2088 60 125 U+305D 1113 1483 52 109 U+3059 1104 2352 51 160 U+3057 444 1858 99 100 U+6210 859 2352 126 116 U+3091 435 802 120 102 U+4E0A 1491 1486 85 110 U+3046 697 1952 41 139 U+306B 233 1223 91 101 U+306C 211 820 138 107 U+56DB 1282 1500 100 60 U+307F 1511 901 46 112 U+7533 904 2462 50 123 U+4E00 224 1896 117 42 U+534A 1493 2472 66 107 U+308B 259 1530 49 88 U+3061 1286 1106 80 128 U+56DB 665 762 79 38 U+303B 1519 1604 32 84 U+308B 261 1028 48 77 U+56DB 1495 765 82 36 U+3064 446 671 89 65 U+4E00 212 2531 138 30 U+309D 476 743 27 36 U+516D 665 817 69 44 seg_fp 500 2444 22 100 U+4E94 1504 810 68 40 seg_fp 1503 802 64 12 U+5341 668 792 69 26,100249376_00027_2
U+767D 1100 847 81 113 U+4E0A 1489 1570 103 132 U+307F 1489 875 119 130 U+305F 1083 1058 106 139 U+4E2D 1083 650 106 133 U+3066 1273 1730 95 114 U+306B 892 2557 55 107 U+304F 463 871 55 129 U+3092 1085 1268 110 107 U+3084 208 1172 125 95 U+306E 1076 2014 120 93 U+306B 1081 2259 112 125 U+767D 670 1897 82 118 U+306E 865 2217 124 96 U+3072 1276 841 121 120 U+3051 1280 1118 112 137 U+9EC4 641 1602 122 151 U+306E 206 658 103 103 U+53F3 866 1509 107 134 U+5C0F 439 1870 105 89 U+305D 1290 1839 67 109 U+3066 1478 2381 87 134 U+3066 227 1057 78 111 U+306B 1289 2252 74 97 U+3064 660 653 105 121 U+304D 428 1631 105 145 U+3066 1281 2348 90 105 U+4E8C 646 2151 115 63 U+9905 860 1261 131 145 U+3092 1478 1970 115 93 U+9905 425 1113 137 141 U+306A 888 863 75 154 U+3064 866 2011 101 128 U+7B4B 427 1966 116 144 U+306A 888 2319 76 133 U+306B 1300 945 76 108 U+3064 1076 1740 111 127 U+53D6 437 2207 95 113 U+767D 1499 1724 87 119 U+4ED5 633 2450 115 106 U+308A 894 2451 53 110 U+3061 1503 1297 87 152 U+3092 456 1763 94 101 U+3078 1076 798 131 59 U+3064 870 1012 102 129 U+7533 683 1174 52 124 U+7C73 1487 1852 94 124 U+7D79 1470 2528 120 133 U+5019 674 1281 82 62 U+3081 885 2133 76 91 U+308D 666 1427 93 127 U+5019 1091 2584 94 77 U+8272 655 2238 96 112 U+3081 880 1128 92 126 U+308A 692 829 46 126 U+3092 447 2100 106 100 U+3082 1516 1161 50 129 U+6E6F 1273 2112 114 139 U+3080 664 951 109 106 U+306A 886 1879 77 131 U+306B 674 2354 51 92 U+7533 241 2288 51 110 U+3081 1278 1955 97 146 U+3068 690 2013 40 111 U+65AD 884 1750 83 131 U+540C 880 1653 94 105 U+7A0B 217 2402 104 125 U+306F 239 1265 88 58 U+3055 463 1006 62 98 U+306B 241 1518 64 103 U+3082 452 1512 55 131 U+3089 464 2572 48 89 U+4F5C 1085 2382 124 98 U+3089 250 1322 53 136 U+7C89 1480 2067 129 120 U+306A 1276 1366 114 100 U+7533 1100 2482 55 117 U+3093 1483 1060 138 119 U+3064 1079 1380 101 132 U+307F 253 2184 42 96 U+3059 221 2066 101 121 U+6C34 242 1942 85 125 U+305B 211 1630 109 72 U+305B 437 2437 96 87 U+3044 668 1358 96 63 U+3055 1099 973 62 83 U+3042 235 762 82 116 U+53E3 1285 1281 91 66 U+307F 1119 1551 42 90 U+304F 676 758 82 72 U+3088 466 1393 42 120 U+304B 1311 1062 50 89 U+306B 237 967 81 99 U+308A 1120 2166 41 119 U+3093 226 1698 134 120 U+3068 692 1762 36 124 U+306B 1489 2192 88 91 U+3057 706 1046 25 123 U+3046 1123 1161 35 121 U+306D 1272 2539 125 127 U+306F 682 1550 72 56 U+306F 452 2532 77 41 U+306B 1304 1623 35 104 U+3075 1275 647 104 95 U+3057 1320 1478 24 140 U+308A 666 2547 63 115 U+308F 459 2327 55 102 U+306A 1100 2077 93 95 U+307F 1114 1641 42 97 U+3093 1090 1901 101 109 U+3053 1297 2455 49 75 U+304B 253 1453 38 65 U+304B 1522 994 39 64 U+308B 1308 744 52 96 U+3044 225 2530 89 53 U+4E94 1501 731 80 49 U+4E94 883 734 74 44 U+3057 261 1781 21 159 U+4E94 460 738 79 42 U+304B 1118 1837 40 68 U+3057 1546 2274 26 101 U+304F 259 2543 55 116 U+4E09 469 798 63 46 U+5341 1502 783 68 35 U+304F 252 873 39 84 U+5341 888 774 61 31 U+4E8C 890 801 65 34 U+5341 465 775 64 25 U+308A 1157 2472 33 65 U+4E00 1501 817 74 19 U+309D 1128 1505 38 43,100249376_00029_2
U+7533 804 975 66 110 U+3093 603 2018 114 128 U+3066 613 2323 90 109 U+308A 616 1212 65 134 U+3092 586 818 113 109 U+306E 1217 2472 122 100 U+306E 773 1939 124 99 U+306B 1642 956 106 129 U+3092 797 1289 106 95 U+3057 638 1551 25 189 U+662F 809 1163 98 125 U+306E 1645 1570 101 126 U+5165 370 1155 143 98 U+3066 1006 918 97 111 U+58F1 1655 1839 92 133 U+3059 1225 882 70 134 U+3059 612 1083 65 123 U+3064 592 1338 104 137 U+305F 381 671 84 155 U+3092 385 1017 113 115 U+51FA 394 1232 109 104 U+3053 1236 1530 65 63 U+304D 786 854 108 136 U+306E 597 2576 118 103 U+716E 578 937 125 140 U+4E2D 801 2055 87 118 U+308A 1206 1105 88 140 U+7C73 1657 1430 98 137 U+5165 1632 2124 133 76 U+5C0F 804 2602 107 79 U+3081 1011 1708 90 126 U+7C73 1233 2363 86 129 U+5347 1649 816 87 170 U+716E 987 2167 126 152 U+7533 409 1470 64 137 U+3046 806 732 46 129 U+305F 1221 1725 84 147 U+3078 789 2181 126 73 U+5019 801 1077 86 73 U+307E 824 1385 52 113 U+7533 1455 1655 63 126 U+8C46 592 672 93 140 U+5019 405 1590 90 73 U+3044 1000 1372 107 69 U+53F3 607 2437 102 127 U+9905 1203 2226 129 126 U+3075 597 1468 98 80 U+6642 1004 2530 112 83 U+58F1 1655 663 72 146 U+305F 807 1499 83 102 U+307B 1214 1999 114 92 U+4E0A 1028 2602 62 82 U+3066 1646 2454 116 100 U+7533 1028 2335 49 124 U+305F 1228 1256 66 142 U+3061 998 1245 85 133 U+307E 1452 1047 75 157 U+3078 768 674 133 54 U+3064 797 2340 107 122 U+6E6F 1001 659 116 146 U+308D 1427 1211 104 126 U+7C89 1644 1684 124 146 U+5165 982 2096 140 93 U+6E6F 794 1795 113 134 U+3057 846 2434 23 141 U+5019 1016 2467 77 58 U+306C 793 1600 102 100 U+3093 1208 1397 135 126 U+306B 619 2123 74 111 U+5347 1658 1977 89 143 U+3053 390 934 66 61 U+3080 1435 1392 116 106 U+4E38 988 1615 137 97 U+80FD 590 1736 118 121 U+3046 1241 1875 36 124 U+3093 369 824 126 114 U+306B 1025 1986 57 96 U+306D 994 1117 113 145 U+3061 1448 660 67 115 U+6E6F 1000 1847 115 136 U+3057 1480 1497 19 151 U+7C89 1216 2561 134 113 U+6E6F 1651 2207 110 133 U+5019 1452 1770 79 67 U+3055 1018 1440 65 78 U+304F 1460 949 40 116 U+3051 608 1906 83 112 U+306B 1012 808 89 112 U+306B 1660 2343 79 107 U+516D 1217 753 77 49 U+3044 1432 773 101 82 U+308B 1662 1186 82 113 U+304F 1028 1514 46 103 U+3057 1268 2066 20 156 U+3046 822 2238 44 108 U+3046 1673 1053 47 139 U+306D 1652 2587 86 65 U+5341 1220 797 60 47 U+3081 1442 1316 81 97 U+3055 1454 859 60 94 U+3057 435 1329 20 136 U+3053 1662 2535 74 60 U+304B 634 1844 45 87 U+308B 828 1694 43 91 U+3053 1021 1028 59 79 U+3057 1693 1296 23 121 U+3057 671 2218 16 94 seg_fp 1240 1017 29 73 seg_fp 1656 2647 68 28,100249376_00032_1
U+6597 1232 1167 80 144 U+516B 1221 2121 128 80 U+590F 590 693 108 165 U+67F3 592 2262 133 151 U+7533 1021 1251 64 135 U+7A0B 1201 1577 125 127 U+5C0F 793 1675 118 99 U+305F 800 952 77 149 U+3092 1224 1999 110 102 U+6597 1454 812 71 141 U+5347 1447 1032 81 162 U+5341 371 1301 123 106 U+58F1 1231 1046 86 117 U+3084 580 1608 113 92 U+3064 998 832 104 142 U+304B 586 926 113 80 U+306E 1423 1638 116 102 U+306F 397 836 69 49 U+58F1 1448 684 78 127 U+5347 1233 1424 78 147 U+306F 1229 769 71 48 U+306F 414 1926 64 45 U+306E 1636 1372 124 89 U+5165 576 2625 157 79 U+7F6E 387 1633 85 146 U+65E5 403 1417 64 79 U+3066 1463 1310 55 147 U+51AC 384 1086 107 142 U+306E 796 2044 118 94 U+590F 382 690 102 132 U+306B 626 2534 69 85 U+3080 786 1788 132 108 U+306A 794 1236 112 100 U+4E4B 1676 1058 48 131 U+7C89 791 2138 132 120 U+3078 1199 701 131 53 U+7A0B 1225 2321 107 126 U+4E09 370 900 122 85 U+7A0B 368 1516 122 132 U+306F 603 866 82 51 U+7A0B 1433 2077 115 135 U+65E5 404 1005 61 70 U+3089 630 1762 41 108 U+304D 813 1897 73 154 U+306F 401 1242 80 48 U+3093 1230 2595 127 93 U+306D 589 2131 136 129 U+3081 998 978 112 156 U+5FA1 1224 1695 94 99 U+4E94 1439 957 102 94 U+306E 1652 1996 105 96 U+306F 611 1707 74 55 U+5019 1019 1385 87 56 U+5F10 1219 1317 120 105 U+306B 1467 2201 49 90 U+3053 602 1166 80 113 U+3053 616 2025 74 104 U+3051 791 1106 108 132 U+5019 1235 1930 68 70 U+693F 1655 1869 112 117 U+53F3 1648 940 103 118 U+7533 1465 1958 56 120 U+308F 426 2620 51 83 U+6876 590 2406 129 135 U+62F5 1641 1455 135 119 U+58F1 1667 2273 92 116 U+9063 1014 1100 81 143 U+307F 1474 1849 41 94 U+306B 607 1942 107 96 U+5347 812 2335 80 144 U+3059 1451 1735 81 117 U+306B 1256 2438 54 81 U+3042 386 2210 108 113 U+5019 402 1785 70 75 U+308C 1419 2467 122 131 U+305B 1229 2521 97 75 U+51AC 571 1409 141 129 U+4E0A 388 1987 92 115 U+306B 1433 1197 95 113 U+3078 371 1863 134 70 U+306D 575 1283 138 133 U+3044 1662 2199 102 65 U+6C34 818 2487 101 97 U+3057 1044 683 19 159 U+5347 1241 2180 82 152 U+305F 409 2386 67 86 U+69D8 1642 1578 124 120 U+306B 408 2105 54 99 U+305F 1456 2297 64 165 U+305F 612 987 62 81 U+306F 1684 2093 44 107 U+4E94 803 2265 100 85 U+306B 816 2592 92 61 U+3061 413 2476 77 143 U+5EA7 1215 1789 103 160 U+306F 599 1547 80 63 U+3066 817 2636 102 70 U+6597 1676 2396 76 99 U+3042 1227 822 96 105 U+3042 1446 1457 93 97 U+306F 410 2325 73 65 U+304F 621 1063 44 108 U+6C34 1671 2571 83 109 U+304B 624 1877 44 62 U+304B 824 1337 46 81 U+7533 1477 2553 43 90 U+3042 1660 1174 97 106 U+516D 809 810 79 43 U+3092 1657 2490 106 84 U+5019 1458 2629 89 61 U+304F 1252 905 64 132 U+3057 841 1413 21 176 U+516B 818 881 70 33 U+304F 1688 1258 50 108 U+5341 817 843 66 37 U+304F 1472 1524 50 111,100249376_00035_1
U+5347 391 927 92 136 U+666F 597 916 101 178 U+4ED5 1431 1580 122 126 U+5347 611 2304 86 135 U+663C 985 905 130 138 U+5408 1206 1972 136 112 U+7C89 1204 1479 137 141 U+3092 1212 1101 119 109 U+3092 1660 818 114 111 U+524D 1004 1060 108 134 U+3066 1452 2283 77 105 U+7533 1248 2087 52 108 U+5019 1661 1332 96 69 U+52DD 580 1093 154 128 U+306F 1667 1565 83 49 U+306E 992 2263 117 120 U+4ED5 999 1560 123 117 U+4E09 607 2210 99 90 U+5408 385 1856 140 114 U+3066 1013 1735 87 104 U+3066 404 1529 87 118 U+5019 1238 2190 78 60 U+7A0B 787 827 124 125 U+65B9 601 1590 90 121 U+306D 1212 1839 116 131 U+308A 1452 1178 70 138 U+306D 1645 1055 129 140 U+53F3 1205 1231 110 118 U+306E 1429 679 114 105 U+845B 608 1800 98 179 U+306B 1464 1898 56 90 U+80FD 996 1825 122 124 U+51FA 1002 1318 114 101 U+6765 1012 1411 99 145 U+5F8C 1004 2379 122 111 U+5019 1025 1945 74 77 U+306A 1457 1999 80 139 U+306B 1003 682 111 99 U+4E5D 1640 2058 122 86 U+7ACB 1022 2155 77 106 U+304B 1420 1326 119 66 U+53C8 1630 1958 130 90 U+7533 815 689 62 132 U+7C89 1648 680 142 133 U+62F5 990 2032 135 119 U+4E4B 1228 1354 57 128 U+7533 1682 1184 56 144 U+9752 1229 842 79 162 U+306B 1245 1631 47 92 U+80FD 794 956 102 130 U+306B 1020 1201 59 110 U+7C73 603 2558 104 113 U+8449 1426 787 112 136 U+306B 392 1335 119 99 U+6708 1661 2138 76 117 U+306B 1458 2195 79 92 U+5019 810 1324 81 73 U+9752 1673 1393 78 163 U+3053 1672 932 83 123 U+5FA1 803 1089 89 106 U+3081 1019 2576 94 108 U+58F1 398 805 87 115 U+3061 605 1351 87 147 U+306F 1028 783 66 118 U+3053 1228 1736 83 101 U+716E 1430 2382 120 120 U+7C89 379 675 132 132 U+304D 1650 1842 93 132 U+3066 1453 2572 98 91 U+306E 600 1989 100 96 U+7C89 597 2078 131 134 U+6669 1221 2266 129 127 seg_fp 1236 749 49 93 U+5927 1648 2429 106 95 U+9905 591 2438 137 119 U+3082 1449 926 96 124 U+306E 394 2514 154 101 U+3059 1433 1054 98 129 U+7C89 403 2588 126 112 U+3082 620 1224 50 124 U+3078 1442 2140 111 80 U+69D8 1435 1768 126 125 U+3081 403 2075 89 77 U+4E38 402 1970 121 105 U+307E 388 1149 115 121 U+305B 401 1764 87 87 U+5019 1461 1701 72 75 U+306E 1223 2413 123 143 U+307E 418 1643 60 121 U+3089 1470 1386 48 97 U+3066 407 2215 95 107 U+307F 1235 1010 49 93 U+3082 1668 1716 51 116 U+3088 1673 1615 50 115 U+3057 1476 1479 24 125 U+610F 1246 2561 64 107 U+3055 1029 2503 60 67 U+4E4B 622 1482 59 94 U+3053 404 1082 64 59 U+6839 1647 2536 117 119 U+5019 1025 1661 75 79 U+304B 420 1266 46 67 seg_fp 1229 679 68 69 U+5019 422 2156 75 69 U+5EA7 795 1186 107 148 U+307E 430 2313 61 114 U+4E03 610 784 81 38 U+6BD4 1659 2268 96 89 U+3081 399 2427 105 91 U+3057 447 1416 21 118 U+5019 1459 2527 80 58 U+4E5D 614 843 76 46 U+306F 1670 2359 81 58 U+5341 621 821 63 27,100249376_00040_1
U+3064 650 2159 103 124 U+6912 1264 1055 124 141 U+5408 851 2026 131 121 U+7533 1507 1772 63 170 U+6210 649 1057 134 129 U+53F3 877 1367 102 138 U+65A4 1279 2330 84 132 U+304D 670 2263 68 152 U+305F 1266 1978 110 126 U+306E 422 903 117 130 U+306E 1270 1335 111 130 U+3082 1517 1414 54 123 U+5408 629 2417 149 106 U+3092 443 1159 102 109 U+306F 244 2041 74 53 U+7CD6 1483 905 121 141 U+5019 1493 1926 93 68 U+304D 884 1856 68 158 U+5165 416 1280 152 93 U+306B 1494 682 110 107 U+3093 223 2364 110 116 U+58F1 1287 2204 88 116 U+4E09 891 1515 90 81 U+58F1 1082 2321 75 126 U+306F 466 1674 72 49 U+306E 1057 2095 138 98 U+7C89 426 1017 131 131 U+7A0B 873 674 117 136 U+5019 242 1339 80 64 U+5165 1477 1166 131 89 U+3092 1510 1053 96 104 U+3066 679 1776 75 109 U+9905 1269 1200 132 131 U+7F6E 667 920 87 131 U+898B 226 1091 117 132 U+3093 451 1561 106 107 U+3066 888 1258 77 118 U+8272 876 1608 91 132 U+3059 679 670 68 130 U+306A 436 2097 106 113 U+5C11 255 1484 97 119 U+53C8 658 1889 122 90 U+306B 876 1059 112 95 U+3066 233 2525 85 86 U+7A0B 656 1183 110 130 U+7C89 1067 2182 124 128 U+6C99 1487 798 124 108 U+767D 1279 1748 89 124 U+5347 1081 2452 81 117 U+7533 256 1223 52 128 U+7A0B 1076 1293 131 131 U+7C73 1078 1979 94 117 U+305B 433 673 111 95 U+534A 1285 2461 84 102 U+5C71 1282 947 109 108 U+308B 439 2212 116 127 U+8D64 1266 2574 113 116 U+308D 867 2317 85 100 U+3066 245 979 74 106 U+65B9 1300 1464 60 124 U+3064 862 1751 101 121 U+305B 841 2150 122 87 U+306B 446 2581 67 95 U+3042 449 1737 100 113 U+3046 469 773 35 121 U+80FD 219 2109 121 104 U+5019 680 1705 78 73 U+3078 225 1978 114 72 U+3080 660 1446 108 93 U+80FD 658 1308 114 130 U+3055 1297 1877 56 95 U+3057 700 1547 18 161 U+6642 226 1407 121 90 U+564C 1071 797 113 132 U+6210 1077 2569 112 110 U+3051 1510 1634 90 140 U+3051 455 1429 92 129 U+307E 883 875 108 127 U+9905 1044 1848 146 122 U+3059 1104 1606 71 121 U+5473 1078 667 118 123 U+306B 247 2446 54 83 U+6210 1093 1173 105 117 U+305F 241 679 77 153 U+308A 1098 1726 59 133 U+5019 232 2609 95 73 U+4E0A 1495 1244 85 120 U+304B 471 1359 52 91 U+306B 859 2523 100 83 U+304B 1485 1549 106 85 U+3046 1308 2080 38 123 U+3093 655 2592 103 77 U+304B 261 2212 47 73 U+3044 858 2242 100 75 U+516B 1297 799 80 50 U+304F 1111 1494 43 106 U+304B 227 1612 100 69 U+304F 687 797 45 107 U+3051 233 2262 74 102 U+3055 664 2531 63 65 U+3046 884 2416 42 111 U+5019 246 1908 82 67 U+304F 254 1778 45 123 U+3088 1110 1416 47 81 U+304F 689 2050 45 109 U+5F10 1087 942 113 99 U+5019 251 898 79 77 U+3061 450 2476 79 102 U+3078 219 843 140 104 U+3046 450 2349 47 131 U+3046 894 2601 35 89 U+3053 915 799 43 70 U+304B 912 990 36 69 U+304B 464 2028 41 71 U+305F 453 1850 68 92 U+5341 1301 835 64 58 U+305F 470 1937 36 83 U+3088 686 1974 50 84 U+3078 1490 1368 107 46 U+5408 1086 1038 134 134 U+3089 273 1681 34 106 U+3057 927 1153 22 97,100249376_00040_2
U+306B 1295 674 100 98 U+3044 896 1033 96 67 U+3066 1518 869 87 100 U+5510 448 918 107 145 U+306B 675 1132 120 117 U+308A 912 667 68 137 U+306E 677 833 114 106 U+5165 1283 779 140 89 U+306B 902 935 105 91 U+306B 1510 671 103 90 U+3080 1291 853 110 108 U+3084 1089 928 116 74 U+306A 1525 961 105 107 U+7C89 883 795 117 137 U+3042 473 1075 85 104 U+307E 1539 1068 60 119 U+305F 922 1091 52 72 U+62FE 227 663 142 119 U+308F 265 900 44 111 U+304B 674 660 109 72 U+3072 231 1115 115 116 U+3093 682 725 118 110 U+305F 1529 1188 58 83 U+3046 1129 1006 32 121 U+304B 1091 1112 102 81 U+304F 704 1054 43 98 U+5341 473 808 55 38 U+3081 467 1182 86 84 U+7533 1319 1088 54 118 U+3057 926 1162 29 106 U+516B 461 774 92 41 U+3057 1340 961 15 124 U+5301 253 793 89 98 U+516B 1120 780 73 30 U+3089 269 1012 36 102 U+3057 1553 759 17 108 U+4E8C 1114 839 69 30 U+4E09 471 846 60 34 U+5019 1308 1191 67 57 U+306E 241 1209 75 47 U+5341 1124 805 53 21 seg_fp 1096 1191 62 41 seg_fp 1558 1272 62 94 seg_fp 711 949 37 108,100249376_00041_2
U+5176 666 1151 56 158 U+304D 446 657 81 135 U+4E8B 864 1545 88 177 U+7533 867 1345 76 149 U+3066 1059 1985 95 111 U+306F 1070 2405 75 51 U+4E0B 1063 2282 87 112 U+306E 1445 1856 128 122 U+7A0B 647 664 120 126 U+304D 666 1416 66 134 U+7533 1285 1070 64 119 U+3064 1458 2087 101 114 U+6268 640 1037 124 110 U+306E 1228 1725 134 128 U+306E 840 2180 118 110 U+5019 862 1476 84 72 U+3042 1471 1983 83 99 U+58F1 1263 1932 75 133 U+3066 1277 972 94 115 U+4ED5 1467 1221 126 134 U+5019 1096 871 72 72 U+306F 1073 1711 82 52 U+5C3A 1457 2450 108 101 U+306E 622 2365 130 113 U+306B 1082 666 107 95 U+4ED5 1051 2094 129 116 U+6597 1476 2542 82 132 U+4ED5 1062 758 135 119 U+3055 1476 2195 69 93 U+4E09 856 1733 93 88 U+4E03 1462 2301 102 78 U+304D 1461 1639 113 133 U+306E 417 1594 100 99 U+516B 1455 2393 131 73 U+304D 435 2259 64 128 U+304D 1064 1341 110 127 U+51FA 415 2396 116 90 U+85AA 840 2296 108 182 U+3057 461 2501 23 151 U+5BF8 1251 2257 92 112 U+4E0A 1486 909 89 95 U+7A0B 1225 2565 135 107 U+675F 841 2545 99 129 U+6C34 450 919 80 123 U+304D 1058 2563 105 111 U+53E3 1266 1858 83 63 U+56DB 1248 2391 107 65 U+308A 1512 1112 53 118 U+304D 664 907 72 132 U+4E0A 1078 1101 87 118 U+4E09 1073 1460 89 81 U+53E3 212 1912 86 67 U+65B9 1248 2459 88 109 U+3092 643 1552 120 116 U+80FD 402 2000 122 135 U+306E 1067 1018 127 107 U+5C3A 1246 2067 113 119 U+308D 204 2334 99 117 U+6268 201 657 125 118 U+3092 203 1989 117 110 U+3057 416 1143 126 100 U+5019 1077 2197 78 75 U+4E8C 840 2475 95 66 U+306B 1070 1895 99 95 U+5019 1281 1177 86 57 U+77F3 1053 1774 115 117 U+306B 451 1043 51 91 U+308A 876 1220 67 130 U+98A8 1259 1506 132 104 U+4F46 1459 1417 130 107 U+308D 210 1675 122 127 U+306F 644 2462 80 97 U+3057 1055 2459 108 97 U+305F 1288 874 62 96 U+308F 652 2142 62 120 U+306C 1475 1024 127 93 U+51FA 638 1897 120 100 U+3092 441 797 113 119 U+571F 1486 1755 74 90 U+5185 430 1482 91 110 U+3093 212 873 139 118 U+5C3A 849 1838 108 119 U+7533 231 1360 64 151 U+304A 646 1319 125 93 U+306F 437 2123 50 133 U+306B 882 951 61 105 U+306A 221 1122 104 101 U+304D 641 1793 106 122 U+4E94 1249 2173 99 84 U+5019 1491 1332 81 70 U+305F 671 761 63 141 U+3080 206 2111 115 113 U+3092 223 997 94 118 U+308A 883 2061 51 121 U+306F 879 749 81 66 U+3057 686 1992 23 150 U+3082 186 2583 79 96 U+306C 1277 674 118 93 U+5EFB 853 1963 99 96 U+53E3 1081 955 84 68 U+65B9 1047 1558 113 143 U+306B 223 2446 54 106 U+304B 858 1069 108 71 U+308F 1499 1524 42 108 U+3078 1479 676 113 135 U+308F 1092 1234 42 101 U+3093 1487 805 121 106 U+5442 1264 1611 90 107 U+306E 197 1814 159 99 U+3092 419 1890 96 109 U+308A 1315 767 43 107 U+3081 432 1244 83 89 U+3046 658 2565 40 122 U+3057 246 2213 23 117 U+306F 246 772 38 97 U+5019 223 1496 86 86 U+304B 881 658 61 95 U+3057 472 1321 37 157 U+307F 398 1800 120 97 U+3078 208 1330 128 82 U+304B 662 1669 54 129 U+3089 901 814 45 136 U+3089 646 2267 64 127 U+3066 205 2547 82 77 seg_fp 254 1221 27 101 U+3054 443 1693 97 102 U+3075 210 1581 98 94 U+4E8B 1270 1241 94 163 U+309D 908 1137 36 74,100249376_00045_2
U+3066 839 1745 92 124 U+306E 1236 2164 117 110 U+5408 1011 935 134 110 U+6709 1462 667 88 139 U+306E 611 939 116 122 U+9905 610 795 123 137 U+306E 816 2453 140 109 U+3092 634 1173 119 103 U+5408 1245 1934 131 105 U+53F3 1245 2046 107 102 U+308D 1035 1206 97 97 U+3080 1030 2207 121 112 U+3064 819 1865 125 129 U+306B 649 669 66 98 U+5408 1240 1362 145 116 U+306E 1674 1221 111 115 U+5207 421 1800 115 105 U+7C73 1246 947 103 135 U+6597 656 2561 77 115 U+306E 1247 2430 130 94 U+7533 1060 2490 62 119 U+3066 641 1986 86 106 U+99AC 1460 812 106 126 U+3059 822 1544 117 116 U+3051 1044 2094 104 125 U+9905 1662 1106 138 119 U+80FD 1672 2212 107 121 U+307B 636 1687 108 86 U+5C11 429 1334 109 126 U+306E 1230 1065 140 107 U+5347 1696 2098 76 130 U+767D 1266 1480 79 119 U+306B 414 675 114 90 U+3084 1676 999 113 103 U+3084 1243 2337 115 105 U+3066 1469 1343 81 108 U+306B 1035 1411 110 104 U+3072 1040 1835 107 148 U+65B9 1692 1336 78 125 U+305B 795 915 137 85 U+305B 1018 1056 108 76 U+3055 657 2293 61 93 U+5019 433 2006 91 81 U+3080 808 800 120 114 U+3072 1467 2560 118 104 U+308D 1048 1987 90 125 U+58F1 1689 1976 82 120 U+6C99 1251 1592 91 134 U+3051 843 1330 98 117 U+3064 636 2187 105 113 U+7CD6 1235 1727 118 126 U+3059 1058 1617 67 119 U+7533 447 1897 57 128 U+3082 1268 669 54 134 U+306E 1465 1642 126 113 U+3092 410 783 121 88 U+3061 1261 801 78 140 U+80FD 812 664 119 142 U+7C89 616 1045 126 126 U+3046 1059 1301 41 114 U+5207 811 2120 127 97 U+304B 1676 922 100 80 U+4E94 635 2397 107 73 U+7C89 1236 1153 136 134 U+306B 1470 2325 110 91 U+306F 1704 2332 56 103 U+306B 1045 813 62 115 U+3057 1080 2313 24 169 U+3044 1031 1138 100 72 U+3046 857 1432 36 141 U+306B 836 1658 93 90 U+3042 830 1211 99 119 U+7C89 1245 2504 130 107 U+304D 845 1972 72 150 U+5206 654 2475 86 77 U+4E94 1254 1862 87 75 U+3084 1670 1857 121 114 U+304F 1060 1733 51 111 U+5019 836 1013 82 85 U+3042 642 2071 90 115 U+304D 1690 2535 98 119 U+5019 1054 2602 83 66 U+4E94 1260 1286 87 78 U+3093 634 1570 134 117 U+3044 1684 1570 99 88 U+306E 433 1005 92 108 U+306B 643 1882 96 109 U+4E0A 841 2536 77 114 U+69D8 1454 2199 131 135 U+3055 1487 1995 54 102 U+3068 1297 2592 44 85 U+306B 1476 1249 95 100 U+3092 1466 1026 127 129 U+304B 1459 1449 111 71 U+3059 1492 1522 53 125 U+6B8B 1481 1748 109 114 U+3075 620 1278 121 95 U+3093 830 2317 103 138 U+3055 444 1449 57 106 U+3046 1065 1510 39 113 U+308A 1704 1661 70 152 U+3057 460 870 40 134 U+304B 1282 2273 36 68 U+306F 850 2201 52 123 U+308A 664 1376 47 121 U+308B 1494 2096 51 95 U+306F 842 1100 74 68 U+3068 1480 948 61 78 U+3089 1507 1861 31 137 U+3075 1465 2408 100 78 U+3057 472 1650 28 158 U+305F 1701 2434 60 89 U+3081 648 1488 77 83 U+4E00 1014 682 124 29 U+308B 1500 2480 45 78 U+307E 426 1553 107 97 U+3046 674 1770 36 116 U+306F 449 1108 56 104 U+4E5D 1698 776 67 36 U+3057 468 1203 34 150 U+3064 1037 730 89 91 U+4E03 1697 826 65 40 U+3057 1509 1106 21 147 U+5341 1698 805 63 34 U+309D 867 1175 27 35 U+304B 1709 1804 47 51,100249376_00050_1
U+306E 1065 1127 115 116 U+6253 1067 1460 110 165 U+305F 422 910 132 124 U+6253 869 779 90 147 U+5408 1258 1259 123 111 U+5347 1475 1822 103 154 U+5FA1 866 1221 114 152 U+3092 659 1541 106 97 U+304D 1491 1262 73 138 U+767D 1487 1976 84 100 U+306E 427 1546 153 104 U+306A 1096 671 84 151 U+58F1 1487 1701 83 115 U+7C89 1063 1224 139 130 U+306B 867 682 114 98 U+767D 433 1902 83 114 U+304F 1502 927 50 117 U+4ED8 648 1642 111 117 U+4ED5 648 914 123 119 U+3061 446 1423 87 136 U+3046 1093 2003 54 139 U+3066 1075 1910 76 99 U+9905 402 2017 139 141 U+306E 870 1461 97 104 U+845B 1080 967 94 151 U+3066 221 1929 89 124 U+7533 879 2075 55 138 U+307F 896 1567 49 93 U+5347 1290 808 68 139 U+7802 1474 2094 110 100 U+306B 1291 2138 53 91 U+3092 1082 1358 112 101 U+58F1 1485 2323 73 106 U+3064 871 1013 97 114 U+564C 649 1430 109 125 U+7533 668 1980 58 120 U+306B 650 684 106 110 U+306B 891 1872 57 110 U+3072 217 1269 123 111 U+58F1 1282 672 79 129 U+5473 649 1314 123 110 U+53F3 1266 1151 106 106 U+6E6F 225 1378 111 147 U+306E 413 2277 154 111 U+304D 668 1860 56 116 U+5207 845 1988 130 90 U+7533 230 2281 65 117 U+3084 630 1748 123 117 U+3055 891 1122 61 100 U+845B 1486 1524 88 163 U+7533 1296 1612 55 135 U+5408 1259 1033 137 103 U+7B2C 875 1756 94 129 U+6912 644 1190 122 127 U+5019 654 2086 83 67 U+7CD6 1457 2197 122 121 U+306D 1254 1387 137 125 U+80FD 1270 1801 107 117 U+304F 243 1699 48 115 U+5019 877 2184 77 68 U+3051 1277 2355 98 120 U+5019 1282 1733 82 65 U+65A4 1480 2426 99 105 U+5019 224 2377 83 71 U+307E 454 1001 57 164 U+5B50 223 2549 78 106 U+3042 1267 2234 99 119 U+4E09 1278 955 83 82 U+3053 221 2034 83 129 U+306B 1076 1713 99 97 U+306D 200 2162 139 127 U+304F 451 2556 53 97 U+3042 877 917 83 93 U+306B 218 958 115 115 U+3093 1072 2193 120 122 U+306C 220 1526 103 91 U+69D8 1067 2534 114 118 U+7C73 425 2151 104 138 U+307E 1274 2535 109 91 U+6642 1273 1920 111 90 U+3082 446 1283 65 138 U+65B9 454 1630 70 126 U+3084 1476 1166 108 100 U+3075 212 1078 115 99 U+5C71 658 1098 104 88 U+306E 1078 2320 79 91 U+6B21 868 1668 105 92 U+308B 1086 830 99 137 U+3068 1095 2136 61 59 U+5206 1300 2020 74 104 U+3059 1501 1044 54 120 U+3057 1122 1788 25 127 U+3053 896 1376 50 76 U+5019 675 1019 70 79 U+304B 1300 2620 40 54 U+3066 874 2260 59 80 U+7C89 418 2369 135 132 U+3093 866 2345 116 128 U+304B 894 2474 48 66 U+308A 1303 1509 46 110 U+3057 256 1808 21 126 U+304F 884 2527 51 115 U+3053 1097 1627 49 79 U+4E5D 1505 787 68 53 U+3053 1298 2470 43 65 U+7389 233 2455 108 90 U+308B 255 1609 43 92 U+3082 683 790 82 122 U+4E5D 456 783 72 52 U+6C34 1485 2525 81 142 U+3053 457 1168 47 99 U+516B 1506 849 62 35 U+3078 1063 2414 129 91 U+308B 257 1178 47 85 U+3088 451 2497 53 68 U+307E 222 736 114 156 U+3053 236 696 54 65 U+4E5D 465 841 64 43 U+304B 257 882 35 69 U+5019 1088 2458 71 81 seg_fp 456 823 63 17,100249376_00050_2
U+3066 233 1113 87 107 U+3031 891 844 86 151 U+6642 649 2327 116 99 U+5408 422 994 138 116 U+3066 229 675 85 105 U+65B9 1078 1292 91 125 U+306B 1104 2335 56 88 U+3092 435 1747 121 118 U+308B 453 1944 93 114 U+3093 1275 840 128 110 U+767D 456 654 79 119 U+5165 645 1460 134 89 U+3066 675 767 74 107 U+306B 1287 653 104 107 U+3084 418 2062 125 83 U+306E 1074 1170 112 113 U+767D 1096 923 85 119 U+306B 684 1356 55 95 U+5E03 222 771 108 136 U+516B 437 928 111 78 U+6C34 1097 2494 73 155 U+65A4 1091 1994 89 138 U+306B 453 2243 57 95 U+7CD6 1070 1783 124 125 U+308A 471 2555 55 107 U+7C73 440 776 96 136 U+306B 671 659 95 107 U+4ED5 432 1847 124 107 U+6C37 1085 1558 107 109 U+306A 1095 2124 65 134 U+5165 1049 2428 151 85 U+3046 466 2144 38 98 U+306B 1508 2066 60 100 U+305F 892 1146 70 153 U+306D 654 1785 125 134 U+888B 222 892 108 138 U+3053 675 864 90 96 U+6C99 1083 1671 112 108 U+3072 889 666 97 112 U+3044 879 1096 97 66 U+6268 1489 1744 110 121 U+306E 439 1541 104 97 U+714E 871 1529 113 118 U+306E 880 2497 100 81 U+308A 669 2017 75 129 U+306E 220 1855 131 104 U+306B 236 2575 60 92 U+3066 1500 974 78 110 U+80FD 867 1403 122 130 U+6C99 228 1964 108 102 U+305B 1284 764 95 76 U+306B 897 998 47 92 U+3066 446 1439 93 103 U+3044 240 1508 87 62 U+98F4 1057 1058 138 106 U+6C41 221 2445 111 133 U+80FD 436 2343 114 110 U+308A 1311 1183 48 107 U+5019 1300 1594 78 60 U+81F4 1488 1541 105 120 U+3078 653 1303 124 81 U+3072 457 1126 79 121 U+306A 1512 1867 75 122 U+6642 864 2142 123 90 U+305F 890 774 74 89 U+5165 1462 2182 150 84 U+305F 674 2158 58 99 U+3057 229 1212 103 101 U+308A 455 1642 70 114 U+306B 1492 885 96 91 U+308B 900 2057 48 84 U+53F3 220 1734 131 127 U+306B 237 1028 91 88 U+4E94 1093 1916 91 76 U+3051 878 1882 111 109 U+3046 913 2577 33 104 U+306A 675 1159 75 147 U+80FD 1487 2255 113 103 U+3059 470 2451 53 103 U+307B 235 1318 91 92 U+305F 904 1989 46 69 U+308A 262 1408 52 103 U+306E 648 2597 144 78 U+3093 652 1610 140 114 U+306E 211 2206 150 100 U+304B 1523 2363 44 77 U+3064 1274 1295 106 75 U+888B 1490 741 102 134 U+308B 674 2257 50 77 U+305F 260 1554 42 76 U+3081 1276 1362 127 137 U+306D 1274 1059 125 128 U+5206 900 2226 62 91 U+7CD6 215 2068 118 138 U+3078 1073 2260 121 79 U+714E 224 2282 99 167 U+767E 1115 772 65 54 U+3044 876 2443 101 60 U+3051 1500 2423 79 110 U+3082 680 2409 47 108 U+305B 678 1546 67 71 U+53C8 652 1084 130 99 U+3068 898 1799 66 72 U+3078 1491 1990 118 82 U+53C8 1480 662 118 88 U+3057 922 1646 19 153 U+3084 434 1250 118 87 U+304D 1513 1075 51 117 U+3061 668 2521 77 88 U+7533 1318 1460 47 159 U+3057 914 1292 22 134 U+3057 1533 1397 19 147 U+3057 273 1626 22 122 U+3057 705 948 19 141 U+3093 1492 2536 92 104 U+3053 1492 1339 96 76 U+306F 681 1907 37 102 U+3059 892 2314 61 134 U+3088 1507 1199 50 137 U+4E94 1123 829 59 34 U+3057 1537 1641 15 134 U+3057 1321 903 21 173 U+3057 704 1658 18 147 U+3057 487 1336 20 110,100249376_00054_2
U+3082 1559 2205 74 109 U+3070 388 738 81 115 U+306A 1373 2130 94 105 U+306B 1232 1282 63 94 U+304C 403 1430 74 64 U+306B 1561 1221 56 85 U+304A 1526 1309 103 73 U+306F 1723 1764 68 43 U+6728 1183 1130 127 141 U+308B 404 1318 50 100 U+306F 1383 2066 73 48 U+6765 1715 589 100 145 U+306B 1547 2329 84 67 U+51FA 1698 463 115 93 U+8912 1679 1220 119 137 U+306B 1717 1646 65 99 U+3064 687 912 135 74 U+306B 1735 2777 61 89 U+307E 1724 749 72 118 U+3053 719 469 76 110 U+3082 737 988 59 105 U+4EBA 1336 795 142 119 U+308A 745 2232 38 133 U+3031 888 1515 86 216 U+305E 1392 2753 101 109 U+308B 1395 1686 44 95 U+305F 1713 964 59 137 U+308C 377 2384 120 122 U+306F 236 2833 67 38 U+4E0B 1537 470 87 113 U+30A1 918 1180 46 85 U+304B 1070 2588 57 92 U+305B 1188 1628 100 100 U+3066 1538 1854 67 100 U+5FC3 539 1613 115 84 U+305D 1369 1798 88 117 U+3092 1202 838 87 132 U+677F 1030 2313 129 125 U+3058 247 1083 52 190 U+3066 889 1943 61 99 U+3059 1384 2482 68 145 U+306F 1378 742 68 41 U+8535 1517 1011 135 206 U+3092 873 2366 92 114 U+307E 725 1631 59 102 U+3090 207 1281 125 98 U+3092 718 2490 91 91 U+306B 1388 915 49 80 U+306B 1385 2247 71 101 U+3056 711 599 110 110 U+305B 1371 1163 97 94 U+305D 1072 1429 47 90 U+3066 552 714 70 98 U+307E 562 1187 59 109 U+3059 1047 698 67 157 U+3091 862 1288 113 137 U+306D 713 2014 105 122 U+308A 1398 596 36 127 U+308C 1357 1920 125 127 U+3092 548 2600 109 96 U+7559 549 2291 114 167 seg_fp 698 1203 111 107 U+677F 1183 970 137 147 U+305F 245 2665 52 127 U+308B 414 1855 44 99 U+677F 693 1324 116 138 U+3064 531 584 129 140 U+3044 860 1441 127 68 U+307E 881 753 54 130 U+6B64 1691 1822 120 112 U+30E4 922 1744 58 52 U+3088 1381 470 62 125 U+307E 1045 2182 104 115 U+65E5 206 2251 106 75 U+305F 1079 2685 46 101 U+3075 1013 1221 121 115 U+304A 1527 904 114 91 U+3055 1553 1388 48 119 U+305B 1539 2705 91 89 U+3089 1239 1504 55 122 U+3046 1402 1359 28 127 U+3088 559 470 63 110 U+307E 1220 1745 60 110 U+3055 881 1833 61 110 U+5FA1 1698 1113 94 89 U+306B 1242 2783 56 88 seg_fp 386 1653 79 64 U+308C 1700 2445 113 98 U+662F 1207 661 73 164 U+306A 1211 2471 97 106 U+5FDD 1044 1069 91 145 U+304B 576 1706 38 65 U+305F 1381 1254 60 99 U+308B 1400 2638 45 100 U+3055 237 1390 49 93 U+3050 1042 1981 99 100 U+3088 409 863 39 105 U+3056 379 1197 96 123 U+305E 553 1915 98 108 U+3055 1543 594 60 99 U+30E4 906 1098 70 68 U+3092 1726 2217 69 133 U+3068 583 1784 24 108 U+3046 910 971 27 117 U+5B88 578 2465 50 111 U+3059 233 1795 63 172 U+3064 221 2574 88 87 U+304B 240 1978 43 65 U+305B 1211 1878 77 80 U+3044 708 825 85 62 U+305B 856 887 98 80 U+304F 1366 1015 103 67 U+306F 1570 2664 59 29 U+30A1 432 1573 39 70 U+3069 1588 2107 63 108 U+308B 727 709 51 107 U+306D 369 569 113 151 U+866B 1536 1975 98 131 seg_fp 1715 1363 67 108 U+3042 203 891 103 109 U+7121 542 1448 80 131 U+304B 566 2810 71 69 U+3089 1092 571 39 132 U+3075 339 978 143 124 U+3054 1391 1502 83 71 U+3053 408 2306 53 71 U+3064 551 2703 101 66 U+3068 1047 469 83 99 U+3055 1066 2086 51 91 U+5143 695 1478 93 99 U+3091 1200 1390 99 112 U+4ECA 206 2054 112 92 U+305E 1045 934 95 112 U+308C 1042 1735 127 115 U+66F8 1703 1938 92 142 U+7269 1693 2106 120 108 U+9091 194 475 107 187 U+3093 1210 2578 103 97 U+3061 1559 2496 73 99 U+3059 1049 1841 68 136 U+3068 1426 2342 31 136 U+306E 211 834 83 69 U+5802 222 668 81 159 U+3046 1245 1958 29 145 seg_fp 714 1101 65 98 U+30EC 942 1801 52 42 U+3044 1497 812 139 94 U+3054 402 1102 80 92 U+3089 1250 2349 30 117 seg_fp 241 2343 38 77 U+308B 258 993 43 77 U+307E 227 1641 66 144 U+304F 1541 2580 101 62 U+308A 933 662 37 128 U+3062 1232 2684 105 94 U+3060 740 2137 87 94 U+30E4 415 1509 61 49 U+53C2 205 2421 112 115 seg_fp 1713 1488 57 86 U+3078 1018 2813 144 50 U+3054 1064 1529 86 86 U+6804 393 2707 91 154 U+306F 1389 1111 63 32 U+3084 396 2569 85 98 seg_fp 859 567 117 99 U+53C2 374 1730 101 123 U+65E5 534 1003 108 87 U+306B 391 2170 79 116 U+3057 1192 2121 112 119 U+3044 721 2581 84 65 U+3066 893 2787 60 94 seg_fp 895 467 46 96 U+306B 696 2800 48 76 U+5143 1037 2449 114 112 U+3082 577 1092 62 96 U+3044 893 2481 81 57 U+3088 904 2054 59 122 U+3046 1573 2400 44 100 U+306F 385 476 87 66 U+3056 1051 1617 104 114 U+308C 1538 690 77 115 U+3078 685 1598 131 31 U+308B 1065 853 44 71 U+3053 1075 1335 38 95 U+3057 258 1481 21 151 U+3057 1765 858 17 144 U+3044 698 1740 114 95 U+3059 743 2735 55 129 U+305F 904 2551 72 89 U+3056 1379 1571 107 116 seg_fp 1706 1575 67 58 U+3093 1524 2800 114 73 U+3093 522 2042 127 110 U+7F6E 1551 1673 94 162 seg_fp 1538 1587 91 67 U+3044 885 2179 96 90 U+305F 736 2657 54 83 U+3057 1767 2622 13 136 U+3081 1540 1515 93 79 U+4ECA 529 832 125 132 U+3058 596 2118 62 155 U+30E4 1234 549 53 83 U+304C 1752 2542 77 75 U+307B 368 1974 104 83 U+305F 566 1300 59 138 U+305F 1221 2248 53 97 U+3058 441 2466 61 110 U+305D 1722 2362 71 82 seg_fp 254 2115 33 128 U+30A4 1253 462 33 94 U+308A 725 1851 70 143 U+3057 949 2647 15 119 U+3069 450 2025 59 110 seg_fp 741 2393 89 100 seg_fp 570 872 39 117 seg_fp 966 1713 38 30 seg_fp 912 2274 41 116,100249416_00004_1
U+3067 1186 1085 100 87 U+306E 1016 1056 94 69 U+304C 1045 1895 91 67 U+306E 532 869 82 66 U+4F1D 996 879 128 157 U+306F 858 950 74 49 U+305F 1201 2013 65 124 U+3067 1031 1496 90 110 U+306F 1195 1192 76 45 U+306F 1204 1964 72 48 U+4EF0 843 2562 139 161 U+306A 712 2582 88 116 U+6301 1507 1959 134 188 U+306E 1354 876 82 56 U+308B 1053 1797 49 88 U+306E 1191 2679 104 138 U+3067 1701 767 74 109 U+304C 1545 1877 91 76 U+306E 1166 970 118 104 U+307E 707 1450 75 125 U+306A 861 2239 117 110 U+3068 1384 1522 35 140 U+305B 1016 2210 114 110 U+3089 1721 1065 41 134 U+624B 1695 1908 82 180 U+76F8 1003 714 111 142 U+7FA9 1700 584 80 143 U+306C 1669 1208 112 93 U+3042 1343 2510 116 101 U+3072 850 1035 104 115 U+306B 862 2360 93 76 U+304B 724 2498 40 84 U+3044 689 2443 104 50 U+306F 714 2373 74 49 U+3092 1523 632 82 152 U+306E 1180 774 87 73 U+4F8B 1335 644 110 227 U+30E4 881 2067 81 69 U+305B 861 2717 120 116 U+5225 1667 416 117 158 U+3092 534 1284 85 145 U+3060 1212 2375 102 137 U+30A1 905 2146 53 78 U+4F59 514 423 132 188 U+3058 1335 963 133 118 U+3044 1534 2408 87 89 U+3057 513 961 108 147 U+3046 889 1930 39 126 U+3066 518 1898 88 129 U+5F6B 1499 809 115 146 U+3089 1533 1084 55 132 U+306B 1042 608 50 91 U+3070 1031 2757 110 59 U+306E 1482 537 129 88 U+308C 1498 1207 116 120 U+307E 1363 2050 77 184 U+83D3 1686 1593 90 156 U+3044 1525 1426 77 76 U+3082 1527 1583 77 91 U+9905 1677 1439 113 143 U+3044 863 1598 87 74 U+7269 1012 1360 122 112 U+306B 881 1478 64 110 U+306C 1166 1604 128 114 U+5B50 1687 1750 97 141 U+3046 1218 631 26 124 U+3054 420 1942 122 161 U+306F 706 1179 75 36 U+4EBA 1156 2520 157 168 seg_fp 1186 1832 112 109 U+3067 1361 2419 118 94 U+3046 1731 2420 29 123 U+304B 1388 1457 33 53 U+3055 1694 971 75 93 U+66F8 1030 1150 83 135 U+7269 1347 421 109 125 U+3084 1151 560 127 76 U+3055 1039 1693 77 103 U+3068 915 2434 34 129 U+53C2 1506 2134 121 238 U+3044 1499 1330 120 84 U+666F 540 647 94 190 U+3055 1193 415 56 120 U+3059 1544 2635 71 188 U+305B 1683 2100 86 98 U+305B 1521 957 77 111 U+3057 1674 2313 99 107 U+305F 1549 2496 60 132 U+307B 1019 1969 116 117 U+3089 1065 2649 53 110 U+306A 1027 2544 73 105 U+3084 683 1234 122 82 U+3056 1197 1360 108 105 U+3082 1546 413 41 115 U+6599 839 661 119 183 U+304A 1346 1640 81 95 U+305E 728 1694 86 142 U+3089 1214 1469 57 134 U+308C 1373 1171 75 111 U+3068 1717 2524 38 102 U+6599 693 930 109 134 U+3044 685 1578 133 113 U+3044 1673 2207 124 101 U+305D 859 1818 86 106 U+6B64 1676 1325 110 102 U+3056 420 2102 122 140 U+3082 1368 1690 87 183 U+304C 1384 2774 90 65 U+305F 892 1673 53 124 U+3059 1373 2232 64 131 U+3054 1048 1618 90 74 U+3054 1219 1260 72 83 U+7B46 853 442 93 215 U+3054 1715 900 76 68 U+3089 700 439 76 97 seg_fp 1199 1728 72 90 U+3057 1419 1908 27 180 U+3075 1318 2683 155 89 U+3044 525 1437 92 60 U+3064 1509 1526 107 56 U+306F 1363 1886 81 51 U+3082 1206 860 36 111 U+3078 837 1422 126 47 seg_fp 549 1117 90 156 seg_fp 1701 2628 87 157 U+3084 1342 1092 101 77 U+7B46 699 728 84 198 U+662F 711 2188 77 165 seg_fp 349 2384 145 138 seg_fp 1039 1285 72 70 U+67D0 1503 1694 122 165 U+3089 1378 2611 68 75 U+306E 1183 2143 82 94 U+306F 1356 558 77 57 U+3089 1034 2345 85 116 seg_fp 482 2421 135 158 U+65B9 1023 474 79 108 U+305F 541 1474 76 141 U+3089 1068 2091 55 124 U+304B 880 1336 37 73 U+3075 1167 2235 120 129 U+3031 706 1809 118 360 seg_fp 425 2291 27 94 U+308B 720 535 57 90 U+304D 884 1145 58 170 seg_fp 1357 2361 84 72 U+3057 583 1602 31 273 seg_fp 1032 420 76 65 U+308B 729 1318 42 107 seg_fp 925 806 20 116 seg_fp 753 1060 35 105 seg_fp 1083 2495 25 79 U+308B 1083 2436 46 67 seg_fp 531 607 90 61 U+3075 1675 2757 129 52 U+309D 739 632 23 52 seg_fp 798 2790 50 38 seg_fp 718 2709 60 113,100249416_00004_2
U+9905 656 1398 99 166 U+9905 1143 461 114 149 U+5408 1195 2266 90 83 U+3046 1180 1554 38 108 U+3066 1003 2739 70 78 U+306E 1011 2301 63 68 U+306B 1659 1474 84 68 U+306E 1486 989 72 65 U+7C89 332 1863 104 129 U+5347 542 1460 65 144 U+4EAC 1318 1155 85 160 U+9905 495 905 101 131 U+5357 1316 974 86 150 U+5408 817 1275 109 119 U+3080 828 1483 93 101 U+3081 175 1076 80 78 U+767D 1000 465 65 114 U+6268 1652 604 98 102 U+7C89 1150 873 118 138 U+3066 1672 1146 57 90 U+3066 351 1554 68 93 U+3061 1323 1460 68 111 U+713C 1645 2007 109 132 U+3064 977 998 114 127 U+5165 983 2637 100 83 U+934B 1657 858 95 137 U+3042 1000 1440 81 116 U+3053 1182 2078 52 86 U+305B 333 2427 85 88 U+5C71 338 473 95 114 U+516B 1195 1059 64 54 U+305B 824 1398 90 85 U+25CB 1313 825 111 114 U+3053 1662 2377 73 95 U+4E09 1206 2201 64 53 U+706B 1649 1566 90 119 U+6E6F 176 1165 75 155 U+304D 191 2676 60 154 U+306F 1672 2774 75 44 U+9285 1654 739 97 116 U+306E 356 2751 59 81 U+304D 1680 1871 49 123 U+306D 333 2110 97 114 U+3093 1649 2686 117 87 U+3092 1003 1649 75 94 U+3057 864 1780 24 200 U+3066 185 1579 58 109 U+306D 1655 2482 90 85 U+306E 344 595 68 71 U+3064 180 2552 68 135 U+3046 1022 772 30 111 U+306B 173 881 80 82 U+3044 341 691 78 73 U+304A 350 1267 75 78 U+53F3 970 2183 108 116 U+5408 314 2333 130 94 U+306E 1162 2006 74 71 U+7C89 1472 828 108 138 U+4E38 172 978 99 93 U+3054 173 612 93 106 U+716E 183 1319 66 150 U+53F3 337 1649 77 125 U+3057 207 1901 21 148 U+7C73 1168 628 74 146 U+7C73 1167 1875 74 132 U+3055 1501 1290 49 116 U+306B 849 935 48 95 U+3053 519 1263 47 90 U+53BB 353 1145 70 109 U+306A 1672 2144 67 109 U+53D6 180 1679 62 118 U+304B 1495 1080 48 85 U+3066 1009 1352 57 82 U+304B 1683 2577 38 62 U+4E0B 1674 1368 60 85 U+3052 1679 2627 79 61 U+306E 354 1773 58 78 U+306D 822 1047 95 118 U+3093 333 2594 102 81 U+304F 1010 1871 42 105 U+25CB 640 830 120 123 U+3092 1004 2542 72 93 U+304B 519 466 47 76 U+3059 187 2170 60 127 U+3054 353 2682 79 65 U+3055 1004 592 51 90 U+304A 1661 1782 88 75 U+308A 1690 2251 35 108 U+306B 1023 1106 31 133 U+5408 1177 1135 94 85 U+3092 352 1043 57 100 U+3093 497 540 103 85 U+308B 1182 1661 45 92 U+306B 1685 1006 26 133 U+3068 370 2007 22 98 U+3060 347 2519 82 75 U+304B 840 611 48 84 U+308D 355 1364 67 75 U+3057 1484 603 72 110 U+3082 1332 1340 40 117 U+3092 1671 1686 68 99 U+8577 660 1185 87 171 U+3093 1472 715 91 101 U+3082 353 769 62 121 U+3056 520 625 81 92 U+306E 1169 776 65 81 U+3066 188 2433 47 101 U+3081 831 800 70 130 U+3079 814 1714 112 62 U+3046 198 2062 30 110 U+85AF 660 973 80 179 U+3068 1017 1987 57 67 U+76AE 345 911 80 127 U+7C73 506 1054 89 127 U+51FA 182 1804 75 84 U+4E00 1164 1493 76 17 U+308A 368 2223 42 106 U+4E00 325 409 80 13 U+308A 1018 2052 44 125 U+307F 1015 907 42 92 U+3088 1501 1428 49 99 U+306F 1011 1559 63 77 U+3088 1018 1757 48 107 U+4E00 993 402 62 12 U+4E00 506 406 73 13 U+3057 508 724 78 157 U+305F 840 694 50 98 U+306B 201 2294 29 142 U+304F 190 786 40 96 U+308A 863 1162 35 103 U+4E00 1153 397 80 12 U+306E 519 1179 49 77 U+4E00 549 1407 52 14 U+3068 1016 687 43 84 U+3057 1187 1753 19 120 U+3059 851 1596 38 107 U+7C89 1004 2382 77 138 U+305F 1495 1171 46 107 U+3057 1523 1530 22 166 U+3057 212 1472 15 109 U+3089 537 720 29 104 U+3057 1027 1237 16 111 U+3068 209 716 20 74 U+3057 375 1439 17 114 U+4E0A 1655 1254 85 102 seg_fp 1027 2465 66 68,100249416_00012_1
U+3051 1694 2202 71 90 U+5C71 525 1203 91 101 U+7CB3 686 438 94 145 U+3070 367 2270 73 100 U+306E 540 1319 64 58 U+3031 1373 1811 40 158 U+8202 1680 1726 88 132 U+9905 353 2133 96 127 U+5FA1 851 947 110 147 U+7C89 512 742 107 150 U+306B 526 912 77 73 U+5408 518 2136 83 108 U+305B 499 2250 99 107 U+3066 536 1105 56 99 U+306E 1522 1950 76 76 U+3042 1020 1361 79 100 U+6C34 1353 1973 62 120 U+5C24 1348 2674 84 131 U+3006 1341 908 93 95 U+9905 675 1546 105 126 U+53F3 528 586 76 131 U+3066 1363 1007 64 98 U+306E 1024 1952 69 62 U+306F 1196 1089 71 53 U+3072 519 2361 85 108 U+306B 1018 589 77 104 U+308B 1041 1461 43 89 U+25CB 846 824 121 118 U+304D 1530 575 52 117 U+7F6E 1350 1545 85 138 U+306D 509 2021 97 110 U+3061 848 1552 76 122 U+3044 524 1392 80 58 U+6C41 362 1600 85 137 U+7CD6 1176 2280 91 152 U+304F 1372 773 39 117 U+3064 1181 1162 80 69 U+3092 1349 2097 65 96 U+898B 1022 2392 69 115 U+3081 529 2593 66 125 U+98DF 1017 799 88 140 U+306B 1346 1221 84 80 U+3046 1047 1839 29 101 U+3078 1023 1558 69 123 U+5408 733 2016 69 82 U+5982 1015 2019 93 69 U+3042 1521 1320 75 113 U+98A8 193 2267 85 122 U+53C8 207 821 71 103 U+304F 1033 2088 44 94 U+3066 1027 690 57 105 U+7802 1176 2175 89 104 U+3053 519 1907 81 116 U+3089 539 2471 48 117 U+85C1 1518 843 87 160 U+306B 360 1737 71 81 U+6C34 1346 1115 96 102 U+716E 369 1925 60 93 U+304D 370 691 76 121 U+3042 206 1217 69 110 U+306B 1519 2492 73 55 U+3088 379 584 50 107 U+4E0A 840 1129 89 111 U+3092 524 1539 75 99 U+5408 720 934 78 89 U+56DB 730 846 57 59 U+3064 1349 1324 75 120 U+3092 1193 1710 57 103 U+3082 862 1395 50 149 U+3066 1193 2050 67 112 U+3072 1513 1522 89 90 U+306B 528 2723 73 78 U+3089 1530 2384 53 108 U+3068 1193 1828 71 79 U+3066 370 1824 52 99 U+304F 1698 1372 37 114 U+3066 1360 2316 47 89 U+98DF 1185 585 90 179 U+306F 215 953 57 34 U+3051 200 1662 65 107 U+9905 1668 1512 92 117 U+6E6F 1682 1878 90 136 U+304D 1191 984 70 99 U+6298 1338 1697 84 113 U+304D 1515 1858 86 93 U+53D6 351 2554 71 96 U+3066 1027 2276 55 103 U+308F 1537 2283 41 97 U+307F 381 1379 40 96 U+9905 1676 690 98 128 U+3051 1359 1444 66 94 U+307B 369 812 80 78 U+3053 1200 2711 50 91 U+304B 1371 588 52 96 U+5305 1524 2583 65 134 U+307B 1696 2534 65 96 U+5473 195 2393 87 105 U+306B 1684 1628 77 81 U+3066 206 1767 53 93 U+306E 1690 1206 60 73 U+304D 1196 2434 52 134 U+304D 1198 1912 60 132 U+767D 1689 558 77 101 U+3081 204 1346 74 129 U+3092 1543 1009 52 108 U+308B 1212 1473 37 69 U+3064 192 694 90 126 U+306B 383 990 60 72 U+4E00 690 1477 73 13 U+306B 1016 2183 87 92 U+308B 234 1107 37 93 U+3044 193 2506 69 56 U+4E8B 1028 2510 64 129 U+308A 386 2442 32 102 U+3088 1364 2407 44 94 U+304B 1712 2133 35 57 U+307E 1526 1729 52 135 U+5E38 1682 1058 66 144 U+3059 541 1644 48 120 U+4E0A 1672 443 85 114 U+4E5F 1019 2636 85 116 U+3082 544 1447 53 102 U+306A 1196 2574 67 129 U+3064 188 2637 89 82 U+3061 1517 1619 66 117 U+3059 1203 773 50 118 U+3088 1695 2316 49 109 U+304D 1679 2425 80 87 U+305F 1371 683 50 85 U+3066 210 2724 62 77 U+3066 375 1278 45 80 U+3057 201 996 75 107 U+3068 392 1083 28 93 U+3079 1028 1062 79 119 U+3088 1539 1111 42 102 seg_fp 377 2022 53 83 U+3044 1010 1686 92 76 U+308A 524 1770 72 123 U+3057 563 1001 18 101 U+304F 1543 2149 31 123 U+3092 1699 2013 59 108 U+305D 382 1480 45 114 U+3057 342 2637 82 163 U+3057 1056 1177 15 154 U+308A 1529 707 62 133 U+304F 1539 1209 35 96 U+307F 1545 2721 24 82 U+306B 1684 2726 78 72 U+305F 215 2566 40 71 U+85C1 1174 1548 97 159 U+3078 1328 2261 91 48 U+307F 221 590 30 98 U+7C73 699 635 68 146 U+3092 204 1487 70 75 U+7C73 695 1741 73 131 U+4E00 1671 381 84 13 U+3069 403 891 60 92 U+308A 398 1177 30 105 U+3057 1381 2498 28 171 U+3069 1716 2626 55 97 U+7C73 1686 826 64 138 seg_fp 207 1562 47 79 U+3059 209 2022 44 79 U+3068 1212 889 27 91 U+305F 1197 1391 49 87 U+3059 1032 946 45 111 U+98DF 191 1855 77 150 U+3068 1050 1761 31 76 U+304B 1365 2195 35 61 U+309D 1216 1231 30 49 U+304B 393 2374 17 71 U+3089 1536 1434 43 94 U+516D 727 1935 60 65 U+3057 176 2050 102 182 seg_fp 1697 1290 68 80 U+308A 862 1251 62 119 seg_fp 1527 2036 84 110 U+3059 213 2068 40 76 U+307F 1214 1289 31 94 seg_fp 223 1951 39 62,100249416_00014_2
U+9905 883 1127 101 130 U+3092 384 1060 86 108 U+306E 1728 622 74 73 U+306E 570 1366 66 75 U+7CD6 1698 2459 107 156 U+65A4 1246 2168 59 131 U+306B 1731 837 71 92 U+306B 724 905 81 77 U+6C34 1053 477 108 97 U+3066 1725 929 72 95 U+7C89 878 1346 110 151 U+7802 1697 2319 114 134 U+693F 1370 996 121 141 U+5C11 881 2145 87 118 U+7C89 1217 835 111 141 U+624B 402 1189 59 141 U+9905 1364 1393 116 147 U+3051 1722 1588 74 108 U+98DF 1530 637 133 167 U+76EE 1253 1272 55 84 U+714E 1045 2221 89 166 U+3066 395 1664 61 107 U+308C 731 1322 58 128 U+85AC 220 1111 97 174 U+3058 1079 2399 48 134 U+3053 896 1611 64 89 U+3061 204 1459 97 135 U+3066 1726 1689 55 99 U+3066 1722 2778 58 74 U+306D 872 1711 106 119 U+767E 1251 1016 57 85 U+5341 1255 1193 49 68 U+3092 887 1513 75 84 U+308A 736 2736 50 119 U+306B 1734 1411 54 98 U+3046 1749 697 33 132 U+7CD6 1202 1887 98 163 U+5408 1077 762 89 102 U+3051 1712 2687 80 94 U+304B 1741 1516 38 64 U+3066 902 716 56 104 U+3079 391 1983 93 129 U+306E 903 1270 63 71 U+304D 728 2634 59 101 U+306B 893 622 75 94 U+3053 897 833 70 109 U+3046 1066 2752 41 109 U+9905 1221 477 107 96 U+3057 412 2113 24 240 U+516B 1246 1119 65 67 U+308B 409 1877 42 90 U+306B 575 1259 55 94 U+56DB 883 2696 74 75 U+624B 552 2349 64 147 U+308B 896 2506 45 85 U+305B 536 1448 102 92 U+5165 707 1223 103 101 U+306E 561 989 78 70 U+7802 1208 1753 101 99 U+306B 717 1824 76 95 U+304D 737 988 47 114 U+706B 1722 1303 74 103 U+3057 911 2266 20 148 U+4F46 547 2148 81 101 U+5C71 232 993 87 96 U+3064 564 626 80 131 U+7CF8 714 2315 78 144 U+306B 390 1347 86 82 U+307F 897 2600 39 79 U+3057 1578 1103 23 193 U+8089 882 1865 83 127 U+3046 420 966 30 122 U+3046 1068 1698 44 114 U+6842 874 2003 111 125 U+25CB 1375 855 116 117 U+767D 394 627 80 128 U+3068 1079 2109 26 100 U+3080 713 2019 101 104 U+3064 1039 2022 92 88 U+304B 1722 2617 46 67 U+306F 559 2733 64 52 U+3092 1049 1813 79 97 U+3066 724 2554 63 90 U+308A 732 1104 47 133 U+3057 1746 1110 21 171 U+5019 559 2660 62 61 U+306D 1707 1800 97 122 U+304D 563 883 83 104 U+3057 750 2147 15 160 U+304F 870 2424 84 84 U+3057 924 940 20 171 U+25CB 220 852 116 120 U+306E 1058 2693 62 59 U+7C73 1228 600 80 143 U+3059 1060 2537 47 93 U+84B8 707 1460 90 142 U+306B 1728 2215 58 90 U+3066 1059 1274 59 97 U+3079 1560 953 90 144 U+306E 1231 748 65 82 U+3056 410 757 81 110 U+4ED8 547 2539 75 121 U+306B 1063 1183 75 87 U+3056 1060 1929 94 94 U+308A 572 2012 44 115 U+3064 911 2775 54 75 U+3059 1566 811 43 138 U+3070 575 763 77 115 U+306A 549 1877 79 139 U+9ED2 1205 1599 80 140 U+662F 1709 2049 73 163 U+51FA 563 1641 83 102 U+3053 1732 1038 54 69 U+8449 565 1076 79 166 U+308A 1742 1921 39 117 U+308A 746 782 35 114 U+3057 597 2241 16 130 U+4E00 1219 411 88 12 U+3070 738 619 69 113 U+4E00 1099 713 49 15 U+4E00 1211 1522 83 15 U+4E00 1065 415 70 11 U+306C 375 1435 107 118 U+3059 573 1752 43 123 U+4E00 1239 2113 69 13 U+3068 394 1788 61 81 U+306B 722 2464 73 78 U+3056 1064 1522 90 92 U+3066 561 1547 51 92 U+3082 243 1304 55 150 U+3044 1023 2634 110 57 U+3068 419 867 34 95 U+3066 732 1917 43 92 U+7BED 721 1640 88 165 U+6B64 1062 985 87 96 U+309D 584 2785 23 61 U+306B 592 2501 29 32 U+6C34 1069 1064 63 123 U+3068 1076 1614 39 79 U+9ED2 1055 1387 74 118 U+304B 748 727 32 63 U+308A 411 1560 42 112 seg_fp 720 1602 67 97,100249416_00019_1
U+65A4 1419 1060 59 114 U+306E 396 600 70 72 U+7D19 1220 2084 102 150 U+672C 1705 966 115 139 U+6642 380 2480 104 95 U+5E72 399 1807 65 131 U+5C0F 1538 465 110 78 U+306B 1216 2748 97 83 U+4E0B 1234 2656 68 89 U+9EA6 1564 562 73 161 U+3064 562 2376 77 109 U+7802 1386 467 99 145 U+5408 1203 1449 123 118 U+306E 1562 726 64 74 U+304A 891 1187 83 95 U+304F 1073 1442 41 128 U+5408 552 1026 109 119 U+5341 1583 2016 54 72 U+3066 552 2268 73 95 U+5347 1580 1055 72 134 U+3066 379 1389 85 100 U+7802 714 1563 111 126 U+3080 550 1779 98 126 U+306E 1236 1800 59 90 U+3054 1561 1812 85 109 U+53F3 1221 598 80 148 U+306B 235 604 88 96 U+9905 719 461 99 112 U+7C89 718 853 111 154 U+305B 1211 1570 85 90 U+305B 550 1149 94 88 U+96EA 883 982 83 164 U+534A 1417 1188 55 109 U+5347 751 1150 75 133 U+3066 1719 1323 70 72 U+7C89 1542 810 103 123 U+307E 1557 1671 73 127 U+306A 240 1233 66 138 U+591C 554 1332 85 147 U+8584 562 2617 90 146 U+81FC 553 2074 93 107 U+3057 421 681 21 192 U+3092 1222 2231 74 100 U+53F3 548 600 89 152 U+308D 886 1457 86 147 U+3059 1071 602 49 136 U+3090 1719 1395 87 90 U+307C 889 1316 110 135 U+7F6E 1060 1090 96 142 U+76EE 769 2165 48 72 U+5341 765 2079 48 70 U+3078 1208 2019 113 69 U+3059 1741 1206 46 110 U+308A 256 849 43 140 U+4E2D 1225 1903 73 107 U+3042 401 1288 69 98 U+304D 574 2476 56 131 U+304B 1706 1153 105 63 U+706B 1055 863 80 104 U+306E 738 764 60 81 U+306D 545 1487 115 97 U+934B 1216 1673 105 139 U+304D 1227 2451 78 109 U+5408 1563 1265 85 81 U+306D 1210 1191 98 137 U+25CB 1709 835 118 116 U+305F 1560 1557 54 115 U+306A 1058 1567 74 131 U+3084 232 1001 85 102 U+4E94 1591 1195 50 64 U+4E03 753 2005 63 64 U+3057 1225 2333 77 114 U+25CB 872 846 128 117 U+5929 395 893 77 132 U+54C1 1214 862 99 98 U+4E00 725 1496 71 15 U+306B 388 1959 79 97 U+3084 1046 1351 96 86 U+304D 259 712 51 134 U+4E00 1547 393 89 15 U+4E0A 1211 2552 89 90 U+306B 560 2193 67 73 U+308A 1244 1329 39 118 U+3092 1057 979 72 107 U+3088 1244 974 41 109 U+4E00 1383 397 75 14 U+308B 417 2399 36 85 U+306B 414 1129 38 150 U+4E00 561 1278 76 19 U+304F 581 2768 35 70 U+4E8C 1579 1978 68 33 U+4E94 1574 2109 78 54 U+307E 412 1666 58 120 U+7CD6 716 1766 96 181 U+4E00 725 396 83 15 U+3089 1756 1492 34 102 U+304F 1246 1076 37 106 U+304F 258 1103 27 109 U+4E00 1559 1498 72 15 U+3066 1066 1260 55 85 U+7C73 734 596 79 165 U+306D 557 756 97 145 U+4E09 1225 749 53 108 U+308A 258 1368 36 123 U+304B 581 1599 28 57 U+308A 1079 1699 37 130 U+307F 1063 750 43 108 U+308A 426 2191 40 103 U+4E00 1417 1018 62 13 U+65E5 420 1030 35 76 U+7CD6 1386 673 93 133 U+3057 588 1916 14 163 U+8272 378 2569 83 150 U+4E00 755 1086 55 12 U+308A 601 900 28 96 U+306A 409 1498 68 162 U+305F 401 2295 55 106 U+3057 583 1669 18 142 U+3005 419 2732 21 98 U+4E00 1579 1021 57 12 seg_fp 1428 795 39 81 U+306A 398 2062 76 119 seg_fp 415 2144 57 48,100249416_00024_1
U+306E 1706 741 74 67 U+307E 1376 830 87 114 U+767D 1711 1588 74 116 U+306E 212 1930 70 66 U+306E 871 1474 81 84 U+4E2D 877 1846 75 148 U+306E 1551 1694 59 54 U+3066 1541 1061 59 99 U+3084 1357 1307 95 95 U+8336 532 1241 100 121 U+5C0F 1695 474 103 90 U+3082 1051 1707 55 108 U+306E 377 1737 71 58 U+308B 1391 722 47 93 U+306B 219 815 73 77 U+3066 1037 2581 69 78 U+3042 1551 2440 69 122 U+9945 1201 1227 86 141 U+7389 1554 1772 73 98 U+5DFE 550 1416 63 109 U+7C89 1689 821 111 133 U+9EA6 1714 583 71 158 U+306B 1371 963 78 92 U+306E 389 803 58 57 U+307B 870 627 84 80 U+982D 1205 1423 94 126 U+3078 870 2008 99 53 U+3066 1543 2737 62 109 U+6C34 382 1072 62 129 U+58F1 217 1351 61 149 U+3066 211 916 68 80 U+308A 1393 1165 41 137 U+307B 374 1916 81 86 U+7C89 373 875 95 135 U+3064 210 1107 81 106 U+307C 210 622 100 92 U+845B 1196 983 94 188 U+5F62 851 2745 110 96 U+5347 1736 1109 71 127 U+706B 1371 2285 66 100 U+3092 1379 2396 63 100 U+3059 887 1243 47 124 U+7F6E 1366 2502 98 134 U+3066 374 1335 68 92 U+3057 899 1674 21 161 U+25CB 527 859 114 118 U+3093 1531 1578 98 101 U+5C11 1043 1835 83 116 U+304F 1363 627 86 93 U+25CB 1185 845 120 117 U+306D 1536 2178 93 120 U+3046 1561 1389 36 86 U+4E09 210 2168 71 76 U+5BF8 223 2254 52 90 U+307B 207 1639 90 86 U+3093 377 698 86 89 U+3046 391 1427 33 109 U+304D 1032 2752 92 87 U+3042 215 990 71 120 U+3057 241 2013 18 138 U+3064 870 2337 82 87 U+3056 1724 1725 79 123 U+304D 1544 1256 79 117 U+306D 1025 2347 100 123 U+3046 1733 1949 31 140 U+934B 1364 1539 96 132 U+304F 1053 2242 42 103 U+5B50 879 2667 65 76 U+5207 203 2732 90 94 U+306B 710 621 79 96 U+8CAB 1740 2228 67 115 U+845B 1029 479 87 174 U+76EE 1755 2345 53 101 U+304D 1385 1056 57 109 U+306B 211 1829 82 82 U+304F 890 1363 35 96 U+3070 881 1565 72 105 U+306D 360 2549 104 96 U+3069 1564 1491 68 88 U+4E94 1040 741 73 86 U+304D 1386 1422 50 112 U+5347 1037 1343 83 173 U+3042 872 2048 70 109 U+4E00 377 410 80 14 U+4E5F 1366 2767 133 79 U+4E94 1738 1025 60 84 U+3093 859 2152 113 92 U+306B 1369 2194 79 69 U+306B 1537 2073 92 92 U+5B50 547 1113 66 85 U+307B 1541 1885 83 80 U+713C 1353 2645 108 122 U+3082 1045 1151 59 106 U+7389 881 2564 73 94 U+3046 894 1144 27 100 U+5408 1015 832 131 124 U+3066 1374 1799 61 84 U+3093 368 1635 100 89 U+308A 890 1007 58 122 U+308A 1566 2294 43 135 U+306B 871 818 83 90 U+7389 387 1804 74 91 U+306B 369 2109 91 83 U+3068 1728 1879 53 68 U+304B 1055 2101 36 60 U+306B 1041 962 69 93 U+53F3 1522 622 86 134 U+306F 1543 2564 68 69 U+3053 385 2477 53 69 U+56DB 216 2365 63 82 U+3093 363 2743 108 88 U+3092 873 2251 65 82 U+4E00 1693 411 87 14 U+3078 687 1086 124 69 U+4E00 1026 412 86 15 U+3057 1066 1951 19 144 U+3081 370 2661 74 84 U+3055 236 1221 43 110 U+305B 1534 2646 79 89 U+304F 392 2350 27 101 U+3046 237 716 29 99 U+3068 878 928 59 77 U+3088 1055 2652 45 100 U+3069 395 636 81 61 U+306B 1038 1512 74 100 U+6C34 1546 771 63 137 U+4E0B 1385 2076 65 114 U+306A 712 1454 69 125 U+84B8 698 1150 90 166 U+3068 1552 1166 51 84 U+4E00 1717 1519 68 17 U+304B 396 2201 32 64 U+305F 381 2265 56 80 U+308A 729 1584 44 135 U+306B 392 1202 31 129 U+307F 894 2473 33 82 U+5206 247 1507 40 119 U+7389 540 990 83 77 U+3057 742 797 16 148 U+3053 728 714 41 83 U+305F 1052 2159 47 83 U+4E00 1749 2177 62 13 U+3089 727 955 46 123 U+4E00 1038 1288 74 26 U+3078 1363 2022 87 49 U+3066 1052 1611 53 96 U+3069 402 1538 55 99 U+3066 1040 1059 54 83 U+306B 222 2588 35 148 U+3069 906 702 63 109 U+3069 1581 1966 57 100 U+306B 1400 1668 27 130 U+3069 411 2002 51 97 U+3069 244 1728 54 95 U+3059 724 1325 41 122 U+308A 1063 2467 44 110 U+306B 1554 924 35 144 U+3046 381 491 72 138 U+4E0A 1378 1901 59 98 U+65B9 224 2474 45 96 U+309D 898 2425 30 42 seg_fp 229 2449 36 54,100249416_00025_2
U+7802 410 1564 102 135 U+5165 1246 2755 87 78 U+306E 1581 2769 79 76 U+3092 1747 1079 78 80 U+767D 1748 1664 68 118 U+3066 1581 1389 66 102 U+9262 1571 1169 113 130 U+5347 443 1095 74 147 U+7CD6 408 1726 89 157 U+9905 1406 2191 99 142 U+306B 915 2696 87 76 U+767D 1583 630 80 114 U+4E2D 419 1899 66 116 U+9905 578 1403 96 167 U+5165 899 2774 100 80 U+7F6E 1090 1192 81 148 U+6E6F 1748 1167 85 152 U+306B 1089 866 73 68 U+306E 1425 1216 57 59 U+767D 1079 1840 74 125 U+6900 398 2038 110 107 U+5BA2 922 1488 71 149 U+3031 439 2696 57 151 U+3066 252 1529 72 107 U+4E0B 1095 751 60 89 U+5165 406 2476 99 81 U+306B 1272 1020 44 72 U+5165 1398 2087 97 84 U+3084 914 624 90 106 U+3066 1757 739 63 108 U+9905 1415 1070 94 130 U+306B 1268 2002 48 84 U+3078 1242 2697 100 47 U+308A 1276 706 38 108 U+3051 1748 2748 73 96 U+306E 1421 2349 64 66 U+306B 430 2165 50 69 U+306B 1084 2587 69 62 U+5C11 1419 1851 86 102 U+51FA 919 1999 81 97 U+8272 750 1888 68 121 U+5207 1408 632 91 104 U+53F3 1059 2215 91 125 U+306E 438 821 48 55 U+51FA 758 1309 76 101 U+305B 242 977 98 96 U+3084 245 1641 88 100 U+306B 1584 1312 70 65 U+5B50 1766 982 63 81 U+3058 635 2633 46 206 U+3092 1415 2739 66 104 U+304A 609 2406 76 75 U+3065 1572 2360 108 78 U+540C 1085 2368 71 97 U+3057 1614 2455 20 135 U+706B 1085 960 69 112 U+3088 930 2464 44 95 U+304F 935 2568 39 97 U+25CB 578 848 119 119 U+308B 1435 982 40 72 U+3066 756 1211 60 104 U+3076 1562 1768 107 78 U+3079 1245 1859 89 128 U+5408 248 856 107 116 U+3061 922 2360 65 106 U+4E00 1239 846 93 19 U+3084 1072 1351 91 89 U+5305 1081 2659 75 116 U+3066 1251 1449 66 110 U+306F 425 2310 51 94 U+6240 1250 909 83 81 U+3079 916 875 93 135 U+713C 253 1088 93 147 U+305F 423 2548 52 89 U+304F 1096 1445 35 103 U+306A 1087 1567 64 134 U+304F 277 1741 28 116 U+6642 917 2237 89 127 U+3064 748 740 87 146 U+6CB9 1248 2107 85 158 U+3046 448 475 31 96 U+714E 578 1000 86 187 U+308A 1604 1607 39 98 U+3092 931 1360 68 112 U+53F3 1578 2625 74 123 U+308A 1600 1039 36 112 U+3057 1777 1499 24 138 U+3053 265 615 66 118 U+3068 1258 635 61 69 U+3046 772 2183 26 104 U+3092 1418 1733 67 104 U+306D 253 736 98 118 U+3064 1581 1706 73 65 U+662F 924 1215 51 147 U+304F 1583 2285 69 75 U+3044 403 2403 106 65 U+3082 1086 2069 59 122 U+3057 1445 1968 18 126 U+308C 1249 2595 92 79 U+5F62 1072 2471 93 93 U+5F15 1247 2393 73 130 U+305B 1240 1220 91 103 U+9285 1244 1569 93 133 U+3068 1769 1896 22 101 U+304F 931 736 35 119 U+3082 758 2571 39 103 U+308A 1099 1700 41 127 U+4E2D 1419 1296 67 138 U+5F62 247 1243 94 139 U+306A 257 1868 67 106 U+7389 1761 850 87 105 U+4E00 405 2260 89 22 U+56DB 1416 2436 67 80 U+3053 435 910 46 76 U+306F 1583 849 75 74 U+5DFE 762 2433 49 100 U+9EC4 1734 2019 78 141 U+3059 1596 1493 50 117 U+3084 742 2116 80 68 U+306A 615 2499 70 140 U+306A 751 1576 71 155 U+308A 764 1734 45 152 U+306F 1584 2212 66 63 U+307F 1766 1803 27 76 U+3093 404 704 116 106 U+3092 1758 2380 59 101 U+3078 1396 1437 103 43 U+4E00 423 418 76 13 U+3092 767 892 59 116 U+3089 433 2641 36 95 U+3068 1764 2508 47 73 U+3092 1091 1073 66 116 U+3088 1273 1120 45 97 U+306A 911 1655 84 115 U+305F 1431 895 44 91 U+3078 895 1928 115 81 U+3051 757 1092 72 120 U+307F 1095 2791 37 74 U+307F 1767 2162 30 89 U+4E00 442 1041 63 13 U+3068 414 2778 29 95 U+3055 1767 637 48 98 U+4E4B 768 2036 38 80 U+3061 747 2671 68 88 U+3057 1616 1841 16 126 U+3055 1264 1326 50 112 U+304B 766 1018 42 74 U+308A 1767 2581 32 88 U+3059 766 1424 46 140 U+306A 1254 1708 67 142 U+308A 276 1978 38 131 U+7F6E 1424 743 81 143 U+8336 746 2291 91 125 U+307F 1101 1972 31 87 U+716E 1751 1334 69 164 U+3092 1268 2270 51 117 U+308F 1762 2667 35 83 U+307F 1430 2641 32 95 U+305D 1269 2521 46 74 U+3057 945 1016 17 166 U+307F 1604 767 32 79 U+3068 777 2757 24 90 U+9EC4 1573 1979 87 135 U+3069 452 589 62 115 U+307F 1605 2118 26 91 U+3068 1771 2259 26 125 U+4E00 407 1517 79 11 U+3059 1424 2523 51 116 U+307F 1431 1639 32 91 U+307F 770 631 39 111 U+3059 1595 926 44 112 U+3059 937 2115 37 120 U+4E0A 1084 632 68 86 U+3069 953 1778 51 112 U+9EC4 1413 1487 67 146 seg_fp 1077 703 78 19 U+306B 282 1382 35 146 seg_fp 754 2361 54 71,100249416_00026_1
U+8349 682 659 81 173 U+3031 538 2351 53 153 U+767D 1020 1544 70 122 U+5C0F 845 1535 88 74 U+4E95 1513 2068 87 118 U+7C89 843 1916 96 142 U+76EE 1059 2280 50 92 U+5165 1498 2481 122 86 U+7C89 181 1790 96 157 U+3046 1037 1925 33 126 U+3092 527 1034 71 84 U+540C 1179 968 86 123 U+306E 1512 1254 71 72 U+3092 1515 2737 86 79 U+3092 1511 1337 81 92 U+7C89 1675 1677 99 142 U+306E 199 595 66 88 U+3065 1672 1056 106 92 U+306B 1518 2405 79 66 U+306B 189 822 79 72 U+306E 855 1814 65 59 U+4E09 1041 916 70 61 U+5347 1050 994 70 148 U+7C89 846 718 89 137 U+3092 1685 1271 72 79 U+53F3 1669 583 83 132 U+53F3 514 592 83 136 U+76EE 891 2280 46 84 U+306E 187 919 70 76 U+3065 509 825 111 102 U+306E 859 614 56 59 U+767E 694 443 66 97 U+5869 673 1542 97 103 U+304D 528 925 69 101 U+3080 1345 854 75 113 U+3066 1690 2049 53 83 U+3044 518 1645 75 59 U+306F 1683 745 71 61 U+9EA6 860 1640 65 147 U+6C34 1689 2364 61 121 U+7BED 1513 2256 91 128 U+304D 1344 719 82 141 U+307E 1522 1823 55 124 U+306A 186 2152 83 95 U+5C0F 998 600 89 80 U+7C89 507 2518 116 115 U+76EE 887 1033 60 89 U+3046 216 685 31 117 U+306B 516 1892 84 79 U+3042 526 732 66 101 U+767E 1053 2139 60 106 U+3046 377 1324 36 119 U+304D 1512 1744 89 99 U+5408 190 2475 83 118 U+305C 1502 1945 107 106 U+3042 1692 957 66 108 U+308B 206 1091 44 92 U+306B 183 1969 78 67 U+5176 195 1453 53 138 U+3082 1529 1160 38 95 U+25CB 1164 829 114 118 U+3070 359 2350 84 56 U+6C34 348 594 96 108 U+3057 1343 594 69 125 U+3066 529 1537 55 97 U+306E 1514 1061 67 80 U+3092 1689 2487 72 92 U+3059 1363 985 52 128 U+845B 843 446 83 142 U+3066 360 978 59 91 U+5148 1685 818 72 137 U+8D64 1004 438 89 125 U+4E00 843 1480 88 18 U+306D 172 2350 101 103 U+308C 345 2232 93 104 U+5C11 706 1741 67 88 U+3057 1678 2582 80 71 U+307C 1691 2660 81 66 U+3054 366 1817 83 82 U+308A 1718 1559 34 102 U+3057 1690 1364 60 95 U+308A 1525 670 43 130 U+306B 357 2020 77 72 U+307C 1686 1465 97 95 U+3066 180 2693 75 92 U+306B 355 702 85 89 U+306B 1681 1833 79 86 U+3088 1531 1433 46 96 U+3053 197 994 61 95 U+308A 376 1710 40 96 U+3088 537 1128 50 103 U+4E00 841 380 78 15 U+3044 364 2736 69 53 U+306E 365 1256 66 69 U+304D 1706 1145 42 110 U+304F 540 1232 35 97 U+304F 1699 2252 29 86 U+3057 1376 1243 23 231 U+4E94 881 2153 61 58 U+716E 523 1349 72 170 U+4E00 668 1478 89 19 U+304F 528 2269 34 105 U+3059 368 2622 56 109 U+308F 1539 2563 41 80 U+3059 681 1124 49 84 U+3088 1701 2133 45 100 U+3056 1028 1690 74 118 U+305B 176 2599 87 88 U+4E00 1013 1482 74 18 U+308A 1700 2726 40 74 U+5341 884 2214 54 51 U+308A 209 1312 43 120 U+306B 358 1447 70 79 U+3068 1520 592 58 75 U+4E00 674 385 88 15 U+3053 198 1605 61 71 U+304B 1518 1667 46 82 U+3066 355 1530 64 88 U+308C 341 879 99 98 U+3044 369 813 51 64 U+3066 686 1256 41 55 U+3053 197 2269 40 80 U+306A 190 1197 72 118 seg_fp 1515 2200 72 56 U+4E00 1001 379 84 13 U+3057 521 2651 95 143 U+4F46 663 917 63 67 U+3005 726 1828 15 192 U+3088 523 2173 56 95 U+3044 351 1200 87 55 U+3059 370 1067 48 130 U+8C46 1014 730 82 144 U+3086 360 1624 80 93 U+307F 204 2062 34 89 U+304D 520 1792 75 103 U+3057 384 1897 21 119 U+304F 1529 1535 39 114 U+5341 876 952 58 63 U+3068 1039 1826 32 96 U+3079 1355 1119 92 126 U+4E8C 873 915 69 35 U+3057 227 1676 14 130 U+3089 1521 2645 63 90 U+3088 686 991 28 62 U+304B 533 1723 42 73 U+76AE 358 2417 69 103 U+3051 550 2088 41 70 U+3068 555 2648 26 90 U+308A 690 1204 27 56 U+3059 369 2115 44 117 U+3057 1702 1919 27 141 U+3057 678 1312 69 77 U+304F 690 1054 24 57 U+5C11 728 922 62 66 U+8272 1503 961 80 91 U+4E0A 519 1994 62 85 U+306F 367 2539 57 67 U+516D 1505 821 75 100 U+3005 745 992 17 95 seg_fp 1531 919 31 53 seg_fp 1522 813 49 45,100249416_00027_2
U+5408 410 721 106 101 U+3065 712 532 108 146 U+5165 1518 1269 118 91 U+304D 709 704 102 164 U+5E03 1535 1348 82 142 U+3080 1206 576 104 109 U+5165 522 1648 98 79 U+307F 1380 577 94 125 U+3092 1380 807 90 82 U+5165 346 2218 118 104 U+4E2D 1721 1287 62 124 U+716E 705 1369 84 139 U+304D 1067 1117 54 123 U+306B 1539 1186 97 71 U+540C 883 950 81 113 U+935B 1035 1805 81 132 U+5347 751 1033 59 131 U+52A0 1041 584 100 80 U+4E5F 1204 1970 100 96 U+305A 1364 2642 85 136 U+6E1B 1040 675 106 127 U+3042 1716 923 68 82 U+3080 216 1764 90 121 U+3092 1540 1505 80 77 U+3092 701 2312 81 89 U+4E8C 419 667 74 42 U+3066 382 1744 57 94 U+3042 728 430 67 110 U+3080 1052 807 86 97 U+3064 1040 926 95 59 U+3080 1373 1708 90 108 U+305B 1022 2075 91 71 U+3066 1046 1486 65 101 U+25CB 867 811 124 118 U+304D 1719 1096 70 95 U+306B 1366 2303 80 76 U+304F 1708 580 82 75 U+3066 722 1631 61 78 U+306B 370 1542 84 69 U+898B 1376 1238 72 96 U+7ACB 534 2248 85 99 U+932C 1030 1940 98 129 U+3065 1703 1007 107 90 U+3092 1551 752 79 106 U+306E 1539 2728 72 64 U+3031 374 2633 54 174 U+84B8 1532 1903 100 164 U+3070 1214 1367 100 67 U+3064 1372 2405 73 135 U+5168 1188 2077 116 160 U+3092 1715 803 77 116 U+3054 1403 707 76 92 U+304A 1708 1942 82 89 U+4F53 1189 2232 107 129 U+308A 713 2646 44 108 U+307E 222 1062 63 122 U+7533 1718 2498 51 118 U+308C 534 1718 98 79 U+3082 1721 1844 57 100 U+306F 1378 2049 61 36 U+3070 1033 2326 99 61 U+80FD 1366 1568 102 136 U+716E 536 2106 68 139 U+305B 1359 1819 95 81 U+5C11 388 1993 78 115 U+3066 216 1686 63 101 U+5869 364 1856 95 124 U+307E 372 1358 93 118 U+305A 402 862 71 139 U+304D 1543 1713 82 103 U+6C34 541 1192 94 87 U+3053 225 571 70 122 U+53F3 354 2323 84 121 U+3066 1548 1817 67 92 U+3064 1207 1731 77 120 U+3057 1411 1081 21 141 U+6C34 703 1712 85 92 U+5408 203 827 111 119 U+306E 374 2447 57 80 U+306B 1707 1758 77 86 U+306F 1204 2749 68 43 U+3079 1357 1410 104 62 U+6C34 712 2077 71 108 U+308C 1025 2491 101 80 U+3057 1028 2391 84 97 U+3070 1708 2141 90 71 U+3088 722 2405 41 86 U+306E 1053 1328 69 74 U+307E 1720 1431 47 93 U+3082 1066 1238 38 88 U+3068 702 2577 56 67 U+306E 227 1240 61 72 U+3057 1538 1597 85 110 U+308A 1725 2700 38 106 U+306A 1716 2620 55 78 U+6C17 709 2190 82 120 U+4E95 1527 872 104 105 U+305B 205 950 83 100 U+306D 215 699 96 124 U+306F 547 1885 51 46 U+308C 1019 2239 91 91 U+304F 1217 1849 44 109 U+306B 1204 1630 85 76 U+3055 557 1801 46 79 U+54C1 357 2545 89 91 U+305B 1214 698 79 82 U+3088 735 1204 43 85 U+3046 572 741 40 128 U+308B 1390 1974 37 62 U+306E 1718 1192 64 67 U+3089 1558 2584 36 130 U+305A 1729 671 74 122 U+3046 1212 2484 36 106 U+3031 569 1906 48 120 U+845B 384 434 99 174 U+3051 1717 2039 62 109 U+3059 1553 2072 57 138 U+306B 714 1806 63 75 U+3088 1217 2377 45 103 U+306B 1052 1403 65 82 U+3057 1408 1465 18 118 U+304D 1708 2420 82 83 U+4E00 379 375 95 13 U+304B 1193 2595 86 60 U+3056 568 573 82 86 U+3064 1704 2341 80 80 U+3068 557 2021 32 76 U+306A 1217 1136 69 131 U+304F 235 1465 34 94 U+3093 1178 2656 112 77 U+3056 1038 2154 85 85 U+3066 722 1885 44 74 U+3044 532 2435 77 53 U+304F 1054 1680 43 106 U+307E 1223 947 55 109 U+3076 376 1063 99 73 U+304B 1080 985 30 64 U+304C 1061 2579 61 64 U+308A 226 2173 52 127 U+304B 1726 2208 37 59 U+308F 1552 2467 40 107 U+3092 1385 997 67 85 U+4E00 551 370 83 13 U+3088 1060 1584 52 99 U+306E 551 2481 49 58 U+647A 704 1511 92 98 U+3054 1380 2206 77 91 U+307F 1204 1446 91 96 U+3078 1200 1073 108 55 U+304B 399 1483 36 57 U+3092 555 1284 73 77 U+676F 549 1367 73 116 U+3093 379 1139 84 90 U+308A 1563 2333 46 124 U+307F 1369 2107 80 102 U+3057 1024 2639 99 158 U+308C 1201 1273 103 91 U+7BED 1537 1046 100 117 U+3057 408 2113 17 129 U+4E00 745 974 69 11 U+305F 1722 2265 45 70 U+3046 549 2542 30 85 U+662F 1554 586 49 167 U+3057 506 2643 17 147 U+3059 549 2353 50 81 U+306A 216 2037 71 136 U+3059 228 1903 49 126 U+3053 724 1950 47 77 U+306A 1537 2213 78 117 U+3057 1082 1045 26 79 U+3078 201 1184 89 54 U+3057 403 1629 17 119 U+65A4 591 1011 61 127 U+3054 232 1327 76 63 U+304B 1387 2546 36 66 U+3044 372 1003 96 59 U+304F 716 2490 39 68 U+3057 237 1561 21 127 U+306B 597 1498 25 43 U+304F 739 1285 34 77 U+308B 1394 1333 46 81 U+305F 1721 1528 41 91 U+305F 1386 1900 43 70 seg_fp 384 1295 73 53 U+4E8C 585 958 66 47 U+9ED2 552 435 88 137 U+3068 1399 911 49 74 U+3068 574 658 46 81 U+3053 490 2591 42 52 U+3054 1228 1543 71 78 U+306B 539 2629 54 61 U+4E8C 537 1551 83 63 U+4E0A 1705 1644 74 94 seg_fp 1539 980 74 71 seg_fp 394 1231 50 62 U+3066 547 2682 50 87 U+304B 1247 780 28 97 U+3068 247 1394 23 75 U+305F 1057 2650 35 82 seg_fp 748 1566 40 51 U+305F 1239 858 33 70 seg_fp 729 253 84 138 U+3064 569 1606 51 35,100249416_00028_1
U+91DC 1002 1738 97 136 U+6D17 996 1534 104 114 U+6C34 1023 2180 58 131 U+3093 829 1938 92 98 U+96EA 1215 1063 90 123 U+711A 1225 1586 95 143 U+5E38 987 579 68 139 U+306E 510 691 56 60 U+306E 851 1663 54 62 U+98EF 481 581 100 105 U+4ED5 996 1933 100 91 U+6642 672 2031 87 92 U+711A 660 789 93 134 U+3092 1000 891 65 81 U+53C8 512 2030 84 84 U+711A 982 977 88 153 U+83DC 1230 1333 69 135 U+98EF 973 795 98 90 U+82B1 1215 1206 101 110 U+3051 1026 2074 55 84 U+306B 989 720 65 61 U+3059 217 1238 54 105 U+98EF 1213 1483 107 92 U+897F 215 2104 82 69 U+51FA 841 1732 69 89 U+82B1 688 2251 80 101 U+5F15 669 1452 74 104 U+5206 223 1582 54 96 U+306B 850 2418 63 78 U+7C73 990 1319 83 115 U+6765 839 1825 71 112 U+5869 504 1367 96 113 U+6728 666 1337 83 109 U+98EF 815 1546 108 98 U+4E5F 210 2013 73 66 U+8FBA 208 2289 90 77 U+968F 193 1476 98 104 U+25CB 1190 905 132 128 U+3031 702 1107 47 135 U+3092 1000 1435 84 97 U+308A 852 858 32 85 U+98DF 200 1107 84 124 U+56FD 214 2177 74 92 U+3064 203 908 72 96 U+6CD5 1231 1735 90 118 U+3084 662 1041 101 89 U+308A 704 1818 29 83 U+52A0 1005 2330 91 56 U+9803 671 1570 77 95 U+5C11 830 949 73 93 U+6E1B 1002 2393 104 99 U+7A0B 503 1598 87 106 U+3079 202 1349 86 58 U+306B 370 1747 67 58 U+98EF 326 689 92 95 U+3064 827 651 74 61 U+308B 690 1973 35 63 U+304D 368 2411 77 75 U+304D 212 1761 78 79 U+306E 230 1924 54 72 U+306B 834 1462 72 61 U+548C 820 1144 104 96 U+3064 363 2212 73 55 U+306B 508 844 63 60 U+4F4D 840 2319 78 98 U+3075 502 1861 77 72 U+306B 679 1664 61 56 U+3092 526 2262 57 80 U+5176 525 1086 44 123 U+4E0A 503 766 71 67 U+3058 681 928 79 105 U+306E 345 803 73 84 U+304F 360 573 25 94 U+3068 863 2016 38 77 U+306F 226 2568 51 37 U+96EA 688 2134 58 104 U+3082 236 1832 39 90 U+306A 691 1738 55 81 U+3081 851 1389 51 73 U+304A 833 2103 88 72 U+3092 380 2015 54 90 U+5B50 378 1921 62 89 seg_fp 837 595 56 50 U+3082 385 2123 28 87 U+3092 697 2505 54 93 U+3066 374 2276 55 74 seg_fp 1030 2018 30 58 U+3082 843 712 48 72 U+4ED5 832 2508 85 84 U+6642 358 1559 88 89 U+305F 691 1904 35 69 U+3066 244 2452 28 87 U+304B 864 1329 30 57 U+6753 358 1833 105 87 U+83DC 693 2368 64 128 U+3089 878 1242 21 73 U+304A 506 917 74 79 U+3088 227 1685 34 71 U+3092 531 1479 59 103 U+719F 341 905 97 139 U+3075 823 2247 90 67 U+306B 230 2383 56 66 U+304D 363 1475 78 82 U+5206 381 1646 60 94 U+306B 514 1299 70 58 U+305B 370 2546 70 68 U+3066 1015 1657 44 70 U+308A 536 1932 29 90 U+304D 515 996 69 83 U+3066 521 2416 53 70 U+304D 356 1321 76 84 U+304B 385 2356 31 58 U+3078 1029 1887 55 44 U+304B 681 580 25 55 U+6AC3 179 686 108 114 U+304A 353 1240 77 79 U+4E0A 508 1221 73 71 U+307E 391 2464 36 82 seg_fp 538 1704 28 70 U+98EF 167 589 99 96 U+304F 1018 1226 32 75 U+66AB 515 2493 85 91 U+3068 700 1241 29 80 U+3082 866 2173 27 76 U+304F 533 1774 24 70 U+84CB 506 2105 80 150 U+3051 674 636 52 79 U+3088 855 793 30 64 seg_fp 215 838 25 72 U+3057 853 1043 22 89 U+3066 671 712 54 75 U+308B 371 1049 28 64 U+3057 230 1010 12 93 seg_fp 380 1405 30 70 seg_fp 228 1381 16 97 U+3078 207 821 62 35 U+306F 1030 2512 36 87 U+9593 366 1145 41 80 seg_fp 541 2350 17 60 seg_fp 542 2569 50 40 seg_fp 1034 2494 19 53 seg_fp 374 1128 32 42 U+3068 1022 1134 52 92,100249476_00003_2
U+5165 740 1179 94 74 U+58F1 571 1433 72 122 U+5E72 888 1280 81 107 U+98DF 737 1952 84 137 U+5E38 252 1869 76 148 U+828B 560 2001 69 147 U+76EE 571 2319 52 96 U+821B 576 1556 82 127 U+306B 899 1199 72 59 U+306E 271 2029 54 68 U+25CB 1068 531 81 79 U+4E8C 551 2158 87 55 U+5408 405 1100 112 103 U+5F15 1357 2377 72 89 U+98DF 1188 2212 92 133 U+3079 1196 2439 99 60 U+3082 1064 2174 45 85 U+25CB 258 533 82 75 U+306B 575 1691 69 57 U+5165 243 1633 97 62 U+53F3 574 1177 79 105 U+9EA6 902 1570 70 130 U+7A0B 1346 1320 99 104 U+308A 934 618 28 93 U+306F 1515 1612 70 48 U+3066 902 1017 66 96 U+98EF 1493 2235 100 103 U+3059 1224 2352 46 87 U+306B 1217 1335 68 62 U+308C 416 674 100 80 U+25CB 589 1075 80 79 U+3092 1056 1394 86 104 U+8336 264 640 74 126 U+3044 268 1499 55 51 U+306B 762 684 60 61 U+306A 904 1821 61 99 U+304D 902 720 82 112 U+767E 548 2225 82 85 U+306F 443 1491 43 100 U+5165 1345 926 90 66 U+3082 1522 943 52 91 U+3059 443 1607 50 103 U+305B 1202 1723 84 83 U+7C73 571 1302 82 114 U+3080 1215 657 77 86 U+5BB6 1063 719 81 111 U+3092 750 1072 94 108 U+306B 1073 847 61 55 U+5869 743 949 85 119 U+304D 1202 1559 93 90 U+7C73 421 870 83 128 U+305F 891 2088 72 96 U+7F6E 1221 964 74 124 U+306E 899 2005 61 70 U+5B50 1220 1218 70 106 U+307E 578 1904 51 91 U+307E 269 1401 53 87 U+304D 896 2181 74 94 U+307E 1080 1146 42 93 U+6B64 1030 2048 100 72 U+3044 1354 1570 77 63 U+5473 731 2359 98 91 U+4FAD 1489 675 108 126 U+9803 1351 813 92 104 U+5207 1490 2142 101 68 U+3064 575 1856 69 71 U+308A 1534 1530 30 75 U+6AC3 1181 1821 124 112 U+306E 1059 2273 46 50 U+306B 743 2281 77 66 U+3082 274 1552 43 71 U+3044 1063 1248 66 51 U+3072 750 2511 64 74 U+3044 1061 2131 54 47 U+304D 756 842 75 89 U+3082 1075 1301 51 75 U+5176 1512 544 48 124 U+8449 1058 2324 59 129 U+304F 1234 540 31 86 U+306B 251 1206 69 54 U+3059 756 2099 53 109 U+98EF 881 1718 108 102 U+65E5 919 1125 39 58 U+307E 1230 1639 45 84 U+56DB 426 1036 74 62 U+7D30 1508 1877 88 98 U+3042 1360 537 72 114 U+308B 1372 720 35 68 U+7530 1057 637 83 62 U+3092 1352 2278 98 96 U+306E 435 1225 56 43 U+3066 1214 1410 56 76 U+306B 1053 1786 68 60 U+4F5C 1053 1502 100 89 U+3064 257 1354 82 61 U+3092 1370 1887 64 95 U+5869 1347 1098 96 124 U+3057 753 1252 66 95 U+306E 1525 2355 47 46 U+3088 1538 1456 33 75 U+66AB 1350 2473 94 109 U+6753 1191 1118 109 97 U+3078 1207 1946 94 54 U+308A 448 1408 36 83 U+3044 439 556 59 57 U+9803 894 2475 77 97 U+3044 1511 817 60 51 U+3066 1358 2067 54 82 U+306F 448 752 37 110 U+3066 751 1860 50 81 U+3042 905 2268 59 107 U+3057 1232 2476 18 116 U+305F 1513 1297 78 86 U+3064 1201 2054 76 60 U+3092 1061 2473 59 110 U+306B 1513 2048 63 70 U+308B 282 1690 32 70 U+304A 749 758 77 90 U+3082 1385 1221 42 87 U+304B 445 1301 30 45 U+3088 1391 1414 31 77 U+3064 1056 1095 81 72 U+307E 1239 743 41 90 U+306A 272 2224 53 86 U+6728 1350 2165 73 108 U+5C11 1512 1668 78 88 U+6240 1051 1672 76 95 U+3064 1516 872 63 71 U+3089 775 1445 29 87 U+3056 918 832 75 87 U+84CB 1350 1721 93 153 U+308C 255 2304 102 62 U+306F 431 1367 58 35 U+308B 771 2217 37 62 U+306F 752 2463 47 43 U+304D 904 1480 91 86 U+3070 768 1350 71 91 U+308A 571 2522 33 78 U+308C 1340 1636 88 80 U+3066 1074 922 51 74 U+83DC 1506 1050 82 154 U+306F 276 2373 54 31 U+304A 897 1393 79 85 U+3055 282 1277 38 73 U+3044 600 855 48 58 U+3070 572 2421 56 69 U+308B 1079 1590 30 72 U+3066 1042 1859 72 71 U+4E0D 264 2424 65 66 U+3052 906 2373 85 100 U+3066 1362 999 56 78 U+3088 622 546 36 93 U+304B 1232 1497 36 64 U+304C 1376 653 73 70 U+308B 453 615 33 63 U+719F 727 1646 101 136 U+3055 1084 1005 35 80 U+3055 595 1762 37 90 U+3057 264 910 66 84 U+308A 604 960 45 105 U+3086 271 837 56 66 U+3075 1512 2430 63 68 seg_fp 937 542 19 74 U+306F 277 1761 41 91 U+304B 1533 1976 25 71 U+3089 295 998 27 82 U+306F 1059 1935 47 99 U+3068 613 746 27 92 U+306B 1519 1210 66 65 U+8A18 250 2496 108 104 U+3079 427 1730 88 98 U+304D 1516 2500 77 82 U+304F 746 1541 56 80 U+4E8B 280 2102 30 120 U+3078 756 633 71 46 U+304C 287 779 61 55 U+3057 1231 2110 17 99 U+3057 463 1834 17 138 U+3046 780 544 27 82 U+3057 1238 841 23 122 U+3069 915 1923 67 78 U+3057 1547 1754 18 88 U+3078 586 916 76 44 U+3086 258 1129 73 63 U+3057 620 635 21 111 U+307F 926 923 26 91 seg_fp 1222 1973 32 83 U+304F 1544 1378 30 69 U+304F 1386 1489 24 64 U+3057 766 1782 21 78 U+3057 1384 1990 15 70 U+304B 285 1078 28 53 U+304B 576 2488 28 37 seg_fp 351 2372 41 84 seg_fp 98 2215 55 54,100249476_00007_1
U+4E03 1135 1071 73 85 U+306B 1295 1483 73 70 U+306E 991 2479 58 95 U+5E95 807 554 92 150 U+6CCA 1448 2473 85 104 U+4ED8 824 966 81 99 U+9905 1277 1707 109 123 U+306A 994 2094 61 92 U+516B 1133 1168 88 59 U+53C8 651 565 94 86 U+98A8 355 1693 108 112 U+306A 677 1204 69 102 U+7C89 1281 1840 102 121 U+306E 1310 1967 54 67 U+307B 360 1596 80 84 U+3092 662 838 89 102 U+5207 1122 1418 104 92 U+3031 696 1431 62 145 U+6C34 517 1400 63 111 U+7C89 183 1026 108 123 U+306A 351 1506 79 88 U+6B64 361 2392 90 80 U+7C89 1286 1342 104 131 U+716E 662 2344 85 151 U+7C89 186 1732 101 119 U+306E 204 1867 60 67 U+306E 1160 1712 42 76 U+55B0 505 2261 101 123 U+306B 517 1913 73 67 U+3092 998 1072 81 104 U+5206 1157 1223 54 99 U+53F3 1285 851 82 102 U+3093 982 1540 92 89 U+3064 992 1177 77 110 U+9803 509 941 83 92 U+3066 217 889 40 96 U+3060 1439 564 102 101 U+85AF 1135 560 84 162 U+306B 1138 1342 69 59 U+306A 361 1298 70 100 U+306A 228 2172 57 94 U+3073 1141 1614 99 102 U+5473 351 1804 92 107 U+53F3 992 744 81 105 U+934B 983 2339 90 133 U+306E 1009 850 55 73 U+4E0B 206 1951 74 90 U+3092 508 1512 90 102 U+6900 489 1792 121 107 U+306B 828 1393 77 75 U+5B50 1146 2169 65 86 U+3080 351 1085 82 78 U+307E 984 1433 86 107 U+98DF 1448 1206 90 144 U+633D 1275 1571 102 115 U+3070 369 1400 74 91 U+306A 1463 1535 59 98 U+3055 532 1603 42 78 U+304D 1140 1521 73 102 U+3084 822 1247 81 58 U+306E 1157 2271 60 54 U+5C4B 200 1161 89 102 U+84B8 349 555 85 164 U+3064 1296 2430 77 69 U+76F4 210 2060 81 101 U+5176 830 2046 50 118 U+308A 539 1680 30 101 U+306B 1154 2515 60 62 U+306B 1290 766 65 68 U+308D 518 1131 65 92 U+6294 1434 833 99 91 U+9EA6 827 1477 69 123 U+3066 524 2173 53 76 U+3092 1152 732 68 95 U+3092 834 1772 59 94 U+3066 674 2258 56 83 U+7406 362 2497 82 86 U+3079 662 1376 89 57 U+7C89 1132 1800 107 106 U+3052 833 864 95 100 U+6C34 682 1764 55 113 U+308A 516 567 60 96 U+306B 1297 2260 71 65 U+3093 196 1636 90 85 U+305F 674 2501 82 76 U+308B 1467 1957 37 73 U+304D 668 1027 85 90 U+7530 1447 2207 78 74 U+3042 1440 1866 80 87 U+3044 1003 935 54 50 U+711A 665 2116 86 147 U+3066 678 1680 60 92 U+3079 819 2503 89 56 U+3059 1471 1351 46 105 U+3066 202 1359 59 85 U+5BB6 1450 2279 71 105 U+3054 1467 738 85 62 U+306B 1449 2392 68 61 U+304D 828 1967 75 68 U+7BED 353 732 92 163 U+306B 359 907 57 69 U+539A 1132 848 89 142 U+306A 835 2334 55 95 U+308A 1479 1632 27 90 U+306B 822 711 71 75 U+3092 668 1876 98 102 U+308C 653 2037 106 71 U+3066 678 1116 51 71 U+306B 823 2260 70 65 U+8700 1294 970 76 110 U+3066 989 2252 64 77 U+3046 229 1457 27 96 U+3064 197 784 83 105 U+30B5 1172 995 65 84 U+4E0A 807 2169 97 87 U+3082 540 1993 44 104 U+304A 501 1045 88 86 U+56E3 1138 2022 85 138 U+3075 486 856 105 68 U+307F 1015 1347 25 69 U+3066 1456 1104 52 83 U+3082 1009 983 44 80 U+3062 1004 1617 63 80 U+306D 989 639 85 89 U+306B 203 1284 68 75 U+3044 376 2196 48 50 U+306B 1457 929 66 60 U+9ECD 1278 1086 98 148 U+85C1 823 1603 72 165 U+306E 987 1804 73 100 U+308A 388 2291 33 81 U+3066 535 1309 37 92 U+4E88 1480 1736 55 114 U+3046 1000 1699 34 102 U+3057 668 929 65 100 U+3092 209 565 72 105 U+601D 517 773 67 81 U+308B 235 2268 31 67 U+3044 685 1987 50 46 U+3093 1449 658 93 90 U+3057 528 1210 29 106 U+3093 214 2522 65 65 U+308B 1474 1455 32 65 U+3069 226 1549 69 85 U+3089 690 741 20 103 U+308A 539 2096 32 79 U+3068 388 2097 34 86 U+308A 1321 2177 28 88 U+306F 1313 2095 42 83 U+3088 386 1922 37 89 seg_fp 537 2516 24 70 U+3066 360 988 54 76 U+3053 840 797 33 63 seg_fp 684 652 22 85 U+304F 1013 2007 27 75 U+3055 1320 2337 32 86 U+3092 1309 1245 60 85 U+3068 1470 2032 21 73 U+3046 838 1305 36 94 U+3070 223 2438 61 84 U+308B 832 1163 43 75 U+3082 220 682 26 92 U+308A 1300 577 56 104 U+304F 1173 2440 30 63 U+3092 1151 1911 71 108 U+3053 994 566 54 66 U+3056 835 1072 74 87 U+3057 392 2008 19 89 U+3078 373 2248 68 41 U+304B 1324 2035 25 60 U+3057 1476 2105 13 86 U+305B 512 2395 68 63 U+3057 841 1877 22 88 U+3089 853 2425 23 76 U+3057 388 1172 14 123 seg_fp 1283 2524 51 68 U+3057 1319 678 28 90 U+307E 1315 2487 44 84 U+3057 1480 1004 15 98 U+4E09 210 2361 74 69 U+309D 1029 1282 25 55 U+3054 1167 2326 80 40 U+305F 523 2460 39 59 U+3089 693 1306 26 80 U+3057 1004 2183 32 72 U+3054 1000 1901 79 38 U+3057 695 1596 21 81 U+3068 1175 2367 31 75 U+3068 1016 1934 25 74 seg_fp 1739 2217 74 59 U+3068 529 660 34 100,100249476_00009_2
U+98DF 703 1118 102 148 U+4E8B 1031 1646 71 217 U+306E 1201 855 64 122 U+6C41 1035 1353 88 153 U+9EA6 884 2040 67 126 U+9ECD 848 1513 117 136 U+306F 726 2105 63 40 U+9EA6 876 1817 80 124 U+306A 1201 2018 68 101 U+9ECD 849 1046 114 147 U+6025 1195 1711 86 132 U+4F1A 699 1752 116 143 U+7B49 879 2185 80 75 U+3092 245 1574 92 108 U+5B50 1032 1224 74 111 U+3079 1179 2189 99 58 U+4E8C 550 2366 77 53 U+5C0F 871 1963 87 68 U+7C89 389 574 107 122 U+5E0C 1336 2180 84 140 U+90FD 695 1609 115 155 U+306E 1204 1576 54 119 U+3092 870 2268 94 115 U+7C89 537 1042 109 123 U+306A 720 888 73 100 U+306E 566 2265 51 89 U+7A17 854 1232 99 135 U+6E29 550 1392 92 106 U+6CA2 245 1713 91 100 U+3092 1368 845 68 115 U+306B 553 1297 70 61 U+9EA6 561 1933 73 112 U+3044 250 1065 61 54 U+306A 407 1290 71 96 U+4E2D 255 2352 69 112 U+56E3 1031 1077 90 115 U+3089 252 1361 54 88 U+854E 873 1665 74 130 U+3082 260 1119 45 94 U+4EBA 1325 1596 109 97 U+7B2C 1206 1383 56 141 U+98E2 1346 2414 100 100 U+7C89 538 1628 105 125 U+7B49 550 2184 78 76 U+3076 229 1282 103 74 U+305F 1494 1091 76 107 U+3075 1325 2324 104 74 U+5C4B 555 1186 88 96 U+7C89 377 1160 110 121 U+4F5C 868 2393 110 80 U+98E9 531 1510 123 102 U+3093 1346 1845 85 86 U+7C89 545 2065 108 113 U+25CB 1022 911 124 122 U+308C 541 787 105 66 U+6C42 1474 1840 100 116 U+5176 716 2149 80 124 U+306F 889 933 43 90 U+5207 239 2017 93 78 U+564C 389 2404 96 115 U+8FBC 233 2105 102 86 U+8700 876 1397 73 107 U+53C8 378 713 115 78 U+8CB7 397 1594 86 128 U+88FD 1484 1290 93 149 U+3092 409 1484 73 92 U+3082 730 1520 45 82 U+7B49 243 1461 80 85 U+854E 552 1769 73 151 U+304C 586 566 65 65 U+9332 1475 1598 100 121 U+306A 727 2410 61 101 seg_fp 1368 1968 36 95 U+5C71 242 1834 91 72 U+5176 237 2225 85 119 U+304B 258 1218 44 60 U+6839 227 927 103 114 U+6C11 1367 2519 83 90 U+6C41 404 2528 74 97 U+308C 706 1378 111 65 U+4E00 1188 1534 89 18 U+3092 1499 1732 76 89 U+306B 257 1920 62 63 U+306A 1198 1174 68 119 U+3059 726 1272 63 103 U+3070 573 2434 59 90 U+52A9 1176 985 96 100 U+5473 391 2276 96 101 U+305F 573 633 45 70 U+308B 1214 1300 33 77 U+304A 1341 1238 91 87 U+306D 402 2152 90 92 U+3082 555 939 58 81 U+3093 556 2518 70 93 U+52D9 1178 1865 96 134 U+306B 1362 1166 64 60 U+845B 1487 2046 78 159 U+3081 1505 1957 48 72 U+306E 1032 1538 96 97 U+3051 578 713 31 69 U+5800 1482 2332 109 104 U+306B 718 1906 72 74 U+3089 1377 1758 32 83 U+308B 1370 1520 32 57 seg_fp 1214 2228 20 146 U+3066 881 866 58 65 U+3069 426 1383 57 88 U+306B 410 1985 70 71 U+83DC 236 650 92 157 U+306B 883 792 66 64 U+3042 1357 1679 58 79 U+306B 241 569 74 69 U+53F3 240 2522 77 95 U+308B 1211 2122 33 69 U+306E 1505 2234 54 63 U+7530 868 585 83 70 U+4E8B 736 2280 38 133 U+3093 403 1084 67 67 U+3066 888 2561 63 64 U+3069 741 1448 68 76 U+56E3 400 1728 91 130 U+5927 245 829 69 86 seg_fp 748 986 13 114 U+306F 415 787 41 93 U+308A 893 2486 46 72 U+3066 732 1984 44 106 seg_fp 1373 1922 26 47 U+3078 268 2486 74 50 U+3057 752 2510 15 111 U+8457 1486 835 95 148 U+3092 1357 2072 66 89 U+5B50 720 715 68 78 U+3005 1384 1090 28 76 U+3053 429 2073 36 68 U+845B 1483 1450 77 138 U+3068 744 799 36 84 U+5BB6 869 665 78 118 U+308B 1517 1200 40 67 U+3070 414 1001 66 83 U+3069 580 860 68 75 U+3086 1353 1422 67 96 U+56E3 716 582 95 125 seg_fp 1533 985 13 107 seg_fp 1342 1035 105 52 U+3084 1502 2428 77 63 seg_fp 1394 1314 14 96 U+5B50 406 1869 83 97 U+4E09 389 904 67 80 U+3046 1528 2491 26 81 seg_fp 1375 971 24 55 U+3068 1220 1079 27 96 seg_fp 729 566 53 63 seg_fp 84 2308 59 79,100249476_00012_1
U+5165 1129 1774 105 65 U+7CE7 345 798 107 113 U+98DF 192 1578 99 131 U+662F 1145 1037 75 113 U+306B 1145 1699 67 58 U+98DF 989 1906 95 121 U+89E6 793 1228 104 110 U+25CB 1297 530 74 81 U+306A 681 2336 66 92 U+5176 1121 539 75 120 U+4ECA 835 2333 84 139 U+50F9 494 1197 104 119 U+306A 825 956 56 96 U+3082 679 1309 45 80 U+3079 997 2128 85 62 U+53C8 976 1401 93 67 U+3080 1305 1709 79 75 U+304D 511 1439 84 99 U+7389 685 2066 63 77 U+7CE7 796 548 97 117 U+3092 1140 1163 85 104 U+306A 372 1610 59 100 U+53D6 978 1729 89 87 U+9580 1146 1846 80 85 U+5DE6 997 2292 72 96 U+65B9 658 1040 66 98 U+306E 367 924 48 69 U+305B 669 1974 75 72 U+55B0 967 1079 94 133 U+5473 659 1541 86 95 U+5E30 982 1476 89 92 U+306B 992 1647 68 65 U+982D 1124 767 82 97 U+8449 200 1222 70 153 U+98DF 1291 1068 94 146 U+3059 1015 2036 47 88 U+90FD 829 2466 92 106 U+7C73 505 1062 83 112 U+4F5C 350 2044 105 87 U+7518 1305 1392 76 107 U+3042 219 2093 61 94 U+6B74 653 824 91 124 U+308C 987 2477 82 59 U+85F7 1291 1511 85 134 U+4F5C 1135 1272 94 79 U+307E 534 2035 40 64 U+308A 836 1052 32 86 U+3078 508 2520 85 60 U+767E 361 2223 72 88 U+3066 982 1000 46 68 U+304D 966 798 85 87 U+308C 804 1582 106 66 U+3064 1155 2068 77 103 U+4F1D 812 1834 91 112 U+306C 843 2262 67 57 U+3064 1288 851 86 60 U+3066 363 703 46 77 U+306B 506 798 61 65 U+5730 1106 665 111 94 U+6B64 503 1782 89 83 U+305B 1316 2198 55 74 U+627F 830 2014 80 106 U+3064 513 1962 76 63 U+6240 203 1906 78 102 U+305B 811 1423 78 89 U+3092 206 1474 78 94 U+51FA 988 1313 77 65 seg_fp 1316 1655 50 32 U+304D 368 1384 78 87 U+3092 365 1934 85 98 U+5BB6 500 665 73 121 U+3059 1305 1218 62 95 U+8FB2 1159 2394 77 128 U+3082 223 2006 41 75 U+77E5 668 1876 79 89 U+3059 227 1718 43 110 U+306F 219 1003 42 92 U+306F 526 1685 45 93 U+3092 1456 936 51 100 U+52A9 791 777 96 96 U+59D3 340 2317 94 93 U+308A 1146 942 34 92 U+7B49 202 1387 71 87 U+304D 1164 2327 73 73 U+304D 510 1603 82 92 U+304A 1160 2259 79 69 U+306F 1328 2525 56 31 U+8278 187 1113 96 93 U+3057 364 1208 62 102 U+52A9 343 1018 89 105 U+308B 1459 654 32 81 U+308A 868 2175 27 76 U+3082 371 2415 43 62 U+308B 1328 1312 31 64 U+6240 193 737 79 104 U+308B 224 1827 36 66 U+3092 539 2256 54 79 U+3092 826 672 49 77 U+51FA 1314 2138 78 64 U+53D6 985 895 52 103 seg_fp 1124 1547 90 148 U+304D 1316 2429 77 83 U+308A 1185 2167 36 90 U+3078 833 1952 73 64 U+306B 1159 2530 68 48 U+308A 1159 1353 44 92 U+52A9 1434 550 85 107 U+3067 674 1233 87 77 U+4F1A 645 540 85 115 U+3084 1307 1997 75 60 U+306F 677 1648 49 38 U+85AF 519 2106 67 141 U+3057 703 2441 18 127 U+306A 1465 1597 53 90 U+9AD8 524 1319 50 118 U+308B 385 2132 34 76 U+8CCE 479 555 99 110 U+306C 675 2200 80 75 U+308A 382 1711 35 85 U+3066 1154 1454 46 79 U+306F 1326 1917 33 75 U+3092 683 1784 50 81 U+306F 853 2118 44 55 U+308B 826 871 29 75 U+308B 990 633 31 76 U+3066 1011 1824 40 73 U+304D 1452 1333 71 88 U+306E 529 2472 45 48 U+3055 542 1877 31 79 U+308B 215 643 29 79 U+306E 376 1549 53 63 U+306F 688 2287 52 45 U+306A 1466 1044 50 96 U+3059 1015 2386 35 89 U+5176 665 1410 76 118 U+662F 211 2380 81 107 U+306B 203 846 66 69 seg_fp 1336 2357 25 70 U+3082 1317 752 27 97 U+7B49 201 2497 70 70 U+51FA 965 547 80 85 U+308A 1327 2056 31 84 U+7C73 368 1797 67 131 U+306B 360 1128 66 75 U+307E 689 1147 29 86 U+306F 685 2153 44 44 U+4ECA 1291 633 86 115 U+3072 677 1690 63 91 U+3078 199 2246 84 38 U+3057 1025 2167 17 114 U+3068 536 1512 24 87 U+305F 372 1311 43 70 U+3068 837 1136 28 79 U+306E 1464 1516 50 70 seg_fp 390 1469 23 78 U+3044 365 630 53 61 U+304A 348 553 79 77 U+3082 1473 1420 36 91 U+304B 1333 1788 23 43 U+3066 660 735 45 64 seg_fp 843 1348 23 71 U+3056 213 554 72 87 seg_fp 1016 2545 44 23 U+3057 236 2273 13 94 U+3068 990 724 24 71 U+305F 1463 1250 34 79 seg_fp 548 2349 23 65 seg_fp 1350 2273 13 89 U+308A 1476 1690 27 66 U+3089 1317 993 31 82 seg_fp 1158 870 20 70 U+308B 230 2185 28 58 seg_fp 690 953 18 78 seg_fp 1479 1139 17 116 U+767B 348 2487 90 86 U+3071 1311 922 41 69 U+3066 205 929 51 71 U+306B 661 662 58 61 U+308A 1018 1568 34 82 U+592B 1438 774 75 145 U+3057 1341 1826 13 61 U+3005 1010 1218 25 72 U+3066 508 875 51 68 U+309D 550 2415 20 43 seg_fp 845 1512 20 78 seg_fp 1155 1937 61 107 U+306F 514 965 45 77 seg_fp 852 1639 13 93 U+3068 849 1748 22 72 U+5DE5 1452 753 50 79 seg_fp 1729 2188 55 71,100249476_00013_2
U+753A 1018 1193 96 99 U+716E 554 1161 83 136 U+3031 889 825 59 161 U+8FB2 1179 1235 89 140 U+53C8 392 1019 88 68 U+306A 1191 2021 66 95 U+3082 1037 2439 42 79 U+7230 1190 2275 63 117 U+5BB6 1186 1386 73 125 U+91DC 863 2522 77 111 U+5927 722 2351 76 89 U+3082 1196 1653 46 77 U+5165 717 1122 88 78 U+6253 568 1909 64 115 U+5E38 247 1639 61 146 U+3082 1037 1092 47 79 U+9EA6 881 1899 69 119 U+306B 1033 573 65 71 U+3092 717 780 87 93 U+6C34 724 654 50 122 U+3046 1373 1553 28 107 U+306F 420 1515 47 92 U+9EA6 1355 1065 70 128 U+9EA6 1187 569 66 138 U+53CA 1029 666 72 83 U+98DF 1492 1711 92 124 U+6642 553 1468 93 97 U+98EF 1331 1223 100 90 U+5206 574 1564 65 101 U+3070 1046 754 59 97 U+3057 879 1198 63 82 U+308A 1521 967 31 93 U+4F55 1175 949 82 101 U+711A 1338 1330 82 141 U+3031 424 1957 50 158 U+306A 1029 2159 60 99 U+65B9 1032 2346 55 90 U+711A 711 1975 81 141 U+305F 568 1299 48 80 U+306E 1196 1160 49 79 U+6C34 240 1889 83 98 U+306B 717 572 71 69 U+3072 1499 837 76 83 U+3042 246 1043 66 82 U+3070 894 565 76 88 U+305A 564 1061 77 99 U+3042 878 665 63 113 U+5EFB 403 1785 76 69 U+6417 853 1579 97 131 U+6E1B 236 2073 100 107 U+660E 555 2028 82 75 U+306B 563 2570 60 59 U+4E8B 1196 1878 45 147 U+7A0B 712 883 86 103 U+306F 1204 832 37 93 U+3051 575 2367 48 104 U+3092 881 2026 62 99 U+3059 877 1348 68 89 U+3042 884 2286 60 86 U+5EFB 393 826 77 70 U+306C 404 2463 71 52 seg_fp 555 1674 86 156 U+304D 395 725 81 81 U+306B 1190 2399 59 53 U+56FD 1187 1052 80 103 U+306B 727 2268 64 69 U+3070 1198 2183 68 83 U+5DE6 872 1002 65 109 U+3084 1344 1487 77 69 U+6C34 571 2117 52 101 U+306B 567 1832 67 62 U+8A18 1174 2464 105 80 U+306E 251 565 49 71 U+306B 1187 1521 59 59 U+304D 1021 2257 83 89 U+98EF 1170 723 98 97 U+306B 245 2177 68 68 U+3072 876 2436 64 72 U+98EF 1481 1513 107 96 U+3092 567 2220 82 96 U+706B 722 2442 78 90 U+5BB6 1029 1293 71 121 U+306B 1033 1423 66 71 U+98EF 706 1756 105 113 U+5C24 714 1645 83 92 U+308C 1012 932 107 70 U+304B 395 1609 76 80 U+305F 1032 1817 62 100 U+3066 416 1437 49 78 U+3084 717 2116 73 69 U+306F 1046 1566 44 96 U+5148 881 1449 84 120 U+52A0 242 1999 80 70 U+306B 870 1112 70 66 U+6268 231 1298 102 85 seg_fp 265 795 29 61 U+306E 265 2568 52 65 U+3084 1495 915 74 56 U+711A 1026 1680 78 123 U+304D 1517 2324 69 83 U+6709 1030 2528 58 88 U+3092 250 1523 76 109 U+308B 577 1385 31 70 U+308C 1181 2119 79 67 U+3051 267 2402 52 92 U+3066 396 576 53 73 U+52A0 1501 2181 92 62 U+306A 1523 2243 58 84 U+3072 244 1202 66 80 U+306F 1512 2012 55 28 U+3057 405 2131 65 88 U+305F 554 571 70 92 U+4E8B 1039 2002 35 145 seg_fp 412 658 27 61 U+304A 556 805 86 83 U+307E 421 2508 36 64 U+3092 412 1195 80 104 U+3092 729 1872 54 96 U+304D 413 1687 69 85 U+25CB 1328 906 128 127 U+308A 421 2573 28 66 U+3069 1054 1016 59 78 U+308B 894 1797 34 76 U+3066 413 2220 46 87 U+6C34 420 1099 46 95 U+305F 892 1716 42 76 U+711A 1181 1732 81 140 U+3051 423 1346 55 102 U+51A5 1506 2061 74 116 U+7C73 1494 1071 87 112 U+711A 720 1285 92 131 U+3088 754 982 33 78 U+308C 244 717 77 72 U+306E 248 1783 73 92 U+4ED5 239 2260 83 89 U+304B 428 1295 28 54 U+305D 266 2499 43 71 U+3056 1048 856 65 73 U+306B 562 725 68 62 U+306B 727 2518 57 52 U+3070 578 967 58 90 U+304B 273 2348 26 58 U+3057 431 900 13 108 U+7C73 246 1399 69 123 U+3084 235 875 80 65 U+3092 1494 571 72 103 U+3088 428 2316 35 66 U+3092 1517 1620 52 82 U+3079 731 1431 78 86 seg_fp 427 2382 20 77 U+3066 735 2574 43 69 U+3068 264 638 19 76 U+3088 581 890 32 76 U+3046 741 2186 25 84 U+4E5F 1507 2521 82 72 U+308A 1524 1324 34 72 U+304B 585 2318 22 47 U+3059 1519 1837 47 96 U+304A 1485 691 83 76 U+3089 893 778 31 98 U+3070 1523 1196 68 72 U+304F 894 2209 27 68 U+308B 898 1278 31 68 U+3066 739 1194 43 77 U+308B 1052 1924 30 63 U+306E 1501 1423 79 78 seg_fp 92 2241 43 60 U+3066 1191 1591 47 61 seg_fp 442 1859 10 118 U+3046 262 938 26 96 U+304B 1530 1272 24 53 U+308B 1521 1941 33 61 U+3059 1204 2539 44 86 seg_fp 1518 762 28 75 U+3088 897 2128 32 80 seg_fp 755 1059 21 70 seg_fp 95 2310 55 69 U+624B 580 2475 39 95 U+3089 269 1136 17 64 U+304F 584 661 25 62 U+3066 1041 1505 44 58 seg_fp 754 1523 14 107 U+3089 894 2373 23 63 U+4E8B 1529 2418 31 110 seg_fp 1513 1403 35 36 seg_fp 95 2412 40 71 seg_fp 1540 2407 16 29,100249476_00014_1
U+98DF 979 1375 97 136 U+98DF 499 1783 106 118 U+306E 1165 1369 52 62 U+856A 1151 1434 91 139 U+711A 1142 1011 85 139 U+306E 1014 2104 55 76 U+53F3 1148 1248 71 101 U+5165 1298 1314 90 67 U+5510 675 2024 74 132 U+6C41 1307 1129 80 109 U+65AF 352 605 75 152 U+6F01 500 721 93 127 U+5206 1474 1896 67 98 U+5165 828 1771 98 76 U+5927 840 2280 78 91 U+6C41 1451 820 89 112 U+306B 1005 1888 65 56 U+306E 847 1837 56 69 U+76DB 991 828 74 122 U+306E 1319 1033 54 71 U+5C11 832 1562 75 108 U+98EF 652 1266 119 97 U+53F3 1308 915 67 115 U+306A 854 1995 60 93 U+5F8C 185 1257 88 108 U+571F 540 2421 48 68 U+7ACB 1459 1179 72 92 U+547C 340 785 89 115 U+5E38 1140 598 74 144 U+306B 1310 1244 68 58 U+306F 685 1691 45 97 U+306B 1317 1626 81 76 U+5473 1432 590 99 91 U+306E 832 1470 86 104 U+3092 1173 1576 62 90 U+98EF 1155 2375 103 106 U+716E 1323 2160 68 142 U+3092 1471 926 57 94 U+306E 535 2565 52 46 U+8C4A 189 1093 72 136 U+306A 378 1413 58 100 U+7A0B 1304 1973 87 112 U+6216 517 952 77 112 U+3044 1013 2282 64 47 U+3059 534 1915 61 107 U+80A5 654 1809 104 89 U+3066 521 2324 52 78 U+6268 1309 2313 103 84 U+306E 1158 748 58 64 U+6900 1143 1695 118 110 U+306A 362 903 55 102 U+539A 1455 1523 72 122 U+6F70 1309 1716 99 114 U+982D 670 1148 78 105 U+3070 837 1239 69 88 U+9EC4 203 1459 60 124 U+306E 206 1390 48 51 U+98DF 811 593 95 143 U+5C11 989 604 74 101 U+5176 1180 2133 41 105 U+306A 827 1089 57 89 U+7C73 819 1338 86 127 U+5207 1468 2070 83 78 U+5225 993 1785 87 106 U+3072 1163 2048 80 80 U+564C 1435 694 97 117 U+3066 1158 1155 52 85 U+3044 684 1461 44 49 U+4E94 1454 1731 89 76 U+8239 651 1031 102 102 U+5C0F 843 2376 66 57 U+3089 531 1692 38 84 U+4EBA 514 2495 95 72 U+308B 1336 1836 39 72 U+306B 518 2091 77 71 U+306A 668 595 68 103 U+306F 527 1063 42 94 U+3092 664 923 89 108 U+516D 1463 1817 74 78 U+3092 1185 2510 60 95 U+306B 1165 1816 65 63 U+306B 1465 2003 71 56 U+5C02 522 1570 55 118 U+3075 652 1515 94 58 U+98EF 179 1610 104 105 U+3092 1475 1429 59 80 U+4EBA 516 856 82 95 U+8FBA 675 2268 90 72 U+305A 855 2162 77 102 U+308A 686 696 31 92 U+7269 1010 2175 84 93 U+308B 835 849 37 71 U+304D 985 1027 91 88 U+307F 865 1917 31 74 seg_fp 391 1512 27 86 U+306B 1323 2095 67 49 U+8239 492 1171 95 102 U+856A 1452 1287 90 131 U+4E8B 834 930 39 149 U+83DC 1010 1960 71 140 U+3059 834 736 55 111 U+7528 840 2530 65 83 U+306E 504 603 76 99 U+548C 1306 1391 91 97 U+25CB 180 940 125 127 U+307E 1012 1107 34 93 U+3081 1332 2415 42 63 U+306B 1450 2541 55 56 U+524D 681 1898 78 122 U+306E 691 2354 48 74 U+306A 1286 588 41 74 U+306B 1027 2520 65 83 U+30B5 1492 1657 41 71 U+305F 361 1236 67 93 U+308B 540 2022 34 71 U+308C 809 1179 93 63 U+662F 673 788 51 129 U+6D25 677 2159 85 98 U+4E0A 1169 2240 73 74 U+3089 1037 2330 31 76 U+5FB3 829 2440 87 88 U+3070 1358 753 54 71 U+3069 537 1481 70 79 U+3066 1002 1282 47 86 U+308B 386 1330 30 81 U+305D 1176 1963 48 82 U+306A 1527 2236 47 75 U+3088 1186 1889 34 74 U+5927 1521 2160 60 73 U+304D 1290 797 48 62 U+3068 695 1365 31 77 U+4E38 1351 832 63 59 U+5B50 522 1274 54 99 U+3089 1514 2312 51 78 U+3079 996 1618 86 69 U+3088 540 2171 28 73 U+3089 382 1007 22 77 U+306A 518 1385 72 91 U+304B 1009 959 30 69 U+6D66 676 2424 93 108 U+3092 1280 720 52 72 U+3059 1008 1513 54 108 U+308B 1297 858 27 42 U+304F 1471 1084 37 82 U+304B 1331 1567 34 62 U+306F 362 1090 55 40 U+304F 859 1665 28 99 U+306F 1331 2577 53 26 U+306B 1525 2549 54 61 U+308A 1300 661 26 56 U+306F 1526 2377 39 74 U+3089 1346 1485 30 83 U+3055 1468 2402 32 60 U+3089 861 2088 32 78 U+3053 1469 1030 42 56 U+304D 1466 2318 33 74 U+4E8C 1521 2461 57 37 U+304F 1176 921 29 79 U+305A 1031 2413 66 108 U+306A 1350 595 51 87 U+305C 983 1203 88 75 U+308C 1346 684 62 58 U+307F 1475 2460 22 66 U+308A 531 2247 35 84 U+5207 1443 2178 68 64 seg_fp 1028 1655 15 109 seg_fp 1018 704 14 106 seg_fp 1770 2238 61 63 U+30C4 1535 2506 41 45 U+3005 711 2532 19 69 U+3078 1187 2332 66 49 U+3057 1353 2476 10 93 U+3066 1461 2241 39 69 seg_fp 393 1129 18 91 U+3068 692 1614 37 70 seg_fp 1345 1908 19 50 seg_fp 1770 2301 65 69 seg_fp 706 1576 23 33,100249476_00021_2
U+98DF 1479 1459 102 142 U+6240 397 1435 100 122 U+5165 540 951 101 68 U+6642 1331 1075 87 92 U+98DF 241 1432 94 134 U+6EDE 1331 1888 103 144 U+306A 1041 769 64 96 U+306B 719 2074 71 60 U+9EA6 256 2014 69 113 U+306E 885 1860 62 102 U+55B0 386 2210 104 117 U+5D0E 1330 1292 95 134 U+663C 257 1688 71 115 U+9577 1318 1169 103 127 U+6C41 559 1234 74 113 U+3092 887 2137 60 93 U+3082 1053 2071 44 84 U+3042 1045 2170 64 94 U+308A 902 1578 32 101 U+306A 733 1568 59 94 U+3093 1183 1129 102 93 U+6301 533 2077 107 127 U+3092 577 1339 60 94 U+306B 559 1146 66 66 U+98DF 871 2474 92 113 U+7ACB 396 741 66 95 U+7A00 381 2396 101 123 U+304F 1351 1777 36 96 U+677E 1178 1303 95 105 U+8358 852 560 84 133 U+4E5E 728 672 62 101 U+306B 719 1020 74 66 U+3082 1208 888 33 89 U+51FA 559 2200 75 97 U+3066 726 1820 59 81 U+306F 410 1718 61 35 U+5F53 402 1314 73 119 U+306A 1520 2365 51 107 U+3082 753 2453 41 71 U+5BB6 873 1262 81 119 U+81B3 532 1676 114 108 U+306B 404 2525 69 63 U+3048 558 1979 68 87 U+306B 1034 688 70 61 U+5927 1480 913 73 107 U+98DF 251 2347 72 121 U+3082 1050 1366 36 86 U+671D 243 756 83 113 U+306B 561 1795 74 57 U+3092 723 559 65 103 U+5B89 709 1228 91 92 U+3072 883 2313 71 72 U+3066 569 1578 48 84 U+306B 1487 1117 69 66 U+308C 1012 2419 108 75 U+306E 746 2543 51 56 U+5CF6 1173 1410 91 112 U+306B 1336 1408 63 72 U+6900 535 1030 116 106 U+3081 1196 1069 58 54 U+3059 272 2483 45 108 U+3089 1059 2265 33 82 U+3092 1511 1608 57 98 U+5207 1476 1026 94 83 U+8336 1037 1820 69 123 U+3044 739 2412 57 44 U+304D 872 1174 72 78 U+306F 261 1964 55 38 U+98EF 1013 1161 104 91 U+3092 1496 804 60 97 U+3070 1051 2496 54 76 U+3092 1047 1264 58 89 U+306B 1205 2314 64 60 U+76DB 558 1446 88 123 U+5E97 1030 1952 79 110 U+305F 577 688 37 78 U+3066 1199 2388 57 70 U+5C02 1503 1715 64 125 U+3044 887 1468 55 49 U+3080 1037 1540 77 79 U+711A 404 1976 79 130 U+7A40 1470 665 101 124 U+98EF 238 2145 98 90 U+5B98 864 697 71 122 U+3092 408 1874 84 95 U+7559 1334 2040 87 88 U+3078 1205 1939 59 39 U+3064 714 2247 83 73 U+306B 409 1562 60 67 U+5EA6 261 1855 70 100 U+306B 886 1382 61 63 U+3044 889 2251 51 58 U+308A 748 1659 36 84 U+3066 408 1631 50 81 seg_fp 416 1181 35 74 U+4E0B 1351 2237 62 90 U+3092 264 2236 64 96 U+8179 1015 562 99 108 U+3066 400 934 46 81 U+3092 261 1336 60 87 U+7C73 410 1762 68 113 U+8239 1174 687 105 95 U+3059 1509 2027 51 109 U+3068 1215 1533 37 76 U+3092 1202 785 57 91 U+82E5 1320 710 80 129 U+51FA 396 853 84 71 seg_fp 418 2343 48 29 U+3068 1209 1204 33 80 U+3092 571 847 58 88 U+308B 1215 1738 26 72 U+5F80 1180 1994 80 101 U+3066 250 670 47 78 U+9053 1198 2207 68 104 U+3059 575 1869 40 109 U+3079 1042 1627 71 98 U+308A 738 853 41 91 U+3066 571 2492 36 95 U+4E91 396 1028 71 72 U+306F 267 958 46 92 U+4FBF 1168 567 109 108 U+305F 737 779 29 73 U+4E94 1468 567 91 88 U+306F 400 1265 66 32 U+3051 407 1113 47 67 U+305B 545 2397 78 93 U+6B64 237 1077 88 83 U+307C 877 1006 92 75 U+3068 890 832 30 79 U+3057 1336 1499 74 86 U+304B 1056 1010 30 56 U+3069 1056 1069 49 74 seg_fp 708 1961 92 115 U+304A 859 918 85 87 U+3044 723 1099 63 51 U+95A2 1343 2420 83 98 U+3066 899 2388 32 76 U+4E8B 739 1432 34 144 U+4EBA 378 678 101 71 U+9E81 1482 1350 90 101 U+7A7A 1202 2462 72 115 U+308B 1518 2134 34 76 U+306B 1494 1944 73 70 U+4E91 903 1697 50 73 U+304D 1032 1726 88 85 U+4E8B 1516 2221 32 134 U+3088 903 1963 32 80 U+3056 1052 2343 56 73 U+6240 1187 1837 93 92 U+3068 1208 976 36 83 U+308B 578 769 35 68 U+3066 407 2120 52 74 U+307E 744 2302 43 100 U+5915 244 868 64 103 U+3089 1363 1678 30 100 U+305F 895 1514 38 65 U+3078 1184 1685 83 50 U+306E 1343 2341 67 88 U+308A 1060 863 34 83 U+3044 1207 1632 45 47 U+308A 1344 895 54 101 U+3070 1352 1591 76 84 U+304D 742 1317 41 108 U+4E91 892 1781 47 62 U+3068 751 1143 27 76 seg_fp 582 2314 25 79 U+3055 746 2155 35 88 U+3057 1514 1186 21 112 U+3068 743 1741 28 74 U+85F7 238 1205 87 105 U+3057 282 1573 14 100 U+308A 1526 2472 28 88 U+4E00 258 1824 65 13 U+4E3B 411 573 30 100 U+3089 1521 1843 35 104 seg_fp 892 1090 21 83 U+3057 906 2041 17 91 U+304B 1352 843 34 60 U+3057 261 568 26 103 U+4E88 1330 562 92 119 U+3068 1051 1452 23 84 U+3057 1219 2101 16 105 U+8339 545 591 100 86 U+3057 1364 991 18 88 U+3057 744 941 24 80 seg_fp 1369 2136 12 102 seg_fp 713 1913 86 62 seg_fp 1383 2531 38 35 seg_fp 1516 1314 29 37 seg_fp 254 1159 66 51 seg_fp 97 2213 67 68 seg_fp 1195 1823 61 14,100249476_00023_1
U+98DF 1215 1415 90 106 U+98DF 747 2447 86 111 U+91DC 1386 1061 79 115 U+306E 1389 2503 57 58 U+5408 263 1893 96 96 U+306F 932 1567 39 86 U+53F3 906 1485 83 90 U+306E 1079 2133 55 51 U+51FA 763 1981 71 70 U+304F 1397 562 27 85 U+98EF 269 2296 88 94 U+4E5F 601 2488 71 57 U+306E 1386 2047 62 69 U+5FB3 578 2287 98 105 U+66DC 904 1805 97 108 U+306A 1233 1697 54 90 U+306A 927 2160 56 75 U+3079 1075 1469 73 62 U+306E 930 1933 49 58 U+691C 887 2324 107 101 U+7528 609 2387 45 94 U+54C1 282 1804 73 78 U+4E09 277 1726 71 60 U+306E 765 1898 53 70 U+4F46 900 1301 96 74 U+767D 1077 2030 60 89 U+7C9F 277 1488 69 124 U+3066 1228 2086 44 78 U+306A 1224 2411 58 84 U+306B 762 1232 58 55 U+711A 266 2162 85 124 U+76DB 1386 1833 71 122 U+8336 1386 1552 62 118 U+3066 602 2208 56 71 U+306E 922 2526 48 50 U+845B 754 966 65 127 U+98EF 408 1365 105 100 U+305F 924 2074 41 68 U+3044 609 2103 52 42 U+7897 1367 1684 105 100 U+53EA 746 1592 85 80 U+5165 1068 1335 86 64 U+6804 921 1675 60 114 U+304D 1385 966 70 86 U+7F8E 1228 2174 56 124 U+5C11 591 1914 80 101 U+5F15 1527 1545 73 100 U+306A 767 723 60 80 U+6C41 753 2140 76 98 U+304F 624 2008 24 76 U+6CB9 1380 2390 79 95 U+3066 281 2071 55 79 U+308A 933 2235 32 85 U+3065 1523 1739 98 72 U+6CB9 747 1805 93 94 U+9EA6 280 1274 61 117 U+308A 1246 1782 26 84 U+4F46 1062 569 95 87 U+308A 1242 2495 27 82 U+7C73 278 1081 70 110 U+5473 1210 2311 93 91 U+8358 418 1212 87 131 U+3064 1208 2017 80 71 U+306B 290 2511 55 59 U+7C73 603 1728 69 110 U+3093 748 1173 85 66 U+3082 621 1840 37 73 U+306F 1088 1852 44 92 U+71E0 1517 1945 96 105 U+3093 1532 806 72 83 U+304A 1386 889 67 80 U+65B0 1067 2206 71 116 U+7CA5 1058 794 103 97 U+3086 292 2401 56 67 U+3066 767 2362 51 74 U+305C 1222 1255 103 68 U+3093 1528 567 82 89 U+719F 1371 655 92 114 U+306F 282 1030 55 30 U+3088 622 790 33 72 U+3070 769 881 62 78 U+53CA 745 1302 83 73 U+3092 1071 1222 88 95 U+7C73 1067 2329 75 91 U+3059 1390 1316 56 97 U+91A4 752 1682 73 107 seg_fp 1093 1520 25 62 U+7D04 904 2436 76 79 U+25CB 910 1194 82 80 U+4E09 265 564 78 65 U+8358 261 727 80 106 U+91A4 1376 2261 70 111 U+7336 892 684 99 107 U+5869 1058 1106 89 115 U+306B 1535 1863 56 59 U+3092 1540 1452 62 83 U+4E0A 1376 2122 77 75 U+3081 764 637 49 68 U+305A 614 1615 77 99 U+4E09 433 1038 69 70 U+83DC 598 1344 74 133 U+305A 1079 1649 81 77 U+845B 1228 561 59 130 U+3042 765 1104 50 67 U+3059 1241 1527 40 89 U+30B1 298 641 48 69 U+304D 1214 1122 83 79 U+3042 1547 656 52 85 U+3066 1229 1333 53 73 U+6B64 588 1015 86 84 U+305F 773 551 34 85 U+3044 1229 1890 61 49 U+5982 590 950 80 71 U+306E 1082 909 47 52 U+4E0A 1066 1964 76 63 U+304A 1530 973 78 77 U+308B 1246 1617 30 71 U+3051 1236 961 52 103 U+3044 607 1498 58 47 seg_fp 298 1625 31 76 U+306F 929 575 39 86 U+308C 574 1190 95 69 U+98EF 253 851 95 95 U+3082 615 706 38 75 U+3068 296 1405 33 67 U+4E2D 1073 969 64 86 U+3042 1233 704 49 60 U+3055 934 2004 30 70 U+9803 1538 1179 69 92 U+305D 1407 1972 38 73 U+3078 281 2474 71 36 U+7C73 1077 1741 68 109 U+307E 1242 1193 36 69 U+66AB 1523 2457 82 101 U+25CB 410 876 133 120 U+3070 614 1257 62 79 U+3092 1234 822 53 80 U+3093 1225 763 78 58 U+306A 1078 2441 51 67 U+3072 924 978 66 67 U+3066 1539 2375 52 77 seg_fp 1411 2209 45 36 U+3051 765 2289 58 76 U+3088 1407 1187 26 55 U+3066 610 641 45 65 U+308A 1398 1243 28 75 U+5473 905 880 98 92 U+305F 1230 1944 39 69 U+3068 297 947 29 71 U+3082 1542 2138 38 83 U+3068 1563 885 29 79 U+30B1 458 1127 39 69 U+308A 621 2146 30 64 U+308B 1103 1398 23 67 U+304B 1243 912 24 52 U+3057 1546 1652 48 82 U+3057 950 1377 13 96 U+3082 1561 1045 25 77 U+3092 1540 2056 59 88 U+3068 299 1192 27 63 seg_fp 1565 741 20 69 seg_fp 774 2237 24 49 U+305A 765 1460 74 108 U+308A 1551 2305 31 72 U+304B 1555 1809 24 53 U+85AA 1533 1284 70 162 U+3050 1382 1422 74 52 U+3089 783 802 24 81 U+3068 1556 2227 22 73 U+3057 1407 789 16 92 U+3089 628 1543 26 70 seg_fp 1415 1803 36 33 U+3057 1116 663 11 96 seg_fp 105 2217 60 56 U+3070 767 1380 58 77 U+306B 1383 1479 54 56 seg_fp 777 2059 17 81 U+3088 943 1035 25 71 U+3057 629 860 14 75 U+3078 1100 1063 45 42 U+3057 940 1106 20 80 U+3089 1100 2511 20 54 seg_fp 623 562 17 74 U+3059 607 1099 43 93 U+3089 1092 1579 23 77 U+3057 299 1997 19 71 U+3005 950 797 15 63 U+3075 1520 1130 88 35 U+304B 1242 1060 27 65 seg_fp 107 2282 59 66 seg_fp 1377 754 76 23,100249476_00025_1
U+3066 1278 520 80 125 U+3066 1315 2147 51 151 U+305A 723 1927 155 135 U+9053 1258 1106 149 188 U+4F55 421 1478 151 170 U+305A 468 1063 89 150 U+98DF 1500 517 195 213 U+9053 166 908 157 181 U+3092 1550 2473 103 107 U+3066 1574 1852 74 148 U+5E96 1258 2313 147 210 U+706B 1261 660 190 161 U+91DC 1527 2034 161 216 U+8089 735 993 133 159 U+3092 223 2631 112 133 U+8089 718 509 133 177 U+305A 1035 1980 91 158 U+3066 446 1338 87 121 U+98DF 1245 808 176 216 U+5473 977 1527 165 143 U+8005 166 522 130 172 U+7F8E 225 1928 109 194 U+3080 1535 869 133 109 U+5909 728 1734 141 198 U+81F3 1269 2016 144 133 U+5E96 714 2218 155 189 U+535A 414 2294 194 173 U+59CB 1522 1689 162 155 U+4ECA 1239 1743 204 162 U+3092 739 1152 115 126 U+306E 478 2203 85 88 U+5176 159 693 151 219 U+6E1B 401 668 196 158 U+3092 1019 860 99 135 U+7A40 980 2341 170 175 U+5E1D 1544 1171 117 248 U+3092 1010 1680 113 121 U+5099 1247 1297 183 169 U+7A40 695 1443 185 179 U+308A 231 1501 80 145 U+6771 473 2026 123 156 U+6D1B 438 1839 166 207 U+5C3D 1023 1005 97 150 U+3066 733 1342 89 109 U+5176 990 2149 138 188 U+308A 1294 1606 78 134 U+624B 1011 503 101 225 U+5473 197 2128 154 164 U+3084 440 1740 148 96 U+9EC4 1542 985 126 209 U+306E 1560 1422 80 89 U+6642 1532 1509 151 157 U+4F5C 1520 2623 147 143 U+732E 998 1809 174 173 U+306B 767 662 53 114 U+975E 405 924 199 127 U+4EBA 1231 2554 196 192 U+306E 726 2640 181 133 U+7F8E 1022 1341 96 175 U+662F 741 2030 128 177 U+306B 251 1806 45 109 U+52A0 392 510 184 140 U+7511 1516 2279 167 173 U+3066 984 2647 106 120 U+3057 1069 1154 16 160 U+529F 977 743 166 121 U+306B 229 1060 48 114 U+719F 181 1186 162 195 U+96C5 194 2307 178 169 U+3092 1038 2507 91 83 U+305B 239 1390 65 106 U+80B4 202 2471 154 173 U+8D0B 731 783 137 219 U+306E 1282 1020 92 83 U+306B 791 1623 53 103 U+8CDE 708 2409 154 216 U+306B 1298 1902 45 105 U+305E 480 1610 103 118 U+306B 502 818 42 87 U+3057 509 1224 25 167 U+671B 491 2449 81 168 U+5B50 484 2619 80 149 U+3057 810 1274 35 141 U+5148 214 1658 126 145 U+3088 1306 1493 42 100 U+3057 1591 739 24 118 U+3057 1361 1462 35 132 seg_fp 639 2569 14 161 U+3057 1092 2592 30 124 seg_fp 1036 1329 53 36,100249537_00003_1
U+65E9 1469 1241 102 177 U+5E72 1161 848 123 192 U+4E32 1458 855 112 206 U+5510 539 861 128 216 U+65B9 220 1072 145 176 U+30A6 894 2164 68 136 U+540C 882 2050 84 111 U+8338 1158 1272 131 276 U+4E8C 579 2125 102 61 U+30F2 1497 2339 79 90 U+30F2 590 2345 83 106 U+4E01 1497 2198 83 70 U+83DC 235 1280 132 212 U+540C 1189 2055 93 122 U+8C9D 1472 1066 91 155 U+677E 1135 1090 156 147 U+4E01 587 2201 87 80 U+516B 229 873 156 105 U+30E1 1481 2271 79 72 U+5341 592 2045 80 81 U+85A9 846 860 141 246 U+697D 540 1279 130 195 U+30E1 583 2275 76 73 U+540C 274 2040 87 111 U+3059 887 1304 71 148 U+6469 844 1112 131 192 U+7530 530 1133 140 109 U+716E 1445 1429 145 220 U+308C 869 1545 99 188 U+5341 1493 2070 90 85 U+307F 892 1454 43 109 U+4E00 1478 2158 113 20,100249537_00008_1
U+3092 288 1398 97 118 U+5347 1527 817 115 166 U+5E03 1003 1094 97 192 U+7389 555 1273 128 155 U+304F 1208 1475 46 114 U+6E6F 288 2051 120 166 U+6240 1358 1238 126 170 U+98DF 1357 1882 128 182 U+6CB9 1183 1175 121 119 U+3066 307 1760 50 152 U+308D 813 670 85 118 U+304B 1179 1316 110 66 U+3044 1521 2158 103 55 U+3066 145 2171 54 149 U+306B 1547 984 65 98 U+304F 1375 2306 52 103 U+5B50 558 1476 99 151 U+304B 1364 539 104 76 U+7C73 1535 539 106 148 U+6912 1534 1244 95 167 U+306B 1181 2137 105 78 U+5927 1002 2452 113 134 U+306B 1386 1386 61 92 U+9752 979 535 107 205 U+304D 1207 1728 60 162 U+523B 974 760 121 178 U+3057 1233 818 25 168 U+5165 975 1807 146 95 U+306E 1513 2669 102 96 U+5C0F 1520 1574 105 83 U+306B 1530 1835 99 83 U+53C8 271 1931 135 118 U+6854 521 866 157 149 U+76AE 817 1203 98 146 U+3046 1213 1995 34 126 U+306F 1547 2034 41 96 U+91A4 1509 2237 110 150 U+304A 799 537 122 102 U+5207 981 1703 127 85 U+51FA 1194 717 101 88 U+716E 294 2231 95 186 U+6897 512 1069 180 184 U+6CB9 1504 2396 126 122 U+9673 804 1031 117 156 U+306F 144 1290 57 119 U+306F 1018 2368 66 40 U+3057 840 791 26 176 U+716E 276 803 108 189 U+80E1 1519 1119 114 117 U+306A 1208 1607 63 117 U+304D 301 1101 60 137 U+76AE 280 1250 111 148 U+4E8C 1522 1942 92 78 U+3084 1170 1912 119 77 U+91A4 1175 1003 114 166 U+5C71 808 1863 108 124 U+5510 812 1372 105 166 U+8475 790 2020 151 208 U+672B 1520 2524 109 129 U+5319 1515 1694 123 122 U+3059 322 2520 55 122 U+306F 1370 2692 81 44 U+6E1B 1168 2331 139 137 U+6854 113 1673 123 127 U+3044 1366 1069 99 60 U+304C 800 1565 139 76 U+3046 1032 1997 37 134 U+3066 1189 2638 73 104 U+52A0 1171 2230 122 82 U+308B 310 2633 56 107 U+4ED5 1355 1679 115 109 U+306B 137 1169 57 107 U+5165 1336 1784 151 98 U+6606 993 929 111 147 U+3055 139 1415 61 107 U+3092 300 2420 94 93 U+4E00 1357 1174 120 21 U+3057 1236 2466 17 146 U+9C39 1164 538 139 144 U+304D 132 685 59 132 U+6839 987 2618 138 137 U+4EA4 1354 1496 122 176 U+307F 978 1299 132 112 U+306C 275 993 108 103 U+6897 115 1817 129 134 U+307F 144 1542 47 119 U+3089 1235 1377 37 92 U+3073 138 2474 106 108 U+3046 1032 2240 32 113 U+306B 1362 2085 98 97 U+3064 288 1636 93 122 U+306B 1362 724 103 102 U+518D 130 2340 111 130 U+304F 1017 1563 50 109 U+305F 1378 2187 63 97 U+7C89 1513 1422 117 132 U+3068 1025 2152 50 83 U+3055 310 1537 53 96 U+5185 123 833 87 113 U+7BB8 115 972 107 190 U+3055 1381 639 56 78 U+4E00 1532 744 106 27 U+3053 1037 1904 48 83 U+4E00 1367 878 103 29 U+3057 818 1665 88 166 U+3057 1355 2432 97 120 U+306B 129 1952 92 86 U+6E6F 135 2594 119 164 U+6696 104 541 123 140 U+304B 1034 1521 36 53 U+5B50 289 694 83 100 U+306F 1381 934 53 119 U+3058 1064 1396 42 116 U+308B 1386 2559 50 98 U+3089 849 1645 40 114 U+7389 288 549 106 119 U+3057 184 2030 30 130,100249537_00010_1
U+6C34 1233 1753 83 161 U+306E 1236 717 97 99 U+6C41 254 1289 125 190 U+4E2D 861 2471 100 115 U+5185 1233 832 100 113 U+51AC 1228 528 115 170 U+306E 1056 650 89 110 U+304D 1059 2657 51 123 U+7BC0 526 830 102 199 U+591C 1204 2252 121 166 U+58F1 881 674 86 150 U+5347 872 833 108 188 U+306E 1228 1182 100 91 U+82B1 870 1136 113 177 U+304D 1060 1995 54 146 U+767D 1488 857 110 168 U+5C11 872 1799 107 124 U+6708 872 2322 83 138 U+6F2C 1215 2003 111 169 U+308A 1251 1645 54 100 U+5185 1055 529 98 114 U+6708 706 1230 87 143 U+3066 1217 2657 77 112 U+9152 872 531 118 138 U+306B 877 1033 112 88 U+5165 849 2076 133 85 U+308A 705 2386 56 141 U+308A 1070 1700 50 130 U+6C34 874 1646 85 151 U+3092 1047 1008 98 104 U+3064 687 1921 98 136 U+96EA 887 1475 79 166 U+306B 1058 2282 57 96 U+306A 687 2528 85 108 U+971C 853 2153 122 159 U+308A 710 1759 61 149 U+308A 701 2642 63 132 U+5019 537 762 67 46 U+9152 1464 1274 153 164 U+306B 1222 1916 107 93 U+53BB 1061 1252 72 142 U+308B 716 850 50 96 U+65E5 711 1560 64 96 U+3092 1209 2435 116 104 U+3072 1045 881 97 111 U+767E 860 1340 130 112 U+53D6 1048 1117 92 134 U+8EFD 1023 1852 124 135 U+7528 531 1412 89 133 U+6F2C 1035 2400 109 174 U+767D 1243 935 79 115 U+6885 1212 1047 136 132 U+8469 1038 1407 123 154 U+306F 540 1053 63 38 U+65EC 886 2582 73 113 U+3057 909 1909 25 164 U+003F 691 964 117 144 U+6570 1218 1276 129 134 U+6B63 702 1113 106 87 U+5302 1058 744 75 126 U+3068 292 860 82 139 U+8FBC 692 658 102 96 U+304D 1233 2544 46 100 U+9152 1034 2147 117 135 U+4ED5 679 528 135 105 U+3086 528 1548 81 99 U+51FA 526 526 100 87 U+6696 239 1507 140 156 U+3092 1044 2573 80 82 U+4E00 1219 2188 94 25 U+5143 701 1388 107 148 U+6CD5 246 1694 149 156 U+306B 868 2695 103 86 U+6885 1447 1067 166 166 U+305F 716 762 59 92 U+308D 248 1008 130 174 U+3070 1060 1574 91 51 U+8D8A 519 1124 117 138 U+3075 671 2133 125 89 U+3070 1239 1526 109 51 U+3066 548 1293 56 84 U+767E 1213 1418 122 100 U+304B 720 2054 40 81 U+304B 1259 1581 33 73 U+3064 688 2224 92 81 U+3088 725 1655 32 90 U+3057 578 610 28 129 U+304B 1081 1633 28 70 seg_fp 304 1157 50 128 U+3082 720 2294 43 95,100249537_00012_2
U+6253 525 724 120 153 U+3092 1596 1238 93 127 U+6C34 536 557 92 162 U+884C 700 1610 132 176 U+3059 1421 755 87 119 U+306E 197 1643 92 99 U+3092 198 2511 84 116 U+9AA8 1573 2010 123 166 U+304D 1604 666 48 152 U+3046 908 870 47 104 U+53BB 541 1466 78 146 U+306B 371 1172 66 89 U+306E 886 1175 96 106 U+5C0F 1581 562 114 85 U+3060 543 2159 116 103 U+6C17 191 714 109 161 U+6E6F 173 557 118 157 U+845B 543 1961 84 175 U+5341 715 844 73 104 U+53BB 1604 1381 80 133 U+5F15 351 906 100 151 U+8C46 883 557 106 151 U+3066 526 1049 84 99 U+306E 710 1391 92 111 U+307B 888 1836 111 94 U+4E5F 182 1372 125 105 U+5100 700 1794 137 142 U+306B 551 1774 57 84 U+306E 1584 975 98 82 U+6900 179 1492 125 144 U+3059 208 2274 67 117 U+5185 200 1744 89 105 U+53E3 1590 1700 89 51 U+5165 503 1870 141 87 U+3082 1608 2270 62 107 U+3092 535 1331 88 135 U+5207 862 2401 133 90 U+308A 570 2372 46 103 U+6728 1582 1529 119 137 U+9C67 1561 828 124 148 U+306B 1590 2377 110 88 U+308A 1602 1857 71 140 U+8449 1125 884 157 247 U+8449 523 1152 107 177 U+8150 879 713 110 158 U+3059 374 1701 51 113 U+308B 371 1393 53 94 U+6CB9 1405 1042 122 142 U+3084 714 2275 109 72 U+716E 1413 1405 99 169 U+308A 735 1259 58 136 U+5207 1395 555 132 90 U+9577 892 2171 77 117 U+3079 337 2488 121 86 U+901A 180 889 105 145 U+307E 554 2261 62 112 U+3046 738 2348 39 117 U+304F 893 1395 55 119 U+672C 882 2662 111 119 U+84B8 349 1489 110 197 U+304E 368 1816 78 127 U+8178 1571 1079 126 144 U+3073 350 764 112 121 U+3080 523 881 105 99 U+3057 394 2574 23 214 U+3068 216 2154 42 112 U+304F 910 2028 51 127 U+3093 883 1061 140 116 U+308F 385 560 34 106 U+305B 706 1502 101 96 U+306B 354 2262 114 85 U+640D 694 1941 136 138 U+3067 198 1257 62 103 U+91A4 1406 886 111 144 U+6900 507 1627 128 140 U+3059 376 1270 60 126 U+306C 710 2165 120 107 U+308B 206 2389 47 108 U+306B 713 2462 89 80 U+968F 865 1530 121 152 U+306B 729 732 54 91 U+308A 563 2617 52 130 U+3068 743 2672 48 115 U+3084 337 2092 126 59 U+8CDE 202 2630 81 151 U+3088 1615 1767 41 88 U+3064 717 2624 87 84 U+307E 208 1134 39 116 U+3066 1408 1296 95 101 U+3069 908 974 75 94 U+3068 1626 2169 33 100 U+306C 341 1959 123 126 U+9752 900 2487 73 167 U+306F 204 2016 73 60 U+84B8 1130 1184 155 263 U+8584 1587 2483 108 201 U+3046 385 2155 37 110 U+308A 225 2072 44 102 U+3059 553 2482 59 135 U+5206 882 1698 96 130 U+3064 190 1931 95 90 U+3078 353 1111 94 72 U+304F 1625 2671 44 112 U+3055 216 1843 49 73 U+3070 708 1120 117 73 U+304F 914 2281 50 112 U+3059 368 2357 69 126 U+304B 388 1041 29 65 U+3046 1440 655 42 114 U+308B 1442 1570 61 103 U+305C 712 2075 126 87 U+305D 909 1946 66 84 U+7B4B 705 976 121 144 U+3056 738 2540 67 76 U+3055 367 672 51 91 U+308B 214 1040 44 100 U+306B 1450 1189 26 90 U+304B 751 1195 26 64 seg_fp 599 958 18 120 U+8449 698 557 116 168 seg_fp 947 1271 46 33 U+3068 918 1290 34 105 seg_fp 710 968 79 43,100249537_00014_2
U+5347 315 1075 103 177 U+6C41 856 2309 103 186 U+6C41 1120 1133 132 226 U+3092 844 1369 115 121 U+305D 876 2159 67 142 U+306B 331 1232 64 104 U+3092 1566 2425 92 114 U+82E5 847 998 97 188 U+3064 850 1511 113 135 U+3066 336 2158 71 106 U+306E 318 664 90 91 U+3080 324 2278 111 108 U+3092 853 691 97 119 U+3066 1572 2672 73 103 U+82BD 855 1183 81 178 U+3066 852 1928 102 118 U+56E3 574 1088 144 153 U+6F2C 1561 2254 110 172 U+304A 1552 1247 125 83 U+5DDD 1549 535 113 162 U+5165 1537 1924 143 89 U+5DDD 1560 2037 105 145 U+98DB 572 855 150 179 U+3066 1409 966 44 149 U+845B 326 1349 85 178 U+307F 884 1654 49 107 U+4E09 1570 866 81 126 U+7C89 303 769 142 132 U+9C52 1538 699 128 142 U+306B 1563 1123 106 94 U+308D 1570 1348 85 114 U+3078 1564 2202 110 60 U+7CB3 302 519 133 153 U+564C 1384 1586 117 147 U+5473 1380 1423 123 134 U+9EA6 852 514 95 185 U+53D6 853 1765 95 152 U+8494 840 816 126 185 U+5B50 348 2681 77 104 U+56E3 331 2537 106 132 U+5B50 600 1315 93 131 U+9EA6 1110 843 149 260 U+679A 1545 1000 133 135 U+306B 1588 1829 46 83 U+3066 164 2040 88 100 U+3066 169 1069 71 103 U+58F1 316 921 89 159 U+304D 1588 2546 42 113 U+306F 174 2165 80 38 U+3056 195 2364 87 96 U+81FC 143 866 118 102 U+4F5C 1389 1129 107 142 U+3066 1420 1982 65 99 U+3057 1600 1449 23 170 U+306E 168 1755 85 92 U+308A 1422 1273 53 137 U+9162 1387 1753 131 103 U+4E5F 168 1517 97 86 U+308B 201 2460 50 100 U+56DB 316 1553 106 68 U+7BED 1547 1636 124 191 U+98DB 178 2210 108 142 U+4EA4 318 1795 123 165 U+3066 168 701 41 148 U+306B 151 515 86 91 U+3057 1426 769 24 200 U+3086 1409 2229 82 88 U+7528 1416 2112 71 113 U+3057 370 2388 15 140 U+306D 320 2016 108 136 U+306B 1439 1880 26 102 U+81FC 167 1851 101 98 U+307F 880 2045 45 108 U+3055 1410 533 66 98 U+5408 310 1625 124 133 U+3053 351 1946 57 58 U+3089 1428 630 26 135 U+4E5F 163 2565 121 101 U+98DB 156 1398 115 114 U+6417 151 1189 111 117 U+306B 196 1948 25 82 U+306B 186 962 29 100 U+77F3 162 1618 99 137 U+3057 201 603 23 98 U+3070 172 1321 92 52 seg_fp 344 1707 58 86,100249537_00018_1
U+3092 1056 846 89 150 U+92AD 1033 687 131 171 U+306B 189 1316 57 95 U+92AD 1454 1221 175 198 U+3066 181 1024 80 105 U+5185 355 2472 92 113 U+82DE 186 1141 97 162 U+6708 1056 1776 86 157 U+4E7E 164 883 139 135 U+3066 369 2308 49 149 U+3066 1067 2075 50 158 U+3064 341 1509 109 141 U+306B 1058 1472 52 94 U+5165 1020 1581 145 104 U+304E 1232 1101 89 156 U+308B 198 2603 50 99 U+6839 501 524 147 127 U+67CF 753 849 160 152 U+304F 1074 1233 66 239 U+3092 523 1482 107 123 U+304D 363 1628 73 148 U+3061 187 2141 73 135 U+91CD 1040 1097 92 167 U+3082 1243 974 49 126 U+9577 1468 833 140 179 U+53D6 179 1508 91 127 U+80FD 157 531 116 138 U+306A 1223 1261 109 112 U+5165 157 1427 132 97 U+6F2C 1471 1404 150 215 U+716E 531 2133 103 185 U+307B 1223 2404 111 125 U+6F2C 1041 514 118 164 U+3066 345 817 80 106 U+308A 363 1371 58 145 U+3066 530 2021 88 107 U+5165 339 2679 134 81 U+9580 1474 1043 142 156 U+3092 174 1650 110 113 U+304D 1227 823 62 154 U+3092 360 1957 84 139 U+5207 162 2298 116 82 U+91A4 523 1609 106 153 U+904E 1059 1944 85 124 U+84FC 1222 1641 127 202 U+6CB9 520 1780 126 130 U+3081 542 2428 86 85 U+7BB8 330 526 116 180 U+67CF 331 1785 126 154 U+3058 523 880 117 106 U+3059 203 2496 55 114 U+3053 194 1936 62 93 U+5510 1217 1846 116 188 U+3078 374 2610 68 46 U+304D 536 1312 60 170 U+7528 1062 2246 89 129 U+3050 351 1034 96 105 U+3055 554 2513 57 85 U+306B 180 2401 90 92 U+3059 1246 1382 54 119 U+3050 181 2036 91 97 U+3066 1247 2623 50 122 U+3073 1222 1508 139 120 U+306B 1262 2530 33 91 U+8272 1230 518 83 188 U+3093 524 751 122 115 U+307B 184 686 83 108 U+304D 196 1772 44 145 U+3093 778 1149 132 140 U+3057 1230 2248 103 146 U+4E00 1057 1704 92 29 U+306B 523 658 87 92 U+3093 521 986 111 114 U+3061 364 1149 74 130 U+3053 376 938 49 80 U+3075 518 1112 106 80 U+3058 782 1324 116 137 U+306B 811 1036 43 114 U+4E00 1043 1035 106 20 U+3057 575 2303 20 125 U+308A 383 2182 45 124 U+3057 534 2608 97 170 U+306B 373 710 31 102 U+3044 356 2106 88 72 U+3086 1058 2376 85 81 U+3093 782 1470 127 135 U+3088 371 1278 36 91 U+3057 1231 2079 82 152 U+3068 561 1195 39 109 U+306B 561 1914 29 99 U+3088 1248 710 40 103 U+304C 1266 2017 54 61 U+3089 1264 2078 33 94 U+3057 228 778 28 111,100249537_00018_2
U+6912 498 1473 132 173 U+3092 516 2324 97 103 U+3092 511 1905 106 110 U+3066 530 2638 47 143 U+3066 529 722 46 155 U+3092 688 2661 110 116 U+3066 714 2005 49 146 U+9593 1394 1226 103 82 U+5165 669 2368 147 92 U+55B0 1205 1035 123 150 U+3092 1397 2171 86 135 U+3046 717 1481 40 132 U+306B 1577 891 56 99 U+3059 368 664 52 154 U+53D6 332 1667 98 178 U+306E 519 1659 100 92 U+3066 1238 879 44 141 U+306B 1239 664 50 102 U+5165 488 2033 150 87 U+96A0 1387 1761 123 149 U+6298 497 876 143 173 U+306E 1213 1880 95 91 U+3092 1216 1410 94 91 U+982D 934 1076 155 181 U+3092 1401 985 91 98 U+3092 1568 1636 85 105 U+4E8C 702 2179 92 72 U+3066 1418 2481 45 121 U+9B5A 1566 1470 82 158 U+5165 1185 792 134 87 U+8AAC 1548 742 121 130 U+307F 1221 1508 77 133 U+7BB8 505 2138 112 162 U+6355 1554 1753 124 151 U+4E0D 163 1361 106 142 U+3066 355 1495 45 153 U+597D 160 1532 120 106 U+662F 1226 1267 88 145 U+4E91 1227 2583 75 121 U+7C89 502 1766 131 119 U+80E1 496 1320 136 134 U+6D77 1556 998 124 126 U+3066 1567 1360 76 99 U+6696 680 1621 125 158 U+308A 363 2029 46 146 U+9593 1392 1333 117 112 U+7D4C 1385 2312 114 156 U+9945 320 843 128 162 U+306B 534 1188 52 96 U+3084 171 1231 95 110 U+3054 1229 1760 91 98 U+3082 198 1855 39 135 U+6900 163 2224 108 151 U+306B 722 1023 46 94 U+5176 1386 667 104 141 U+304A 171 1760 104 86 U+306B 1586 2317 46 82 U+4E2D 1559 1134 96 124 U+3062 705 1366 92 117 U+306B 332 2412 100 104 U+5F62 504 1047 122 132 U+9B93 1200 1971 122 155 U+306E 337 2186 98 93 U+9945 916 840 191 206 U+982D 332 1015 118 134 U+83D3 693 540 86 184 U+5B50 692 734 89 121 U+3064 713 2286 60 69 U+9B5A 1395 820 96 153 U+70B9 933 1284 157 177 U+7A74 1394 2634 109 149 U+98FD 1554 2415 115 140 U+307E 715 1125 52 123 U+3072 347 1830 84 104 U+308A 370 2645 39 115 U+3093 687 1249 121 95 U+3092 174 2659 85 110 U+51FA 338 541 120 116 U+3068 196 1646 37 95 U+3055 1223 1648 66 114 U+9B5A 1561 2151 91 162 U+65E5 1410 2076 60 90 U+6900 679 869 122 148 U+63E1 312 2512 142 129 U+3057 549 546 24 170 U+306B 1395 1657 99 83 U+306A 1399 1447 83 98 U+306F 178 1986 59 115 U+3057 1436 1904 19 149 U+305F 189 2566 59 92 U+55B0 1556 1911 94 157 U+3075 1547 2064 120 80 U+77F3 1392 1102 95 112 U+306B 700 1781 89 87 U+306F 361 1153 47 110 U+304F 182 549 73 113 U+3075 1200 1184 116 88 U+309E 195 2099 65 94 U+3075 177 2480 84 81 U+306B 338 1390 85 101 U+304D 1585 2653 43 119 U+3075 698 2460 97 91 U+4E5F 184 778 84 129 U+3064 509 2535 91 78 U+3068 1267 2117 32 101 U+4E00 1582 670 83 15 U+5FC3 940 1511 160 93 U+3060 361 1937 81 94 U+3057 374 1262 34 127 U+3068 1598 2552 31 91 U+305F 705 2565 62 91 U+306B 202 2379 52 100 U+3046 538 2448 39 89 U+624B 345 2242 53 163 U+4ED8 1228 2365 74 123 U+3069 1425 1536 72 104 U+540D 1197 2207 98 168 U+306B 1589 1257 25 102 U+6700 171 983 88 127 U+306F 197 1112 37 110 U+3075 182 661 80 119 U+3057 747 1872 33 131 seg_fp 188 924 59 71 U+3068 1253 2469 33 111,100249537_00023_2
U+65E9 262 1334 105 183 U+30A6 1207 2180 60 119 U+308C 1185 1045 104 172 U+540C 1535 2065 85 112 U+927E 533 1108 163 233 U+8150 548 1528 126 197 U+677E 240 850 154 139 U+30F2 894 2310 76 108 U+30A6 297 2180 57 123 U+9B93 239 1540 159 184 U+540C 1191 2064 88 106 U+540C 286 2064 84 102 U+5438 1156 1427 158 151 U+8338 266 1036 119 259 U+9B93 1511 1421 162 192 U+540C 588 2062 83 106 U+82E5 1526 849 112 206 U+8C46 567 1339 101 169 U+96A0 1171 860 147 186 U+72ED 1511 1071 167 168 seg_fp 1508 1238 158 165 U+91CC 1173 1232 111 146 U+30E1 866 2238 85 69 U+83DC 875 849 120 249 U+516D 875 2067 113 81 U+7269 1153 1598 151 136 U+4E01 890 2157 83 83 U+84B2 560 853 152 239 U+76DB 866 1115 124 213,100249537_00030_1
U+7D2B 600 882 157 196 U+8607 601 1116 165 209 U+8001 901 1084 166 193 U+5341 1535 2067 70 86 U+849C 1185 878 161 207 U+6C41 1198 1140 137 237 U+9905 292 1572 160 247 U+6D77 912 870 165 185 U+30A6 963 2183 74 150 U+7CBE 1482 869 151 182 U+540C 664 2074 82 119 U+9032 1491 1073 161 175 U+30F2 1537 2401 59 108 U+4E39 1462 1488 188 144 U+91CE 291 1242 159 208 U+540C 964 2073 83 102 U+4E09 1531 2153 73 78 U+4E01 1527 2243 78 84 U+30E1 1517 2334 69 61 U+8FD1 300 892 138 168 U+4E01 361 2218 78 75 U+540C 1224 2081 86 105 U+30F2 371 2382 63 97 U+548C 918 1299 154 163 U+30E1 356 2308 71 59 U+84B8 624 1325 129 235 U+7530 311 1462 123 95 U+6C5F 303 1084 134 129 U+96F2 1500 1251 133 214 U+5341 360 2082 72 72 U+56DB 343 2158 105 46,100249537_00032_2
U+306E 896 1111 88 113 U+5F8C 712 1317 115 156 U+713C 1301 1058 179 210 U+934B 1054 1075 136 166 U+3066 1616 649 48 149 U+306B 1082 1231 60 108 U+3092 1077 1506 82 143 U+9752 1584 807 107 181 U+884C 699 679 119 180 U+304D 1074 1763 62 173 U+307A 433 1358 135 178 U+306B 735 1657 64 99 U+53F3 886 963 101 139 U+307F 722 2189 100 135 U+306E 1070 712 95 98 U+6E6F 451 815 140 217 U+58F1 1044 2265 107 146 U+51FA 191 1837 112 86 U+308D 205 796 90 119 U+304D 910 1675 57 157 U+8475 714 1996 124 193 U+304D 1084 915 52 161 U+63DA 1302 822 180 185 U+3042 885 2450 96 114 U+61F8 706 2457 133 138 U+5165 676 1770 156 95 U+9C67 183 516 130 159 U+3072 1064 1646 100 119 U+8150 1045 2092 116 171 U+304A 191 695 124 80 U+6CB9 1058 1357 119 134 U+308A 209 2636 50 115 U+308B 1600 1437 60 112 U+3066 899 2315 41 120 U+5C71 715 1856 106 122 U+3066 710 1202 88 109 U+3066 185 2193 85 93 U+4E94 1050 2558 110 88 U+5869 177 1086 133 149 U+3059 1611 1303 58 133 U+3084 1052 821 128 83 U+5165 170 1243 148 107 U+3044 448 1554 126 96 U+304F 220 1396 46 109 U+3059 207 2522 58 108 U+88CF 860 1845 141 183 U+4E01 1064 2420 64 132 U+80FD 705 522 128 150 U+3066 901 818 42 136 U+3093 440 1180 150 155 U+3066 891 1477 87 104 U+9EA9 1045 518 154 195 U+8C46 1064 1945 108 143 U+3064 1072 2672 59 82 U+308F 708 884 102 96 U+306B 1622 1200 44 101 U+5668 706 1496 117 158 U+647A 171 1515 138 135 U+3089 906 2653 43 108 U+306F 474 1047 53 132 U+3084 890 1590 107 80 U+3057 232 897 23 182 U+9C39 179 1669 137 160 U+5EF6 173 2298 129 113 U+934B 883 1229 120 144 U+305D 735 2321 68 137 U+5207 862 515 141 125 U+5207 1569 531 140 116 U+3042 1595 1003 90 108 U+308A 738 1073 52 135 U+3076 875 2561 129 93 U+305F 737 980 52 93 U+3057 241 1939 25 140 U+306B 212 2084 34 102 U+3078 1585 1122 128 100 U+3088 230 1326 37 78 U+308B 213 2413 48 100 U+306B 916 1364 35 104 U+3057 932 2168 27 143 U+3078 876 2113 121 66 U+306B 900 637 85 82 U+304C 925 2035 66 68 U+3057 947 712 29 117,100249537_00034_2
U+3082 1229 1501 55 106 U+5C4B 768 1079 150 161 U+8336 767 823 123 225 U+716E 1474 1512 133 218 U+3092 339 1574 90 100 U+3082 1227 1022 54 112 U+3092 339 794 94 119 U+8FD1 1482 826 142 171 U+5341 519 848 71 116 U+9BF0 1204 1133 131 155 U+8150 327 1078 107 169 U+8C46 774 1281 127 168 U+8336 340 2250 90 159 U+8336 509 1176 106 162 U+5E03 331 1255 105 201 U+3092 169 1321 99 108 U+3066 189 1533 44 141 U+53BB 350 1683 76 141 U+6C5F 1214 519 116 126 U+308D 1464 1332 146 183 U+58F1 505 1353 87 155 U+8150 759 1454 138 200 U+716E 174 1825 95 186 U+306E 515 1651 97 85 U+9BAD 1206 661 126 147 U+7A4D 501 1754 112 168 U+5165 158 1440 111 92 U+9C57 1199 1617 127 210 U+3086 1034 892 100 113 U+6C5F 1488 1028 130 154 U+306B 507 1079 100 82 U+7B52 1209 2213 93 160 U+8336 182 2005 77 168 U+3092 182 2635 80 114 U+304D 358 635 51 146 U+305F 190 529 72 148 U+304D 185 866 55 152 U+3066 1221 1399 84 96 U+716E 1032 1246 104 178 U+8336 514 2243 97 166 U+3066 1035 1129 79 107 U+304D 1227 2063 54 143 U+306B 177 2326 99 86 U+3066 1227 919 69 97 U+65A4 515 1511 83 137 U+306A 181 2431 66 95 U+76EE 338 1453 89 111 U+3075 152 1212 113 99 U+5207 1186 2390 130 100 U+3066 1225 2647 42 116 U+8272 186 2175 70 133 U+3092 1228 1807 82 145 U+3053 1505 1201 86 126 U+3046 541 639 33 103 U+3075 499 744 115 93 U+3088 373 522 39 106 U+80FD 173 1685 101 130 U+4E01 508 978 96 100 U+308B 197 2521 42 90 U+3044 331 1976 103 40 U+3046 1041 746 49 151 U+305B 512 1925 89 81 U+3046 197 1107 33 105 U+7ACB 356 2598 79 139 U+3055 356 1840 57 113 U+82B1 511 2424 97 171 U+3057 1039 522 88 119 U+306B 1209 2490 90 77 U+3068 181 1028 62 75 U+5207 334 2145 113 90 U+9999 509 2596 82 159 U+306B 361 2035 44 100 U+306B 1064 1022 26 99 U+308B 1059 1418 51 109 seg_fp 1878 504 33 72 U+3075 1209 1955 93 105 U+3084 1037 649 96 90 U+308B 200 677 41 84 U+3078 336 2524 102 77 U+306B 1248 1300 25 92 seg_fp 1873 674 38 126 U+306B 1251 814 26 98 U+3068 206 760 29 100 U+3093 513 2009 111 99 U+8C46 352 924 70 153 U+3068 534 533 73 69 seg_fp 1859 575 52 103 U+306B 365 2426 34 86 U+3057 1259 2560 28 108 U+3058 551 2062 69 168 seg_fp 547 601 37 39 seg_fp 1877 824 34 81,100249537_00035_2
U+845B 507 526 88 191 U+306E 1037 526 87 97 U+306E 513 2039 93 105 U+308C 781 1029 98 169 U+3092 1422 2064 80 130 U+306B 341 534 55 102 U+96A0 758 830 159 174 U+3058 1259 1343 52 180 U+5408 1404 1640 125 158 U+62BC 1394 1916 124 156 U+3092 1566 2071 96 112 U+8D64 311 660 115 162 U+82B9 1247 2381 76 177 U+3082 1590 1210 45 122 U+985E 1024 628 118 158 U+6368 1200 884 133 161 U+5305 335 1621 96 144 U+76AE 1569 1749 107 136 U+3092 1228 732 88 152 U+5F62 493 2151 132 144 U+306E 176 2047 90 89 U+306B 1571 531 96 84 U+5165 1400 1817 117 82 U+564C 313 976 112 142 U+306B 1421 531 58 96 U+3092 494 716 114 120 U+982D 503 1901 114 142 U+3092 325 1114 102 120 U+6C34 1576 1332 73 162 U+5473 306 844 125 121 U+5927 1236 2099 108 131 U+9945 493 1738 132 161 U+5F8C 328 2276 117 148 U+91CC 769 1237 119 155 U+6E6F 502 838 116 160 U+4E94 1558 901 112 95 U+6F2C 1565 1588 104 169 U+80FD 1567 2183 101 126 U+3066 1059 1232 50 153 U+304D 172 750 53 136 U+3066 1240 1049 41 132 U+306B 1409 1264 94 86 U+3064 1035 799 101 141 U+5341 1415 989 72 104 U+3066 510 1095 84 100 U+7CC0 1401 1364 113 137 U+4E09 1423 1515 77 106 U+53BB 1587 2654 69 119 U+5438 748 1416 155 126 U+304B 1219 1185 105 80 U+672C 1401 1098 108 152 U+5438 147 1217 127 135 U+65E5 1593 1127 51 74 U+3042 1583 2315 78 98 U+4E94 1396 891 115 97 U+9945 158 1743 118 150 U+982D 164 1903 105 139 U+3066 506 2486 83 99 U+6839 1216 2236 142 139 U+7269 753 1566 146 130 U+306D 491 1597 140 135 U+3066 340 1473 48 148 U+516D 1567 1019 108 85 U+3072 1564 2512 101 109 U+9940 484 2620 148 163 U+6E6F 152 898 116 146 U+306B 1221 1744 111 88 U+3059 352 1237 64 122 U+3051 1046 938 81 141 U+3066 350 2116 43 155 U+3068 1264 1534 33 102 U+9AA8 1569 1889 96 163 U+3092 179 2288 78 123 U+3070 169 2658 114 133 U+3057 1070 1501 36 215 U+7269 149 1361 119 104 U+306B 1571 1500 88 80 U+308B 1439 2382 47 86 U+3059 180 1583 51 143 U+6E6F 333 1776 106 135 U+7528 1249 1965 75 117 U+306B 513 2303 88 90 U+4E09 1254 2537 68 96 U+3057 1406 643 86 115 U+304F 527 1364 41 122 U+5165 131 1127 139 76 U+3057 1571 643 88 115 U+3042 153 538 96 104 U+4E0A 1238 530 70 106 U+5D29 166 2434 103 144 U+3093 1404 764 115 113 U+308A 357 1360 41 118 U+3082 1255 1633 43 106 U+305B 189 2587 52 66 U+5207 1218 1853 127 109 U+304B 541 1202 38 75 U+306B 192 1466 31 112 U+3093 1565 763 103 122 U+3046 1267 1261 34 106 U+306B 340 1921 83 83 U+3051 1421 2276 93 111 U+3078 181 1063 63 46 U+308B 1244 636 52 98 U+5F62 159 2153 131 127 U+6268 1402 2491 126 130 U+8FBC 1031 1095 110 125 U+3053 529 1498 48 84 U+305F 524 1275 54 94 U+6C34 1430 2634 73 139 U+3064 150 653 92 95 U+3088 1069 1401 40 99 U+304B 1441 2205 31 65 U+968F 359 2463 78 135 U+8449 1248 2651 91 146 U+306B 536 1000 28 88 U+5206 346 2675 91 102 U+3089 1594 2414 35 97 U+3057 388 2000 30 132 U+3057 560 2386 28 128 seg_fp 346 2596 89 105,100249537_00038_1
U+5E72 375 1238 93 151 U+3050 397 2185 78 117 U+5E72 731 1391 88 156 U+5E72 1600 681 90 149 U+5E03 1263 1108 100 165 U+5BFA 956 1206 136 199 U+3092 1606 1275 80 149 U+3066 538 950 58 156 U+7802 533 2430 124 139 U+305A 733 2069 90 132 U+306B 560 1925 61 87 U+9752 1244 520 119 192 U+306E 544 1704 97 117 U+6728 1585 1805 95 127 U+3066 389 1089 42 135 U+53C8 373 2403 110 112 U+738B 974 1041 129 141 U+3086 1427 2237 99 137 U+5165 1562 1708 136 98 U+3070 225 1745 96 61 U+4EC1 1577 1161 114 110 U+6CB9 718 719 136 127 U+91A4 719 522 131 180 U+3092 532 1428 107 109 U+308B 400 1640 54 101 U+716E 190 1055 103 196 U+3059 1609 1435 64 124 U+8584 1424 1723 109 189 U+9326 958 1414 154 229 U+3053 569 1822 52 84 U+6E6F 187 892 121 168 U+604B 1583 1949 110 145 U+308B 403 717 52 96 U+5B50 1598 2112 78 108 U+3046 1465 530 33 114 U+5805 213 1845 102 139 U+3059 220 1483 57 130 U+3066 1425 1205 82 109 U+5165 1229 1309 146 93 U+3057 252 1999 21 179 U+5176 700 2213 139 152 U+8863 1419 1319 120 157 U+4E38 1585 2520 113 118 U+6C34 387 2506 75 151 U+3066 1428 2663 88 101 U+7CD6 531 2599 121 153 U+3046 1457 2106 32 103 U+4ED5 1420 2404 111 134 U+306F 402 1917 66 33 U+6D1E 964 1643 150 174 U+308A 1615 1561 46 140 U+3057 757 1213 22 163 U+307B 1591 2235 91 81 U+5165 704 2571 124 79 U+308C 194 1620 122 121 U+304F 551 1316 62 117 U+5929 976 816 126 209 U+8C46 548 1550 84 143 U+304B 411 2317 44 76 U+5176 196 2353 121 155 U+4E7E 367 1404 140 157 U+548C 517 1109 137 139 U+60E3 370 830 106 138 U+305F 746 1034 61 110 U+304B 215 807 38 68 U+8089 1600 854 91 132 U+306B 404 2654 54 99 U+6885 1581 527 145 135 U+306E 1430 888 93 82 U+3057 578 2233 18 175 U+305F 401 1542 54 100 U+306B 728 859 106 99 U+3059 410 1974 59 122 U+3051 1432 1581 85 131 U+3051 379 602 101 123 U+6F2C 181 511 109 172 U+307E 559 2025 56 121 U+3042 730 1743 93 94 U+3076 525 2147 116 90 U+3069 225 1365 72 101 U+306B 1451 1097 34 103 U+3057 572 789 21 156 U+306F 737 1945 52 119 U+3057 1434 1903 87 119 U+306A 206 1261 83 101 U+307E 748 2367 50 116 U+307E 241 2534 49 112 U+6885 1567 1003 136 136 U+306B 1589 2415 102 92 U+856A 714 1568 130 157 U+3093 1427 745 106 116 U+3069 1461 643 65 97 U+3053 1451 984 50 94 U+304B 395 518 39 79 U+305F 1452 2537 51 104 U+523B 1246 744 121 181 U+308B 745 2646 53 102 U+308B 218 691 49 101 U+3084 1424 2030 110 71 U+66AB 517 522 133 157 U+53EA 218 2208 97 118 U+3081 1607 2646 73 124 U+3078 719 964 103 91 U+304B 1454 1492 37 83 U+3089 596 1242 28 113 U+6606 1257 945 110 148 U+309D 250 2643 33 106 U+54C1 378 1765 104 113 U+304F 561 681 46 109 U+309D 761 2480 33 69 U+309D 763 1141 27 64 U+309D 423 2100 25 65 U+3089 767 1834 32 111 seg_fp 433 966 36 131 seg_fp 1625 2299 32 106 seg_fp 1616 2636 26 49,100249537_00041_1
U+306B 205 1773 71 106 U+306E 1102 2684 88 113 U+3046 1124 2339 38 128 U+306B 1618 2070 67 97 U+304F 1610 1702 64 112 U+828B 1063 749 90 187 U+3066 704 727 55 166 U+3092 889 700 72 120 U+6587 1307 1012 156 189 U+5857 871 837 139 183 U+6C41 191 1189 107 155 U+716E 196 983 94 176 U+5272 1075 1915 118 227 U+3066 215 2151 82 96 U+306E 1600 1828 98 96 U+85C1 904 1685 79 215 U+98DF 424 1323 153 227 U+5869 203 1893 103 142 U+8272 413 1100 149 196 U+304D 729 1318 58 165 U+5869 888 2477 126 141 U+305F 224 2254 54 118 U+3061 743 1710 72 140 U+306E 189 887 96 92 U+5165 882 1579 127 112 U+304F 224 2370 54 122 U+3066 908 2003 74 107 U+3092 702 1068 102 114 U+3066 199 1431 80 107 U+3042 896 1044 91 134 U+3081 907 1283 76 146 U+4E8C 1079 1607 125 77 U+3092 904 1447 84 133 U+76AE 693 917 116 136 U+3093 1089 2555 117 114 U+5B57 1324 1253 110 242 U+6F2C 1586 956 106 145 U+306F 1596 1266 87 52 U+3042 1072 948 87 100 U+85E4 410 859 158 215 U+308A 923 2315 70 144 U+7AEA 1069 1290 103 186 U+5207 711 1878 122 90 U+3053 744 1500 55 86 U+5185 1597 1936 99 124 U+3078 1116 2300 76 34 U+716E 912 2621 98 158 U+306B 1100 1802 66 100 U+3057 724 533 26 187 U+3057 211 2492 87 113 U+5165 199 2039 139 110 U+3084 1608 2195 102 71 U+3057 1593 1331 97 116 U+306B 1093 1483 58 101 U+808C 1078 2157 138 114 U+306B 224 1313 30 108 U+4E00 1310 855 134 34 U+4E5F 1597 2535 117 114 U+3072 1069 1160 107 105 U+8C46 195 719 83 168 U+308C 1601 1100 68 145 U+307F 234 2685 38 103 U+3080 711 1188 101 125 U+3050 732 1603 88 95 U+3050 1623 2448 64 91 U+306F 1609 2271 86 69 U+304F 912 2113 86 116 U+3089 1634 1564 29 134 U+3081 201 1546 85 77 U+3070 1627 1450 66 112 U+9577 1054 547 110 178 U+6E6F 1579 728 116 150 U+3089 1650 2338 33 115 U+7C89 857 545 100 128 U+3069 1119 2463 85 94 U+3057 244 1623 36 137 seg_fp 1894 814 39 67 U+3064 1102 1727 67 63 U+309E 258 2610 59 68 U+306B 930 1904 27 92 U+3089 931 1180 28 112 U+716E 1569 552 119 169 U+3078 1592 881 104 81 U+9ED2 187 554 98 159 U+3089 1092 1049 42 115 seg_fp 1896 701 44 98 seg_fp 1850 521 92 162 seg_fp 1337 616 70 50 U+309D 948 2229 39 82 seg_fp 1872 916 70 159 seg_fp 1880 912 62 45,100249537_00041_2
U+828B 1512 1266 120 280 U+306E 1245 651 97 117 U+304F 1294 2316 47 124 U+3082 1261 863 47 126 U+9752 357 2150 113 186 U+304D 1282 2002 60 168 U+8272 1066 855 79 157 U+3044 1243 789 112 54 U+9EC4 372 1816 99 187 U+9752 1059 1513 108 183 U+8D64 1069 1966 122 150 U+3066 1056 742 79 104 U+7D05 1070 2202 119 141 U+5165 339 1726 152 106 U+304E 381 1567 96 151 U+76EE 1279 2641 90 118 U+5E73 1268 2445 110 168 U+3066 1281 1459 46 160 U+306A 362 1465 105 100 U+5BF8 209 1620 76 124 U+304F 370 1076 55 126 U+4E38 1266 2185 125 129 U+306B 235 2662 54 110 U+5E7E 1500 834 126 211 U+5C71 1243 517 114 115 U+767D 373 2011 95 133 U+5869 1242 999 125 132 U+4E8C 195 1077 89 72 U+4E16 1470 1096 172 102 U+308A 1090 1802 65 152 U+6417 1243 1610 143 164 U+7C89 871 1046 121 124 U+647A 334 1227 133 132 U+5BF8 197 1173 91 123 U+306F 1069 1046 82 37 U+304F 1280 1771 76 113 U+5B50 1083 1380 76 117 U+4E09 387 2357 87 129 U+306B 891 645 58 113 U+7528 887 1549 92 143 U+306F 1085 2145 75 36 U+6894 1048 1232 140 132 U+3066 202 705 47 158 U+306E 204 2041 95 112 U+66F2 607 825 128 135 U+3057 1114 2553 27 203 U+5C71 1076 1097 89 107 U+7269 321 787 142 114 U+305F 227 2533 60 102 U+3059 373 527 55 130 U+308A 223 1900 51 125 U+3070 202 1750 99 63 U+3060 1283 1883 90 114 U+927E 588 1328 171 257 U+308A 914 1402 46 129 U+306B 397 2665 69 101 U+3092 881 1194 94 109 U+308A 375 666 44 125 U+3064 356 1377 87 88 U+3086 882 1688 90 101 U+3089 908 883 35 143 U+3057 225 533 25 167 U+3044 878 797 85 83 U+9577 197 1328 101 156 U+716E 1245 1133 132 195 U+306B 1055 517 90 82 U+84B2 609 1032 146 260 U+3044 220 2441 77 94 U+3069 1112 1698 60 101 U+305F 372 989 58 90 U+6749 196 2163 117 137 U+8272 402 2497 62 164 U+308D 1079 2441 97 117 U+4E94 191 1507 119 90 U+3088 1112 2341 34 92 U+5E45 168 892 124 139 U+306E 210 2334 96 92 U+3075 883 1307 91 89 U+304B 227 1820 33 80 U+3057 1312 1321 22 133 U+304B 379 902 46 79 U+4E0A 879 509 88 128 U+3057 1109 599 25 126,100249537_00043_1
U+6C41 1601 2334 114 168 U+3092 217 1755 110 107 U+59DC 1604 1102 126 159 U+306E 898 2665 91 97 U+6D77 1175 830 157 164 U+3092 1614 1278 102 105 U+3055 912 1956 65 134 U+3092 913 1807 91 135 U+8001 1170 1034 160 200 U+5165 1590 1395 139 81 U+3067 1623 1581 98 131 U+3066 906 2233 78 125 U+8001 917 2521 65 113 U+3055 1630 1727 64 111 U+308B 737 1192 101 134 U+8607 449 1083 157 231 U+751F 1628 952 72 128 U+55C5 1443 527 117 159 U+3072 213 1615 103 124 U+8EAB 880 1401 115 157 U+304D 1624 2165 49 149 U+6D77 893 2376 127 146 U+4F55 210 543 145 157 U+3092 1608 2047 104 110 U+3057 1479 1005 30 260 U+306E 221 1386 89 91 U+548C 1159 1277 157 165 U+6C17 1458 692 119 182 U+3055 240 2432 49 81 U+3073 907 964 122 120 U+3066 730 805 83 118 U+304D 920 2093 73 123 U+4E5F 224 2175 95 82 U+7D2B 452 833 153 208 U+308A 932 1695 44 113 U+84B8 467 1339 126 244 U+3082 243 871 35 110 U+4F0A 900 519 120 130 U+3086 1617 1504 99 84 U+3091 909 822 96 131 U+306F 1613 1853 83 58 U+3067 926 1190 92 109 U+3086 912 1095 101 101 U+306A 1455 883 98 102 U+304F 1639 839 45 97 U+307E 243 2518 43 116 U+51FA 225 2266 94 93 U+306B 1634 2463 31 95 U+5B50 754 527 71 131 U+52E2 904 655 134 155 U+3070 912 1564 100 60 U+308B 243 2063 49 105 U+3081 233 1973 77 94 U+3066 230 766 61 96 U+3057 1655 1907 31 141 U+5302 223 1495 81 107 U+3068 237 1879 64 82 U+306B 1632 521 85 98 U+306B 1647 747 36 93 U+309D 944 1296 39 95 U+3042 726 952 102 119 seg_fp 760 665 29 130 U+3057 286 2350 28 114 U+3093 1635 627 94 95 U+3078 723 1091 121 91 U+306B 255 668 29 99 U+7D2B 218 997 100 187 U+8607 207 1189 116 192 U+7528 1612 2561 69 117 U+304B 938 1633 30 67 U+3086 1609 2663 79 96 U+306B 227 2652 97 93,100249537_00046_1
U+9752 858 508 121 193 U+306E 882 2466 99 103 U+8C46 877 726 107 149 U+8584 191 1816 108 186 U+3092 1592 1422 79 134 U+6C41 1582 1285 103 154 U+306F 1603 2153 76 51 U+9905 880 2593 116 180 U+3057 916 1869 28 189 U+306E 1588 789 94 94 U+3059 1608 1753 57 123 U+8FD1 1129 807 140 173 U+305D 1609 654 54 126 U+677E 404 1084 160 143 U+843D 1579 1575 106 178 U+3059 719 897 64 150 U+3066 892 1244 57 153 U+6C88 1412 1038 128 141 U+716E 885 1040 96 198 U+3066 1599 2583 53 170 U+3059 905 1414 64 126 U+3066 890 2328 84 129 U+91CE 1118 1189 160 212 U+6C5F 1132 1020 133 123 U+6F70 876 1719 106 138 U+306B 702 518 93 92 U+3072 1583 2017 108 113 U+4E0B 1434 772 72 124 U+308A 897 1544 70 154 U+6417 864 2060 136 171 U+308A 1608 2449 62 131 U+714E 418 819 139 215 U+9905 1111 1561 174 259 U+3057 1587 511 92 135 U+80FD 872 892 124 142 U+8EF8 174 1107 136 132 U+3078 1413 935 112 64 U+5207 186 2130 133 89 U+8338 434 1268 133 285 U+307B 195 1478 94 114 U+7530 1137 1417 126 113 U+677E 174 520 126 140 U+306A 1430 1201 65 107 U+307E 717 645 49 129 U+5302 1607 1889 71 122 U+308A 1443 1315 35 126 U+308A 1617 1128 40 128 U+7B20 186 914 98 161 U+306F 1436 697 69 37 U+3057 1579 892 95 113 U+3076 679 787 134 107 U+307E 1619 2335 39 105 U+5BD2 209 2232 75 144 U+307C 1601 1022 92 106 U+306B 233 2545 40 84 U+8338 181 689 114 210 U+306B 193 1697 110 111 U+305F 910 2231 51 92 U+3069 227 1574 68 115 U+3068 1615 2226 67 102 U+3088 224 1245 28 98 U+304D 208 1342 51 125 U+5165 213 2658 108 95 U+304F 226 1997 43 93 U+934B 195 2389 124 145 U+8272 1414 471 107 196,100249537_00046_2
U+5206 526 1772 107 135 U+3066 1224 1937 53 140 U+304F 1238 1266 51 132 U+304B 1202 1191 106 71 U+3092 1553 1631 93 115 U+8A08 537 1905 75 139 U+89E3 1541 1750 123 183 U+3066 1055 757 45 141 U+304F 1574 2482 67 100 U+304F 1573 1234 42 114 U+5165 1356 1518 153 93 U+5C11 1406 1050 96 122 U+4E8C 177 1835 112 83 U+3092 1557 675 78 128 U+306E 1387 715 102 89 U+53E3 537 2167 70 63 U+4E94 511 1685 121 105 U+3084 1540 1140 118 77 U+304D 537 1548 78 135 U+6C41 772 1103 133 212 U+6728 514 2042 113 115 U+5473 162 1098 142 134 U+3066 1414 2175 41 125 U+5207 510 2251 127 84 U+96C6 170 1264 138 197 U+308A 1233 2319 62 138 U+304F 1230 1658 67 130 U+3064 1199 533 102 124 U+3067 1235 1021 65 151 U+3057 1433 1182 24 145 U+9C63 738 851 185 189 U+5B50 1562 1506 82 116 U+6CB9 1220 2657 115 124 U+306E 1213 1415 102 95 U+713C 1380 2315 131 152 U+305D 550 2441 62 115 U+308B 1230 773 51 91 U+3078 1395 978 108 63 U+5DFB 175 1482 147 180 U+73CD 171 939 134 129 U+3092 1563 2359 99 98 U+306C 513 1461 114 89 U+307E 1237 655 58 119 U+8179 1373 825 124 131 U+3080 1214 2089 106 106 U+4E94 502 820 110 97 U+7389 1544 1360 118 121 U+6599 161 549 140 189 U+91A4 1208 2462 108 174 U+306D 493 535 121 128 U+5206 521 911 93 122 U+3046 1593 2103 30 98 U+307E 1207 888 105 124 U+307F 551 2342 49 91 U+3059 1059 1053 66 154 U+706B 1552 538 96 129 U+305F 1408 1671 60 95 U+307E 1406 1777 61 110 U+304A 1532 814 120 85 U+308B 1414 1884 49 90 U+5207 498 1036 122 90 U+5165 1371 2074 132 94 U+7406 175 783 132 129 U+7D42 167 1932 133 179 U+3065 1391 1345 112 93 U+51FA 1034 927 110 116 U+3057 1568 1920 82 95 U+9C63 495 1127 133 145 U+3086 1561 2230 98 131 U+308B 540 2648 52 97 U+3057 1253 1782 26 154 U+3051 1034 625 100 135 U+3078 1560 2690 109 74 U+304B 1428 1607 39 71 U+9AA8 509 1282 102 171 U+676F 1398 2587 97 182 U+3068 1412 1972 44 94 U+3084 1564 2026 98 75 U+3076 497 667 118 82 U+4E00 1389 2514 92 15 U+306F 1579 2626 62 60 U+304B 546 749 36 60 U+304B 1055 531 34 86 U+3057 516 2541 91 107 U+4E4B 176 1674 133 143 U+3057 1277 2178 26 121 U+3057 1594 993 20 131 U+3054 1241 1501 79 51 U+9B5A 1357 476 126 231 U+3053 1575 911 45 75 U+3068 1249 1554 42 108 U+309D 1425 1437 32 59,100249537_00047_2
U+9752 233 816 144 210 U+5869 837 820 161 163 U+98DF 547 1293 148 197 U+713C 847 1264 155 197 U+5473 1530 1090 137 146 U+6599 1515 520 155 199 U+8C46 266 1206 109 159 U+7406 1520 724 152 153 U+5BB6 553 1057 146 215 U+73CD 1523 900 148 165 U+30A6 571 2124 72 138 U+91DC 842 1022 168 209 U+76EE 1179 1093 105 149 U+6D77 245 1036 155 159 U+540C 280 2023 89 100 U+8150 252 1374 125 181 U+5B9A 546 816 154 211 U+540C 572 2011 76 103 U+9332 1147 1293 186 190 U+96C6 1534 1256 128 221 U+4E09 1553 1853 115 142 U+4E01 884 2060 80 91 U+30F2 867 2221 82 108 U+30E1 881 2149 62 71 U+4E00 865 2007 106 33 U+5DFB 1541 1481 124 192 U+4E4B 1536 1701 139 152,100249537_00050_2
U+5E72 247 810 111 209 U+6E6F 553 1043 143 199 U+30A6 891 2169 68 123 U+5B50 884 1063 94 154 U+8150 549 1477 137 205 U+540C 1185 2065 78 109 U+4E01 1515 2171 80 84 U+51B7 554 840 166 176 U+540C 888 2064 83 103 U+30F2 580 2310 74 128 U+30F2 1498 2335 87 104 U+540C 256 2057 92 105 U+548C 1492 1256 145 172 U+9C60 1154 1094 191 187 U+30E1 1504 2256 73 83 U+8C46 563 1266 120 180 U+4E01 582 2159 89 84 U+4E94 1498 2077 114 67 U+9BB9 1168 846 152 174 U+8304 874 847 131 183 U+3089 897 1656 48 161 U+3066 889 1245 89 102 U+58EB 1490 1123 145 87 U+3093 877 1346 136 147 U+9BAD 223 1068 161 196 U+3077 861 1525 149 124 U+9B93 228 1307 155 188 U+516D 578 2056 103 89 U+30E1 571 2244 70 76 U+5BCC 1511 837 122 226,100249537_00052_1
U+30A6 294 2155 72 130 U+5341 896 2033 75 89 U+67FF 1447 1277 155 226 U+4F0A 250 858 153 160 U+540C 293 2052 80 96 U+76EE 558 858 109 141 U+540C 1217 2028 82 91 U+30A6 1510 2130 78 137 U+30F2 883 2287 74 112 U+540C 580 2052 80 100 U+8C46 272 1238 105 152 U+8150 254 1408 132 187 U+52E2 244 1034 170 181 U+677E 847 1077 162 149 U+8338 865 1255 127 295 U+7C9F 872 841 125 178 U+540C 1510 2028 81 93 U+4E01 884 2129 93 85 U+308A 577 1186 54 145 U+9905 536 1347 153 261 U+637B 1141 862 178 176 U+304F 562 1044 83 131 U+30E1 883 2221 76 66 U+9BDB 1141 1084 165 162 U+6E90 1463 855 145 180 U+6C0F 1468 1080 142 166,100249537_00053_2
U+725B 1147 1063 109 192 U+30A6 863 2156 69 101 U+56FD 528 1080 147 163 U+5341 273 2032 73 75 U+98DF 1443 1124 139 206 U+623F 1132 1286 128 212 U+540C 546 2044 89 96 U+7570 504 861 154 189 U+540C 854 2050 76 98 U+4E01 1477 2180 85 90 U+63DA 1117 862 173 172 U+6CBB 826 1111 137 172 U+540C 1166 2055 79 100 U+4E8C 266 2117 83 48 U+30E1 1463 2280 78 76 U+6E6F 532 1257 134 166 U+6C41 237 1342 124 226 U+5341 1490 2062 63 68 U+9BDB 1428 866 165 184 U+30F2 1483 2352 55 100 U+5B87 838 855 123 225 U+30F2 248 2359 76 117 U+5A46 527 1419 149 208 U+4ECF 223 1108 156 214 U+5DDD 818 1349 143 206 U+5FF5 215 869 161 193 U+4E01 263 2187 86 74 U+30E1 252 2260 74 99 U+4E00 1462 2144 103 20,100249537_00054_1
U+304F 532 1873 52 112 U+672C 514 660 115 159 U+8F9B 183 1114 82 194 U+5165 1020 1290 148 102 U+5DFB 1553 1400 146 186 U+3092 1060 1150 84 130 U+3092 1033 1918 101 108 U+3066 359 1178 49 156 U+91DC 1294 1068 165 195 U+304D 534 2103 58 146 U+3066 182 997 76 107 U+306B 891 1897 53 107 U+4E4B 1562 1603 111 129 U+306B 1073 801 50 87 U+6CD5 514 829 112 134 U+3066 701 954 84 110 U+3092 524 2434 92 104 U+716E 340 2035 108 175 U+91DC 338 1658 129 139 U+3086 694 1454 105 120 U+3066 873 1207 48 158 U+306E 525 2669 92 80 U+4E09 1558 1761 126 119 U+3066 868 2367 66 104 U+4E8B 191 1320 88 186 U+5473 1540 1040 144 139 U+5869 1278 838 169 162 U+306E 869 1516 96 96 U+3046 730 1307 34 125 U+9C57 1025 1710 132 217 U+713C 1289 1276 168 204 U+576A 856 528 118 171 U+53F3 865 1370 98 134 U+3057 206 1639 27 240 U+308F 1035 2542 103 117 U+306A 180 1502 105 102 U+307B 870 1756 105 124 U+3066 342 1928 85 98 U+934B 1035 661 136 141 U+73CD 1545 872 138 146 U+96C6 1549 1193 138 189 U+9BDB 507 2276 130 150 U+307B 521 1516 92 114 U+306A 192 770 63 110 U+5869 347 2602 111 143 U+6D5C 513 985 108 175 U+308B 696 1826 108 133 U+5927 1045 519 125 147 U+307B 1050 1031 100 105 U+751F 1058 1381 73 131 U+3092 517 1643 101 118 U+3072 343 2446 106 117 U+304A 347 1503 96 120 U+304D 1058 2131 59 151 U+53F3 524 2543 90 108 U+3089 1085 2432 34 118 U+304F 361 2303 62 140 U+306B 182 664 91 92 U+3068 537 1980 45 117 U+307E 889 2014 49 132 U+3066 525 1259 66 113 U+3057 523 1385 87 122 U+306C 855 706 115 105 U+305F 1057 2650 64 112 U+3057 1045 903 98 120 U+3075 1032 2035 106 90 U+3057 343 1355 94 138 U+304D 883 809 55 168 U+3091 1040 2289 106 140 U+3057 861 1617 103 131 U+7406 1536 715 148 141 U+3054 361 665 103 93 U+3084 512 1771 108 88 U+9BDB 1026 1529 139 151 U+306B 349 974 89 95 U+3057 702 1080 89 122 U+306B 864 989 90 94 U+304F 377 857 44 122 U+3076 849 2145 132 93 U+306B 371 1810 27 105 U+308A 197 879 47 126 U+308B 378 2207 48 81 U+3051 700 1689 93 137 U+3044 700 524 98 73 U+3084 697 1215 102 89 U+6599 1548 535 151 161 U+306B 546 1161 25 93 U+308A 728 604 39 123 U+3068 386 758 38 101 U+306B 696 722 91 84 seg_fp 361 1631 65 34 U+304B 726 1584 35 90 U+3057 918 2229 31 133 seg_fp 1316 1043 102 53 U+3057 751 808 29 122 U+84B8 870 2566 99 183 seg_fp 397 1063 31 115 U+3057 912 1076 33 127 seg_fp 881 2518 62 78,100249537_00055_2
U+3066 1203 1260 55 160 U+5165 272 2252 134 104 U+9752 483 527 79 182 U+5E38 1001 519 89 229 U+3059 155 2133 60 138 U+98EF 1178 1429 141 148 U+9752 704 818 140 247 U+8150 727 1478 142 224 U+3066 476 2017 85 117 U+690E 1172 515 137 158 U+306E 303 2052 81 101 U+8C46 748 1279 105 173 U+3046 324 1693 41 126 U+5BB6 1446 1095 133 226 U+306B 1198 1579 104 90 U+3066 158 1971 47 161 U+4EA4 1184 1698 125 192 U+306E 305 2693 96 82 U+7C89 116 533 129 141 U+98EF 1426 1366 172 189 U+6D77 715 1075 159 171 U+306E 999 751 94 112 U+3092 1182 888 114 125 U+304F 1211 1967 54 128 U+6C34 307 874 78 181 U+308A 1211 1126 48 134 U+3053 323 2156 52 76 U+306B 494 2360 68 105 U+305F 1216 1866 56 101 U+82D4 317 2532 78 142 U+307B 1199 2250 109 119 U+306C 290 1390 119 129 U+5B9A 1451 828 129 230 U+82D4 467 740 95 165 U+304D 316 1530 48 156 U+3057 1038 1069 26 286 U+7C89 451 1616 141 139 U+3092 291 1255 110 115 U+6E6F 130 1471 117 156 U+716E 139 1631 93 190 U+306B 152 984 53 93 U+308A 153 1323 44 136 U+3059 155 1204 51 119 U+5165 116 1115 124 93 U+3057 1199 2113 98 126 U+304B 1231 2386 37 84 U+9707 475 2478 110 191 U+9060 471 927 100 199 U+3075 285 763 104 112 U+3093 291 1914 133 122 U+3046 313 645 35 120 U+7D30 477 2134 110 145 U+3072 490 2669 104 108 U+6BB5 122 705 106 141 U+3005 156 860 43 107 U+3052 1217 2471 95 118 U+706B 470 1142 104 117 U+3093 1205 2590 119 155 U+3057 181 1822 23 143 U+6C17 294 1054 122 192 U+306B 464 1780 96 81 U+3072 139 2395 105 112 U+304F 146 2289 66 100 U+308A 161 2623 63 146 U+304B 1221 698 34 74 U+306B 494 1266 45 101 U+3051 474 1473 101 150 U+3068 315 535 64 99 U+3069 325 1815 66 97 U+3055 1210 1032 55 91 U+3068 175 2507 33 106 U+304B 490 1368 41 98 U+308F 1215 777 37 107 U+304B 509 2273 38 89 seg_fp 525 1857 22 140 U+3068 1029 906 43 137 U+3054 1041 862 67 41 U+9752 317 2345 75 167 seg_fp 1694 522 89 92 seg_fp 1691 650 72 65 seg_fp 1703 728 63 80 seg_fp 321 2337 45 78 seg_fp 1699 803 74 69,100249537_00056_1
U+6F2C 815 1520 131 175 U+306E 1538 1916 85 117 U+4E03 270 1151 125 90 U+3086 1372 892 104 124 U+3092 815 841 111 122 U+8336 284 676 106 175 U+9152 542 841 156 195 U+5206 302 1262 98 142 U+3086 284 1903 104 137 U+6301 1067 1603 165 177 U+716E 1521 1225 114 186 U+751F 1103 814 86 172 U+65E5 852 2121 58 73 U+3070 849 1929 91 56 U+9162 800 1252 144 155 U+306E 820 1131 101 99 U+5206 297 2292 104 134 U+3092 1543 2363 79 124 U+3059 1551 2602 61 147 U+716E 1362 1248 111 190 U+845B 1376 1646 87 181 U+5CA9 1373 2244 99 149 U+5EFF 843 2000 92 92 U+6CD5 1084 1791 145 175 U+5B50 1095 1022 104 153 U+306B 847 1411 60 98 U+76EE 306 1418 86 122 U+7897 276 865 124 142 U+3046 1393 759 37 113 U+98EF 531 1092 182 200 U+306B 314 1019 66 102 U+307B 1542 1099 96 119 U+3046 320 1758 35 126 U+306F 833 2209 85 51 U+5347 125 612 96 156 U+76EE 311 2453 81 116 U+3066 1552 1607 36 148 U+306E 132 1428 96 103 U+8338 1384 2392 104 224 U+9152 276 527 127 144 U+53F3 1529 1771 97 136 U+86AB 1518 2051 126 127 U+3066 1377 1126 71 112 U+67DA 797 986 154 124 U+3051 834 1805 102 121 U+751F 828 521 87 155 U+306F 1558 527 45 137 U+3042 1378 1839 87 102 U+3082 145 978 57 134 U+540C 290 2051 101 118 U+8C46 1535 2191 100 154 U+308A 845 2337 57 130 U+3092 829 1699 102 97 U+5B50 825 686 93 143 U+7C73 297 2597 105 160 U+3058 1363 514 116 129 U+4E03 285 2189 106 78 U+8584 1368 1451 102 198 U+8C46 1541 802 95 146 U+3046 1568 2506 35 97 U+3057 1533 966 97 127 U+304F 145 1685 43 123 U+305F 1539 667 65 118 U+3057 297 1546 99 118 U+306E 128 783 96 96 U+6301 805 2460 122 129 U+305F 148 1811 53 96 U+3089 1392 2034 59 134 U+3064 127 897 92 81 U+308A 146 1110 50 134 U+6577 1089 1377 150 219 U+4E00 118 541 109 21 U+3044 1382 2167 90 72 U+3046 165 2532 31 115 U+3084 287 1677 120 76 U+3084 1359 660 114 95 U+306B 1401 1027 23 92 U+306B 1541 1410 83 94 U+4E45 1074 1213 157 177 U+4E5F 831 2599 135 101 U+304B 866 2262 30 71 U+5E38 125 1271 105 143 U+306B 153 2661 48 95 U+98EF 118 2220 113 132 U+304F 146 1908 47 118 U+3084 107 2469 138 64 U+306E 135 2359 93 97 U+8336 130 2038 93 165 seg_fp 1414 1932 39 103 U+3057 1586 1499 26 105 seg_fp 135 1255 53 54 U+3068 158 1591 32 94 seg_fp 1101 1194 76 86,100249537_00058_1
U+8304 717 855 147 181 U+5B50 739 1076 101 145 U+304D 1391 1270 78 133 U+3056 1394 1423 77 112 U+548C 1184 1181 121 141 U+3066 296 2004 95 117 U+3092 464 1668 111 109 U+3092 1370 1153 91 98 U+304D 486 831 48 143 U+6839 1349 1004 128 129 U+5927 1363 872 97 118 U+75B5 445 551 128 164 U+3073 458 1248 119 122 U+53BB 483 1795 87 142 U+306A 472 985 68 125 U+3066 1558 2294 48 139 U+3066 1189 1064 79 98 U+306A 483 711 59 113 U+307F 1414 2265 43 111 U+3072 485 2672 104 118 U+5185 304 1751 99 124 U+3078 461 1377 108 160 U+3082 1415 2155 38 113 U+5207 1511 1583 125 95 U+3054 1224 1430 83 96 U+3093 723 1375 125 152 U+9162 1155 814 134 130 U+307F 1408 1543 52 118 U+307B 1387 1808 96 124 U+307E 1214 1541 71 145 U+9EBB 1169 646 123 152 U+3066 1386 2052 76 106 U+716E 1200 2375 102 182 U+3066 138 2037 86 107 U+304F 1538 1440 50 129 U+306A 1006 522 58 119 U+3066 729 1272 87 113 U+3066 298 1346 75 112 U+3066 492 2207 43 151 U+306B 1537 1689 84 98 U+306B 1562 2095 52 101 U+751F 299 551 71 151 U+3057 290 722 89 133 U+3086 285 1094 95 117 U+3042 468 2407 112 146 U+968F 1514 937 121 133 U+80FD 307 2129 116 155 U+80E1 1163 525 128 124 U+86F8 1170 2235 139 141 U+306E 1523 689 88 70 U+716E 283 1469 116 182 U+3059 468 1114 73 134 U+3059 1544 1325 59 118 U+3059 1564 2443 52 110 U+308A 1405 2627 61 132 U+307C 1398 2518 100 112 U+6E6F 1532 1943 112 153 U+3046 305 946 42 138 U+3046 145 1292 31 114 U+3077 695 1550 153 142 U+308C 973 736 131 112 U+5165 1529 2210 111 77 U+306B 291 1233 85 107 U+305F 480 1537 65 118 U+308B 1384 758 49 89 U+307E 325 1876 52 124 U+3057 1393 2391 83 121 U+3057 1389 1670 88 129 U+306B 315 2309 88 96 U+308B 1230 1314 56 94 U+3042 1361 526 89 115 U+3057 1231 2041 34 166 U+306B 1218 955 26 101 U+3050 1566 2555 59 85 U+3046 1552 1217 33 113 U+86F8 1499 522 127 133 U+306B 1537 2652 96 100 U+3089 745 1733 64 203 U+5206 1527 1081 103 133 U+3048 1530 1790 106 146 U+8DB3 1530 785 74 131 U+3075 146 2146 87 60 U+3089 508 2552 38 118 U+3084 121 1226 92 63 U+591A 1194 1696 101 190 U+3051 1362 649 91 114 U+305F 332 2497 64 169 U+3073 149 2396 101 110 U+3084 281 865 108 81 U+308B 350 2677 46 82 U+306B 164 1928 28 110 U+304B 1012 641 35 83 U+3086 117 1435 100 112 U+3078 313 2420 106 77 U+305F 169 2222 50 97 U+308B 185 2703 48 87 U+9152 127 1795 118 121 U+308B 328 1649 45 79 U+306B 501 2087 37 114 U+3088 1220 1933 49 106 U+3057 127 1093 83 123 U+4E38 474 1942 114 135 U+306B 1400 1947 37 111 U+714E 119 1589 100 188 U+8584 118 923 102 152 U+304C 1235 1857 69 74 U+716E 153 2501 106 137 seg_fp 167 2322 35 79 seg_fp 173 2629 70 76 U+3068 1235 2601 42 143 U+304D 122 741 74 123 seg_fp 129 859 66 66,100249537_00060_1
U+5185 708 1849 94 119 U+304B 869 1804 108 78 U+3092 686 1382 99 107 U+304B 687 1496 118 81 U+6C41 1576 1559 101 134 U+306E 699 1729 94 97 U+6383 664 688 133 184 U+8338 875 1094 107 230 U+8A70 682 2068 126 141 U+76EE 257 851 100 140 U+3078 698 1987 114 84 U+3066 914 2631 36 136 U+9162 1565 2297 116 121 U+3057 719 1011 26 159 U+3042 892 2306 90 112 U+677E 1108 1093 153 153 U+3057 1432 834 29 215 U+3066 1601 2142 39 142 U+677E 857 963 121 119 U+9664 677 874 122 120 U+84B8 710 2317 93 189 U+534A 879 526 92 149 U+80FD 683 520 116 143 U+3055 894 1899 61 124 U+3046 537 952 32 108 U+53BB 887 1638 80 147 U+305D 1599 2540 57 106 U+3066 1596 1394 41 141 U+304C 531 1097 76 85 U+8338 1128 1284 130 297 U+7C9F 682 1195 105 182 U+3072 881 2529 106 103 U+3092 890 1496 73 137 U+3055 714 1595 56 121 U+3092 1580 686 71 125 U+61F8 524 532 105 145 U+308A 909 2170 45 126 U+9905 219 1360 178 264 U+3082 1600 2654 53 108 U+53C8 1563 1695 110 113 U+8EF8 856 1338 123 144 U+304D 891 814 54 132 U+3066 715 2512 73 96 U+307F 1560 2432 121 99 U+308D 1394 663 113 157 U+3057 1573 1807 96 120 U+304F 254 1029 92 128 U+3057 517 713 86 136 U+3070 893 2032 96 53 U+3081 1580 2041 81 99 U+5F62 1553 537 122 139 U+308A 277 1155 58 181 U+637B 1554 1235 128 154 U+3089 900 2418 50 109 U+3089 1594 1028 53 136 U+3084 510 856 105 90 U+3078 1565 1166 105 77 U+845B 724 2609 89 162 U+308B 740 2209 75 92 U+3088 1436 532 39 110 U+304B 917 2096 29 75 U+958B 862 698 96 123 U+3053 1572 827 81 93 U+7C9F 1123 832 133 238 U+3089 1611 1944 31 104 U+3057 1604 918 42 118,100249537_00064_2
U+725B 440 1024 114 191 U+3064 182 1293 110 140 U+3066 701 655 52 158 U+98DF 1030 782 122 173 U+3092 181 899 88 100 U+306E 874 1696 92 105 U+304F 199 1850 55 126 U+5C24 1057 1416 113 128 U+3092 1038 976 111 106 U+53BB 1230 991 90 157 U+306E 1239 2150 97 103 U+304B 869 2285 108 85 U+5207 1215 1870 132 101 U+53D6 192 1960 87 153 U+3066 204 2122 75 113 U+6CB9 185 2247 118 135 U+5927 866 839 109 122 U+3052 198 2504 117 142 U+3066 1047 645 86 115 U+3046 898 1894 42 125 U+7B49 876 1517 89 166 U+306A 203 1412 68 108 U+5165 168 1661 135 93 U+623F 424 1235 137 220 U+5C0F 187 1746 105 86 U+306B 1241 1734 57 109 U+8EAB 1216 1150 92 135 U+3044 1218 1690 110 58 U+304A 864 1120 105 89 U+9BDB 1215 1985 137 158 U+308A 1251 1423 54 124 U+304D 200 1521 57 130 U+6839 849 966 142 134 U+4ED5 1036 1094 129 131 U+308D 874 1225 89 120 U+3057 901 1315 26 192 U+3051 888 2383 84 130 U+305B 1071 2557 84 77 U+304D 888 673 52 155 U+7389 1076 2282 94 134 U+3072 1235 2468 112 103 U+9BDB 1462 827 171 177 U+63DA 402 831 185 177 U+98EF 1452 1078 187 189 U+306D 856 527 121 138 U+3055 1244 1556 55 119 U+9BDB 1203 532 143 159 U+3092 1224 877 81 106 U+5B50 1082 2419 73 121 U+3042 1253 2243 80 114 U+5165 1035 2082 131 92 U+7528 697 831 71 131 U+3046 893 2136 41 147 U+304A 174 998 105 98 U+306B 724 539 32 108 U+3086 686 959 92 93 U+3068 895 2020 47 115 U+5165 1025 1227 132 91 U+3093 1065 2635 113 126 U+3042 194 2388 90 107 U+3057 1245 2567 93 108 U+3078 1055 2023 100 55 U+3057 178 1127 113 156 U+3057 882 2534 91 118 U+9B5A 1055 1552 92 181 U+623F 171 738 99 160 U+306F 1074 1751 66 33 U+3053 899 1796 41 94 U+3070 1237 1291 103 52 U+308B 904 2656 56 101 U+306B 1082 525 28 109 U+308B 1089 2170 51 88 U+308B 1278 2674 49 88 U+304B 1263 692 26 68 U+3081 1067 1802 73 70 U+308B 1076 1312 59 96 U+3089 1259 2358 40 112 U+304B 1258 1348 34 77 U+308F 1245 765 36 103 U+725B 177 534 93 96 U+3057 1101 1871 31 141 seg_fp 224 615 16 81 seg_fp 196 705 45 72,100249537_00065_2
U+91CE 580 1061 167 220 U+540C 1254 2061 85 105 U+30F2 308 2339 75 128 U+30A6 950 2161 65 145 U+5473 1211 1313 157 147 U+30F2 1555 2331 68 116 U+5409 602 830 113 186 U+4E8C 1552 2061 91 60 U+826F 1540 1050 111 195 U+564C 1204 1491 145 181 U+540C 630 2067 86 112 U+30E1 1534 2251 79 73 U+30E1 307 2264 65 69 U+6F2C 275 1151 137 203 U+4E09 315 2057 89 93 U+98A8 914 834 164 151 U+4E01 1552 2151 88 88 U+5DDD 598 1322 136 198 U+8336 1221 830 130 212 U+540C 939 2060 80 102 U+5B9F 1201 1061 156 234 U+5442 927 1047 95 148 U+5948 1538 823 111 208 U+4E01 309 2169 89 91 U+5439 904 1240 144 161 U+84FC 266 832 144 230 U+83DC 1534 1261 111 184 U+98DF 1532 1503 136 212 seg_fp 278 1001 122 139 seg_fp 1534 1383 120 128,100249537_00073_1
U+524D 1274 1045 167 188 U+308C 207 2218 74 139 U+5BB6 1309 1482 132 212 U+91DC 674 556 132 165 U+7406 1550 774 148 144 U+73CD 1553 947 154 162 U+3066 716 1547 45 141 U+5B9A 1303 1263 145 202 U+3066 1058 2283 83 107 U+3092 353 1074 106 122 U+3066 543 2527 73 101 U+6900 177 1861 120 148 U+3052 369 2310 109 143 U+8EAB 872 547 125 148 U+3092 711 1180 81 145 U+3059 717 2227 69 140 U+5165 191 2120 105 82 U+716E 1292 1711 152 222 U+91DC 1041 701 137 162 U+4E8C 363 1518 88 79 U+306A 1064 2378 98 104 U+3046 731 2378 37 144 U+3092 707 2541 103 114 U+5341 367 1377 76 106 U+304A 525 2227 112 78 U+5473 1549 1130 151 159 U+308C 546 2048 61 153 U+307B 875 1568 98 102 U+5BF8 876 1165 97 119 U+3092 1073 1120 74 129 U+5927 1056 552 110 144 U+306E 711 2678 87 109 U+304D 196 800 55 166 U+4E09 368 1216 74 132 U+308B 545 940 49 109 U+3079 878 2522 114 77 U+70BA 527 1072 101 145 U+5207 357 2102 107 98 U+306B 885 2185 100 88 U+307B 364 1763 88 108 U+58F1 877 984 89 170 U+80A5 1298 841 157 160 U+6E6F 698 1712 119 161 U+3042 532 1535 90 112 U+5207 869 1910 123 82 U+5207 177 1549 116 105 U+306A 713 2040 68 104 U+677F 869 2036 135 130 U+8150 348 558 105 178 U+306E 883 2703 96 92 U+53F3 178 991 88 131 U+306B 199 550 60 122 U+3051 204 2454 88 113 U+58F1 351 754 81 150 U+65B9 866 1400 95 152 U+3084 175 714 106 78 U+3088 717 731 42 103 U+6D41 525 1910 114 140 U+308A 902 857 47 113 U+5206 1059 1420 117 175 U+5207 341 1645 126 104 U+308A 541 1387 63 139 U+3078 189 2039 108 75 U+306A 887 2289 95 112 U+3092 545 690 75 150 U+308A 569 2395 39 118 U+6599 1543 553 167 210 U+6CB9 517 550 115 135 U+6E6F 1048 967 127 148 U+8C46 556 2649 74 142 U+307E 1073 2496 65 122 U+306A 538 1243 72 131 U+56DB 875 1307 96 91 U+4E01 363 913 68 139 U+308A 706 843 65 148 U+3042 1062 1611 98 112 U+3053 394 2221 45 70 U+5DFB 1564 1529 141 197 U+968F 1051 1274 119 138 U+306B 880 1769 99 101 U+306B 1083 865 48 91 U+6A0B 677 1022 128 149 U+308B 380 2545 50 115 U+69D8 353 2656 124 140 U+3051 697 1423 104 123 U+4E00 198 1467 69 19 U+306B 380 1966 52 94 U+53F3 891 2576 82 110 U+9BDB 177 1151 114 149 U+3070 887 720 94 61 U+306F 547 2334 69 57 U+3092 718 1885 81 147 U+3057 202 2583 86 101 U+3056 383 2450 86 93 U+56DB 1562 1928 137 66 U+308B 222 2686 55 98 U+3076 511 1654 122 104 U+308F 1092 1936 32 100 U+304B 224 2381 33 64 U+3069 909 1635 66 123 U+3068 401 1844 63 109 U+304C 730 2138 71 88 U+3068 221 1282 43 126 U+304F 1084 1816 48 102 U+3068 560 844 27 101 U+3089 562 1763 38 124 U+3057 1088 2095 31 164 U+304B 725 1341 35 72 U+3064 1058 1726 89 99 U+96C6 1568 1312 102 144 U+3065 200 1691 95 74 U+304B 912 789 29 73 U+9BDB 1087 2661 97 122 U+304B 1085 2034 37 72 U+3089 910 2403 38 120 seg_fp 1570 1420 124 92 U+309D 221 1770 29 77 U+4E4B 1572 1818 116 78 seg_fp 1575 1747 87 85 seg_fp 1063 2637 31 51 seg_fp 1381 701 37 93 seg_fp 1189 2624 33 91 seg_fp 1049 2687 72 100,100249537_00077_2
U+98DF 697 1055 131 193 U+3092 910 2683 93 103 U+305D 465 1652 76 151 U+826F 1142 1100 118 202 U+307F 441 1454 109 169 U+6C41 888 1394 104 177 U+3092 878 748 105 112 U+3066 716 786 51 158 U+3066 892 1670 76 109 U+82B1 185 875 109 174 U+307F 200 1893 86 134 U+305A 1435 1236 75 155 U+3064 192 1073 97 128 U+306E 435 1112 112 102 U+304D 231 2624 64 159 U+5176 869 1234 120 150 U+308C 1600 633 71 129 U+5B9F 450 1225 97 212 U+83DC 1141 1339 133 214 U+5165 188 2291 134 104 U+304D 720 1360 78 139 U+5869 1381 1404 138 136 U+306E 187 755 100 102 U+307C 205 1208 103 114 U+306B 224 2183 52 89 U+305D 220 2048 59 121 U+5165 679 948 136 101 U+5165 1574 549 131 93 U+306A 728 1972 88 97 U+53D6 1425 2334 102 147 U+3057 759 2070 26 159 U+3066 1591 1105 81 117 U+3046 747 1581 32 132 U+8336 438 856 119 235 U+308A 934 2539 41 120 U+5B50 1601 2006 73 128 U+3066 1415 1771 83 111 U+306F 1419 549 88 56 U+304F 910 2141 47 126 U+98EF 1117 1582 164 167 U+5869 698 2236 127 134 U+523B 190 1583 110 189 U+8336 184 552 109 184 U+80B4 1425 2493 106 146 U+3092 915 1934 75 123 U+3092 186 1433 96 132 U+713C 884 2289 130 159 U+98EF 880 1794 129 137 U+3059 906 871 68 124 U+4ED5 1406 1555 109 113 U+6765 1417 1070 93 150 U+6A21 1381 633 140 163 U+305A 1602 1706 76 136 U+7389 1599 1859 88 145 U+3084 706 1513 112 67 U+3070 1588 785 104 57 U+308B 749 2435 51 94 U+5165 693 2372 146 104 U+69D8 1391 790 131 140 U+306B 912 1550 36 113 U+51FA 1412 951 115 114 U+3066 884 1128 76 96 U+305F 1602 1485 50 134 U+7D30 716 1848 109 117 U+3075 1590 861 95 81 U+8FBC 1425 2232 93 97 U+304D 1607 954 55 132 U+3055 1418 2047 97 116 U+3066 1608 2668 64 108 U+306B 1611 1390 54 93 U+5B50 727 1726 72 118 U+308F 737 555 36 112 U+305F 215 2389 87 159 U+305F 916 2059 53 82 U+305F 726 1247 58 105 U+3050 923 2460 84 70 U+308A 732 682 43 100 U+308A 897 994 55 154 U+307E 1624 2315 37 123 U+80FD 1585 2151 126 154 U+7528 1598 1248 89 145 U+305F 1438 1667 51 93 U+3082 753 2525 42 99 U+3057 1423 1879 76 155 U+767D 202 1773 82 91 U+5948 1145 850 131 216 U+307F 219 1333 30 88 U+3057 722 2571 19 226 U+306F 1602 2438 79 94 seg_fp 1616 1612 27 74 U+3088 756 2631 55 80 U+83DC 876 557 101 185 seg_fp 1643 2521 20 120 U+309D 252 2562 29 44 seg_fp 1477 2147 21 79 seg_fp 1868 508 60 129,100249537_00078_2
U+7AF9 818 520 115 165 U+3066 1047 1952 47 157 U+306E 1023 912 101 90 U+5C11 1034 2511 105 111 U+6E6F 653 780 122 169 U+647A 1007 1348 136 125 U+5165 818 1105 129 89 U+304D 864 1334 60 152 U+3059 1565 811 61 144 U+5165 1021 2658 129 96 U+3064 836 1199 100 135 U+3092 673 958 90 151 U+3067 660 634 106 130 U+3057 1557 968 88 128 U+306A 1033 2237 93 100 U+5442 1303 1081 105 157 U+7D0D 1545 2128 116 132 U+716E 841 2026 105 185 U+304E 1047 2348 83 143 U+845B 677 2351 89 179 U+3057 874 1689 26 176 U+3066 663 1900 88 126 U+5409 219 837 118 203 U+3092 1560 2413 93 97 U+3066 1555 1537 81 102 U+304D 701 2633 49 145 U+306E 831 694 91 111 U+6E6F 843 1868 114 154 U+3046 674 1532 52 129 U+3081 1575 2254 73 131 U+3066 877 2609 42 152 U+3072 675 2539 93 102 U+306B 860 986 49 96 U+3046 1580 700 35 113 U+3064 1035 2138 83 99 U+3054 1032 1012 94 93 U+5E38 1018 700 94 203 U+308A 494 669 54 144 U+3046 1585 1187 29 105 U+7528 664 1118 84 164 U+3086 656 531 103 109 U+3046 509 1057 34 123 U+305A 502 523 66 144 U+3057 664 1306 98 125 U+5439 1273 1296 177 182 U+5408 1546 519 122 162 U+4E5F 669 2237 111 100 U+3078 1560 2070 94 40 U+304F 1045 1201 51 126 U+306E 1031 1613 85 120 U+304F 1580 2510 45 117 U+304F 876 2304 48 119 U+306B 661 2035 102 94 U+58FC 1553 1866 110 173 U+306B 1556 1648 89 93 U+3082 1056 1477 42 133 U+3060 864 1569 85 104 U+304C 506 1183 65 85 U+3086 661 1667 104 114 U+3057 483 834 87 135 U+308B 689 2126 56 100 U+306B 1025 1735 99 89 U+9C67 990 518 146 160 U+5DDD 191 1385 154 246 U+3084 653 1440 123 91 U+3044 847 1496 86 69 U+3088 883 2214 39 91 U+3086 1552 1318 102 87 U+3057 900 2447 21 156 U+98A8 1274 836 185 166 U+308B 1585 1745 43 93 U+3068 1063 1104 36 98 U+91CE 190 1088 172 275 U+3084 1553 1103 96 85 U+3084 478 978 100 81 U+306B 690 1785 27 102 U+7B52 836 874 88 105 U+306B 1588 1423 24 105 U+3057 1080 1818 35 134 seg_fp 844 814 71 54,100249537_00079_1
U+5510 246 841 121 220 U+306E 511 1422 95 103 U+3092 875 2653 77 118 U+6F2C 1122 1152 145 208 U+304E 879 672 91 158 U+306E 1568 1463 88 98 U+306E 513 1670 94 94 U+82B1 1557 1292 102 166 U+660E 681 2337 114 121 U+306E 1556 1181 99 107 U+306E 1390 2271 90 106 U+307F 1407 531 95 135 U+9999 513 1198 101 195 U+685C 1374 2098 124 161 U+3057 547 1947 27 233 U+307B 864 2526 100 106 U+3066 865 2000 75 105 U+306E 701 1925 87 94 U+685C 1542 1009 129 155 U+7269 504 1535 113 117 U+4E38 854 1199 135 131 U+3064 685 1153 103 133 U+3073 855 1091 139 106 U+5E74 694 2459 104 154 U+9B93 675 1756 125 158 U+3082 899 528 41 141 U+305A 525 1049 89 141 U+6F2C 854 2111 110 159 U+3059 856 961 97 130 U+308D 525 618 79 143 U+306A 861 845 82 111 U+304A 687 804 108 77 U+304F 1573 2201 40 109 U+8FC4 711 2627 65 137 U+84FC 854 1677 121 210 U+639B 664 1504 149 139 U+5F37 684 530 108 145 U+5438 1378 1846 125 123 U+3059 1554 2103 85 100 U+305D 1425 678 62 127 U+306A 869 1336 72 116 U+53E3 1410 2002 64 57 U+3057 861 2391 98 123 U+3061 1570 1726 72 161 U+4ED5 1381 1392 111 117 U+3089 880 1535 35 137 U+5B9F 1395 2377 88 184 U+3082 717 885 42 119 U+306B 1559 1886 108 89 U+3066 1554 2436 76 114 U+304B 532 770 44 95 U+304F 709 1369 42 122 U+304B 1586 1549 49 88 U+3057 727 2164 30 157 U+716E 221 1143 158 262 U+3046 1603 661 36 128 U+3057 1399 814 95 124 U+3059 1405 1157 80 112 U+3076 1560 785 117 88 U+306B 889 1901 30 92 U+3044 522 534 82 82 U+308B 1417 1718 54 86 U+306F 522 868 71 70 U+308B 1423 940 55 105 U+304F 1417 1265 48 107 U+305F 1573 1633 57 86 U+5207 1528 2322 121 104 U+308B 719 1637 54 107 U+3046 1576 1982 46 126 U+7CE0 1535 2588 148 169 U+307C 1571 535 97 124 U+304F 725 665 49 118 U+304C 889 1455 69 79 U+84FC 1119 838 159 295 U+3046 1416 1061 46 100 U+3051 1406 1613 88 110 U+3088 716 1281 38 94 U+3089 539 938 39 117 U+3089 1596 876 37 127 U+3057 723 1001 25 145 U+304B 1428 1511 37 94 seg_fp 902 2333 29 38 U+3054 729 2026 62 37 U+3068 539 1802 49 128,100249537_00079_2
U+6298 1367 1535 142 176 U+3092 175 2038 91 113 U+3066 1402 1701 55 148 U+3057 1160 1179 33 226 U+53C8 672 1646 126 132 U+3092 1396 830 92 145 U+89E3 1374 2382 126 191 U+5165 1349 1856 145 99 U+3066 189 1463 47 135 U+3066 1565 1362 81 108 U+66AB 1377 2204 115 159 U+3066 707 1268 68 91 U+3059 1400 2073 65 136 U+647A 841 1483 135 137 U+307F 689 1888 92 140 U+564C 845 2235 127 170 U+308D 1118 1028 118 147 U+3066 164 2664 86 96 U+7C92 166 2166 127 143 U+3057 902 1038 26 176 U+98DF 421 1364 163 224 U+308A 201 1903 45 123 U+305A 1408 2567 85 132 U+306A 700 824 80 108 U+5165 680 1171 121 92 U+3066 881 1324 47 146 U+304A 1108 861 154 121 U+9B91 1096 1426 168 180 U+306B 1547 1999 106 102 U+7389 697 1756 99 120 U+3092 858 1645 107 109 U+304A 861 852 106 88 U+3092 880 701 74 136 U+9C52 662 657 133 150 U+4E09 194 559 89 118 U+968F 1547 2114 122 146 U+308D 871 953 86 104 U+304D 1404 1089 56 143 U+6E6F 175 962 118 159 U+5165 665 540 132 99 U+307B 1389 1235 98 113 U+8EF8 165 1618 121 140 U+6E6F 1560 808 121 157 U+3070 186 1770 97 60 U+306A 686 2167 104 94 U+5207 172 2349 113 98 U+308F 1563 1471 94 113 U+5207 674 1077 125 86 U+4E09 440 845 102 164 U+305D 709 2035 66 134 U+3057 865 2412 95 113 U+305F 1575 1751 54 130 U+8449 191 793 98 168 U+70AD 1562 970 110 170 U+5206 1557 2266 105 165 U+706B 1568 1141 91 118 U+3046 865 1766 96 117 U+307B 1567 694 103 118 U+3069 713 932 76 116 U+9B91 838 547 146 145 U+304D 1576 2623 66 145 U+3057 894 1876 30 204 U+306B 860 1214 90 107 U+716E 176 1128 102 198 U+3082 712 2345 48 110 U+3057 216 1307 27 155 U+6C37 1388 547 111 152 U+306B 1387 1426 103 90 U+5473 848 2084 131 133 U+51FA 1394 1953 103 113 U+3057 1563 547 106 137 U+308B 1578 1880 49 109 U+67F1 1377 697 123 133 U+3057 717 2547 32 188 U+8449 416 1060 146 269 U+3057 719 1471 29 161 U+3088 712 2459 41 89 U+306B 861 2648 104 110 U+3088 1415 976 41 103 U+306B 172 2451 98 92 U+306B 1591 1265 28 91 U+3088 696 1374 54 96 U+3069 730 2236 65 110 U+3069 1431 1304 61 103 U+308B 893 2527 49 105 U+304B 208 1831 29 76 U+3057 230 2540 32 154 U+3064 205 713 59 68 U+3057 1605 1643 27 132 U+304B 1604 1580 33 68 U+3075 1553 2437 91 80 U+3068 1587 2524 40 92,100249537_00089_2
U+306E 517 2573 112 105 U+3092 529 759 114 84 U+306B 1559 1020 82 121 U+4E8B 717 2727 89 182 U+4E2D 1706 1896 99 138 U+306E 1903 899 99 85 U+306E 1708 2443 118 98 U+306B 716 1701 77 88 U+306F 1542 1165 100 52 U+898B 539 868 108 134 U+8033 1544 2553 93 134 U+306E 857 2357 122 100 U+306E 1889 1405 109 106 U+304F 388 1542 55 137 U+3092 712 483 119 89 U+4E16 856 750 122 79 U+5B50 1906 1160 97 108 U+306E 696 1057 110 106 U+58F0 1544 1509 100 206 U+3066 1734 1728 54 143 U+306B 536 2803 81 93 U+306B 1063 837 69 96 U+3068 1383 2191 81 129 U+306E 1524 1401 127 106 U+306E 1356 2001 111 100 U+4EAD 861 2166 116 172 U+3092 1881 2205 130 85 U+306E 864 1347 108 99 U+98A8 532 2315 112 141 U+3066 701 847 94 115 U+96A0 1899 1532 112 135 U+304B 712 977 107 70 U+5078 701 1427 122 116 U+306B 1553 2448 81 101 U+82E5 1522 1736 119 174 U+3092 361 1950 131 116 U+4EBA 1380 498 138 149 U+623F 1723 2720 102 171 U+3070 221 2442 63 100 U+5E37 1899 997 117 143 U+305F 187 2571 100 117 U+4E0E 557 2201 57 94 U+6368 1898 2496 138 109 U+677E 1537 1245 113 161 U+3092 1711 973 104 89 U+5973 1681 2581 158 76 U+306E 1208 641 106 90 U+306E 1212 1020 124 94 U+5177 1885 2033 106 154 U+5916 1563 848 104 160 U+306B 892 1553 69 94 U+5C45 1688 2055 116 134 U+3066 692 2100 106 120 U+308A 891 2058 65 109 U+6CB9 1034 2365 110 123 U+6D41 1212 1503 139 120 U+3042 1212 749 114 92 U+9593 708 1575 93 115 U+53D6 713 606 107 93 U+7B39 1916 511 105 109 U+3092 1366 2315 124 87 U+3055 900 1656 53 72 U+306A 1932 2612 63 111 U+3066 1027 2758 102 148 U+304B 1889 2307 113 65 U+4E43 867 843 104 83 U+9060 879 2454 95 135 U+57A2 1214 1118 117 123 U+3042 1368 2109 103 91 U+3082 375 2074 76 93 U+5973 490 2479 157 71 U+3082 1173 2790 132 116 U+3082 546 602 92 129 U+58F0 355 1698 115 240 U+6211 1545 496 132 134 U+5973 1858 1294 148 84 U+304D 1067 1606 50 118 seg_fp 198 1233 113 141 U+304B 1711 1098 107 77 U+3082 1365 2414 98 103 U+62DD 218 481 89 160 U+304A 530 1818 114 103 U+6E6F 1036 2102 115 142 U+3044 361 954 121 74 U+4ECB 875 930 114 106 U+306F 1409 676 58 44 U+76EE 549 2678 69 108 U+308C 393 659 67 144 U+305A 376 2404 101 106 U+306A 1394 1301 80 125 U+3081 214 1581 87 142 U+3066 174 2101 100 106 U+7CE0 1032 491 130 145 U+3051 1924 2369 65 131 U+308A 1573 726 70 116 U+963F 862 1128 107 110 U+83D6 1728 499 104 151 U+3082 201 871 115 120 U+6E6F 1716 838 110 124 U+58C1 1535 2294 106 148 U+308C 1386 1522 82 161 U+308B 1050 1965 94 139 U+306D 1366 1903 104 100 U+9053 1896 1887 113 135 U+5CF6 1902 762 135 133 U+304D 1220 1380 101 133 U+3089 1941 2795 43 113 U+308B 1722 1252 92 126 U+3092 1213 1926 114 140 U+305D 1237 2471 52 112 U+305F 393 2179 56 103 U+3044 1728 2363 96 79 U+3068 1418 1165 39 117 U+306C 1337 2806 139 102 U+81CD 1224 487 112 134 U+3042 1381 749 104 98 U+773C 859 2626 117 101 U+5C4B 1921 636 111 112 U+308A 202 2772 70 124 U+3066 374 2295 77 99 U+3057 914 1748 18 177 U+308F 1073 1735 37 114 U+3057 1255 1611 27 195 U+68DF 865 1421 108 129 U+3066 1057 1269 59 134 U+624B 375 2497 74 150 U+6301 696 724 112 108 U+6307 177 1745 128 134 U+308C 1035 1133 96 140 U+308A 1061 2628 69 117 U+5C4B 877 1244 100 98 U+304D 730 2621 42 100 U+304B 1214 1276 122 97 U+308B 545 1429 85 130 U+898B 710 1809 84 124 U+3068 423 1000 32 113 U+888B 1039 647 117 182 U+3070 400 802 57 123 U+7389 1014 2260 140 89 U+3066 334 2811 114 99 U+3092 209 1092 109 125 U+3057 1944 1655 18 227 U+3092 707 1271 98 117 U+306A 1218 1813 86 112 U+3088 1582 627 46 97 U+304E 1061 2516 63 113 U+3070 1568 2181 52 106 U+308A 720 2011 62 94 U+308C 1222 2134 88 147 U+61F8 878 1918 102 137 U+7B11 197 2218 105 131 U+306F 407 1132 46 89 U+304D 1567 1930 63 106 U+305D 526 1681 98 122 U+307F 1494 2694 170 115 U+56DB 870 1057 98 58 U+3069 250 744 61 121 U+3088 1757 1359 45 100 U+3090 540 1316 95 107 U+93E1 849 2759 148 127 U+305F 1243 837 69 68 U+3092 364 2637 118 121 U+308A 1258 906 65 119 U+307F 1005 942 136 86 U+306A 715 2511 73 109 U+3057 1703 1615 111 107 U+3057 579 1984 19 201 U+307E 211 2673 37 100 U+3050 1718 2188 90 71 U+3062 1377 2675 84 133 U+5973 657 1181 142 90 U+305D 1253 2051 51 80 U+308F 735 2238 37 110 U+5408 339 2736 143 109 U+3089 1247 2687 23 94 U+3081 562 1227 72 57 U+3065 364 1234 116 93 U+3059 1395 1786 48 115 U+306F 1403 1685 40 97 U+84B2 1721 656 112 161 U+3081 226 654 73 71 U+304C 1415 1422 59 94 U+308A 1238 2351 71 103 U+3051 724 2351 66 153 U+3068 586 1000 39 112 U+306A 222 1002 76 87 U+3057 192 1388 106 100 U+3057 240 1955 19 147 U+3078 186 2368 121 83 U+304B 570 1915 42 59 U+3084 687 1937 122 78 U+3055 221 1881 45 72 U+3057 1425 932 18 217 U+305F 1052 1858 69 100 U+3053 1239 2604 37 78 U+3057 1769 1456 21 141 U+304B 365 494 108 78 U+3069 584 477 52 116 U+3053 568 1576 43 88 U+308B 1583 2793 52 83 U+3093 882 560 95 175 U+3089 1431 849 27 84 U+304C 1942 2719 72 82 seg_fp 580 1121 59 96 U+3060 1057 1030 90 106 U+304B 1585 2043 34 134 U+3089 1749 2266 35 103 U+3057 421 1367 17 163 U+3088 1249 2279 26 70 U+306F 1400 2542 37 104 U+309D 1758 1166 37 85 U+306A 888 503 80 91 U+304B 242 1497 32 75 U+304B 409 1317 36 56 U+304B 1070 1437 46 169 U+309D 409 561 39 71,200003076_00011_2
U+5168 738 1406 154 145 U+4F55 934 1143 135 119 U+306E 242 618 118 87 U+306B 275 2505 65 98 U+5F8C 1111 1834 112 147 U+4ECA 1428 1612 156 132 U+3070 978 857 57 99 U+306E 60 2770 121 100 U+306B 1130 1207 78 94 U+4E2D 921 1835 95 177 U+3082 1802 1301 85 128 U+306B 449 1441 74 97 U+306E 245 1094 114 147 U+306E 1110 880 112 94 U+8A08 1778 2360 143 133 U+3069 987 573 71 123 U+3066 422 2376 91 96 U+3066 285 1611 53 131 U+5FA1 939 2142 92 79 U+307E 1634 490 103 110 U+306F 431 1685 101 53 U+5E74 418 1960 110 167 U+306E 1249 2303 123 92 U+6C34 71 2636 128 116 U+306F 439 2141 83 39 U+3082 417 2483 130 109 U+304A 259 1007 111 93 U+8679 1603 1848 136 103 U+8449 1458 745 105 141 U+3067 1449 1892 109 104 U+304F 960 471 74 104 U+306E 912 2029 113 85 U+4EBA 55 1846 159 190 U+7537 281 737 71 124 U+5FA1 1477 486 101 81 U+306B 1641 770 76 105 U+3092 941 2546 111 84 U+306E 736 1888 118 92 U+601D 63 1531 123 93 U+3046 622 1785 35 104 U+306B 1476 1213 79 103 U+304A 764 2333 102 84 U+4F8D 1273 2747 100 104 U+5915 1599 1645 119 172 U+96E3 922 2213 116 144 U+3066 634 2822 53 95 U+304D 111 1328 67 171 U+6728 268 2262 85 117 U+3066 1437 1489 106 111 U+4E0D 1135 483 91 105 U+7533 1853 487 45 137 U+306F 623 2493 62 38 U+7537 966 981 84 140 U+3061 780 2194 74 119 U+3082 1589 1123 126 110 U+8896 62 2242 111 122 U+308C 282 1229 59 146 U+308C 100 1089 59 120 U+53D6 600 477 109 102 U+3066 777 936 87 101 U+8846 776 1596 87 138 U+9670 267 2377 106 123 U+673D 250 1483 102 135 U+8208 605 2549 95 141 U+5F8C 421 478 104 139 U+3048 1618 2119 102 129 U+3055 1843 2105 54 86 U+3051 969 713 66 130 U+308C 100 1679 62 165 U+3064 1290 1096 88 114 U+4F8D 1804 652 101 104 U+7A0B 1264 2407 111 117 U+3082 1465 2533 93 90 U+308C 1804 1693 109 156 U+3064 84 985 90 118 U+6BD2 396 1129 139 130 U+677E 255 860 109 129 U+5F92 1270 479 124 121 U+3046 1137 1980 40 73 U+307E 1489 1768 48 109 U+9014 915 1694 125 136 U+899A 621 2699 103 134 U+3066 605 897 82 111 U+3072 1117 1317 115 97 U+305A 285 482 74 122 U+7FA9 922 2366 122 153 U+8EAB 1269 2162 114 161 U+3086 262 2079 96 65 U+306A 1107 2170 87 87 U+306A 101 670 76 98 U+6B64 1070 1730 153 97 U+304D 1826 888 49 105 U+304E 1285 960 114 129 U+3075 392 2203 125 94 U+6B64 1776 1442 152 88 U+3042 601 609 116 131 U+5C11 428 625 110 173 U+8A00 1396 603 152 138 U+3082 929 1362 99 114 U+306F 93 1655 86 50 U+6642 1791 1012 119 85 U+3089 1142 2051 36 115 U+308B 1630 2407 95 111 U+3082 1279 1275 103 110 U+305D 943 2776 92 126 U+306E 1610 2788 138 130 U+3066 1629 1491 59 131 U+3072 764 2504 103 115 U+6C99 605 1023 134 145 U+3059 636 2099 45 120 U+3089 469 2801 40 84 U+6C17 452 964 90 150 U+3031 1488 1008 87 201 U+304A 1459 2133 103 98 U+3086 73 2417 100 77 U+9053 749 1730 108 127 U+304D 1295 2030 53 127 U+3084 572 1715 139 68 U+3053 627 2234 50 76 U+306A 92 1221 82 128 U+3079 606 1407 113 140 U+6570 1457 930 103 100 U+306A 586 1906 90 101 U+604B 430 2594 100 112 U+3042 1815 2505 98 86 U+3042 1288 1392 106 104 U+601D 1100 623 119 114 U+3044 1271 1502 116 94 U+305F 806 472 54 103 U+3093 1131 1079 103 135 U+96E8 1632 999 89 106 U+4EBA 421 785 145 160 U+308C 797 1230 51 150 U+61F8 68 482 105 144 U+3082 1496 2208 44 90 U+3057 429 2720 92 80 U+3046 1308 2517 35 80 U+308B 1111 1535 104 129 U+308A 1836 756 56 108 U+3059 1320 826 44 115 U+307E 461 1730 44 111 U+61F8 1608 2255 120 149 U+306F 1647 1251 48 97 U+3059 297 1746 51 125 U+3092 267 2771 122 128 U+3057 1853 2731 18 187 U+308C 1628 1348 69 143 U+4EBA 1439 2401 159 142 U+308F 794 1977 41 130 U+304D 1648 1992 51 118 U+304F 289 2139 49 101 U+306A 78 2125 94 99 U+3068 982 1262 42 96 U+8B70 1120 745 131 130 U+305F 1131 2664 55 88 U+305A 780 2762 100 98 U+3046 1836 1547 42 148 U+304F 100 2492 53 104 U+306A 954 1490 67 74 U+304D 462 1562 47 111 U+3064 761 1183 113 94 U+308B 1301 2837 51 65 U+3044 1789 2200 147 83 U+304C 120 812 68 64 U+3091 1105 998 93 89 U+308A 456 1841 64 105 U+3070 1649 2523 85 77 U+305F 800 824 53 94 U+3051 798 710 63 115 U+3053 452 1268 64 91 U+6C70 606 1169 96 114 U+6211 1449 2014 127 123 U+306A 1297 1886 74 108 U+3089 1315 2592 31 87 U+307E 812 1059 36 96 U+304F 950 1557 59 110 U+304D 1322 1600 44 108 U+308A 454 2297 63 80 U+3075 1417 2300 138 117 U+304D 1097 2761 120 128 U+3082 796 2401 41 92 U+3068 299 1376 33 106 U+8170 258 2626 107 123 U+3088 803 2611 37 79 U+305F 259 1881 75 78 U+3059 807 582 38 120 U+3057 1848 1097 17 187 U+601D 1126 2367 80 87 U+304B 102 2020 39 101 U+3089 131 876 24 96 U+308A 280 1961 68 93 U+307F 1213 2678 151 76 U+3051 619 747 68 151 U+3078 1797 2681 130 65 U+308A 1657 2696 56 87 U+3057 650 2314 16 168 U+304B 1863 2285 43 72 U+3068 759 2818 38 100 U+3046 1300 1795 37 86 U+3059 643 1285 45 108 U+308B 1329 1199 44 66 U+6642 1640 889 93 102 U+308B 1859 2587 41 77 U+308C 1130 2533 62 116 U+3068 1152 2828 36 83 U+304D 634 1582 37 114 U+3084 1275 1726 107 76 U+304B 1658 2603 40 95 U+3057 1867 1840 14 240 U+304F 1148 2245 38 102 U+306B 1319 637 20 164 U+3053 971 2668 34 100 U+3057 1507 1315 12 193 U+304F 634 2001 32 85 U+306A 1466 2691 86 90 U+3089 801 2690 31 95 U+309D 476 1354 31 77 U+304F 1492 2713 76 187 U+304B 1156 1416 35 97 U+306F 1119 2481 80 53 seg_fp 794 2116 38 79 U+309D 1167 1645 29 70 seg_fp 1321 616 22 43 seg_fp 1660 616 53 148 seg_fp 136 757 15 64,200003076_00015_1
U+5916 433 2520 104 165 U+4E8B 760 740 104 198 U+547D 916 745 160 157 U+5DDD 408 1300 105 138 U+306B 1463 1165 76 95 U+3066 1830 1965 79 133 U+306E 741 1690 124 89 U+306B 1293 1817 70 99 U+4E2D 1803 462 103 127 U+51FA 1812 1729 115 79 U+306E 1437 631 117 97 U+5206 1471 906 87 121 U+5408 1771 1829 180 127 U+5165 568 1563 163 86 U+306E 1791 1120 121 96 U+3066 1108 2454 88 104 U+3070 964 2394 68 100 U+306E 412 815 117 93 U+306E 1100 2651 109 101 U+306F 1299 2163 77 47 U+306B 955 1981 77 91 U+4E2D 428 897 85 154 U+7AF9 1441 475 122 142 U+898B 1110 1149 106 119 U+306E 1810 2103 114 94 U+7ACB 1284 745 89 106 U+3051 440 1814 68 129 U+5E30 1614 1788 109 163 U+304B 417 1736 115 64 U+3066 589 2019 96 104 U+306F 946 919 82 44 U+3066 1303 868 50 125 U+304C 1488 2435 63 54 U+3066 1832 1574 56 127 U+306E 403 1448 118 98 U+305D 448 1949 57 107 U+304F 1650 1255 48 94 U+6CA2 1802 616 115 107 U+3079 751 471 117 130 U+3046 1653 905 51 143 U+6771 1468 1576 88 127 U+91CC 1821 1004 80 108 U+6211 758 1455 128 140 U+308C 1642 1913 61 147 U+8449 1437 743 121 153 U+3066 409 2147 98 124 U+3044 587 1661 120 68 U+3082 973 1514 46 96 U+3080 598 843 127 109 U+304A 421 463 113 92 U+304B 932 2082 112 66 U+3092 1479 1832 75 115 U+308C 1114 999 100 152 U+898B 1092 1612 125 158 U+3066 1666 2616 57 122 U+5915 1117 752 98 154 U+3084 1588 1183 129 68 U+3066 1595 1681 109 97 U+3042 764 1150 100 95 U+3070 1653 2067 76 108 U+3078 1113 2056 94 101 U+304A 944 1414 115 113 U+3084 1065 1294 158 74 U+8846 952 1866 95 129 U+304D 618 1036 84 153 U+6211 1276 2228 127 132 U+308C 959 1079 59 133 U+98A8 1463 2492 113 121 U+3051 250 716 117 123 U+53C8 892 2514 158 120 U+62DD 1814 1226 92 119 U+3042 934 2655 111 128 U+3070 1137 1487 58 109 U+3057 1799 2515 123 118 U+306E 1825 2792 145 96 U+53C8 1241 2445 169 102 U+8EAB 412 2274 123 184 U+3082 1604 788 111 110 U+306B 1831 1473 69 105 U+7B39 1617 2766 143 112 U+308A 1095 2342 107 119 U+7A0B 1264 1693 118 136 U+306B 782 946 61 91 U+308C 961 2233 60 146 U+306F 430 2452 80 44 U+6A4B 410 1565 116 132 U+3078 607 2408 94 128 U+306B 957 1219 73 84 U+304B 1258 2632 128 71 U+306E 408 1048 129 89 U+308A 633 558 50 114 U+6368 583 2130 131 122 U+3072 1651 2539 101 83 U+4E8B 1630 455 81 208 U+3042 1118 468 89 148 U+7F6E 615 2262 73 132 U+305A 777 1343 108 97 U+305D 956 982 54 96 U+5E74 928 466 112 173 U+7537 1141 2741 69 135 U+304F 1648 1432 62 113 U+305D 1263 2031 129 119 U+5F85 1273 1022 107 112 U+3059 1661 1041 42 109 U+3058 1459 1961 116 85 U+308C 1292 1543 77 129 U+304B 1105 2586 110 61 U+306A 268 460 103 86 U+4E2D 426 1144 96 142 U+6BD4 941 640 105 109 U+308C 1125 1367 69 112 U+82E5 910 1720 120 167 U+8863 1455 1046 107 104 U+3082 742 1040 112 100 U+9053 745 1782 111 127 U+7834 1450 1703 140 116 U+4E0A 1829 2204 91 89 U+304D 1288 593 54 128 U+306A 1648 2178 76 98 U+3060 1128 2167 74 102 U+3084 756 2740 132 117 U+3082 447 567 66 106 U+3068 1314 2529 37 101 U+3044 1442 2349 116 82 U+8DEF 752 1925 116 142 U+6BBF 1796 1352 140 114 U+3092 773 2064 116 116 U+3066 1442 2800 108 91 U+308D 594 1443 102 110 U+3075 884 1616 149 113 U+3084 569 2663 143 71 U+3075 1780 904 121 95 U+305A 773 2416 130 111 U+308A 1296 2791 62 90 U+3068 1865 2380 37 110 U+3068 1838 712 34 111 U+3068 803 1572 43 102 U+3082 1264 2339 116 103 U+304D 787 617 46 119 U+3092 1642 2265 122 138 U+304D 643 2541 41 101 U+3072 425 697 103 110 U+308B 1112 626 108 118 U+3057 1635 2370 106 84 U+3054 628 967 64 70 U+304C 1310 1374 57 47 U+3081 445 2065 64 74 U+306F 615 780 75 52 U+3069 1658 676 66 105 U+5FD8 752 2184 120 105 U+3044 1794 813 105 84 U+308B 1121 1946 118 107 U+305D 1305 1435 58 108 U+308B 962 2777 102 105 U+306B 1847 2296 68 85 U+5FA1 610 1205 97 93 seg_fp 1477 1270 62 114 U+305B 1459 2063 86 80 U+3055 607 465 66 91 U+3057 294 556 20 195 U+305D 1645 1359 50 78 U+305F 962 2120 59 111 U+3068 641 680 37 93 U+308B 274 838 45 64 U+3068 984 1302 40 123 U+3031 1849 2640 85 173 U+3068 645 2750 41 126 U+308C 791 2285 55 117 U+304A 1120 1764 94 74 U+305F 1655 2463 67 76 U+304B 628 1746 37 79 U+3057 1323 1131 19 212 U+306B 462 2711 33 180 U+306A 252 1032 109 79 U+3064 1457 2153 95 126 U+5439 1454 2619 110 107 U+306B 612 1825 65 74 U+3056 1138 890 73 114 U+304E 1290 2703 86 84 U+306B 1486 2752 47 53 U+3089 812 1244 35 103 U+3068 288 914 35 110 U+3068 805 2546 40 169 U+3053 1308 1923 45 92 U+304B 1857 2641 44 37 U+304C 1485 1395 61 52 U+308A 1487 1471 70 95 U+3057 659 1892 15 118 U+3053 618 1301 65 78 U+304F 1139 1826 56 108 U+3057 1668 1544 12 140 U+3059 1435 2270 120 80 U+309D 1155 2267 26 73 U+3055 1312 478 58 71 seg_fp 234 1129 81 123 U+571F 1472 2700 79 52 U+309D 646 1373 34 75 seg_fp 320 1121 16 414,200003076_00016_1
U+8A08 1394 1252 94 169 U+306B 1232 1410 76 92 U+3059 863 1436 106 89 U+5E78 1900 1936 121 127 U+884C 1387 2195 105 121 U+4ECA 157 2383 161 115 U+306F 198 2531 75 44 U+304F 1584 1680 56 103 U+3092 1728 1945 109 80 U+3031 1590 2454 71 176 U+306B 886 977 75 101 U+58F2 1724 1258 122 150 U+5176 1060 786 73 144 U+304F 1242 785 46 123 U+3066 1716 2253 101 90 U+306B 1058 2183 62 81 U+308C 568 2764 61 133 U+306E 1916 625 99 80 U+516B 684 1012 130 66 U+65E5 1764 785 49 71 U+308C 1231 1275 63 125 U+308D 1224 493 84 109 U+304C 219 2316 69 60 U+65E5 1763 616 47 76 U+306E 1894 2070 123 89 U+3066 186 1809 84 104 U+306F 1938 837 58 42 U+5FA1 1918 1811 103 106 U+306E 187 862 113 96 U+5FA1 391 1938 78 71 U+591C 1924 706 95 116 U+3044 1211 2258 107 77 U+4E94 1726 508 109 60 U+8AB0 1702 1607 141 146 U+3068 910 494 30 141 U+306B 1578 1391 76 85 U+65E5 1601 2654 53 78 U+3042 1569 1485 86 102 U+306E 1551 606 109 84 U+3066 1557 2228 90 103 U+4EBA 1902 1303 152 155 U+306F 1941 2498 52 41 U+4E8B 552 652 81 172 U+306F 1070 1077 73 51 U+306E 885 2802 115 85 U+98A8 1918 501 116 116 U+79D1 894 2648 96 143 U+6D41 872 1311 131 111 U+8FDA 1730 1500 120 92 U+5176 876 1538 83 152 U+7533 573 1888 44 144 U+306A 382 2665 90 69 U+305F 1581 696 67 150 U+5F8C 1052 940 99 123 U+7A0B 193 967 111 120 U+5C0B 361 2025 106 148 U+3089 1267 2806 50 104 U+308D 881 830 93 132 U+306E 528 845 107 90 U+304B 367 1428 112 64 U+3031 401 1738 69 187 U+306F 389 2195 53 44 U+307B 1761 2836 76 69 U+305E 1072 682 73 100 U+8D64 209 1163 90 128 U+306F 1242 2202 60 47 U+308C 1766 965 53 104 U+3082 357 1120 110 102 U+89AA 1212 1961 120 133 U+305A 1916 1711 117 78 U+53C8 1883 2389 158 99 U+305F 1074 1130 64 99 U+5C0B 1036 2284 103 139 U+6E90 695 888 122 116 U+3066 1028 1930 89 95 U+3042 188 1925 96 96 U+3092 876 1189 108 115 U+304B 686 1201 100 62 U+91CC 711 506 86 143 U+306A 1067 1553 66 90 U+3075 1708 2756 146 91 U+3042 525 938 97 93 U+672B 1371 2289 106 131 U+9054 1228 2097 85 93 U+3046 577 2654 50 130 U+3082 538 1449 94 105 U+3070 1082 2838 72 74 U+306C 692 1819 125 106 U+7A0B 1377 500 101 127 U+3075 1340 646 132 90 U+3031 734 2444 80 158 U+306F 211 1100 70 38 U+3078 543 2058 85 116 U+3084 1536 2348 134 63 U+4E8B 1393 2461 85 197 U+3066 682 759 84 113 U+306A 395 1501 72 92 U+5C0B 733 2617 89 158 U+3081 216 790 69 59 U+5176 1750 2346 73 139 U+3042 703 1651 91 84 U+305B 1546 1795 109 84 U+3070 904 2442 64 98 U+307E 1730 1844 96 93 U+516D 1743 704 102 69 U+3092 542 1345 115 111 U+306D 1035 2427 95 103 U+3046 398 893 32 118 U+306A 214 1402 72 90 U+3066 729 2790 83 108 U+3082 1913 1443 75 93 U+306A 1230 1182 75 95 U+3084 344 828 131 64 U+3044 369 2604 94 62 U+89AA 872 1714 106 119 U+4E16 1192 2468 127 84 U+65E5 1765 2498 46 78 U+307E 1247 1743 43 120 U+305B 1390 1148 92 93 U+304D 404 710 40 98 U+898B 1893 1547 103 136 U+5FA1 378 2245 87 75 U+66AE 1396 1587 90 156 U+65E5 1771 1421 52 65 U+3078 1375 2026 134 79 U+3069 584 2545 34 87 U+3082 1030 1449 111 91 U+3069 1432 2078 31 101 U+306D 1062 2753 81 94 U+306F 1236 1091 54 87 U+3082 1554 1049 96 91 U+5C71 891 2556 90 90 U+308B 1057 491 85 117 U+304A 1392 2672 102 99 U+306E 1368 2422 111 90 U+91CC 895 1846 74 120 U+3092 1930 995 98 112 U+3064 1922 1212 83 100 U+305D 900 661 51 93 U+6D99 874 1088 95 102 U+304F 1074 1638 52 107 U+306F 883 1979 86 47 U+305D 706 2218 107 105 U+5019 1406 1949 82 71 U+305D 1770 873 44 90 U+3046 1595 2412 24 78 U+306E 1916 2749 118 158 U+308B 706 1350 99 116 U+307B 199 1626 79 103 U+306F 1746 2583 92 43 U+3055 1762 1768 42 73 U+306A 1931 894 76 96 U+3092 1228 2550 106 99 U+3069 245 1494 64 119 U+7230 1060 2038 106 141 U+3059 403 1006 43 110 U+3089 1606 1577 26 97 U+3068 917 2009 38 122 U+306F 232 509 47 114 U+305B 539 1786 97 82 U+307E 1056 2616 82 82 U+304D 726 2000 70 122 U+308D 199 2752 72 84 U+305F 1078 2524 44 82 U+307E 1249 1510 57 92 U+304B 707 1492 90 55 U+306A 390 1229 68 87 U+3044 1743 2702 92 50 U+306B 1240 2373 73 87 U+4E8C 1381 958 107 65 U+306A 1589 1152 74 98 U+308C 1581 2054 74 161 U+91CC 1224 940 78 136 U+3051 893 2272 79 172 U+308A 1070 1332 58 112 U+3078 529 2503 129 66 U+3068 743 1083 29 96 U+308A 215 2024 59 126 U+3059 1226 1869 94 83 U+305D 1403 2774 76 118 U+3064 357 2436 95 115 U+305A 381 1685 103 88 U+3069 1605 499 61 91 U+305F 396 2515 48 86 U+3057 253 624 25 161 U+307E 567 1119 45 94 U+3055 733 1931 39 63 U+3044 185 2834 97 58 U+3089 583 1028 26 84 U+6570 1554 2766 139 122 U+307E 1951 2140 38 91 U+308A 1599 934 46 108 U+3044 538 2428 103 64 U+3055 1762 2047 38 71 U+3057 420 2748 16 169 U+3057 234 2148 25 160 U+304D 572 1571 55 109 U+308A 1954 2317 41 81 U+304F 402 1311 43 90 U+306B 718 666 56 87 U+6839 189 1297 116 97 U+306F 1063 2706 72 45 U+307E 1584 1954 42 91 U+3057 1276 1599 20 162 U+307E 1081 1744 39 98 U+3064 1900 2239 94 79 U+304D 1601 1270 39 110 U+3067 1370 812 100 124 U+305F 717 1261 51 80 U+308A 240 1718 45 91 U+3082 399 2317 45 99 U+3057 1099 1837 18 137 U+3053 748 2137 38 69 U+3068 1791 2620 35 71 U+3057 586 1211 16 136 U+304A 200 2592 75 61 U+3057 1442 1738 15 195 U+3088 1584 845 51 87 U+304D 899 2151 51 103 U+3061 723 2339 74 74 U+3057 415 508 25 182 U+3057 1260 612 17 156 U+3068 578 2346 32 83 U+3088 1074 1233 44 91 U+3057 589 2172 13 172 U+7121 525 519 135 129 seg_fp 1906 2551 123 192 U+304A 1240 2673 96 58 U+304B 1263 2312 29 64 U+307E 1937 1108 52 99 U+304F 738 1529 50 104 U+3068 1430 1028 37 110 U+304C 1592 1879 67 63 U+3057 1781 2115 17 142 U+3068 240 2651 29 96 U+308A 1425 731 38 89 U+309D 907 753 42 79 U+304B 745 2420 36 63 U+3089 751 1733 27 94 U+306F 1392 1471 94 111 U+304B 580 1695 32 89 U+304F 1270 2705 60 109 U+309D 1103 605 23 52 U+3031 1767 1044 81 163 U+306E 1741 1161 127 113 U+3089 412 1594 32 94 seg_fp 1412 1420 65 70 U+3066 118 2831 87 85 U+3048 1971 1637 26 54,200003076_00018_2
U+3044 576 2096 115 71 U+3092 426 828 126 80 U+306B 1966 753 80 104 U+4E8B 947 1526 81 189 U+306B 1616 1056 76 108 U+4E8C 1420 2080 113 62 U+4E2D 431 526 102 135 U+306B 1116 1608 75 92 U+306B 1442 1068 88 91 U+3066 1421 1340 101 105 U+307B 1424 2532 112 109 U+624B 1120 1460 76 141 U+306B 432 1278 92 102 U+306B 1280 883 75 108 U+3092 1265 1432 121 73 U+3044 759 1352 97 65 U+306B 609 1640 70 97 U+8272 1975 2555 76 129 U+5C11 933 1935 106 119 U+306E 1406 2173 148 92 U+3092 1767 1236 115 83 U+3092 1418 2408 118 93 U+3057 1822 2018 30 171 U+304A 1960 1760 106 70 U+3064 1099 723 106 112 U+306E 1946 2037 111 88 U+7AF9 1774 939 121 113 U+306E 1087 1266 121 96 U+306B 240 2428 75 97 U+5FA1 1097 1358 124 117 U+304F 796 1817 45 115 U+306B 1797 680 82 98 U+3066 577 877 104 88 U+662F 930 2482 100 141 U+306E 739 2425 117 84 U+306E 563 2832 130 87 U+5B9F 768 2295 89 132 U+3070 601 2484 74 101 U+304F 617 1988 43 85 U+3064 1263 2193 97 120 U+3066 1123 1014 59 127 U+3048 1786 1536 110 125 U+3046 960 1257 41 128 U+4ED8 1977 2705 81 103 U+306E 1078 2001 118 81 U+306E 1583 2591 108 80 U+86F8 1940 2144 131 127 U+5DE6 1115 1146 82 127 U+306E 1416 1959 109 95 U+3061 1109 2809 70 118 U+304F 236 2818 55 107 U+306B 1287 2450 64 85 U+7BB8 1765 1068 119 154 U+3048 410 2039 103 129 U+7D66 746 524 124 120 U+305F 609 2146 72 136 U+306A 930 2245 68 102 U+6731 1107 1706 82 148 U+671D 1428 1459 121 115 U+305B 213 2528 115 78 U+3064 1964 865 80 119 U+3066 769 898 87 70 U+9BAE 1431 1604 115 128 U+3051 1618 1292 70 126 U+8591 1781 532 101 124 U+304C 623 1324 64 48 U+306B 1441 2825 89 93 U+3064 1096 2097 96 122 U+3069 955 2346 63 122 U+306B 259 1364 80 97 U+308F 1630 1180 47 111 U+66FF 246 1824 83 130 U+3066 444 1707 51 121 U+517C 279 1030 70 128 U+8336 1611 2080 95 146 U+5E45 1587 2682 119 103 U+3079 1263 637 99 103 U+306E 1957 2824 106 102 U+306A 1117 522 69 93 U+307F 386 1601 156 98 U+306E 1243 522 119 118 U+5C61 749 1948 118 126 U+85E4 1771 2597 124 118 U+7269 1416 2284 115 100 U+3066 1950 1101 74 105 U+304D 755 2585 114 115 U+3093 1609 794 107 144 U+308B 1958 1441 114 114 U+8272 1785 2711 77 111 U+3042 602 522 87 109 U+96E3 584 1860 104 118 U+6F2C 1956 2293 106 148 U+3051 1281 2760 77 181 U+3051 608 2360 65 111 U+6368 578 1745 139 100 U+6D5C 570 2593 112 128 U+84CB 1096 1851 105 139 U+5857 1779 793 110 132 U+304B 458 1211 52 57 U+3084 737 1462 136 55 U+7A0B 429 690 104 115 U+63D0 1071 2532 142 110 U+5F15 1082 2402 107 128 U+6570 1260 1019 109 98 U+3066 1592 1772 91 111 U+51FA 926 528 123 76 U+306A 918 1818 118 105 U+5CF6 1591 928 130 133 U+306A 928 1373 96 91 U+6625 1769 2217 149 129 U+305F 1109 2670 76 137 U+3066 229 1961 88 120 U+306A 1595 1913 113 84 U+6298 1250 2307 122 141 U+3055 279 1177 65 81 U+3073 1432 964 106 107 U+5185 228 2326 93 98 U+5E83 1565 2785 140 118 U+3075 396 926 127 86 U+5B9A 1957 1845 87 117 U+3075 382 2577 140 96 U+306F 230 2628 91 40 U+6B6F 1284 1145 80 148 U+306F 1468 526 58 97 U+306E 1399 2632 126 127 U+53D6 1772 1338 125 92 U+307F 1399 721 144 99 U+713C 1947 1224 134 109 U+306E 1752 2822 162 88 U+305F 1977 1330 59 100 U+306F 776 2251 68 34 U+308B 448 2342 43 65 U+3089 765 1528 85 123 U+308A 1628 1528 70 125 U+3055 958 1161 57 93 U+3044 404 2501 118 75 U+3064 442 1015 80 140 U+679D 1261 1296 119 117 U+308A 1825 1775 49 124 U+3082 766 1242 90 91 U+6749 1940 536 124 99 U+9AEA 1262 1874 113 146 U+3042 589 973 109 103 U+7D19 1256 767 113 114 U+3075 1777 1925 124 82 U+7A0B 234 534 112 130 U+304A 1768 1682 119 89 U+6DCB 920 886 136 114 U+304A 420 1843 127 87 U+3057 275 2672 17 185 U+3057 1592 1432 115 89 U+56DB 1263 2108 108 60 U+306A 759 2497 73 82 U+67CF 744 2696 125 125 U+3068 799 971 38 109 U+305D 1801 1432 57 103 U+308A 952 770 68 111 U+307E 794 662 45 106 U+6240 224 1580 97 108 U+3092 1105 2279 105 107 U+3044 752 1065 118 84 U+307E 449 2154 50 103 U+7D50 1432 829 109 123 U+61F8 1280 1713 97 126 U+677F 1946 655 138 87 U+3057 1264 2549 101 83 U+3055 949 2069 58 82 U+6885 1944 2444 109 102 U+3075 716 1152 138 99 U+307E 286 833 47 97 U+308A 1990 1962 41 79 U+306F 1275 2043 74 38 U+308A 280 927 63 94 U+304F 1117 612 52 91 U+3051 1973 998 55 99 U+3088 953 673 48 96 U+3092 760 2825 115 107 U+309E 631 2281 49 70 U+3060 1627 1661 88 98 U+308A 937 2748 80 168 U+713C 577 2724 126 96 U+3084 1403 1866 132 85 U+3059 370 2263 143 83 U+307F 1255 1520 126 110 U+306F 452 1395 58 105 U+4E0B 609 1508 59 118 U+3059 1629 2454 44 121 U+304F 1797 2490 56 100 U+3075 1727 2355 142 88 U+3092 226 1697 112 118 U+3068 460 2417 29 90 U+3089 633 626 33 100 U+3057 811 1648 16 160 U+308A 1643 528 59 147 U+305B 1267 1625 98 73 U+3058 1600 2266 104 88 U+3057 809 2068 16 167 U+308A 625 1076 55 111 U+305F 272 715 60 118 U+3089 291 1266 37 97 U+3088 947 2645 38 92 U+308B 958 601 52 73 U+3068 1995 1561 36 93 U+3057 977 988 21 155 U+306F 268 679 66 39 U+308B 966 1453 47 71 U+3055 1475 623 47 92 U+3069 1303 2633 73 118 U+3057 463 2747 21 120 U+304D 1643 680 47 111 U+3086 1610 2356 76 99 U+53C8 217 1469 145 95 U+3075 193 2234 130 97 U+3055 1469 1738 40 75 U+304B 1130 830 37 64 U+306D 1098 903 107 103 U+308B 1630 1992 60 68 U+3057 817 763 16 130 U+3057 633 722 20 172 U+304B 958 1727 39 83 U+304A 242 2089 107 77 U+3055 445 1935 53 101 U+7121 560 1384 144 83 U+3055 444 1503 53 95 U+3081 416 2865 84 61 U+306F 441 2661 43 90 U+308B 1137 2207 40 67 U+309D 1992 1656 26 75 U+3057 1483 1171 13 161 U+304B 1457 2753 43 57 U+3082 276 2155 46 84 U+3057 653 1185 19 131 U+304B 1812 2445 33 60 U+309D 485 1144 29 53 U+309D 966 2153 28 76 seg_fp 622 1461 30 62 U+306E 363 2883 59 54,200003076_00023_2
U+3092 753 2569 120 101 U+3066 1978 1517 66 129 U+306B 251 982 78 96 U+3044 224 2470 114 76 U+4ECA 391 484 147 132 U+306E 1606 2804 119 101 U+5973 1929 742 139 78 U+3080 1107 1303 106 95 U+5408 395 1388 139 119 U+308C 1631 2399 63 132 U+96EA 917 1184 105 140 U+4ECA 1586 1931 161 129 U+3092 1767 664 113 82 U+65E5 766 630 55 71 U+3080 1960 1318 110 94 U+5341 925 2528 85 100 U+3092 1266 884 113 88 U+3044 1959 1430 99 74 U+306E 1264 2161 116 83 U+308C 1281 1533 65 144 U+5165 518 1765 169 89 U+306B 441 997 61 95 U+306E 889 1333 125 87 U+3070 1803 1808 63 112 U+4E09 1751 2076 140 89 U+3044 1946 2032 125 68 U+3044 1775 2398 116 73 U+306B 590 1505 81 90 U+307E 794 2338 48 105 U+5F8C 1953 477 102 132 U+3064 234 2571 103 118 U+6B64 1960 636 88 87 U+306B 1467 2812 68 93 U+6B64 1618 2550 97 88 U+305F 1458 1728 67 90 U+3042 1611 2328 97 91 U+3066 1627 1538 59 115 U+308C 1631 1782 69 127 U+304B 745 2172 110 65 U+306F 1111 2732 75 189 U+3031 932 1639 94 160 U+4E8C 1776 1950 120 59 U+3067 1421 916 116 104 U+306B 1450 1843 79 94 U+305F 262 1210 56 94 U+3064 753 1735 99 115 U+3089 1295 1431 57 111 U+306F 1789 2334 84 43 U+5176 1103 2377 77 185 U+5EA6 1756 2187 139 130 U+304A 1272 479 118 85 U+3066 413 2740 118 114 U+306F 1454 1035 63 37 U+622F 207 2094 159 177 U+4E00 743 2048 116 32 U+3046 1993 1080 44 108 U+306E 562 2381 116 81 U+3082 1959 1893 97 115 U+3084 1559 703 149 75 U+3064 1953 1190 101 110 U+304B 1421 1656 113 71 U+304B 1301 1899 46 56 U+306F 446 2868 84 42 U+304B 1262 1005 115 66 U+3057 1596 470 96 84 U+6D99 1972 2343 100 105 U+66FF 1442 580 72 118 U+304B 737 744 119 67 U+5165 1039 840 176 90 U+3059 549 2632 149 125 U+624B 765 1597 69 129 U+305B 587 1918 75 125 U+3082 725 1367 112 112 U+8DE1 1609 2663 135 123 U+4E09 727 483 115 88 U+5FA1 590 2492 103 83 U+5C0B 1786 1389 95 155 U+306B 1297 2832 79 75 U+591C 1099 2585 106 131 U+308D 1271 759 98 113 U+305A 1978 2179 110 126 U+3051 1780 1530 110 104 U+304A 407 1111 121 94 U+304B 410 644 107 69 U+5176 259 469 71 176 U+308C 926 604 67 135 U+3058 798 890 45 149 U+662F 600 788 84 133 U+7D66 585 2056 94 131 U+305A 923 1062 111 103 U+306A 1592 869 94 93 U+308F 1644 1675 45 108 U+3042 1965 2716 107 100 U+6614 423 1547 71 136 U+304C 442 1921 70 46 U+305F 780 2238 62 85 U+4E00 902 2677 108 33 U+305F 439 714 65 80 U+305F 776 796 57 92 U+304C 1825 2881 66 53 U+3046 1125 1728 35 82 U+3066 1998 2602 41 101 U+5BAE 246 681 97 123 U+5FA1 762 1513 99 85 U+308A 1114 1972 69 115 U+3081 1615 604 60 52 U+69D8 1425 1493 127 124 U+304F 1984 2448 68 79 U+69D8 225 829 133 130 U+304C 1470 2415 65 48 U+308D 1779 926 101 91 U+3051 1286 1078 73 116 U+308A 2027 2811 52 109 U+7269 1603 1045 109 106 U+6708 937 2772 77 149 U+964D 922 1913 110 143 U+5BAE 1440 1347 94 131 U+307E 1456 789 53 120 U+305F 609 2832 65 99 U+3053 1297 582 70 101 U+308B 1436 1189 97 126 U+601D 382 1986 135 91 U+308A 1457 720 36 72 U+3092 236 2799 123 125 U+3078 1267 2090 122 86 U+306F 1813 2453 49 73 U+3084 572 1105 116 79 U+3072 413 1295 99 98 U+305B 1286 1290 70 128 U+304B 1623 794 33 44 U+3082 893 768 98 92 U+7269 1950 1658 122 97 U+305B 1089 930 82 108 U+4F3C 228 1110 113 106 U+307E 421 889 91 96 U+3073 1087 716 112 114 U+3092 1964 1756 117 109 U+3082 1812 1003 47 87 U+307B 592 1319 92 92 U+5FD8 897 486 120 113 U+3075 533 2190 142 107 U+3084 887 891 140 65 U+8A9E 1040 1843 152 122 U+3053 1802 762 63 92 U+3055 1983 841 54 70 U+7D66 1091 1049 103 127 U+3057 1655 1235 22 181 U+3059 1257 1972 108 111 U+308F 1308 2234 43 95 U+308F 797 2723 43 101 U+304F 1797 1284 69 99 U+307F 1927 2532 142 91 U+3081 922 2178 108 121 U+6642 578 2287 104 80 U+308C 258 2653 54 132 U+305D 949 2076 53 84 U+4E0D 1449 2499 98 108 U+3068 450 2312 28 91 U+3055 605 1838 44 72 U+306F 614 478 48 95 U+306F 255 1428 80 60 U+306F 603 742 80 37 U+3057 2011 912 23 153 U+3072 1095 1188 103 103 U+3082 447 1182 43 94 U+304B 784 1848 35 57 U+616E 1416 2629 133 161 U+3089 801 1906 33 96 U+3057 1612 1441 104 97 U+3057 1093 483 98 79 U+308A 796 2444 61 105 U+3068 624 1199 29 97 U+306A 1800 1197 59 87 U+3042 910 1430 115 129 U+306E 1081 593 94 120 U+3064 1074 1432 125 48 U+304F 775 1238 51 95 U+308B 430 2541 83 109 U+51FA 1428 472 118 91 U+304C 262 1733 74 44 U+308B 1626 959 48 66 U+306F 2000 2087 39 85 U+3055 445 811 43 75 U+305D 1609 2190 103 129 U+3059 1310 1697 43 107 U+6295 552 1621 140 116 U+3057 1491 2221 24 184 U+3055 944 1561 48 105 U+3078 1241 1838 152 66 U+308B 237 2251 97 115 U+307E 1122 1481 49 97 U+306A 772 1154 73 93 U+3053 1638 2081 46 95 U+3080 1222 2498 178 88 U+306F 424 2102 69 45 U+3051 774 1062 60 84 U+3068 951 1793 31 114 U+3059 1316 2408 36 88 U+3089 954 954 32 94 U+3068 278 1316 36 101 U+308B 442 2147 43 78 U+3055 454 2649 37 78 U+3055 1456 1093 54 82 U+304C 1314 2332 65 64 U+3053 1636 1161 46 71 U+3042 1444 1955 95 101 U+3053 258 1626 55 90 U+308A 1817 2610 62 96 U+3057 1142 1579 23 127 U+8A9E 406 2426 112 108 U+4F3C 227 1793 114 97 U+3055 1817 2528 45 81 U+3055 1301 1192 43 91 U+3068 1314 2716 32 111 U+304B 797 2830 44 86 U+3078 578 679 140 77 U+3057 631 927 21 159 U+3060 612 579 69 88 U+3057 460 1682 13 212 U+308C 1786 1647 92 149 U+3057 1847 2699 13 180 U+3057 977 2290 14 192 U+3057 1145 2100 15 260 U+3057 1825 463 16 204 U+308A 1472 2060 52 160 U+3069 265 1501 58 122 U+309D 454 2227 24 68 U+3082 1305 2628 33 93 U+3068 1831 1090 34 100 U+309D 629 1408 30 76 U+304B 622 2753 35 77 U+309D 287 2359 30 73 seg_fp 1322 682 28 79 U+309D 1832 857 24 67 seg_fp 287 1885 33 63 U+3068 266 1953 44 124 seg_fp 1298 2584 38 52,200003076_00024_2
U+6238 438 2038 87 159 U+4ECA 1115 854 118 145 U+306B 268 1028 66 110 U+3092 771 1886 112 84 U+3070 785 1133 109 60 U+306B 785 660 77 95 U+306E 1467 2301 116 102 U+624B 611 1124 85 157 U+308C 1486 646 104 163 U+306B 1837 1273 78 99 U+3092 1461 2062 128 89 U+5B58 1305 2458 99 132 U+524D 1486 2395 92 136 U+76EE 1498 2182 73 105 U+306E 1815 1624 116 86 U+662F 798 2418 91 137 U+306E 1460 1823 112 94 U+3092 1809 2273 137 96 U+4E8B 1837 2070 91 214 U+4EBA 1799 1482 149 151 U+304B 436 1844 105 76 U+804A 1289 2296 112 153 U+7A0B 1287 1465 105 131 U+4EBA 1080 2523 179 146 U+3066 949 2167 90 97 U+65E5 1149 1411 51 77 U+5B50 1827 1725 92 89 U+591C 1116 2113 114 166 U+306B 1303 1607 77 94 U+4E8C 1815 1396 114 58 U+7ACB 781 781 94 105 U+3082 249 1658 105 101 U+306E 937 918 115 96 U+3092 1627 1696 128 82 U+305C 1287 2606 112 87 U+304A 1284 1733 113 85 U+3055 1328 1343 56 93 U+3092 449 2186 94 118 U+4E03 1098 1318 130 67 U+7533 636 524 43 146 U+304D 1858 2867 68 119 U+5185 792 1200 86 126 U+7D66 1472 1233 101 133 U+3042 1114 522 100 102 U+4F55 1279 535 104 129 U+3057 940 814 111 82 U+6728 618 1716 83 118 U+3082 1841 2535 72 98 U+3082 635 678 42 107 U+304A 1290 794 124 88 U+308B 253 1420 109 124 U+5973 219 1555 166 71 U+3055 1858 2414 52 82 U+3082 1116 2651 94 97 U+304B 253 1280 102 73 U+5EFF 1125 1211 82 108 U+7709 602 2460 103 124 U+4E21 441 664 98 118 U+5165 214 534 164 91 U+4E16 225 931 142 89 U+79C1 430 528 111 114 U+3088 1848 847 52 88 U+6065 1627 1253 125 108 U+9580 785 516 98 119 U+3070 1482 1586 104 45 U+308B 257 782 94 124 U+53C8 219 1139 160 112 U+3068 473 1896 41 128 U+56E0 1673 2778 80 100 U+3082 1828 728 76 99 U+6709 1839 1941 76 128 U+3082 1095 1699 112 112 U+3051 256 642 115 133 U+9593 620 2611 103 112 U+601D 1804 527 121 98 U+3072 1848 628 48 87 U+306B 441 928 77 101 U+308D 1636 772 103 125 U+3042 261 1778 106 97 U+305A 1298 2707 99 104 U+3066 589 1959 109 121 U+5C71 1479 1924 90 110 U+9867 1638 1920 107 118 U+306E 945 1853 113 141 U+3059 1667 2043 87 98 U+7533 997 1688 43 150 U+5263 1455 1695 139 107 U+5FA1 795 2641 85 89 U+592B 432 805 127 118 U+304F 643 2320 45 125 U+304B 424 2561 115 72 U+308A 766 1750 93 127 U+305D 1670 2664 85 108 U+3053 1670 614 64 148 U+679C 1668 2898 92 96 U+3082 1645 1796 89 109 U+6B64 621 2090 91 76 U+3082 1801 1824 104 98 U+3070 1495 2938 96 44 U+305A 639 994 73 116 U+4E16 933 2287 150 81 U+306A 1486 520 80 118 U+3066 940 2887 104 91 U+3066 421 2836 102 130 U+3051 1506 2819 70 116 U+308C 793 995 61 130 U+308B 1676 2473 88 113 U+3072 1293 1007 107 95 U+306F 1322 2222 58 44 U+3082 952 2476 84 109 U+305A 1506 1452 75 133 U+7533 1686 2167 41 145 U+3042 778 1988 105 115 U+3088 805 1337 51 91 U+306B 638 1853 60 94 U+308D 602 1378 106 139 U+5FA1 1644 514 102 97 U+3051 802 2106 61 151 U+308B 1828 1140 103 129 U+304B 1647 2324 102 69 U+5272 593 1566 106 134 U+3093 1314 1192 95 137 U+308A 1005 2837 38 95 U+304B 300 2094 47 64 U+3068 1521 2543 38 109 U+306A 1142 1816 80 113 U+308A 791 1432 74 113 U+3082 1275 2877 117 108 U+61F8 785 2251 111 143 U+305E 273 1967 109 114 U+307E 458 1059 62 116 U+3055 1331 2809 42 63 U+3057 1118 2770 113 102 U+3068 1679 1119 34 108 U+898B 427 1190 108 151 U+3079 448 1553 102 125 U+304D 1149 1921 65 179 U+307C 1283 1844 98 111 U+305D 1113 2392 112 117 U+3092 632 2722 78 99 U+3070 1144 731 58 107 U+306E 614 1518 87 52 U+3053 634 1296 41 78 U+6708 1144 1526 61 161 U+3042 600 797 95 107 U+3068 817 2896 32 87 U+3055 466 2315 45 77 U+5019 450 1477 87 73 U+304F 780 1560 79 93 U+4E0A 978 2379 63 77 U+307E 993 2765 37 70 U+308C 981 1357 59 118 U+5BB5 1131 1022 81 174 U+3055 1672 893 46 76 U+3051 1321 1111 59 81 U+3057 1477 831 109 94 U+3048 433 1349 101 123 U+3070 986 1011 47 110 U+3065 960 2685 93 105 U+3089 1175 2877 31 106 U+306F 1485 1377 90 70 U+3078 594 919 130 77 U+3080 1654 1532 104 93 U+3068 1333 678 26 100 U+305F 462 2622 56 75 U+304F 1476 2666 91 70 U+5165 716 2734 213 100 U+3053 981 1996 59 84 U+3089 1864 937 30 97 U+3069 1516 2732 33 89 U+307E 977 527 53 116 U+3072 1475 1127 93 102 U+305B 962 1131 78 97 U+3053 1159 2290 41 82 U+3057 479 2394 18 167 U+3057 1679 970 23 148 U+304D 472 1693 44 131 U+3088 813 891 39 98 U+3056 1849 1029 73 98 U+3088 982 1480 41 80 U+3068 996 1563 33 110 U+305F 1498 929 60 83 U+3057 961 2593 87 85 U+3057 1883 2657 15 204 U+308B 1677 1623 44 65 U+3089 1164 623 33 113 U+3078 800 2589 95 66 U+3057 998 642 15 144 U+3078 736 2863 163 60 U+3053 1693 2590 37 70 U+308B 311 1870 45 83 U+3089 1002 1235 32 130 U+3057 1017 2080 18 121 U+3081 454 2715 70 120 U+309D 305 1360 33 49 U+8A0E 578 2854 148 120 U+3082 1327 890 46 102 U+304C 1506 1020 71 91 U+3050 818 1658 51 70 U+5019 816 2785 29 67 U+309D 1693 2390 42 80 U+3057 1693 1347 13 182 U+3057 309 2171 19 309 U+53EC 1319 2016 61 87 U+3068 1335 2098 37 110 U+3057 1350 1939 24 109,200003076_00035_1
U+4ECA 423 1178 151 149 U+306B 1839 2345 81 107 U+306B 818 2411 74 104 U+5B9A 1654 757 99 154 U+3066 1292 2376 109 135 U+5EA6 1470 1765 124 142 U+5E30 1984 822 113 152 U+821F 1948 1806 165 121 U+4E2D 612 1643 97 164 U+3092 1667 1545 74 109 U+4ECA 417 1696 148 132 U+306B 1309 1152 85 101 U+306B 2028 1944 70 102 U+540D 1285 2014 121 161 U+3070 1841 1318 58 109 U+3066 799 747 60 152 U+5BFA 1115 1032 100 165 U+306F 456 462 99 44 U+725B 1123 454 100 167 U+306E 609 1824 118 105 U+4E0B 2020 1573 81 105 U+3059 1333 609 50 135 U+306E 1795 1619 121 95 U+3070 1684 1904 54 95 U+3066 2006 654 65 152 U+5E30 1301 1267 101 150 U+7F6E 2007 471 72 150 U+306E 1653 2311 117 98 U+7ACB 810 2062 86 109 U+306F 1314 765 80 49 U+305A 1628 1026 135 100 U+304D 278 1409 77 118 U+304F 479 1041 49 121 U+306A 469 2194 101 87 U+7C73 1484 455 81 152 U+306E 929 1568 123 104 U+306B 479 2080 68 96 U+3066 621 1416 72 122 U+672C 1306 1007 107 130 U+795E 960 1874 100 179 U+662F 800 462 94 150 U+8CC0 1656 2139 96 147 U+3044 1469 2457 115 79 U+4E92 1834 2156 76 157 U+738B 1117 662 105 89 U+3082 1627 617 90 113 U+305A 479 559 73 132 U+7B11 1152 2742 107 144 U+3070 281 699 66 102 U+4E8B 1819 824 93 220 U+306E 1803 749 115 101 U+843D 782 913 96 152 U+306A 639 2072 104 78 U+3066 1118 1752 90 109 U+3066 1474 2806 117 104 U+6240 270 2422 110 97 U+4EAD 785 2525 116 146 U+91CE 1659 2639 119 147 U+3066 826 1901 47 136 U+56FD 1308 849 93 129 U+6795 1612 475 149 123 U+8DB3 1823 1460 99 142 U+3066 983 2205 57 136 U+306B 808 644 59 99 U+304B 1998 1290 100 69 U+3057 618 1942 112 84 U+306E 1985 2061 118 142 seg_fp 953 2365 140 144 U+308B 1314 1451 118 109 U+3079 783 1180 122 118 U+306C 274 2317 121 99 U+3064 448 2299 103 124 U+53E4 954 1259 82 122 U+7B11 278 1086 110 110 U+8005 243 1552 142 117 U+51FA 631 721 105 76 U+304D 967 674 50 122 U+306E 1659 2805 135 104 U+306E 1303 1866 106 110 U+3042 278 2581 101 83 U+6B64 1980 1155 138 89 U+5FC3 2016 2339 121 70 U+306B 972 963 57 107 U+3066 266 1777 88 108 U+306E 940 1793 118 96 U+3042 1475 2326 93 96 U+3066 966 1066 51 158 U+3082 1819 2028 89 102 U+5C4B 273 953 93 100 U+9063 1102 1874 144 151 U+3092 1124 1485 117 124 U+6B8B 1302 2156 137 123 U+308B 2002 999 94 121 U+56DB 1475 1600 113 54 U+5BBF 279 826 89 121 U+3064 633 2690 96 142 U+308A 2048 1703 28 84 U+3082 612 2575 110 91 U+4E3B 772 2695 114 93 U+5927 1490 788 94 89 U+7533 296 475 45 131 U+3055 1850 1727 44 84 U+5C71 963 1685 98 88 U+5C4B 1469 626 102 102 U+3042 1302 463 106 148 U+4F8D 1128 2216 97 104 U+3073 608 586 127 123 U+5FA1 1853 2488 90 82 U+308C 1834 1163 63 135 U+4E0A 1669 2478 86 97 U+308B 2018 2205 93 118 U+306A 1829 1063 82 103 U+4E8C 1279 2529 171 55 U+305B 244 616 111 80 U+304C 321 2522 69 52 U+4E94 1452 1697 147 57 U+91CC 970 1423 68 120 U+897F 1129 808 106 92 U+6B64 586 1557 153 98 U+514D 1847 2594 119 121 U+591C 1826 605 100 135 U+60E3 593 1072 127 108 U+308B 1814 1904 105 129 U+3044 430 1978 117 95 U+304A 451 718 111 86 U+307E 302 1908 50 106 U+3081 1663 931 67 88 U+3092 816 2791 69 106 U+5802 1311 2740 112 124 U+3068 479 1353 35 114 U+898B 949 2061 117 146 U+305F 310 2132 49 84 U+3060 300 2025 62 97 U+3059 820 1064 43 107 U+99B4 1452 1935 126 117 U+3053 1135 1215 75 92 U+5E8A 1644 1415 123 114 U+305F 492 2395 51 86 U+3055 824 2200 48 89 U+5927 1124 935 95 81 U+77E5 2022 2447 105 96 U+4E00 1811 476 103 25 U+5B58 473 2617 94 119 U+4ED8 1146 1622 68 122 U+306B 1504 2733 50 70 U+3072 1638 1290 114 116 U+3064 1479 2615 87 122 U+308D 1130 1385 85 112 U+304D 1135 2540 115 117 U+3075 756 1805 133 105 U+5974 934 845 150 78 U+3092 1475 1452 121 126 U+4F0A 1649 2026 115 105 U+305D 495 814 39 96 U+3066 2034 2766 84 122 U+5D0E 1466 911 102 107 U+306B 299 1678 56 90 U+3057 835 1303 17 197 U+3082 1142 2624 96 96 U+3088 641 464 47 104 U+307E 800 2301 90 95 U+308B 1483 2180 88 134 U+3068 833 1523 33 120 U+3055 2046 1441 40 108 U+3051 1675 1775 74 135 U+308B 1136 2323 105 114 U+3092 630 2446 117 125 U+3089 499 915 28 108 U+3044 1466 1145 102 85 U+3059 483 1849 48 115 U+3055 1512 2523 44 75 U+3042 1650 1154 83 116 U+3057 1175 2046 16 168 U+7B11 798 1659 96 141 U+7269 621 2364 111 89 U+6708 1340 2609 59 138 U+308B 1482 1326 90 115 U+3089 996 2817 38 82 U+306E 1333 2865 78 50 U+304D 1685 1676 40 85 U+3075 919 2521 135 77 U+3057 666 2169 14 180 seg_fp 2053 1354 37 85 U+3088 1351 1556 37 93 U+305F 1493 2056 66 109 U+3075 409 1582 133 116 U+308B 1011 2582 41 66 U+3057 658 811 23 231 U+3044 433 1481 105 89 U+308B 473 2745 100 135 U+306F 1825 1833 88 64 U+305F 989 2740 56 75 U+3078 1461 1249 128 68 U+3068 1362 2276 28 90 U+3068 1519 1026 29 104 U+3066 1151 2441 67 93 U+3068 1870 2767 34 113 U+3068 500 2483 34 103 U+3046 995 2654 40 98 U+3089 323 2221 20 98 U+3057 320 1209 12 188 U+304B 659 2847 43 53 U+3057 2063 2558 16 201 U+309D 1177 1311 28 73 U+308A 273 2708 84 140 U+3057 997 456 13 194 U+3057 1361 1648 13 158 U+3068 504 2830 43 79 U+3058 665 1186 39 211,200003076_00037_2
U+306B 647 2026 75 100 U+306B 645 658 64 105 U+3066 816 2888 112 140 U+3082 831 1049 64 104 U+7247 1162 2605 101 128 U+3066 1883 1671 58 133 U+4EBA 593 1902 177 149 U+624B 1339 1151 74 157 U+306E 1469 710 123 98 U+3092 1152 2383 121 80 U+306E 1487 2617 120 93 U+3089 672 2264 54 114 U+306E 1837 555 133 116 U+3066 1347 1435 65 134 U+306E 1843 2104 118 87 U+306B 831 2048 74 101 U+624B 1184 2743 86 131 U+306E 799 1579 118 89 U+306E 1661 2539 118 94 U+5DDD 1684 1232 87 132 U+306E 804 850 113 91 U+306E 1855 2310 133 89 U+3066 1858 1289 98 87 U+6C17 1876 2574 119 151 U+828B 1673 1065 95 159 U+3066 627 905 100 102 U+306E 967 1052 124 89 U+3066 1169 2096 68 143 U+3066 1315 2290 115 104 U+306E 1308 1847 118 83 U+82B1 810 1165 113 136 U+4EBA 1473 560 151 142 U+5973 1809 2213 153 75 U+306B 1690 1787 87 97 U+6368 619 2142 143 115 U+3092 993 1282 109 83 U+3089 673 1011 56 115 U+5973 765 959 165 72 U+5F8C 982 2711 122 147 U+6240 1473 2509 125 104 U+898B 1147 953 107 131 U+96EA 1152 565 106 153 U+3082 1861 1393 101 84 U+306A 1685 782 87 72 U+308C 654 2368 77 140 U+3070 1186 1197 58 109 U+6765 1327 1687 117 152 U+306D 1857 1081 113 118 U+706B 1174 2245 87 125 U+3046 1003 1817 58 147 U+3092 1320 1061 119 82 U+97F3 1000 570 70 145 U+99B4 1666 2646 131 130 U+5712 828 1299 94 153 U+91CC 830 1912 71 123 U+306F 1872 2514 88 54 U+3066 1486 2401 102 100 U+308C 1182 1063 61 129 U+306F 988 2850 113 174 U+99B4 1323 1317 108 120 U+540D 1483 2698 115 136 U+305F 672 1271 56 98 U+713C 1155 2472 143 119 U+3081 1001 967 74 68 U+67D3 1689 2791 129 113 U+308C 668 1114 61 145 U+3057 803 1678 126 83 U+3072 1858 877 118 103 U+3075 1811 1812 144 95 U+305A 1003 1698 120 117 U+4E16 615 564 125 79 U+91CC 1692 1646 77 122 U+305E 666 2896 108 110 U+5F80 1317 1579 130 125 U+307F 589 1621 166 87 U+3042 1477 965 106 93 U+3075 761 570 151 96 U+7B39 1482 1578 130 125 U+82E5 1636 1903 122 168 U+9053 638 2531 112 142 U+306A 1885 1486 71 81 U+7CF8 1001 1136 99 143 U+3092 1877 2905 132 120 U+308A 1495 2284 96 144 U+61F8 1162 1941 107 145 U+9063 1828 689 145 176 U+3082 1190 2945 50 74 U+5C71 822 1463 99 93 U+3072 995 2591 110 111 U+306A 992 1502 111 94 U+3089 1358 665 38 103 U+9942 1310 786 114 111 U+99D2 1312 1964 132 121 U+3031 1003 1987 100 171 U+4F4F 1479 831 113 109 U+98E9 1308 906 127 131 U+8896 1333 2406 123 99 U+3068 1705 1351 39 110 U+3046 1883 2384 58 135 U+3055 1022 1607 41 80 U+306E 620 1390 117 101 U+304B 1832 995 134 82 U+3082 843 1771 44 103 U+307E 817 2167 98 119 U+7269 1513 2811 112 93 U+306A 1178 1321 62 94 U+304F 1890 1561 61 115 U+3061 1346 2611 72 105 U+3044 1661 1460 107 82 U+308B 470 907 94 122 U+3075 1640 1544 132 100 U+308D 1662 662 99 102 U+306A 1885 2729 66 74 U+306B 1193 2876 55 68 U+3080 1627 2187 148 139 U+847A 1495 1727 114 227 U+308A 1882 1989 71 99 U+3092 1493 1974 111 123 U+3068 1033 2136 48 131 U+304B 1185 745 41 82 U+308B 1511 1432 106 137 U+308C 467 729 89 161 U+308D 993 2456 89 129 U+3066 1511 2963 97 77 U+3072 1158 1821 114 112 U+3057 1668 551 95 107 U+306E 823 2434 82 79 U+304A 1000 2273 83 78 U+306F 1013 1397 49 95 U+5FC3 641 2714 127 54 U+306F 1359 2734 41 78 U+3068 1557 2892 27 76 U+677E 1648 2072 110 100 U+305F 1875 1908 66 78 U+3057 1030 721 17 228 U+3068 1205 821 30 119 U+3069 1921 2803 67 105 U+308A 844 2792 55 100 U+308A 855 742 38 101 U+305D 841 2708 47 84 U+3068 710 2779 32 114 U+3064 1497 2123 86 114 U+3046 1195 1607 40 91 U+3057 1714 866 15 192 U+3059 664 782 34 117 U+305F 831 664 57 74 U+3081 1354 2205 66 80 U+305F 1519 1314 52 98 U+3068 1899 1193 31 92 U+6709 1705 2907 68 96 U+3068 1211 1418 37 111 U+3068 1369 2092 29 114 U+3072 1333 560 100 99 U+3089 1373 2815 28 100 U+3057 686 1711 14 183 U+9AEA 788 2542 141 146 U+3075 1294 2925 143 101 U+3089 1536 1058 33 93 U+304B 1011 1963 42 54 U+306A 488 581 67 120 U+309D 1216 1528 30 77 U+305F 1185 1697 69 94 U+3057 711 1483 17 129 U+3066 1658 2975 95 55 U+3068 1035 2337 36 118 U+3057 1531 1080 20 226 U+309E 1556 2227 45 43 U+3046 1362 2504 39 109 U+3057 1730 2395 15 137 U+304B 1706 2329 34 69,200003076_00041_1
U+5E0C 935 2269 93 152 U+306B 1321 1903 67 93 U+4E2D 1451 1608 96 135 U+306E 1312 1354 78 66 U+898B 639 475 90 126 U+4E8B 304 703 92 186 U+306B 615 2586 69 100 U+306B 1487 686 75 91 U+4E03 1461 482 113 68 U+4E8C 617 1276 102 49 U+3031 967 880 93 174 U+3082 1325 2125 48 108 U+3092 1630 1987 109 68 U+306E 1116 1495 106 93 U+5206 1825 2639 83 127 U+306B 949 2439 74 70 U+547D 1802 1288 138 119 U+65E5 648 1362 59 79 U+7F6E 954 1287 71 120 U+306E 1626 2204 103 111 U+306E 1805 1417 105 80 U+3066 1635 1417 81 100 U+306E 933 1205 104 90 U+304A 768 2282 96 87 U+3065 771 2457 114 103 U+306E 1439 1749 104 82 U+898B 300 472 106 125 U+8001 1615 1852 124 138 U+3031 461 1284 83 172 U+7F6E 1828 480 81 146 U+8349 1120 2526 70 141 U+6216 1650 1550 96 127 U+7AF9 1299 2627 86 139 U+306E 1105 2862 82 68 U+82B1 1120 1586 99 118 U+306E 412 2568 106 86 U+8C37 1455 1480 120 116 U+3082 1469 2809 60 109 U+306E 753 2363 114 83 U+3066 622 876 75 98 U+5F8C 418 2431 98 137 U+308D 418 2104 94 101 U+304B 626 625 98 58 U+306E 1988 758 95 72 U+306B 1488 1031 63 88 U+4ED8 1117 2411 80 101 U+5FA1 1822 1184 98 87 U+5C0F 1808 2535 111 77 U+8535 1313 1095 91 121 U+306F 628 1459 77 42 U+5BB6 1480 885 101 132 U+91CE 1296 1234 101 108 U+624B 791 1613 72 134 U+6C34 947 1982 110 101 U+306E 766 1279 112 146 U+52D8 1979 481 128 132 U+5449 1260 2505 136 112 U+4E03 1436 1982 105 64 U+5225 1790 2787 117 130 U+65E5 1494 575 57 86 U+3044 617 1182 92 69 U+306C 296 607 104 86 U+6240 921 1427 108 93 U+306E 1438 2179 102 83 U+304D 1829 2173 77 130 U+306A 1314 2248 74 108 U+963F 609 1525 106 89 U+6771 1465 1810 89 144 U+307E 244 2600 87 94 U+3046 985 817 36 102 U+4ECF 263 1769 111 108 U+5F53 2004 621 88 128 U+53CB 1305 2007 108 115 U+305D 1148 1856 50 108 U+3066 1118 2057 78 111 U+5E97 1787 1864 118 124 U+5FC3 1443 2715 127 74 U+9B3C 295 914 106 120 U+3066 1806 1040 77 92 U+304B 1133 943 107 61 U+6765 2007 1685 70 148 U+8EAB 948 1067 116 151 U+96EB 800 1430 64 179 U+304D 2012 2166 61 157 U+5916 1316 1760 87 131 U+52DD 596 2447 102 120 U+306B 284 1411 52 87 U+307E 1849 648 44 115 U+3065 277 1188 129 93 U+3044 588 2169 101 69 U+305A 265 1661 120 89 U+795E 1447 2367 99 128 U+4E5D 1623 2491 111 66 U+7B67 782 1103 105 148 U+4E16 400 2662 128 76 U+9762 1461 2073 98 101 U+7A0B 1806 1525 99 115 U+6B8A 595 2331 101 103 U+5341 1640 2412 70 76 U+6708 1315 1427 61 149 U+91CE 794 611 100 108 U+7230 959 1641 90 143 U+306A 279 1511 61 78 U+304D 301 1271 64 126 U+3072 630 994 104 87 U+3066 1445 1360 87 90 U+3082 967 1525 49 95 U+308B 960 2839 43 71 U+6B64 1983 2637 120 86 U+305F 1650 2087 67 113 U+306A 615 1954 63 94 U+306A 2008 2339 75 103 U+847A 1095 2672 127 174 U+3068 242 2819 45 100 U+304A 459 778 96 95 U+304B 419 2213 94 60 U+3082 424 1682 91 110 U+3080 1309 608 102 99 U+3064 445 1131 85 114 U+305A 397 2331 135 86 U+56DB 1632 2733 96 44 U+306A 929 2755 92 85 U+3084 940 757 129 57 U+306E 1443 2495 124 73 U+3088 1326 1581 45 83 U+9577 1644 1708 97 122 U+8FBA 1465 2559 71 131 U+5965 1296 2825 87 101 U+305B 1824 924 68 105 U+9854 1119 1365 106 128 U+9640 600 1737 108 99 U+3092 1112 2306 112 105 U+306F 1824 1141 66 41 U+3065 1149 1000 99 101 U+7533 2020 1547 44 130 U+306E 1637 915 99 80 U+9053 419 1464 116 125 U+4EEE 952 486 118 111 U+308C 2018 1832 50 123 U+5F25 619 1637 84 91 U+8E0F 1116 1734 125 108 U+304D 1320 2336 54 148 U+308A 804 1002 52 87 U+3042 1657 484 81 145 U+305B 1837 2307 59 76 U+3075 1128 479 111 114 U+306E 1627 2634 116 82 U+5C4B 963 630 88 95 U+306B 979 1791 28 173 U+5FC3 427 1609 112 49 U+9053 1107 2176 98 125 U+304A 428 1808 101 76 U+898B 589 2716 94 125 U+306E 1285 2765 129 75 U+7D50 775 2027 95 125 U+6B66 1304 979 99 109 U+3044 1809 771 92 56 U+3042 1986 1047 90 90 U+3068 632 2215 31 106 U+306B 280 1889 50 91 U+6708 1642 2797 68 130 U+5CA1 805 480 102 97 U+3073 766 2165 114 94 U+3075 1957 1449 125 98 U+304C 497 699 68 47 U+3092 766 2797 109 123 U+3044 1137 851 91 69 U+3066 774 1923 68 91 U+307E 2022 2750 40 111 U+3082 1848 1648 40 87 U+308A 656 787 45 99 U+3046 2032 2070 35 115 U+8FBA 802 733 79 155 U+3082 261 1981 65 103 U+663C 1150 1195 65 154 U+7D4C 595 1843 111 88 U+6614 258 2368 58 124 U+308B 1645 617 90 138 U+8005 1642 777 103 121 U+304D 647 683 52 103 U+308A 2021 1961 53 111 U+660E 1443 2271 109 94 U+306A 2007 1367 64 79 U+3059 1130 761 109 88 U+306B 1670 1326 49 87 U+304B 270 2509 34 51 U+3089 2029 2518 31 100 U+624D 1657 1026 77 102 U+3079 1306 728 90 114 U+3057 281 2689 16 175 U+3068 1849 1735 28 109 U+308A 1319 1665 60 91 U+3068 653 1087 31 84 U+3048 604 2836 95 88 U+3088 2020 820 40 86 U+3055 978 2100 44 75 U+3057 474 1968 20 135 U+308B 973 2591 39 79 U+3082 454 1891 56 77 U+3057 523 470 23 208 U+3089 1179 1096 31 83 U+3069 640 2049 54 105 U+306A 1482 1129 94 88 U+304D 1331 854 42 115 U+3055 1832 2009 54 71 U+3061 295 1047 78 104 U+3070 460 1061 77 42 U+3070 1838 2092 65 85 U+3089 802 2608 29 88 U+624D 1628 2567 89 96 U+304F 1166 644 50 103 U+304B 960 2672 35 74 U+3088 812 915 41 86 U+306C 242 2275 105 85 U+3059 1348 478 36 116 U+306F 967 2522 42 73 U+307F 1661 2325 30 67 U+3051 2002 1253 68 108 U+306F 267 2175 35 95 U+4E16 763 2708 107 86 U+304B 801 2551 29 57 U+3078 945 2193 94 70 U+3089 489 1230 25 77 U+3057 1856 2383 24 126 U+3042 251 2097 83 83 U+3057 1502 1218 23 178 U+3081 1135 1972 64 80 U+3057 2026 901 19 141 U+304C 2030 2443 61 74 U+3089 302 1592 27 71 U+3082 485 879 41 99 U+306F 432 2752 75 153 U+309D 2031 2860 24 67 U+51FA 1484 792 105 81 U+3089 1834 825 50 106 U+3078 415 993 130 65 U+304B 313 1148 41 58 U+3089 2035 1143 19 89 U+304B 1182 592 33 63 U+899A 1652 1159 78 150 U+3089 469 2258 30 82 seg_fp 808 1755 33 164,200003076_00042_2
U+5165 447 1625 149 83 U+4F55 1849 2553 119 108 U+3070 320 1730 86 56 U+5370 1520 2084 67 141 U+58F2 642 567 123 140 U+5C0F 1683 2058 90 71 U+306E 469 1535 101 79 U+3092 1313 1991 127 74 U+306B 1004 2689 58 78 U+3092 1162 824 124 72 U+306E 300 2183 109 82 U+3092 1852 2208 111 84 U+4E8B 130 2044 80 200 U+58F2 1841 2315 139 131 U+306E 1657 2827 113 92 U+524D 307 2270 95 133 U+3092 989 1206 116 74 U+306E 1484 823 119 94 U+304D 807 2120 76 106 U+304A 1864 562 105 92 U+795E 310 1949 107 133 U+5341 1699 912 64 95 U+5B50 1520 714 84 93 U+4F55 115 1956 113 111 U+306E 976 2533 102 80 U+53E3 1015 1699 70 68 U+306E 288 2541 107 84 U+5207 1842 871 126 81 U+306B 1893 1212 51 82 U+306E 637 2739 111 79 U+4E2D 1499 1524 86 128 U+306E 1156 2329 99 91 U+5E33 1004 680 114 119 U+5B50 1686 2946 67 65 U+3086 1179 1473 89 68 U+306B 1163 2902 79 100 U+5C0F 1018 555 98 98 U+304F 1527 2936 50 86 U+3066 822 1334 76 101 U+304F 1200 1359 46 100 U+9732 281 2625 110 106 U+6298 1689 561 110 115 U+5409 147 808 69 111 U+7BED 1491 2218 118 144 U+304F 512 1290 45 100 U+3046 1533 928 40 113 U+662F 822 2563 76 123 U+3066 508 897 70 107 U+306E 1662 1661 99 84 U+306E 1139 2674 108 115 U+885B 136 1452 94 96 U+5341 1015 837 69 81 U+3064 1174 1845 91 105 U+5E2F 1512 1349 70 153 U+73E0 1834 2078 133 110 U+96EA 1322 1737 99 112 U+306B 1189 1117 69 101 U+4E94 1661 1047 129 55 U+516D 1682 1128 97 77 U+3066 1852 2447 87 94 U+5165 589 2674 188 81 U+3057 1492 2643 93 77 U+3053 848 855 57 58 U+7528 489 2239 66 124 U+3066 495 683 80 96 U+884C 979 2260 105 106 U+660E 310 2097 107 80 U+4E5F 772 2470 129 84 U+306E 1658 2258 115 81 U+5C11 1684 1407 101 122 U+4EBA 1656 1534 129 127 U+624B 132 2462 65 134 U+9699 484 1412 99 125 U+5F15 1673 2350 91 128 U+304B 1856 1317 122 60 U+3064 644 1353 99 98 U+9AD8 1201 1237 63 114 U+6C88 636 2270 125 102 U+306B 854 753 60 88 U+7BB1 1157 2547 80 124 U+304B 135 1096 90 63 U+7E7B 1512 564 105 128 U+5927 1187 909 95 106 U+304D 1349 2172 73 133 U+3046 854 1743 38 93 U+76EE 1004 2605 63 86 U+5229 987 1549 106 117 U+3046 862 639 36 114 U+5BBF 326 1076 78 111 U+7ACB 1003 2794 78 88 U+306B 1330 2936 76 73 U+5DFE 1519 2373 64 88 U+306E 1671 1850 128 86 U+6570 1861 1105 117 108 U+73CA 1839 1849 133 90 U+7B11 484 1885 93 117 U+8336 1685 1921 92 110 U+5FA1 488 2156 76 78 U+306B 323 969 77 91 U+9AD8 1362 569 66 143 U+7537 1008 2116 70 122 U+304B 490 1223 109 65 U+306B 1338 1462 81 79 U+82B1 303 2410 102 126 U+6850 1152 2208 105 111 U+8AAD 1831 1498 146 124 U+304D 1503 1764 105 138 U+304B 1320 1550 139 72 U+8ABF 462 800 134 97 U+3082 1523 2550 45 77 U+9732 1002 945 119 105 U+306A 1674 1228 105 94 U+3072 1863 761 98 90 U+89AA 136 947 113 124 U+3068 1696 1785 62 62 U+745A 1841 1965 123 90 U+306C 979 2911 123 84 U+5DE6 144 1353 68 99 U+3082 97 2244 108 92 U+8DB3 1366 863 60 110 U+3066 1171 1725 81 108 U+3048 824 1222 93 121 U+76E4 990 1060 114 133 U+7533 158 1802 44 128 U+5341 137 1271 72 72 U+5C4B 292 2753 104 104 U+7533 695 840 43 130 U+306F 1335 2484 69 39 U+8E0F 1323 1864 118 105 U+8FD4 640 1947 104 88 U+3064 1319 2535 84 90 U+77ED 1333 1275 112 102 U+308B 317 718 105 110 U+6210 998 1985 106 124 U+829D 318 1803 86 122 U+306A 1330 2864 85 60 U+3042 476 2459 86 76 U+3055 1022 1795 50 81 U+305F 159 1154 52 86 U+4E94 121 577 132 53 U+3053 679 989 64 78 U+307B 1513 2724 77 92 U+308D 1499 1223 91 121 U+305A 1904 1373 55 110 U+3046 684 1249 43 91 U+888B 1344 981 96 135 U+631F 1136 2417 123 132 U+90CE 147 653 73 131 U+304B 1000 1295 106 62 U+5D0E 1330 736 120 94 U+73E0 1844 961 134 128 U+98A8 807 2235 109 119 U+5177 774 2927 131 92 U+304B 1657 2771 104 51 U+7740 1490 2464 114 83 U+3066 1172 2106 57 96 U+3089 843 1096 78 123 U+304F 829 1892 66 79 U+7D0B 1665 2157 120 96 U+60C5 801 2356 98 118 U+9580 113 1549 108 62 U+308A 670 1449 54 109 U+9AEA 1313 2324 121 150 U+7A0B 315 838 95 114 U+306A 659 2486 60 81 U+3046 1018 1877 35 114 U+306D 1006 1428 110 109 U+3082 462 2373 100 85 U+3093 789 2753 127 107 U+3070 497 2609 53 82 U+308D 655 1146 93 100 U+4EBA 961 2433 145 111 U+3084 465 1125 128 79 U+306A 827 2694 64 62 U+3066 667 1562 47 133 U+3075 1655 690 113 91 U+3073 640 1828 105 116 U+3057 685 2041 17 209 U+3057 1900 1621 19 195 U+3068 704 721 34 105 U+4E0A 1173 2791 56 72 U+307F 782 1444 134 76 U+3064 1345 1124 85 109 U+305D 459 1784 111 90 U+307B 828 1587 94 91 U+304D 339 1491 47 105 U+308F 1537 1665 37 97 U+3084 815 578 124 55 U+3088 668 2809 42 78 U+304B 1677 2484 83 56 U+3056 1532 1875 52 71 U+3059 1314 2702 89 100 U+91CD 491 2707 54 122 U+3092 323 1389 98 104 U+306F 1369 2079 42 96 U+304A 1875 2873 76 80 U+304B 319 558 92 70 U+3082 1896 658 44 93 U+307E 1205 577 57 111 U+3051 1203 695 55 129 U+3075 1814 2952 148 74 U+3057 1540 1053 15 175 U+3068 1912 2788 34 85 U+306A 1888 2714 51 73 U+304D 1196 2005 44 94 U+304D 1196 1019 54 93 U+3082 351 1193 39 91 U+3059 1356 1620 41 103 U+3057 876 934 14 146 U+9999 809 2815 95 113 U+308B 1704 1322 49 77 U+3051 336 1596 60 124 U+3068 1354 2603 29 95 U+305E 131 1701 94 96 U+305B 1191 1616 63 101 U+52DD 127 2355 112 110 U+9999 665 2361 62 123 U+3069 690 2571 70 92 U+304C 1852 2678 112 52 U+3057 1705 2594 21 165 U+3057 103 2612 90 69 U+3055 1035 1353 38 61 U+306C 106 2750 103 72 U+3057 513 1999 17 156 U+304B 1364 1378 31 86 U+3064 783 1845 124 54 U+3053 503 1688 49 78 U+3088 679 1712 44 100 U+306F 1014 2387 47 38 U+308B 863 1509 43 75 U+306F 1197 1556 59 55 U+3053 142 2814 41 70 U+3068 539 1017 31 94 U+3078 310 642 111 69 U+3078 1655 2551 120 47 U+3057 692 2885 16 135 U+7533 525 562 48 122 U+3057 1549 1946 16 130 U+3068 867 1645 34 98 U+305D 114 2892 73 102 U+3057 854 1971 16 167 U+309E 1229 1938 50 54 U+3057 1733 781 25 117 U+3068 358 1284 30 95 U+800C 494 2832 49 53 U+3089 512 2526 39 84 seg_fp 320 2873 47 72 U+3068 164 1591 30 103 seg_fp 306 2944 92 59 U+7ACB 481 2917 83 78 U+309D 1402 1213 22 50 U+3089 150 2682 19 75 U+309D 707 1070 29 78 U+3068 543 2881 34 41 U+3057 1536 2770 11 167 U+304F 1351 2814 41 51,200003076_00043_1
U+306E 1130 1507 109 88 U+5408 272 1435 137 127 U+3070 459 1545 103 64 U+306E 1311 1935 110 95 U+8349 448 479 94 158 U+65B9 1144 1873 87 130 U+5408 764 1818 160 118 U+5165 1623 1181 145 89 U+5C0B 448 1100 110 167 U+3066 1811 1061 83 104 U+4EBA 1978 1179 135 130 U+306F 817 2164 76 41 U+3082 1506 2301 49 87 U+3092 616 1883 111 78 U+4EBA 947 469 135 142 U+306E 960 1853 107 93 U+4E8B 301 2583 87 163 U+306B 2020 1289 60 96 U+3092 979 609 79 122 U+5BDD 1661 1015 90 145 U+4E8B 1477 1554 98 174 U+3070 2022 1755 55 98 U+306B 823 1039 67 89 U+56FD 1148 1377 85 116 U+3066 1822 1917 79 108 U+304F 1503 996 47 109 U+8A08 1817 1439 109 147 U+5165 766 681 160 86 U+5FA1 959 1602 118 126 U+5C65 441 655 108 142 U+5F8C 1982 944 105 133 U+897F 1143 1257 97 91 U+304D 302 2434 73 145 U+676F 2013 2373 99 121 U+89D2 1840 1297 66 138 U+3064 2019 2605 78 99 U+7A7A 1625 842 123 139 U+8A08 621 1187 94 152 U+305F 312 1996 66 142 U+306B 483 2403 70 98 U+306E 1635 589 108 97 U+601D 1614 2184 149 89 U+3084 1118 470 128 62 U+3066 957 2482 102 88 U+5C0B 2006 1397 78 155 U+5FC3 1643 1965 127 64 U+306E 293 2151 100 79 U+306B 1157 658 63 86 U+4F9B 1637 452 113 114 U+306B 1667 2547 71 82 U+6BB5 1482 1237 89 116 U+8B6C 1975 1873 129 160 U+4ED5 1136 771 102 98 U+3052 1314 551 66 130 U+53D6 455 815 101 84 U+7269 1825 470 106 91 U+3066 621 1467 74 107 U+9580 970 2633 123 111 U+540C 1326 1007 76 95 U+306A 1841 2160 68 105 U+662F 474 1629 86 149 U+5176 1993 785 75 155 U+3046 1174 532 29 110 U+56FD 1154 1126 76 100 U+76EE 822 915 67 110 U+529B 305 1574 57 95 U+5176 633 1581 73 154 U+306B 844 2639 57 88 U+306A 1487 1734 104 81 U+76F4 1484 1111 79 121 U+6A2A 781 771 125 132 U+6216 1319 1293 93 117 U+4ED5 822 2743 114 92 U+8349 1329 1577 75 142 U+3066 290 1856 74 119 U+3070 1851 2813 58 103 U+9152 1833 2045 105 104 U+3059 1804 2396 97 101 U+4E0D 986 1961 80 95 U+8005 1636 693 115 117 U+3059 1459 1372 110 93 U+4E07 1632 2431 121 105 U+3051 1820 2618 107 81 U+6709 818 1962 65 106 U+9580 970 1738 95 107 U+3059 1643 1280 98 88 U+306F 2029 2055 57 37 U+7ACB 1154 856 69 97 U+7B11 2000 451 88 116 U+5EA7 624 1742 86 120 U+306F 452 919 87 48 U+304B 1294 466 116 58 U+308D 1304 679 91 119 U+308A 1497 548 52 103 U+54C1 1484 2397 98 96 U+6642 807 2073 96 80 U+306B 484 1790 62 105 U+306E 1183 2887 75 56 U+3051 455 1256 108 138 U+6771 1133 965 102 155 U+5C0F 1319 1497 109 81 U+53BB 2006 1086 68 92 U+3082 286 1306 86 106 U+306F 1323 1425 67 42 U+304B 1128 2303 110 67 U+308C 1505 2064 54 135 U+57F7 1646 1844 125 99 U+308C 811 1434 60 137 U+306A 288 724 70 108 U+3066 647 2696 73 108 U+5FF5 444 2518 132 119 U+3081 1676 2857 75 73 U+305B 1840 1785 72 115 U+8CCE 1470 669 122 114 U+5C65 1322 1719 97 125 U+7531 980 2212 83 90 U+6577 1149 1722 104 135 U+304B 1472 2025 124 70 U+4E00 1815 1193 98 29 U+81EA 973 2068 73 136 U+3068 496 965 34 114 U+4E00 1143 2032 103 29 U+305D 1455 2573 112 103 U+3059 969 995 92 90 U+7269 970 1098 113 115 U+3081 1836 2557 65 55 U+9F3B 1297 2018 121 144 U+308A 302 603 55 104 U+3092 278 1204 117 94 U+713C 2023 2734 124 130 U+3042 292 2758 101 69 U+306B 1008 2872 71 73 U+5C45 1160 2646 82 76 U+308C 480 1396 51 138 U+308A 304 826 58 103 U+305E 1652 1439 99 113 U+6210 617 809 121 109 U+304B 1684 1571 45 56 U+61F8 832 2820 101 113 U+3090 820 2225 75 68 U+3093 810 2293 107 127 U+3057 1521 1822 21 195 U+7740 289 933 92 128 U+308C 2003 1648 107 104 U+5176 653 2804 79 135 U+304D 1352 2643 43 90 U+3042 477 2760 84 74 U+306B 999 2416 44 67 U+305E 997 1217 70 95 U+8C9D 1838 740 69 112 U+306F 1001 2591 47 33 U+756A 991 2735 74 135 U+304F 2021 2111 70 76 U+8005 468 2634 90 113 U+5C4B 1159 2805 101 95 U+5484 600 930 141 85 U+308A 2048 2261 40 96 U+4E00 2020 2530 86 16 U+3055 819 1591 52 83 U+3068 1684 2047 37 118 U+308C 1847 2705 55 104 U+4F4F 1157 2729 105 85 U+3093 827 2515 82 127 U+3082 326 2240 52 95 U+5E74 1126 2123 105 160 U+53D6 1333 1854 92 84 U+5C4B 1144 1617 108 104 U+9577 1155 2534 95 104 U+3057 1358 1102 19 181 U+3051 1344 2389 56 87 U+4E00 1825 634 86 21 U+3062 1339 2267 84 111 U+3092 1342 2717 107 106 U+304B 1353 2563 33 78 U+3044 628 2437 96 70 U+304B 1005 1329 39 55 U+308A 827 573 49 104 U+3088 1501 453 42 89 U+304F 633 1976 73 85 U+305F 1339 2480 57 81 U+3046 1337 797 30 90 U+6210 983 2309 110 107 U+3051 2003 1525 97 118 U+3060 993 749 76 110 U+308C 489 2076 65 124 U+304B 1331 2859 117 56 U+3057 799 1143 90 103 U+305D 501 1966 46 110 U+3075 595 2517 130 97 U+3068 1351 891 31 106 U+305F 2031 2188 53 67 U+305A 614 2260 101 74 U+7269 288 1082 98 91 U+3066 467 2865 72 76 U+307E 991 869 42 119 U+304B 650 757 37 43 U+3060 819 1343 76 88 U+309E 1693 2344 41 70 U+306F 483 1903 66 50 U+3055 663 2181 43 76 U+304E 844 2415 74 102 U+3031 497 2180 69 206 U+306F 1667 2289 69 52 U+308A 525 2831 41 83 U+304B 1475 2694 115 53 U+306A 811 1250 90 91 U+308A 1849 956 46 103 U+3068 681 2342 26 90 U+3068 1862 1606 33 77 U+306F 1678 2634 49 79 U+3057 1694 1633 15 194 U+305F 637 474 74 145 U+3068 307 485 26 113 U+3053 1506 2504 42 54 U+308A 1180 2429 54 102 U+3057 834 1674 18 143 U+3068 835 459 27 111 U+3055 673 2617 44 61 U+305A 665 2067 55 101 U+308B 1517 1463 33 81 U+3089 1516 2207 31 94 U+3068 1855 862 27 95 U+3057 1010 1386 18 196 U+3057 2032 590 15 187 U+3057 349 2331 14 134 U+3069 1866 2264 57 119 U+308B 1686 1361 38 70 U+3057 657 1321 20 145 U+3057 1522 780 14 204 U+3089 1852 1686 35 105 U+306F 1155 2374 75 41 U+308C 1505 2798 62 123 U+306F 1503 2752 68 56 U+3057 658 1013 15 170 U+3057 325 1677 24 171 U+3057 1703 2710 22 146 U+3059 1360 2166 33 94 U+308A 295 2833 97 119 U+3057 667 619 19 123 U+309D 1852 2501 33 49,200003076_00043_2
U+547D 1783 1417 142 152 U+5408 1253 1551 145 140 U+5C0F 783 1079 114 99 U+5165 731 633 151 96 U+4E0B 1472 1326 65 129 U+4EBA 1792 1731 157 164 U+308A 1114 1127 93 146 U+3066 1657 2724 84 108 U+5A7F 774 791 107 221 U+8272 1131 851 81 146 U+76EE 1489 2410 74 118 U+3044 767 1503 110 73 U+306B 1297 1303 68 118 U+306A 1123 740 105 98 U+306B 962 1655 68 95 U+898B 1812 986 102 144 U+306B 1472 1476 68 101 U+5BBF 1291 1154 84 135 U+3044 927 1306 114 79 U+4E16 926 2352 135 89 U+308A 1462 1810 94 142 U+3082 1672 2099 44 115 U+304A 1600 1293 123 111 U+306E 1113 2668 114 119 U+517C 1829 608 72 148 U+3042 1123 1012 101 96 U+306F 1113 1703 77 46 U+6240 900 1525 135 110 U+306A 956 1422 97 88 U+662F 967 2706 79 133 U+597D 1804 784 128 89 U+306E 1443 1242 111 87 U+5927 1277 1835 107 99 U+4F3C 1273 1445 126 96 U+6817 779 1199 95 166 U+6210 940 620 121 126 U+7533 1857 1989 47 140 U+3066 941 2214 88 117 U+304A 1456 943 109 89 U+306A 1618 1515 105 81 U+76D7 1815 1597 99 130 U+3064 1282 2238 97 128 U+307F 1602 2535 160 87 U+308C 1622 728 104 152 U+306B 790 1858 79 93 U+304F 1636 1857 52 104 U+4E4B 985 2465 60 93 U+3042 1846 2703 96 73 U+3042 764 1964 108 103 U+91E3 1444 792 120 112 U+6C17 940 1783 105 167 U+306C 1268 1699 119 91 U+5A18 1603 962 133 113 U+7269 1634 1985 114 103 U+308C 1302 2448 62 122 U+3092 948 1945 116 117 U+7BB1 1460 610 98 141 U+306B 805 1580 53 87 U+975E 960 2850 101 128 U+304D 1866 2282 45 135 U+306F 1132 1971 62 35 U+306B 1640 1099 60 111 U+7B2C 1482 2103 70 179 U+304B 1458 2700 101 64 U+308B 1478 2872 111 130 U+5A46 1811 2431 135 159 U+306B 1491 2551 66 90 U+61F8 1283 2602 112 143 U+308A 1322 2750 51 95 U+4FCE 1263 1963 117 120 U+3048 1678 2645 81 77 U+4ED8 969 2078 70 126 U+3078 762 1802 133 77 U+4E00 1473 2321 84 27 U+6795 1449 1963 135 140 U+3082 750 1385 101 97 U+3066 1134 2940 102 101 U+3076 1249 2365 146 86 U+4ECB 948 2562 141 116 U+6614 1131 1291 65 166 U+3042 1107 2035 101 91 U+3078 1830 2149 103 127 U+3066 1306 2848 70 89 U+306B 983 2986 70 74 U+306F 1642 1221 57 46 U+3078 951 774 88 111 U+3068 981 1143 36 126 U+3070 1824 1289 85 102 U+677F 1265 2113 132 98 U+305F 1831 1116 61 74 U+305E 1317 755 75 99 U+7269 1275 627 126 123 U+304F 1472 1596 75 100 U+305A 770 2166 124 111 U+3082 1299 2949 82 104 U+308A 1842 2801 113 215 U+8005 1105 2540 109 114 U+3055 1143 2247 54 80 U+304B 1094 638 123 72 U+307E 1491 1031 48 103 U+306F 1157 2823 48 102 U+304C 1657 883 71 48 U+3068 1662 1391 32 104 U+3068 1696 2402 32 97 U+304B 1848 902 29 52 U+306C 1097 2444 134 97 U+786F 1649 2880 173 141 U+3068 1856 1864 27 115 U+304B 1641 2237 91 59 U+304B 1313 880 45 89 U+304F 1679 2278 55 113 U+303B 1877 2598 36 62 U+3089 1153 2124 41 122 U+3057 990 894 14 217 U+3057 1328 964 26 150 U+3057 1657 1597 15 247 U+305D 1633 604 59 111 U+3089 1852 1190 26 99 U+3078 1465 1145 94 90 U+3057 1150 1466 14 222 U+3089 1152 2332 27 112 seg_fp 1516 2765 22 54 U+3089 808 2070 37 107 U+304F 1147 1799 64 140 seg_fp 818 1665 35 128 U+309D 1496 1696 36 79 U+304B 1117 1791 78 63,200003076_00047_1
U+5E0C 311 1550 118 204 U+306B 339 737 80 94 U+4E5F 280 1763 129 132 U+306B 525 691 77 106 U+304F 1720 815 62 108 U+306B 1735 1195 81 85 U+306F 353 1487 67 49 U+4E2D 1891 605 86 164 U+5F8C 1893 2215 103 135 U+3066 1887 1931 88 110 U+3064 505 1988 106 119 U+306B 687 1951 83 105 U+308C 346 592 73 133 U+3092 672 2511 124 83 U+306E 482 1864 134 99 U+306B 2083 938 61 87 U+3066 1002 2051 100 106 U+3092 657 1361 140 88 U+91CC 1732 1054 82 121 U+306B 1185 2099 78 103 U+65B9 671 1208 94 140 U+3080 1187 1427 108 98 U+540C 1549 1353 77 98 U+4EAC 1717 2007 105 139 U+3082 1916 2622 42 91 U+55B0 847 2788 147 143 U+306F 340 2210 59 47 U+5149 1904 1193 94 127 U+306E 1526 487 113 108 U+306E 833 2664 125 97 U+8A00 1841 2354 136 122 U+5C11 1361 1866 109 149 U+3064 672 940 108 113 U+662F 511 504 88 155 U+5F53 326 1908 95 131 U+306E 482 2247 144 97 U+3066 1882 2835 101 107 U+3082 1526 2846 41 100 U+306E 1886 1093 113 79 U+96EB 854 503 82 194 U+9769 1012 844 84 155 U+306A 353 949 107 84 U+307C 1552 611 109 116 U+7269 676 496 123 117 U+3066 1179 1791 89 122 U+9854 313 2403 108 126 U+3081 1726 1647 95 147 U+6B64 1685 944 146 100 U+306E 1348 2115 110 90 U+6728 679 2070 93 139 U+306B 1540 1787 76 87 U+3084 2023 1673 143 68 U+306B 1728 2859 73 100 U+306F 1209 914 59 157 U+306B 868 732 80 92 U+82E5 2047 492 103 156 U+685C 299 2535 128 103 U+4E8C 847 2435 119 61 U+8DB3 1034 500 77 149 U+7DBF 667 2218 113 156 U+306B 520 2437 68 83 U+305E 526 1426 83 96 U+3051 692 1057 69 140 U+7533 2090 1271 44 126 U+5973 288 2131 143 63 U+3057 666 825 123 88 U+662F 2076 2615 91 158 U+5FA1 2074 668 89 90 U+304A 1882 1551 121 89 U+306E 1057 2848 98 89 U+308C 1890 1803 108 136 U+90FD 1691 2146 135 139 U+5176 1903 2044 73 163 U+6CE5 1888 488 111 107 U+7740 651 2613 131 116 U+306E 708 718 77 84 U+306B 1203 1306 71 103 U+5EA6 856 2515 120 137 U+6559 661 1477 140 112 U+306F 514 2546 62 39 U+7C89 844 1911 132 152 U+65E5 1744 1909 50 72 U+3042 492 2610 104 107 U+306A 1030 1396 73 101 U+3064 526 1019 98 117 U+7269 668 2378 119 116 U+306F 871 1523 70 46 U+624B 1176 1923 90 166 U+5BDD 1010 1673 128 150 U+3053 358 505 51 73 U+4EAC 1368 1339 105 131 U+5973 1311 2020 154 80 U+660E 1711 1797 120 90 U+4E38 324 2272 111 107 U+305D 359 844 66 101 U+3066 2067 1956 76 120 U+4E8B 520 1205 88 207 U+7389 1888 988 119 78 U+6709 1519 2345 84 140 U+4E07 303 2752 111 84 U+3078 1719 2304 100 39 U+3051 2068 2365 99 114 U+8272 337 2634 66 106 U+3068 1932 1403 37 129 U+3089 542 2711 39 93 U+306B 1031 666 69 102 U+6307 2050 790 113 122 U+3082 1921 1632 41 96 U+3064 2058 2180 93 122 U+305D 1389 951 61 97 U+3079 2071 1410 106 118 U+5973 640 632 154 67 U+9053 1505 1643 127 131 U+304D 2094 1541 38 113 U+8E0F 1007 1016 115 103 U+3048 1701 2728 120 136 U+4E16 287 2056 150 68 U+306F 1033 2344 73 38 U+3059 875 2292 91 132 U+3046 1549 2706 31 107 U+306A 887 1090 64 99 U+3084 1494 2651 129 59 U+3072 831 1820 116 107 U+304B 1175 2366 112 61 U+304A 499 1752 121 92 U+308B 1379 811 92 120 U+4F8D 1533 831 110 126 U+308B 2080 2480 88 121 U+8449 1902 2482 94 133 U+304D 863 979 95 122 U+66FF 1908 2726 72 105 U+9AEA 993 2169 125 151 U+7D76 855 2078 102 130 U+305F 2087 1842 57 97 U+3086 1182 1089 103 90 seg_fp 1191 781 106 128 U+8EAB 858 1353 116 152 U+6307 1167 2201 119 146 U+306F 1379 1490 80 35 U+4F8D 1375 692 95 113 U+305A 512 2806 139 124 U+3057 1687 492 123 100 U+3068 1760 1287 38 112 U+3088 1391 1670 55 97 U+3070 1547 2246 54 80 U+3068 2107 1740 28 101 U+308A 1931 869 45 108 U+305B 1227 2812 96 120 U+305B 665 2738 109 76 U+3092 1199 616 107 125 U+306F 1043 767 63 53 U+306F 1380 2733 93 46 U+3042 864 1580 83 97 U+308A 1389 2390 48 106 U+306D 1021 2490 117 124 U+3068 1572 1885 30 99 U+304B 539 2094 32 65 U+304D 1204 496 58 115 U+3057 497 827 115 97 U+308B 1362 2617 92 116 U+3072 2065 1167 83 91 U+3092 1705 2455 119 109 U+308B 1543 965 96 130 U+5897 1503 2497 109 115 U+304F 1385 1762 51 96 U+3089 542 2158 34 93 U+304B 1709 2599 94 59 U+3070 1733 593 71 101 U+3055 1046 2388 46 92 U+8A98 1529 1996 107 145 U+4E8B 330 2845 62 104 U+305A 692 2817 115 114 U+3044 1510 1105 118 101 U+899A 1375 489 99 172 U+308A 1569 727 56 91 U+308A 361 1129 54 115 U+305B 1010 1304 93 83 U+6642 1359 2208 117 98 U+3092 1208 2522 102 108 U+3089 1034 1565 54 95 U+304B 1929 1334 34 54 U+305F 1215 1690 49 85 U+3056 1557 1218 81 109 U+305B 1008 1950 102 89 U+306F 1898 1739 88 61 U+3088 1928 787 39 77 U+306D 1202 2431 93 94 U+3031 1387 1131 82 195 U+305F 710 1828 54 105 U+3057 1580 1451 16 192 U+305F 553 922 50 82 U+306F 1048 1125 48 84 U+304C 1055 1498 60 69 U+3048 684 1597 98 112 U+5973 282 1391 154 73 U+306F 341 1054 90 56 U+306F 703 1722 53 100 U+3052 1214 1189 92 117 U+3068 1729 1422 89 111 U+5973 448 2360 189 68 U+3089 1735 699 37 97 U+3057 1238 1530 21 168 U+3057 379 1240 22 140 U+5973 1656 2372 144 83 U+3042 2074 1039 67 120 U+3059 1556 2812 39 76 U+3055 1235 2649 54 88 U+307E 2093 2083 37 86 U+3078 1516 2172 135 85 U+3082 1371 1077 83 94 U+3055 891 2205 49 76 U+308B 551 1130 42 73 U+3057 913 1186 19 153 U+3088 1373 2309 57 78 U+3057 555 1590 14 147 U+3057 1426 2770 15 166 U+304B 538 1539 31 57 U+3046 1387 2505 44 111 U+3089 869 1679 55 143 U+309E 1763 1538 44 85 U+3089 1089 2777 36 71 U+3059 885 858 42 109 U+3055 1057 1839 44 83 U+304D 1397 1548 44 116 U+3065 1054 2696 97 104 U+308A 2091 2282 48 101 U+304B 1058 1209 32 93 U+309D 1758 2664 25 38 U+309D 1249 2734 27 67 U+305E 2073 2794 88 117 U+304B 1032 2646 103 49,200003076_00050_2
U+65E5 1564 2426 58 83 U+306E 874 1136 83 70 U+306E 677 2293 116 99 U+4E2D 1195 2131 102 122 U+5341 1544 2622 70 88 U+306E 1184 2595 110 100 U+306E 681 1648 108 95 U+3066 871 2087 56 120 U+305F 1406 1437 53 121 U+5341 1722 1902 74 94 U+6216 1389 578 101 113 U+753A 1904 1367 103 107 U+4E03 1878 1732 128 74 U+4E03 1510 2525 121 66 U+67F3 1197 2451 100 137 U+306B 1918 918 68 75 U+3066 1704 2596 84 101 U+306E 844 774 107 84 U+4E57 1371 799 120 122 U+53EC 1391 1896 70 102 U+76EE 1921 571 66 96 U+306E 1186 2884 135 101 U+4E09 1517 2741 122 88 U+306E 1717 1112 101 85 U+306E 1208 1053 100 82 U+306F 1402 721 70 50 U+5E78 1894 1219 117 140 U+3066 1896 2224 83 101 U+306E 1895 2554 95 80 U+3070 1551 1442 103 59 U+3066 1389 1133 70 96 U+5C4B 1047 855 100 106 U+306E 1034 978 102 85 U+5409 703 1410 84 132 U+82B1 1220 1136 99 115 U+65E5 722 1556 53 80 U+6761 875 646 84 116 U+4E07 678 2163 101 120 U+6B64 1520 1516 138 83 U+3092 1012 1738 121 71 U+7528 1903 2744 71 118 U+4EBA 1502 2844 155 146 U+7E2B 1046 559 106 126 U+90FD 661 1744 134 153 U+305F 1930 1948 52 77 U+884C 1908 2117 100 119 U+306A 1567 1962 81 64 U+306E 1363 2552 84 72 U+56FD 1901 2433 90 113 U+4E16 996 2468 128 90 U+3031 1374 2381 66 164 U+3066 1716 2257 75 117 U+5916 874 2901 86 109 U+5341 1042 2270 61 88 U+5FA1 1918 1135 83 78 U+3084 494 892 133 74 U+3042 1558 567 102 89 U+4E8C 1709 1832 101 50 U+662F 1226 1603 90 130 U+7B20 868 874 90 138 U+304A 1364 2131 103 92 U+5C4B 875 1025 94 96 U+5176 1563 2258 65 146 U+7B94 1050 705 91 141 U+5341 852 2551 76 111 U+304D 1909 776 82 129 U+308C 530 704 93 161 U+5E74 1725 966 89 140 U+3078 1214 1843 81 103 U+5FA1 1905 2648 74 68 U+7533 1756 561 47 135 U+306E 1924 1488 75 68 U+306E 853 2840 88 61 U+4E4B 1037 2562 64 109 U+306B 1921 2039 68 73 U+306A 1740 709 70 92 U+91D1 1003 1946 135 115 U+306B 1041 2808 50 76 U+7D75 1715 2832 117 123 U+306F 1742 1290 64 44 U+304B 1899 1895 93 59 U+4ECB 998 2681 129 92 U+5409 878 1314 75 123 U+304A 861 1452 97 80 U+81EA 686 2382 79 147 U+306B 1228 2259 62 84 U+62B1 842 1789 129 125 U+4E21 1022 2364 92 83 U+3066 1526 2160 80 88 U+6368 1008 1829 146 123 U+897F 1901 2339 103 80 U+3066 710 1026 60 136 U+3044 1211 1249 104 66 U+308A 719 2049 70 86 U+308C 1727 2483 57 105 U+7269 1385 937 102 102 U+6E80 696 558 98 121 U+6BD4 1727 1201 90 81 U+5206 861 2655 91 111 U+9023 1351 1991 115 114 U+89E6 1541 1834 113 119 U+305B 1566 1314 76 122 U+3061 1743 1539 64 108 U+52DD 1719 2378 100 118 U+7533 1584 1000 49 122 U+4E94 1669 2087 147 57 U+4E03 843 567 126 67 U+304B 1925 1827 42 54 U+308D 1220 676 90 123 U+56DB 1718 2006 88 48 U+7531 702 2533 77 95 U+3053 1242 806 70 70 U+8DB3 711 678 62 140 U+6210 1210 1747 110 99 U+3059 1584 744 52 114 U+305A 840 1681 138 88 U+3082 1189 2344 86 104 U+3068 1932 1008 34 105 U+3053 708 2895 57 77 U+3082 1194 1495 97 93 U+305A 1878 684 121 101 U+306B 1413 1040 47 88 U+3084 671 2774 124 88 U+306B 880 2356 58 80 U+751A 1896 1555 113 158 U+3051 709 1170 62 147 U+3082 833 2437 99 104 U+59FF 1678 2709 136 107 U+767E 1025 2074 101 90 U+8170 1378 1575 120 117 U+3075 643 1317 140 91 U+306A 552 560 85 134 U+5834 1172 2695 113 116 U+4E94 1005 2183 123 49 U+3082 1410 1686 47 74 U+308F 1589 1127 37 93 U+3068 1594 872 33 113 U+3082 997 2889 110 113 U+3070 1564 1628 57 94 U+3082 1247 567 57 105 U+3068 1932 2898 30 117 U+3064 1032 1262 89 122 U+305B 852 1991 101 83 U+3055 1247 1406 38 70 U+306F 1757 1344 47 92 U+90FD 492 986 135 360 U+3078 1020 1550 126 74 U+3068 1075 1366 40 96 U+3044 1031 1462 100 72 U+3072 1363 2306 97 95 U+306A 1367 2716 64 70 U+307E 1739 2145 42 102 U+306B 1733 2954 62 61 U+5BBF 867 2226 89 111 U+308A 1742 1726 49 95 U+3055 728 825 41 90 U+3068 1416 1763 35 114 U+305B 694 923 95 86 U+7740 1341 2622 102 93 U+3057 1590 2035 16 159 U+3057 1772 801 20 150 U+3088 1740 1644 46 85 U+3057 1244 1958 17 166 U+304C 724 1917 67 71 U+304A 1053 1076 93 73 U+304A 881 1226 104 78 U+4E00 859 2802 87 17 U+3082 1388 2208 59 82 U+308B 1045 1613 84 115 U+306F 1578 678 71 50 U+305F 1580 1222 58 92 U+305F 1744 1439 60 88 U+3078 659 1996 138 58 U+306F 1413 1237 49 102 U+3057 1260 885 15 162 U+309D 1578 1720 32 80 U+3055 891 1909 48 85 U+303B 1232 2814 27 60 U+304C 1390 2790 55 73 U+3068 909 1518 34 83 U+304F 1256 1297 54 109 U+3057 1434 1337 26 139 U+3057 1397 2862 19 142 U+3055 1069 1157 44 90 U+307F 721 2659 40 77 U+3089 884 1606 45 89,200003076_00051_1
U+5009 1068 565 168 151 U+3092 1596 1537 119 84 U+9053 1598 1172 116 126 U+820E 1418 1276 131 166 U+306B 1449 1153 74 102 U+5C0B 1623 1637 94 150 U+88B4 90 751 118 133 U+662F 1115 1597 82 152 U+65B9 1442 1000 77 137 U+8358 757 1993 103 138 U+4ECA 554 2660 144 120 U+306E 270 2950 76 73 U+53F0 254 1749 90 166 U+7269 1827 1592 102 92 U+306E 392 1599 130 94 U+4E2D 1613 1953 83 122 U+3066 941 692 61 146 U+591C 1440 2509 99 131 U+5B9A 95 1347 76 154 U+305F 430 1458 68 137 U+3092 932 1491 95 79 U+306E 1244 1181 123 93 U+7740 237 2403 109 116 U+3066 1633 1799 51 136 U+4E03 749 2134 105 56 U+6D25 1608 2076 109 175 U+3066 923 2320 95 90 U+5B9A 604 1866 95 142 U+975E 1808 1054 93 113 U+3044 1424 563 109 61 U+3072 1822 1383 104 96 U+52E4 242 1937 109 107 U+770B 908 1222 108 150 U+306E 1104 982 104 99 U+306B 763 2925 66 83 U+306B 1470 2932 70 71 U+3066 582 861 84 107 U+89D2 1116 2184 71 133 U+306E 747 1884 114 96 U+306A 770 712 75 109 U+4E16 589 2237 112 74 U+307F 895 1592 136 96 U+662F 1821 921 84 128 U+90FD 910 2112 133 132 U+5C45 1081 2625 116 110 U+662F 761 2794 86 123 U+306E 583 2325 105 82 U+5802 1434 2813 120 119 U+306B 1286 1893 68 90 U+85E4 1111 1802 123 151 U+904E 1629 2700 77 128 U+304B 1599 563 109 50 U+3070 957 1998 57 107 U+7E54 747 566 135 127 U+304A 255 1054 111 91 U+9781 1102 858 115 123 U+4E00 1110 2090 90 28 U+3092 583 1405 116 86 U+7740 1823 1468 93 103 U+5F85 1274 1629 99 118 U+3079 1450 1587 103 149 U+305F 785 1792 50 82 U+660E 1259 993 115 93 U+8A9E 599 1509 98 115 U+308B 1435 1448 93 136 U+306B 1276 2788 63 82 U+3066 1632 2836 80 143 U+8005 750 2679 94 109 U+5F79 749 2568 124 113 U+592A 1123 756 57 88 U+3082 87 1229 73 110 U+308A 1627 625 65 127 U+3066 1265 861 77 117 U+308C 1241 2655 113 146 U+9577 103 580 76 139 U+4EBA 70 2603 114 140 U+6240 1598 2479 113 104 U+306C 921 1111 124 88 U+6751 1112 1966 84 83 U+308C 431 2881 55 105 U+65C5 1099 2389 122 119 U+306A 1450 742 83 117 U+8863 1605 753 104 101 U+306A 1267 2165 96 89 U+4E4B 98 1803 39 90 U+304F 455 1893 33 91 U+304B 753 1737 101 54 U+4E1E 81 1906 75 124 seg_fp 1284 1989 71 163 U+8DB3 112 900 68 129 U+3042 612 985 74 113 U+76EE 959 2413 56 103 U+4E00 413 2015 95 30 U+308C 767 1057 86 133 U+829D 1108 2515 91 105 U+306B 86 2487 50 97 U+3075 1567 2385 137 91 U+308B 742 2468 97 113 U+308C 440 1204 53 132 U+65E5 1302 1101 48 78 U+3072 577 2577 100 91 U+3092 941 2511 108 109 U+677F 915 1380 122 90 U+3066 275 1403 48 129 U+304C 1134 2339 52 45 U+308B 1435 857 95 148 U+308A 1458 2061 59 103 U+6B4E 578 2780 98 108 U+805E 1114 1081 91 110 U+306F 267 1217 90 53 U+305F 433 2793 46 84 U+7ACB 943 564 82 118 U+7FBD 912 2874 106 99 U+306C 1592 1069 118 97 U+54C1 93 1694 66 107 U+306A 1266 2561 69 91 U+77E2 1260 2892 110 99 U+3075 418 2141 96 78 U+306A 1448 2173 64 75 U+304D 589 2132 104 127 U+3061 1622 1404 69 128 U+308C 608 1612 55 126 U+58F0 1066 2839 114 158 U+306F 1470 2652 50 33 U+517C 88 1526 72 152 U+3044 1604 2302 100 79 U+821E 253 1544 113 188 U+306E 72 2276 85 72 U+3092 1605 2570 123 121 U+305F 619 565 56 91 U+4E26 1274 1358 85 125 U+305B 943 1870 75 129 U+53E3 266 568 75 78 U+304F 1457 2246 49 91 U+305F 1453 1888 56 86 U+306B 964 2249 46 68 U+8FBB 1425 2699 145 103 U+3068 1646 2223 28 87 U+3082 444 1678 58 84 U+7D66 426 565 99 145 U+308D 275 2637 82 129 U+4E8B 431 797 80 183 U+51FA 83 2107 84 63 U+4F8D 1102 1335 97 118 U+3070 615 1749 55 107 U+3059 296 675 42 118 U+308A 611 760 54 104 U+3068 795 2210 33 89 U+306F 1125 1755 57 35 U+306A 600 2404 64 78 U+3092 1274 1483 100 128 U+3075 389 712 126 101 U+308B 1112 1460 93 127 U+3042 1267 567 108 74 U+3082 1844 1183 62 89 U+304A 260 2548 89 88 U+3068 295 2295 27 94 U+306B 92 2941 47 75 U+304B 1308 651 40 91 U+304E 259 812 122 146 U+3044 749 2303 100 82 U+5176 1447 2350 70 150 U+3072 915 978 112 121 U+304F 776 947 62 112 U+306A 94 2732 47 88 U+306F 99 2179 34 80 U+3068 299 934 30 100 U+3042 412 2362 95 102 U+61F8 949 2588 88 121 U+3069 798 821 63 109 U+3088 949 856 49 103 U+3070 449 2583 47 87 U+306F 1282 2477 35 81 U+306A 437 1018 73 101 U+65E5 1299 1273 54 70 U+308C 276 1263 53 137 U+307E 623 1212 41 107 U+306A 621 2022 60 88 U+304C 103 2045 44 48 U+305F 96 2399 43 80 U+91CC 1277 2335 65 129 U+305F 948 1772 52 83 U+308B 1295 2248 46 70 U+3082 111 1041 55 73 U+3059 1640 1307 47 89 U+3057 1318 1738 14 154 U+304D 617 2898 39 113 U+3068 1140 2737 33 85 U+3088 612 662 49 94 U+308F 959 1679 35 95 U+3082 289 1106 48 100 U+3089 1849 1277 39 107 U+3084 752 1480 106 71 U+304D 1458 1755 46 135 U+306F 783 1367 43 96 U+3057 1592 872 99 92 U+305D 403 2474 89 101 U+3057 458 1766 27 133 U+3078 748 2399 118 68 U+307E 289 2141 34 98 U+3078 237 2253 121 51 U+3088 1459 1977 37 79 U+3068 452 1341 35 101 U+3057 802 1181 13 161 U+307F 75 2827 95 106 U+305F 278 2048 48 84 U+304B 1459 648 42 52 U+3057 800 1555 14 158 U+3070 423 2996 88 28 U+3066 930 2719 74 129 U+304B 459 1122 33 87 U+3057 304 2777 13 156 U+3057 455 2666 24 131 U+3089 1640 964 31 110 U+3048 1100 1209 86 110 U+3046 97 2325 25 77 U+3057 1320 737 21 119 U+3089 630 1099 36 112 U+3057 469 2221 20 128 U+3089 609 2481 44 108 U+3068 129 1116 31 102 U+3057 639 1321 14 128,200003076_00055_1
U+306E 445 641 108 91 U+5C0F 1677 2051 97 73 U+306E 1984 1411 104 95 U+304F 482 1569 49 99 U+306B 1185 774 70 95 U+3089 680 1306 51 98 U+306B 298 2451 66 97 U+3066 1351 2630 81 84 U+4E8B 1337 1315 95 192 U+306E 1496 684 111 83 U+3031 292 1662 77 175 U+306B 665 2770 67 104 U+4ECA 1304 1567 144 122 U+3092 996 2435 113 67 U+3064 639 1607 98 111 U+3066 1971 2188 112 112 U+8033 1009 1094 94 140 U+3082 1329 846 89 107 U+3066 453 1228 83 101 U+5408 1296 1927 148 103 U+306E 996 1339 99 95 U+4E8C 832 1542 96 49 U+541B 449 407 98 141 U+304B 264 407 103 59 U+305B 1490 1854 103 73 U+4ECA 617 1954 126 134 U+3092 1166 1835 103 75 U+6795 827 1347 133 124 U+5E8A 446 1344 130 111 U+5C0B 1155 405 93 158 U+306E 1836 1167 78 67 U+3057 1333 2466 95 77 U+5BD0 821 2286 90 143 U+4E16 1324 961 121 68 U+308D 661 537 75 99 U+5357 657 969 90 116 U+3031 1526 1256 90 157 U+306B 672 1411 62 89 U+3082 283 2751 86 131 U+306F 854 1478 75 45 U+5922 1192 883 78 127 U+305F 683 726 51 103 U+5E2F 478 2046 61 162 U+4E00 1001 1688 96 29 U+3066 1339 737 87 88 U+5EA7 987 1527 112 119 U+7230 1520 395 77 162 U+5143 1523 576 79 107 U+3070 1710 825 48 91 U+61F8 2008 1583 94 138 U+9152 2004 1305 94 100 U+7AF9 992 2043 102 99 U+69D8 450 541 118 108 U+677E 981 1935 116 89 U+8846 1520 1003 96 121 U+4F55 1157 1722 109 105 U+306E 1815 1741 105 98 U+6368 261 986 130 110 U+516D 2010 1730 89 74 U+591C 834 683 94 124 U+540C 1844 1347 77 83 U+3072 656 1509 106 91 U+58F0 1981 1991 89 146 U+97F3 472 951 65 125 U+308C 846 2497 50 90 U+7ACB 461 1678 88 92 U+3064 832 1617 87 93 U+5F85 631 2389 100 142 U+304B 635 1737 106 60 U+306B 1862 2479 41 71 U+5BDD 1003 406 100 150 U+8FD1 448 1459 114 100 U+3042 1996 827 91 93 U+3051 1163 553 97 111 U+306E 1013 2809 81 71 U+51FA 835 1733 95 60 U+679A 990 1795 119 113 U+7D44 1011 1241 83 108 U+306C 1480 2580 120 81 U+3044 1503 1135 97 63 U+4E09 2008 2314 73 70 U+4E0A 1690 1097 81 76 U+6BD4 1685 993 90 101 U+4E80 1011 2301 91 128 U+305D 1034 2511 51 77 U+3084 778 2440 152 57 U+307B 644 2558 98 81 U+9DB4 1005 2163 86 149 U+3082 853 406 56 97 U+308D 1513 2399 89 117 U+306B 2017 1109 49 79 U+5B50 1688 506 67 82 U+91CD 1994 694 91 125 U+3082 1180 2183 74 86 U+3081 1026 2599 55 68 U+306F 1349 2424 63 38 U+306E 1833 838 99 75 U+3042 819 2112 97 83 U+3064 1344 2549 86 104 U+7533 1192 1603 47 113 U+308A 672 1856 49 89 U+662F 1189 2279 83 138 U+4E8B 1843 1575 66 166 U+662F 299 2561 78 139 U+306B 1196 1020 51 83 U+3082 833 1229 75 109 U+304D 464 2318 97 115 U+8E0A 1330 2299 107 112 U+62CD 1828 411 105 92 U+3075 611 1785 119 71 U+58F0 1487 2141 100 148 U+3067 280 1378 79 87 U+5FA1 1015 1436 85 78 U+3082 1159 1107 83 97 U+3092 1337 1486 99 76 U+307E 293 2362 80 82 U+5B50 1852 505 71 77 U+4E03 2005 1819 80 65 U+7533 1050 943 35 129 U+308C 860 1001 57 119 U+3048 664 645 75 91 U+3051 1834 2168 88 82 U+3082 1997 1189 75 100 U+306E 1177 2721 79 63 U+7533 1708 1922 38 110 U+3042 452 737 88 88 U+56FD 2007 2404 77 101 U+6642 1658 2297 98 90 U+82E5 1496 773 93 135 U+306A 466 1780 81 96 U+3046 1875 723 35 121 U+7740 827 807 94 109 U+3061 2020 922 53 90 U+4EAD 1849 2577 67 131 U+81F4 1506 1748 98 113 U+69D8 1652 403 109 99 U+6B64 1681 923 89 76 U+306F 1360 1046 55 35 U+304A 1338 1690 90 72 U+306F 1512 2522 83 44 U+3068 315 1843 27 112 U+82B1 1663 2393 94 108 U+3061 276 891 63 98 U+3042 1847 634 83 87 U+58C1 1998 418 90 146 U+304B 650 1096 98 56 U+4F8D 1328 393 100 117 U+3072 1326 1845 91 86 U+3066 811 1921 91 99 U+3084 1179 2566 92 73 U+3089 2029 1009 33 93 U+308B 1844 2255 82 110 U+308B 1175 667 81 110 U+7A0B 1836 2365 99 100 U+5E83 1319 1092 113 143 U+308A 317 2166 45 99 U+3055 855 2027 47 80 U+304C 1528 2263 60 53 U+3068 1871 1228 30 105 U+304A 832 2209 101 63 U+304C 1702 2246 55 46 U+3084 616 2087 117 74 U+306C 1827 1070 110 90 U+3057 1156 1218 101 82 U+306F 296 1976 52 110 U+3046 1044 751 30 98 U+304B 1346 2731 94 53 U+53E4 1518 1609 64 120 U+3055 312 2269 48 86 U+4E00 2012 2530 68 27 U+304C 1865 588 63 50 U+3055 855 935 52 66 U+308A 1712 1382 45 111 U+3050 279 1482 91 89 U+7A3D 1494 1420 133 103 U+3072 1835 2067 88 89 U+3072 1514 913 84 97 U+7533 856 2725 45 146 seg_fp 1334 2035 85 81 U+4EBA 1989 1882 134 124 U+4E00 2006 595 79 24 U+3068 688 836 30 114 U+6B4C 1667 2142 96 94 U+3042 1838 926 83 72 U+3066 1193 2079 54 102 U+7269 466 2718 94 92 U+53EA 1164 2789 107 95 U+3056 1705 1737 73 71 U+57A3 1331 2211 96 86 U+3078 267 725 117 72 U+3068 677 2264 28 117 U+305A 1169 1395 96 79 U+3055 1709 1489 49 82 U+308B 1349 518 79 117 U+3057 1877 1421 15 156 U+6368 454 2416 119 111 U+3053 660 405 60 74 U+307E 1034 561 37 104 U+306B 1845 2800 83 65 U+3093 1690 1609 91 134 U+307F 944 2718 161 90 U+3075 1132 1990 137 98 U+65B9 1701 1179 62 114 U+3068 1198 1477 28 108 U+305D 1531 2321 43 82 U+307F 2034 1517 28 61 U+304D 1679 2516 51 115 U+3057 313 459 14 160 U+3072 1337 1243 87 89 U+3044 1173 1915 85 69 U+3031 665 2121 88 145 U+3046 1854 1893 37 75 U+305F 1667 2633 68 87 U+3093 840 578 104 110 U+308D 1514 1203 84 95 U+304D 496 2548 40 84 U+308A 1680 2725 61 149 U+3051 1704 696 62 129 U+3082 487 2811 95 83 U+3055 1371 650 41 74 U+7533 1530 2744 41 137 U+306F 1851 1020 49 46 U+306F 298 1113 43 91 U+3044 278 2089 84 75 U+3060 301 1208 62 82 seg_fp 1350 2103 73 103 U+3068 694 2611 31 141 U+3081 844 505 68 72 U+3068 1386 2772 26 103 U+3089 495 1950 26 82 U+4E3B 1840 2722 86 76 U+305B 1016 671 71 77 U+307F 1859 1816 37 65 U+304D 1697 605 43 82 U+3053 300 632 36 60 U+3082 1497 2033 82 94 U+3068 1545 2661 29 81 U+305F 1852 1964 47 94 U+3088 1707 1295 39 81 U+3046 290 782 43 110 U+3069 875 1127 40 98 U+3068 865 2598 31 106 U+3068 497 2216 33 93 U+304C 495 1868 52 85 U+3059 302 1573 42 120 U+3053 1038 2673 42 47 U+3082 1204 2646 50 71 U+3068 1718 1814 21 95 U+308B 499 2632 34 82 U+3057 517 817 19 115 U+3069 1552 1930 33 97 U+3068 1056 844 37 92 U+3082 1358 1740 46 94 U+3084 1998 2778 86 62 U+3057 493 1087 18 134 U+3057 2032 2640 15 137 U+3057 877 1793 24 168 U+3089 1200 1302 35 95 U+304B 307 1305 29 69 U+309D 695 476 24 57 U+3057 1218 2416 14 151 U+3057 695 1125 11 171 seg_fp 1522 1522 63 82 U+3057 2040 2086 14 135 seg_fp 1727 1569 24 75,200003076_00062_2
U+306B 965 2675 63 103 U+4ECA 99 2284 133 126 U+3066 941 2348 89 84 U+5341 1471 1144 78 86 U+540C 935 531 73 93 U+308D 600 717 85 109 U+4E8B 1276 701 97 196 U+306E 916 760 103 93 U+304A 1100 1166 105 88 U+306B 1490 947 62 85 U+4EBA 904 817 144 134 U+3070 780 2599 99 58 U+821F 258 1759 120 123 U+306B 131 927 53 75 U+4EBA 107 1212 122 132 U+306B 308 1887 56 87 U+3066 1116 2162 80 93 U+304A 427 1030 109 92 U+306E 103 755 84 88 U+3066 426 1261 103 94 U+305F 1677 620 54 76 U+308C 1480 1687 65 104 U+7269 1841 748 102 102 U+7269 1653 715 113 91 U+3081 1487 524 77 59 U+306E 1455 596 104 85 U+5408 738 1803 171 102 U+306B 950 927 66 87 U+5176 1843 1624 73 138 U+306B 1319 2271 60 80 U+3065 800 2734 99 93 U+5927 607 1193 92 96 U+5F10 780 1616 97 91 U+3093 611 1682 91 151 U+306B 150 2418 49 72 U+51FA 460 2631 105 88 U+8EAB 1663 806 101 130 U+306C 113 1136 104 79 U+304A 1469 2696 108 88 U+306B 801 1522 63 76 U+304A 1300 2682 102 84 U+5E03 1823 1109 105 127 U+3066 611 1001 83 83 U+5730 109 829 103 93 U+53E3 472 2758 64 57 U+3066 1081 2692 109 84 U+306B 958 1687 67 77 U+3066 451 2552 91 89 U+767E 740 883 103 93 U+51FA 1105 1416 101 70 U+3066 1823 1500 84 118 U+3044 782 2676 95 62 U+307E 1844 1779 56 121 U+306A 1838 2632 82 63 U+821F 434 529 105 110 U+9996 1499 2149 61 133 U+306E 1256 1085 114 85 U+3066 1278 1705 89 88 U+306B 782 788 53 86 U+8D77 1115 2426 77 105 U+3064 1836 2229 74 102 U+4E09 954 2805 94 77 U+6210 615 2260 107 92 U+592B 1262 1541 141 104 U+304B 1093 530 91 59 U+306B 315 2314 57 82 U+8494 770 2217 94 119 U+5171 791 1431 63 78 U+3082 604 1093 78 92 U+5176 1292 1298 63 135 U+306F 464 1882 62 40 U+4ED8 620 2053 85 108 U+4ED8 950 1025 72 114 U+7531 1310 2176 78 85 U+80FD 938 1420 88 109 U+5408 95 2498 124 96 U+516D 781 1917 96 75 U+3057 1809 1986 118 80 U+5927 615 1534 89 79 U+306B 634 2177 57 78 U+306B 467 1491 56 76 U+308D 1303 2930 85 73 U+5C45 114 1024 83 111 U+304F 797 1240 42 90 U+5C3E 1479 2277 110 110 seg_fp 1838 977 97 117 U+5973 1247 1169 136 67 U+307F 403 1583 143 85 U+5185 459 1777 78 96 U+767E 958 2915 79 89 U+304F 446 1091 73 83 U+3066 1825 2435 76 104 U+8179 1100 1887 109 105 U+4EAC 450 2362 98 119 U+306B 141 1909 56 69 U+81EA 1299 2042 72 129 U+308B 1648 1286 85 118 U+70B9 122 2597 96 74 U+306A 1309 2355 70 80 U+8A9E 301 2516 93 108 U+306E 257 1986 116 92 U+62DB 419 2162 125 94 U+6587 746 2091 144 121 U+3082 1336 2754 40 80 U+306A 1666 1947 82 106 U+662F 1310 1805 81 127 U+3082 796 2923 105 93 U+304D 467 2261 43 90 U+306B 1133 2538 53 63 U+3089 296 667 53 93 U+8FD1 624 1928 80 110 U+9053 904 636 108 112 U+3072 1657 519 108 95 U+304B 117 1997 80 52 U+767E 763 1994 115 88 U+7A0B 1294 1941 102 100 U+4E09 1457 1050 92 72 U+3092 1101 1031 103 119 U+624B 453 2025 72 129 U+3066 434 928 84 91 U+3070 962 2078 63 83 U+60DC 1277 526 101 132 U+983C 948 1882 94 124 U+5973 240 1543 138 73 U+9001 252 527 123 133 U+305D 1665 1473 72 97 U+3044 1825 2553 93 61 U+592A 1298 1447 64 86 U+79C1 283 2405 99 114 U+307E 299 2226 84 81 U+5F97 952 2243 89 109 U+3044 1826 520 102 64 U+3070 1501 2926 47 81 U+3082 1494 2068 86 71 U+3067 1470 1392 91 106 U+5176 1471 1797 74 136 U+53E3 764 546 65 53 U+5F7C 278 1414 96 124 U+3061 789 2340 67 75 U+307F 1800 2121 123 91 U+306F 322 2741 66 42 U+305B 1469 2391 102 75 U+3064 1112 2078 82 114 U+306A 607 1447 88 81 U+3053 330 2789 54 55 U+96C4 1464 823 102 121 U+3053 1300 1011 61 60 U+9AD8 1480 701 59 120 U+305D 1100 1776 92 102 U+3072 1103 1333 91 88 U+767E 760 1713 100 91 U+3053 1679 1404 41 54 U+304A 615 526 97 83 U+305F 785 1075 62 82 U+9F3B 745 630 90 148 U+7F77 1113 2778 77 119 U+3066 1670 2768 68 96 U+305F 344 2922 54 70 U+90CE 290 1618 74 136 U+305E 295 1089 64 82 U+3046 964 1592 28 92 U+65E5 136 540 43 76 U+3089 1498 1591 35 96 U+4E94 1419 1240 158 57 U+309D 303 824 30 84 U+54C9 1286 896 88 111 U+4ECA 1439 2558 143 140 U+6240 1816 2709 99 84 U+308B 154 1775 37 63 U+3075 1427 1509 121 90 U+7B11 1673 2182 93 109 U+304D 1856 2328 42 93 U+304D 632 824 40 88 U+307E 1496 1297 34 83 U+3072 1282 656 93 81 U+3042 945 2437 90 77 U+307E 1685 1572 52 105 U+3067 474 2921 92 88 U+307E 488 2828 35 88 U+306C 1838 666 91 76 U+77E5 265 987 105 92 U+6614 1108 885 62 150 U+6211 1661 2448 108 114 U+306B 1306 1638 48 66 U+4E92 461 1364 62 112 U+5C24 1297 2571 94 97 U+3080 1113 2266 90 82 U+3069 156 2181 57 94 U+3092 1840 2778 93 108 U+308C 820 2802 50 116 U+3084 918 1534 117 57 U+3056 666 2944 65 75 U+3081 966 2005 60 72 U+3055 317 2151 42 71 U+3068 1872 856 33 111 U+3060 1685 1675 69 85 U+308A 465 1180 38 90 U+3068 977 1769 33 110 U+672C 122 638 76 111 U+3069 650 599 55 107 U+3059 1682 1176 47 110 U+308C 141 2090 52 83 U+305A 1441 2471 131 84 U+3068 647 1808 31 104 U+5C0F 448 1940 108 79 U+3092 633 2795 106 89 U+5973 558 2518 159 76 U+305F 1129 1986 53 87 U+307E 1117 661 40 107 U+309E 975 1243 46 62 U+306A 329 2850 67 65 U+306F 1688 2856 42 76 U+306F 792 988 41 84 U+3058 997 2562 36 117 U+3070 1309 2488 59 80 U+3051 951 1313 63 98 U+6C17 620 1288 78 158 U+5FC3 255 914 118 70 U+3068 1870 1243 38 115 U+3058 1707 2933 41 88 U+304D 1857 1368 45 112 U+305F 461 732 48 93 U+306B 470 2488 45 67 U+304B 627 2892 101 60 U+305B 789 2490 72 110 U+308B 1124 587 40 65 U+308A 343 2072 32 83 U+5E30 1110 2896 92 75 U+304B 1306 1258 37 34 U+3055 625 929 43 70 U+3068 969 1147 28 97 U+5FC3 119 1848 104 51 U+308B 302 752 41 73 U+3082 1508 2760 40 85 U+3051 125 1658 84 115 U+5FC3 942 2179 103 71 U+307E 456 842 41 82 U+309D 1864 1896 36 79 U+3058 651 1596 42 135 U+5973 724 1351 157 67 U+8896 611 2706 114 108 U+3078 1473 2864 113 76 U+3082 1687 935 40 84 U+3078 1644 1120 114 74 U+635C 1817 2883 119 109 U+3068 157 1506 31 85 U+3057 1704 2289 17 163 U+3086 134 2681 79 62 U+3084 115 1443 96 70 U+3089 807 1160 28 89 U+3057 1155 1488 20 155 U+3057 341 2604 18 139 U+3089 1697 2101 30 76 U+3057 1130 768 16 113 U+304B 1867 2071 34 48 U+6238 1651 2571 111 173 U+308B 984 2505 35 58 U+3082 1130 1227 47 91 U+3060 1672 1020 74 89 U+3089 1870 583 27 90 U+7533 145 1595 41 114 U+304B 307 1184 34 41 U+3070 456 646 52 83 U+304F 1147 2338 38 83 U+304B 170 2733 25 50 U+304B 1690 2061 32 40 U+3086 458 1672 74 71 U+306F 306 2995 44 29 U+3057 1152 2604 20 134 U+3058 156 1315 46 130 U+3066 1774 2937 88 78 U+309D 155 2045 29 52 U+3046 1133 1644 54 133 U+306B 1689 2697 41 69 U+5BB5 1657 1783 95 152 U+3089 1339 2437 20 74 U+3057 1347 2835 15 94 U+3089 815 2417 25 86 U+3057 319 1234 14 170 U+3057 663 2338 11 175 U+5F8C 1485 1946 84 120 U+3068 1086 2935 29 76 U+305A 114 2781 116 64 U+826F 643 2642 75 59 U+308B 476 1727 39 48 seg_fp 637 2599 50 56,200003076_00063_1
U+3066 628 1812 95 105 U+304F 999 564 51 93 U+306B 815 1126 66 97 U+5341 292 1691 74 95 U+5341 281 2164 94 73 U+306B 1832 941 73 93 U+3082 817 791 49 93 U+306E 977 1869 116 87 U+304A 463 2158 100 74 U+306B 291 1173 54 86 U+4EBA 253 1057 141 127 U+5341 819 483 68 76 U+3064 1494 487 91 102 U+65E5 307 1968 54 77 U+3082 296 2329 51 93 U+3066 806 1683 97 94 U+304F 1850 684 45 90 U+306E 1300 1837 102 91 U+9E7F 630 1932 106 124 U+306B 1677 1510 64 93 U+306B 1356 702 60 85 U+4E09 270 2065 107 74 U+306B 845 2581 68 80 U+6B64 1671 675 81 78 U+306E 1137 1803 112 84 U+306E 1475 1592 118 86 U+306E 625 2264 111 92 U+3064 1987 1698 87 102 U+3031 630 479 62 140 U+3092 1980 1015 98 83 U+3044 449 1516 88 66 U+5B50 653 2071 68 96 U+3066 1481 731 82 96 U+306E 423 1051 117 86 U+3082 1833 1644 52 82 U+306E 970 905 102 79 U+306F 1671 2204 75 49 U+91D1 960 679 128 112 U+5BA2 253 800 122 141 U+3066 251 703 96 84 U+3066 1325 1252 76 110 U+3066 1491 2403 82 83 U+304F 1836 1552 44 84 U+8005 980 2750 132 133 U+7686 1339 2803 100 100 U+306E 1302 2441 112 80 U+5EFF 302 1873 87 77 U+306E 269 2650 103 83 U+306B 453 600 70 97 U+53E3 635 925 72 74 U+304A 1665 759 100 66 U+3066 1143 908 93 90 U+3064 1311 2532 102 79 U+554F 1329 480 91 104 U+5DFB 630 640 81 133 U+3059 1457 1895 124 70 U+306A 467 1786 75 90 U+3064 1336 1367 88 104 U+6642 1989 2404 77 79 U+306B 486 2335 54 73 U+65E5 301 2248 55 83 U+7D0B 635 2170 133 110 U+4EBA 783 688 131 112 U+7B11 831 2132 95 118 U+5C0B 1667 1143 84 139 U+5E74 1142 1002 92 145 U+5E2F 450 1152 75 155 U+3066 1672 567 75 97 U+5C45 792 898 101 108 U+65E5 302 1798 55 72 U+65B9 1003 1743 70 126 U+9732 1151 594 100 92 U+3042 1324 1047 99 86 U+308C 484 2775 57 132 U+8896 628 2340 119 112 U+6216 293 1520 89 112 U+4E16 1641 1614 117 78 U+6E05 1987 1416 89 115 U+8A9E 1482 2136 111 103 U+898B 1811 1048 100 119 U+5176 827 1777 69 132 U+306A 1828 2116 71 95 U+3061 304 2788 65 110 U+6B64 1317 1629 85 82 U+59FF 1661 835 100 110 U+307B 640 1515 104 94 U+3080 625 1247 116 90 U+306C 1807 2311 109 75 U+6D25 1318 1690 92 150 U+96E3 981 1345 102 118 U+3082 457 2048 84 97 U+306F 1002 2151 82 40 U+306B 1517 1216 38 70 U+3057 1986 497 93 78 U+3084 1820 791 98 58 U+601D 445 2656 115 89 U+83C5 1996 2554 80 131 U+5149 978 998 96 108 U+7C73 1998 2037 75 114 U+3064 286 1374 70 100 U+7C89 618 1126 111 112 U+7740 628 2768 111 127 U+306A 1507 1004 83 76 U+304D 654 2668 67 93 U+5546 1495 1683 93 127 U+3061 2011 769 59 98 U+3092 1824 2679 106 84 U+3053 1997 1114 48 57 U+69D8 801 2037 125 102 U+5C4B 1325 594 93 92 U+5408 1286 2692 154 102 U+7269 437 480 122 98 U+4E5F 1124 1474 143 97 U+4E0A 1002 1664 89 73 U+306F 2006 2492 48 49 U+3072 1475 1811 103 92 U+3065 453 1591 100 98 U+5C3D 1673 2478 71 109 U+6797 1978 1536 99 97 U+76E4 1144 711 101 122 U+9593 817 1019 57 95 U+305B 1670 1960 79 97 U+3044 628 2534 104 80 U+306F 296 1639 67 46 U+3068 1190 2823 65 72 U+308A 1849 2209 42 93 U+3048 1494 629 84 102 U+80F8 1654 2793 114 92 U+305E 994 1113 66 87 U+304D 1356 2610 38 77 U+76EE 477 2231 62 95 U+3080 1823 2463 99 93 U+3066 649 791 43 108 U+306F 1665 953 77 39 U+5176 1826 1734 67 112 U+306F 473 2751 83 51 U+308C 1516 2572 63 99 U+4EBA 1136 1366 138 116 U+306E 1172 2450 70 67 U+5341 1162 488 73 76 U+3066 1643 2690 95 80 U+53BB 1506 2816 80 83 U+4E4B 1680 1703 52 82 U+9017 268 2439 100 106 U+304B 967 493 127 57 U+6709 813 1925 88 110 U+3042 1834 491 70 93 U+9AEA 813 2667 114 118 U+5857 644 1692 100 121 U+3081 1992 1186 69 108 U+56DB 805 568 89 55 U+307F 2016 2208 32 69 U+3053 1507 1406 61 60 U+3073 1989 682 87 85 U+7D05 627 1015 82 108 U+3066 425 1417 90 83 U+304B 1985 2153 92 63 U+9280 965 799 119 110 U+3072 1658 2392 87 98 U+6368 1482 2312 117 93 U+306A 1173 2053 71 85 U+4ECB 1644 1785 134 83 U+308A 1523 2230 45 77 U+308B 1520 1961 40 67 U+7559 293 2555 67 94 U+3079 1342 921 80 124 U+3068 1695 996 26 121 U+6709 991 1222 69 120 U+304E 2015 869 61 87 U+5176 1996 2297 64 113 U+3048 817 1361 78 97 U+8EAB 1815 1854 102 132 U+3066 1167 1965 63 82 U+308A 1526 2741 44 76 U+3059 1508 1295 57 106 U+7533 1688 1863 39 105 U+72EC 264 1273 105 96 U+4EAD 1160 1577 90 140 U+308A 499 1875 37 106 U+3068 1856 2384 30 83 U+308A 2028 959 30 86 U+4E94 789 636 116 56 U+304D 660 1425 41 91 U+308B 1663 1399 90 112 U+4E3B 1154 1728 103 74 U+866B 1492 836 76 86 U+3057 445 714 88 85 U+904A 1660 2257 93 128 U+306A 836 2381 66 76 U+3070 482 2462 59 80 U+3046 1849 852 28 97 U+307C 1021 2469 96 104 U+4E00 276 992 104 23 U+308A 850 1601 46 93 U+306B 1832 1979 57 77 U+5973 944 2212 169 70 U+3070 1337 1541 55 79 U+59FF 252 478 113 113 U+304C 2009 1639 53 56 U+3093 1322 1970 104 96 U+8A9E 1841 2769 91 86 U+3068 690 1573 29 109 U+3084 1798 1471 117 78 U+304C 1843 1320 60 50 U+308A 1855 581 40 100 U+3088 1523 2673 38 66 U+305F 834 1536 52 64 U+305F 1192 2368 46 78 U+306E 1982 588 90 95 U+3082 1188 1858 40 99 U+3052 844 2460 75 109 U+3068 1525 2028 38 100 U+306F 1030 1936 39 79 U+304A 1168 2252 85 60 U+3053 1509 934 45 54 U+308C 2002 1759 50 123 U+3051 1672 1295 64 97 U+306B 1176 840 50 70 U+3055 656 1333 45 93 U+304A 1153 1157 85 62 U+56FD 1316 2357 112 87 U+77E5 1325 814 115 101 U+3057 1708 2061 17 142 U+3051 1343 1466 57 71 U+305D 1520 2492 49 83 U+8AF8 1269 2267 147 99 U+308B 1155 1294 87 105 U+3057 864 2245 16 129 U+308F 849 1455 31 83 U+306F 300 2893 67 40 U+304B 1523 570 29 57 U+308B 854 2841 43 70 U+3050 827 2788 101 58 U+304A 999 2392 95 73 U+304C 2011 2847 59 56 U+3068 1033 2288 28 97 U+306F 1842 1369 47 92 U+304D 1035 2634 39 93 U+308C 472 1645 57 128 U+3057 1033 1472 14 175 U+3059 1027 2012 41 129 U+3061 662 2455 64 82 U+3058 1359 2034 45 103 U+3068 498 2547 25 95 U+5165 382 2417 205 92 U+3084 1319 2132 86 56 U+3057 2019 1881 18 150 U+3068 496 1955 28 90 U+308B 1863 2849 51 59 U+308A 1336 1124 83 130 U+306F 1342 1903 47 65 U+3086 449 799 78 90 U+3057 1532 1081 16 131 U+3061 467 889 64 80 U+3055 671 2593 37 79 U+306F 1830 2058 51 48 U+3093 448 971 88 84 U+3057 2030 1278 25 120 U+3057 1858 1162 13 144 U+3057 1529 1470 15 125 U+3057 1205 2133 21 126 U+3046 1347 2181 30 72 U+3046 308 2700 29 97 U+306F 1196 2643 38 62 U+898B 793 1227 97 140 U+304F 1182 1202 48 93 U+3051 1179 2527 61 75 U+304F 1209 2702 40 89 U+7B20 1992 2707 84 129 U+3057 311 596 15 143 U+3055 1694 491 45 72 U+309D 329 1462 25 59 U+304B 1203 2313 31 61 U+3044 1153 2597 113 58 U+3057 1714 2590 13 144 U+304B 1865 2547 32 59 U+3057 482 1314 21 145 U+3057 1083 2567 13 97 U+3057 1883 2607 12 100 seg_fp 2042 2695 20 46,200003076_00064_2
U+547D 1277 1041 155 139 U+4E8B 290 573 91 214 U+306B 1508 796 75 92 U+4E0B 1123 2658 84 94 U+3082 974 993 51 99 U+306B 803 913 62 99 U+3082 325 1434 51 109 U+306B 1142 849 67 94 U+306B 1865 1965 62 87 U+306B 790 1450 81 82 U+306B 1858 1367 74 90 U+306E 614 1736 103 88 U+306E 1100 2185 112 94 U+8DB3 1867 1008 79 141 U+3066 1850 1573 60 133 U+3092 615 844 109 84 U+306E 426 1484 109 90 U+3092 1820 2678 112 75 U+306F 1670 1467 82 48 U+306E 1297 1186 106 78 U+3066 774 1738 76 96 U+7230 793 1294 84 145 U+306E 434 2682 123 95 U+304F 1319 1509 58 93 U+304B 612 943 99 64 U+306E 1470 2377 105 86 U+306E 1819 2504 109 85 U+306E 932 2091 112 88 U+8D70 1855 2068 81 135 U+3066 974 874 49 113 U+8F29 459 1602 77 185 U+3082 310 799 42 105 U+65E5 476 1952 64 89 U+5171 1145 578 72 126 U+5341 966 2569 75 74 U+767A 440 1347 105 129 U+51FA 965 1384 99 68 U+65E5 976 2652 50 75 U+4EBA 1810 2400 154 124 U+3066 921 1560 103 81 U+4F2F 1481 1880 98 85 U+6728 627 1627 77 111 U+6B7B 1312 600 102 101 U+3066 1290 1607 80 103 U+3082 306 1083 59 86 U+53D6 799 2566 96 96 U+6210 1837 1449 111 126 U+5F15 1665 2399 93 112 U+53C8 1638 1883 142 108 U+306C 1306 964 102 77 U+6B63 285 1184 117 77 U+304B 1119 2879 88 52 U+306E 1651 1646 110 83 U+305D 1881 595 55 90 U+5F53 620 1854 94 119 U+5EA7 603 1981 107 139 U+3070 1862 2300 70 93 U+6D99 1126 1902 104 105 U+96EA 464 2541 80 138 U+306F 1672 1995 69 38 U+591C 441 1209 102 124 U+89AA 1496 688 110 113 U+6708 303 1292 72 149 U+96A3 626 711 98 140 U+308C 1879 684 65 121 U+3057 1827 2766 106 80 U+3082 1688 827 86 99 U+4E09 944 2492 110 66 U+306A 470 728 75 89 U+6A5F 772 2195 102 124 U+9023 1649 2507 116 127 U+306E 773 2110 106 75 U+6708 473 2382 76 156 U+6599 960 1219 96 145 U+306A 1501 2859 71 83 U+3084 1641 940 148 78 U+4E21 631 592 88 101 U+66FF 788 1558 74 110 U+59C9 1471 1183 114 103 U+3092 778 2467 114 93 U+8ACB 780 1971 97 131 U+304F 1335 2315 40 89 U+3053 1713 584 69 83 U+59E8 1444 2242 134 127 U+9732 1836 1719 106 147 U+308C 796 1131 62 136 U+304B 946 586 110 83 U+3078 763 1685 118 60 U+6B21 1834 1860 108 86 U+5C0F 792 2667 109 72 U+306E 1820 2852 109 93 U+59EA 1450 2113 135 95 U+308D 1680 733 108 98 U+3092 1660 2308 118 80 U+306A 1327 727 78 83 U+7236 1453 1969 147 117 U+640D 955 1105 106 122 U+3082 949 2731 72 88 U+96A0 775 1020 106 130 U+4E00 449 1840 112 31 U+76C6 283 925 107 155 U+5C0F 1679 1220 105 95 U+3061 1490 2644 74 107 U+805E 1136 715 89 116 U+305F 653 992 43 74 U+305F 1679 1714 57 75 U+89AA 1657 1532 125 122 U+6211 1654 2053 120 120 U+7159 445 592 114 119 U+4FBF 1114 1314 134 124 U+8CB7 608 2140 107 123 U+5A18 1649 1348 119 107 U+6211 1663 2660 110 127 U+308A 1893 904 50 93 U+7ACB 1498 1760 70 95 U+305D 810 719 55 96 U+306F 1505 1295 54 43 U+308B 1125 2383 82 115 U+96E8 1115 2072 107 110 U+3092 1126 1069 106 113 U+3060 1509 903 99 114 U+60B2 1296 2063 107 102 U+3051 635 1165 59 112 U+6BCD 1484 590 132 82 U+3046 964 2169 49 83 U+3055 980 666 44 85 U+3081 1668 1790 81 83 U+306B 1510 1677 51 86 U+306F 1140 2027 60 36 U+4E0D 1136 1199 90 106 U+99C4 1111 2765 105 94 U+3088 1887 811 44 93 U+3089 339 1676 33 97 U+5BB6 777 1847 107 123 U+3057 278 1592 117 83 U+3042 1300 2415 99 100 U+3055 1321 1722 60 77 U+306D 606 1511 94 108 U+3089 1139 2927 45 85 U+305F 635 1300 62 90 U+308A 1333 1800 54 95 U+308B 617 2870 103 130 U+76EE 1853 2572 59 101 U+3084 1828 1275 123 87 U+306A 1143 962 71 91 U+306F 968 1846 45 83 U+305A 301 1792 117 115 U+5E97 907 2352 124 117 U+308A 979 2010 43 80 U+5165 1788 2221 169 79 U+59B9 1464 1335 122 114 U+3092 1664 2903 111 120 U+305B 1481 1097 112 76 U+307E 980 776 45 97 U+3042 799 592 84 124 U+308C 1328 844 85 112 U+96E3 1299 1274 112 126 U+591C 1124 2491 88 113 U+3082 1496 2766 98 89 U+3089 958 2251 46 92 U+3053 801 831 61 61 U+5ACC 770 2348 104 113 U+3055 1703 1022 49 67 U+5B50 1671 2796 82 104 U+304F 455 2053 85 82 U+7ACB 637 2494 85 103 U+601D 940 1656 110 101 U+306F 1329 2008 51 41 U+304B 939 1948 91 66 U+3092 1478 1451 101 98 U+308B 1146 1568 83 123 U+9762 1308 1405 91 96 U+306F 1877 1160 46 104 U+304F 1515 2936 56 75 U+3075 1072 2292 132 93 U+3057 1722 1088 22 129 U+3075 412 2797 135 104 U+7537 1690 2175 66 138 U+307E 1325 2639 45 85 U+3055 1322 2520 51 106 U+306F 1133 2614 47 34 U+9152 786 2868 91 94 U+9813 594 2290 128 92 U+5148 1463 1558 115 138 U+308B 471 2897 89 105 U+3084 1101 1811 133 86 U+306A 1152 1449 70 100 U+308F 1515 2475 37 94 U+304D 652 2610 44 103 U+3075 584 1081 112 85 U+308B 488 816 42 88 U+3075 1810 2936 116 87 U+3089 500 2137 27 101 U+3070 638 1399 53 110 U+3086 620 2726 92 141 U+534A 800 2737 66 127 U+306B 815 2955 36 55 U+304D 1312 2828 43 85 U+4E8B 1303 2912 93 111 U+3057 487 984 13 183 U+3057 509 2226 16 143 U+3068 1340 1900 39 98 U+306A 966 2919 83 67 U+3057 1342 2722 15 107 U+3078 929 1773 125 74 U+3057 1347 2172 13 136 U+3078 443 918 100 66 U+4E16 1108 1702 141 91 U+3057 1003 1448 15 142 U+304B 1529 1014 39 85 seg_fp 1737 668 30 65 U+5B9A 965 2825 78 85 U+304B 1506 2572 40 78 U+304F 921 2928 45 83 U+800C 644 2408 45 63 seg_fp 1360 806 18 53,200003076_00066_1
U+306E 1763 1204 107 99 U+306B 1245 1135 72 86 U+4E8B 1782 1277 77 209 U+4E0B 1408 2146 81 109 U+306E 1411 669 123 95 U+304B 1583 1755 112 67 U+304B 1235 583 108 70 U+306E 686 2407 113 86 U+3042 568 572 78 107 U+306E 386 1629 68 72 U+677E 1574 2237 116 104 U+5BF8 183 2440 107 89 U+306E 1010 2114 117 93 U+3082 577 829 47 89 U+306E 512 1565 128 103 U+795E 1587 1414 109 140 U+306B 732 1142 67 86 U+306E 1562 1956 133 91 U+5343 1238 2088 73 114 U+306E 1587 1158 138 91 U+306E 853 2216 114 95 U+820C 1767 1084 96 121 U+5B50 1414 1617 72 89 U+51FA 202 2543 113 59 U+53E3 1787 977 86 89 U+3081 1447 586 87 63 U+306A 1431 994 75 83 U+8584 1242 858 95 153 U+4EBA 687 1031 164 125 U+5973 188 975 136 82 U+521D 859 2006 112 109 U+3066 1594 2525 75 69 U+5C0B 892 991 86 143 U+5FA1 1403 1513 108 109 U+904A 535 1926 104 123 U+6765 1413 1707 78 117 U+3066 1416 1258 64 112 U+3070 559 1812 52 93 U+3072 1406 2419 101 83 U+4E09 193 2345 114 81 U+5316 1060 1045 114 98 U+306E 549 2821 70 69 U+3064 1215 1821 108 117 U+5176 908 562 71 154 U+308C 401 680 64 129 U+305B 194 2615 99 64 U+5165 318 1952 168 82 U+5E2F 1226 2536 60 142 U+4F53 217 1084 116 123 U+624B 217 1914 66 115 U+54C1 553 932 104 103 U+5FC3 79 733 100 71 U+304A 1600 784 96 96 U+3084 1566 1565 117 68 U+306E 507 2147 127 94 U+524D 1589 2031 89 127 U+5E38 902 1138 57 159 U+6709 904 734 71 130 U+8FD4 395 934 79 96 U+3070 728 1624 52 92 U+3065 1031 2181 98 102 U+3066 372 1163 79 87 U+304A 375 2646 98 80 U+547C 373 824 118 113 U+306B 382 1861 68 84 U+5FA1 209 2241 89 76 U+3042 223 1224 90 97 U+308C 1776 1571 94 137 U+5973 486 2071 154 70 U+306E 1206 1440 118 95 U+3042 238 573 82 96 U+3067 1027 2498 82 108 U+4E8B 709 2738 78 183 U+7AC3 1600 1254 99 153 U+65E5 1253 1371 55 69 U+5176 376 2145 73 143 U+306B 1612 2165 42 70 U+8B70 714 790 120 126 U+795E 365 2293 101 125 U+306D 1247 749 95 111 U+5C3E 864 2106 110 111 U+3080 1200 2711 112 101 U+7CA7 1054 1161 108 111 U+3042 1616 590 82 95 U+306E 1387 2745 111 81 U+4E0D 737 572 85 92 U+3066 870 2556 56 128 U+6240 693 1971 101 96 U+304A 1037 2034 92 84 U+61F8 1212 2400 95 123 U+306F 1055 1973 68 42 U+8272 1416 2626 76 111 U+3066 379 2025 60 116 U+3059 1560 2713 119 102 U+308C 572 678 55 133 U+6708 1245 1222 74 144 U+305F 250 770 53 87 U+3075 664 2638 129 105 U+5FA1 80 1526 64 84 U+9AEA 1021 1817 116 146 U+6210 858 2690 122 110 U+308D 1589 1046 103 118 U+770C 1394 1395 113 117 U+3072 1205 2924 116 91 U+53D6 381 2540 81 91 U+8863 1235 1025 97 103 U+3082 556 2724 57 98 U+308A 236 2122 46 99 U+3070 230 2686 58 88 U+306B 1426 2269 61 83 U+3046 1623 2329 37 99 U+308C 555 1418 52 129 U+5C45 364 1529 89 109 U+3082 1626 854 56 87 U+6B21 209 2789 108 79 U+3092 1225 1647 102 105 U+7B2C 208 2864 86 112 U+3059 1091 932 46 109 U+9154 76 586 85 128 U+3046 1244 1739 45 94 U+304D 731 1849 45 111 U+3078 731 2097 64 42 U+3048 1596 2428 98 110 U+305D 559 1148 74 127 U+5BBF 377 1719 86 143 U+52DD 216 1792 104 124 U+3059 1223 2814 50 109 U+3051 94 1137 49 127 U+4E5F 520 2907 153 108 U+306A 534 2440 77 95 U+3092 1432 895 95 104 U+304A 1597 1648 103 77 U+69D8 869 869 124 113 U+59FF 372 2429 93 97 U+3053 721 2142 61 79 U+304B 692 2504 123 63 U+4F4F 374 1407 85 116 U+9EDB 1037 1474 111 152 U+9234 1421 767 93 118 U+5BA3 75 1756 52 126 U+3075 1732 1502 125 78 U+8A17 60 1637 97 112 U+601D 692 691 123 101 U+308A 1414 2040 61 98 U+308D 696 2294 99 110 U+305F 1434 2549 52 73 U+306B 238 858 73 99 U+3052 1089 669 86 132 U+3066 363 2906 109 102 U+3064 69 2067 68 120 U+544A 75 2305 60 137 U+3068 1617 2615 25 84 U+305E 730 2935 64 78 U+306F 893 1568 62 37 U+3051 708 1365 106 110 U+65E9 1221 2223 67 98 U+308C 716 1483 78 136 U+66FF 554 1296 80 122 U+308B 892 1437 77 120 U+3066 1025 2869 82 140 U+306F 1416 2356 62 46 U+3088 237 2039 30 83 U+306A 81 1261 75 121 U+305D 562 1646 46 76 U+308A 241 1689 47 109 U+308B 70 2186 60 106 U+3068 760 904 40 124 U+3089 260 669 41 96 U+3055 1263 662 53 74 U+306B 885 2494 49 69 U+304F 560 2343 36 102 U+3057 1256 1925 16 158 U+3084 1166 2327 142 71 U+306B 254 2953 38 56 U+3081 552 1727 66 76 U+5F71 1201 1526 116 128 U+3058 911 2885 46 129 U+3093 869 2387 100 103 U+3088 736 2550 32 82 U+304A 871 1909 110 67 U+304B 402 2720 35 66 U+3058 115 994 33 132 U+306F 1405 2506 82 44 U+3055 1083 582 50 77 U+306A 898 1318 68 104 U+3089 1625 684 41 100 U+3046 1092 814 39 125 U+3051 1050 2711 61 160 U+308C 551 2534 57 100 U+305F 1405 1831 66 89 U+3055 1047 2625 56 79 U+305F 214 1602 61 82 U+3089 1047 2314 36 83 U+895F 1388 2838 107 121 U+5C0B 710 1255 97 113 U+308B 564 2633 38 74 U+306A 1037 2397 67 91 U+305F 78 2611 47 84 U+308C 1416 1915 50 122 U+3076 849 2311 112 77 U+3057 1621 2855 15 143 U+3057 432 1029 17 176 U+304B 81 841 83 69 U+3092 64 2439 74 100 U+3092 1394 2949 107 67 U+4E2D 869 1624 96 102 U+3066 1025 1375 97 85 U+307E 893 2802 43 86 U+3093 79 2697 66 94 U+308A 100 1982 30 80 U+305F 95 904 39 89 U+3088 735 1734 49 97 U+304D 93 1388 31 123 U+304F 1073 1702 38 95 U+3057 1102 1252 21 155 U+3066 61 2891 87 109 U+307E 1625 1820 32 144 U+3031 884 1720 77 173 U+307E 86 2523 32 88 U+3089 241 1320 45 95 U+3068 90 2800 24 83 U+3042 69 1902 59 79 U+3053 1073 1646 32 59 U+306F 222 1409 88 54 U+3057 1644 941 23 116 U+3057 422 2783 14 114 U+304B 1054 2269 24 46 U+305D 411 571 74 110 U+3053 586 1050 41 82 U+309D 1624 2812 24 40 U+3089 1465 1082 27 73 U+7537 387 1269 71 132 U+308C 227 1454 55 137 seg_fp 742 2226 32 70 seg_fp 570 2245 29 100 U+3057 1442 1087 24 174,200003076_00067_1
U+4EE3 2011 878 148 161 U+516B 1689 947 121 67 U+8272 2025 585 93 187 U+5EFF 1689 832 110 101 U+4E5D 1472 942 111 73 U+5345 1234 848 130 88 U+76EE 2031 2008 80 123 U+5EFF 1479 844 100 85 U+5345 980 848 138 90 U+4E2D 937 1747 70 110 U+5DFB 1995 1743 174 159 U+5345 340 827 128 109 U+4E8B 534 1814 53 154 U+6B73 1470 1037 141 117 U+4E00 2009 802 118 31 U+306E 1272 1351 97 84 U+6B73 752 988 148 146 U+4E8B 1678 1748 53 176 U+6B73 981 1011 152 128 U+4E09 590 1459 75 67 U+7537 2040 1048 82 185 U+6B73 1683 1010 137 139 U+306E 1195 1314 61 51 U+5345 752 846 128 78 U+306E 814 1357 65 61 U+6B73 1233 995 149 136 U+6577 935 1470 72 98 U+4E00 1006 965 99 26 U+9332 1999 2145 171 144 U+306E 1535 1432 66 70 U+56DB 2018 1931 109 64 U+7269 1054 1462 84 78 U+5345 540 843 130 89 U+597D 1975 455 174 129 U+306B 590 1339 62 82 U+90CE 1436 1300 53 106 U+5973 908 1676 116 69 U+306D 813 1841 88 90 U+4E8B 1217 1774 54 166 U+306E 940 1864 76 62 U+4E8B 1451 1741 48 173 U+5973 1179 1219 89 67 U+306E 528 1750 65 61 U+5922 1300 1212 73 124 U+4F50 282 1381 75 90 U+6C34 1535 1523 79 76 U+3064 1051 1317 69 73 U+4E8C 764 937 107 51 U+65B9 938 1571 62 102 U+306E 726 1901 69 51 U+98A8 1299 1672 87 105 U+3066 703 1454 58 73 U+308A 740 1765 39 68 U+5F62 1522 1225 86 90 U+4E8B 736 1942 49 90 U+76EE 596 1220 60 83 U+306E 1742 1419 90 95 U+663C 810 1216 61 125 U+4E8B 285 1854 53 154 U+5B88 1749 1617 84 109 U+66FF 1051 1221 65 96 U+5FA1 509 1538 80 87 U+91CE 275 1469 84 87 U+5BFA 270 1726 79 92 U+5973 1418 1218 88 60 U+306E 1411 1643 81 89 U+308A 528 1473 37 68 U+6C5F 943 1225 76 74 U+3064 806 1433 70 98 U+306E 265 1812 99 68 U+306E 373 1466 85 76 U+5546 1427 1561 60 88 U+95A2 1764 1500 68 92 U+56E0 1754 1220 58 81 U+3050 1546 1612 65 73 U+4EAC 707 1219 69 99 U+8ACB 1180 1485 78 100 U+898B 499 1296 75 80 U+904A 1649 1529 67 87 U+82B1 503 1208 66 82 U+5B50 729 1834 62 69 U+6B73 556 1013 128 106 U+722A 1427 1479 84 72 U+6240 507 1629 70 68 U+308A 833 1523 43 87 U+304A 716 1645 71 55 U+308C 394 1799 59 121 U+52A0 284 1564 76 55 U+6708 602 1539 53 118 U+306B 1441 1416 56 61 U+306E 1666 1682 61 61 U+8D77 1189 1384 55 87 U+592A 1304 1458 49 78 U+5BBF 720 1535 56 96 U+3069 743 1695 51 68 U+8449 268 1621 85 109 U+5C4B 927 1388 78 84 U+5200 1305 1557 53 82 U+5316 1189 1583 82 81 U+305F 1080 1385 33 61 U+306F 1072 1539 46 36 U+4E8B 964 1909 45 110 U+3057 1561 1698 19 167 U+3060 713 1392 68 57 U+4E09 554 941 108 75 U+898B 1532 1342 78 86 U+5973 497 1699 99 53 U+3064 807 1749 77 75 U+50BE 1066 1711 87 85 U+7537 1072 1585 59 108 U+57CE 1060 1795 110 106 U+304C 503 1369 78 56 U+308B 1225 1712 31 57 U+6B73 330 999 144 125 U+51FA 1198 1663 72 52 U+6238 929 1297 60 102 U+795E 389 1293 75 93 U+5973 1631 1625 103 62 U+679C 1752 1321 73 92 U+8FFD 1653 1379 77 75 U+706B 388 1204 77 81 U+5206 1669 1457 40 74 U+9CF4 413 1389 49 68 U+4FE1 1663 1214 64 80 U+304C 379 1681 99 52 U+304F 396 1726 42 66 U+3078 498 1431 71 41 U+5215 288 1295 76 88 U+624B 716 1316 47 83 U+96F2 384 1553 58 109 U+56DB 351 943 97 65 U+6CC9 304 1198 63 96 U+304E 838 1642 56 93 U+5215 1671 1306 49 73 seg_fp 1554 1320 36 37,200003076_00070_2
U+304A 841 1266 120 94 U+5408 1994 1460 137 110 U+304F 318 1392 45 94 U+306E 469 2223 96 90 U+306E 1174 1445 102 100 U+5B88 303 1048 82 127 U+5408 650 2354 149 118 U+4E8B 1853 841 90 151 U+3058 348 652 48 145 U+3092 1519 990 97 70 U+306E 283 2333 108 94 U+306E 646 2566 107 90 U+6B64 489 1894 81 88 U+4E8B 482 436 91 168 U+9670 1534 531 100 131 U+4F55 1194 608 101 118 U+305A 857 1867 106 92 U+3092 1509 1811 97 77 U+4ECA 459 1261 134 125 U+306E 1674 1175 109 97 U+3070 486 1207 98 57 U+306E 2001 1194 102 87 U+4E4B 1380 1202 76 97 U+306A 1052 909 70 84 U+306E 1505 2430 103 78 U+3059 313 1745 88 92 U+3070 849 1207 101 53 U+305B 865 446 87 87 U+6B64 1196 1240 88 80 U+6240 842 1945 100 108 U+3092 1356 438 115 84 U+5408 1006 2245 130 104 U+898B 837 1617 104 119 U+306B 1542 666 70 90 U+3092 1038 546 93 73 U+4EBA 1016 1136 133 118 U+3092 847 1527 102 85 U+3066 654 2155 104 92 U+6E08 470 2317 108 114 U+50C9 463 1987 132 121 U+56FD 1193 1332 83 112 U+3082 658 2255 97 87 U+306E 1011 721 118 114 U+4E5F 445 1392 131 95 U+5165 1129 2727 179 85 U+3064 858 2132 87 108 U+6170 1840 1671 111 125 U+3042 1023 2347 97 81 U+7533 510 721 46 106 U+3066 294 2238 78 89 U+3070 1204 1161 93 61 U+306E 1998 2285 100 81 U+9996 315 2508 73 151 U+4EBA 646 669 128 112 U+8005 2005 1075 106 117 U+3067 479 2531 92 96 U+308B 668 573 89 117 U+8CA0 1498 1677 107 131 U+7533 330 1504 46 129 U+4E16 1348 1107 121 85 U+899A 2018 2663 90 129 U+304F 1546 2000 39 78 U+4E3B 1040 2029 76 82 U+306F 1210 537 74 42 U+306E 859 762 100 88 U+7AC3 307 1968 91 182 U+305A 1046 1052 108 99 U+5869 294 1839 112 123 U+3079 1670 699 136 63 U+3059 841 2751 80 86 U+7230 494 2686 59 135 U+3059 1848 447 89 96 U+306E 1831 2505 126 85 U+7A20 1508 1902 98 106 U+7A20 294 1179 108 112 U+306F 1870 1619 65 41 U+305E 509 616 77 98 U+6765 1522 2311 90 122 U+676F 2009 2160 102 129 U+5BDD 1690 1040 118 146 U+306F 500 1849 57 46 U+591C 869 642 99 127 U+305E 660 1064 118 110 U+6B64 1362 2602 84 70 U+306B 1385 1012 66 94 U+3066 2004 1568 96 81 U+306A 2040 1648 62 85 U+95A2 311 924 99 110 U+5C3E 300 2649 119 115 U+5C71 1532 434 93 89 U+7FA9 474 2103 101 125 U+62BC 1168 2623 118 104 U+306A 1852 1979 78 92 U+6539 668 776 108 117 U+306A 865 987 81 96 U+6E21 308 1628 103 110 U+5A9A 2016 756 107 110 U+65C5 1690 903 99 127 U+3082 1852 1000 102 85 U+3066 1041 1565 74 92 U+53D6 1030 635 96 90 U+901A 285 431 122 126 U+6539 1526 2082 89 110 U+5176 673 1178 69 148 U+3048 1522 1185 101 115 U+9AEA 656 1637 92 126 U+6298 2024 439 99 121 U+6CCA 2020 1285 83 97 U+3092 1361 1683 109 107 U+3042 1186 1700 96 70 U+3051 504 925 63 112 U+6728 1846 2562 76 108 U+3042 501 1036 70 78 U+306E 1680 2850 80 72 U+3092 854 2653 103 105 U+3066 849 1444 87 92 U+4E8B 878 811 79 173 U+306F 501 2632 55 41 U+308B 2037 951 73 114 U+304B 655 443 96 65 U+3082 1995 2575 95 85 U+70B9 664 2480 104 85 U+3092 1691 1450 98 101 U+3051 1370 801 100 97 U+306C 856 543 101 85 U+3082 491 1564 73 96 U+306A 674 883 85 101 U+3075 1148 2390 140 77 U+305B 1357 724 107 76 U+308A 2041 1373 51 89 U+306B 878 2449 51 76 U+307E 1724 451 54 109 U+308B 1369 903 83 113 U+3044 2013 2847 98 64 U+624B 1036 2591 57 111 U+897F 1185 1537 91 79 U+3092 478 2817 117 105 U+308A 1399 1447 41 96 U+3066 1188 1914 84 100 U+306F 2047 693 54 43 U+9053 1678 2130 96 85 U+308B 1735 635 43 74 U+304F 513 1742 54 96 U+306B 1208 1623 61 77 U+306B 1212 2543 60 83 U+307F 1066 833 37 74 U+7247 661 1526 93 106 U+3044 1680 2215 91 70 U+7269 1030 455 116 87 U+3066 1827 2153 102 74 U+95A2 1533 879 84 109 U+624B 1532 1587 72 91 U+304B 1198 2017 83 69 U+3042 1690 1540 89 86 U+66D9 1672 1776 111 128 U+4ECB 1345 1293 140 81 U+3084 1177 2081 109 76 U+3042 1371 1367 69 82 U+5FA1 1373 2690 70 65 U+3082 1825 1890 96 92 U+3092 1028 2690 96 105 U+3055 336 586 42 66 U+3055 503 1482 51 82 U+3044 1182 2329 90 58 U+3042 1030 1339 93 89 U+7B20 1531 2492 76 126 U+591C 1689 1350 88 114 U+3075 1818 766 120 92 U+539F 1203 2154 76 101 U+306B 695 2036 41 76 U+307E 1048 2422 38 88 U+7269 1365 2335 99 87 U+306F 2008 2453 70 40 U+8D77 1035 2146 86 94 U+307F 1227 441 48 68 U+3065 1658 2678 116 76 U+308A 2038 2494 44 75 U+5F80 1514 2233 99 97 U+306A 504 1661 65 88 U+3086 1205 734 75 69 U+307E 497 2439 43 85 U+6B8B 313 2765 106 98 U+308C 1690 2718 53 123 U+5973 275 2421 139 99 U+308C 1215 1030 62 132 U+308A 1878 2071 48 105 U+308C 877 1081 47 122 U+306B 320 2166 51 76 U+305F 2051 855 44 87 U+65B9 647 1334 90 134 U+3031 2059 520 67 163 U+305E 1856 1262 109 106 U+305F 1215 1753 46 78 U+756A 868 2531 61 128 U+307E 1368 1609 82 81 U+7537 1857 2679 56 110 U+3066 1056 1779 46 97 U+3092 1044 1223 67 112 U+305A 323 2856 101 80 U+307E 2033 2339 40 106 U+306C 657 2812 121 99 U+9003 1021 1663 101 120 U+3086 677 2641 78 99 U+306F 2026 1812 71 33 U+3057 1734 752 15 140 U+3068 1396 1765 26 99 U+3061 1543 2702 69 89 U+3084 1028 1430 99 82 U+308B 697 978 39 80 U+65B0 1525 756 89 130 U+308F 510 831 37 92 U+3093 1361 2846 115 65 U+3044 1840 689 93 76 U+6709 1212 2776 56 95 U+3048 854 2841 97 76 U+3042 2033 2783 56 71 U+3064 1187 1838 88 119 U+306B 1862 1805 49 81 U+3086 1032 1881 84 58 U+305F 1050 2511 43 76 U+308C 1545 1418 52 121 U+3082 874 1334 54 99 U+306C 1341 1996 103 87 U+3089 520 1114 39 102 U+3093 1850 2317 81 94 U+4E00 1694 1273 90 30 U+3051 2025 1897 80 122 U+3078 1195 808 113 65 U+3057 1858 1097 93 82 U+3056 1861 2379 75 71 U+3068 1886 591 26 99 U+304F 1719 2326 36 71 U+3084 1656 1986 109 70 U+3055 1399 1545 35 58 U+308B 1880 539 38 52 U+3088 1853 2791 45 63 U+3055 1731 559 40 76 U+8CA0 1019 2789 82 138 U+3057 847 1709 95 80 U+307E 877 2202 38 91 U+91CC 1215 2451 56 89 U+3089 1063 994 36 81 U+304E 1387 2755 65 92 U+3081 1056 1504 53 59 U+308A 1860 2858 49 63 U+307E 1865 2230 47 87 U+3059 1557 1075 40 106 U+3089 1540 1308 68 122 U+305D 1362 2221 74 106 U+3068 1234 2253 23 71 U+3068 1403 536 37 100 U+304F 1703 2052 41 70 U+308B 2049 2018 37 71 U+3089 884 1790 38 81 U+305E 1218 852 71 84 U+303B 878 2064 28 63 U+3081 1542 2176 53 63 U+304B 2041 2088 32 62 U+3068 336 797 37 124 U+306F 1696 2594 37 86 U+3046 1386 2426 33 93 U+306B 1699 2400 69 88 U+3081 1366 1927 64 70 U+3066 1166 2854 109 64 U+3057 1735 1660 18 95 U+304F 1065 1927 41 80 U+306F 1700 1898 43 83 U+3057 348 1277 17 157 U+309D 701 503 30 60 U+304C 1382 1859 54 65 U+308A 881 2296 45 84 U+3055 1225 931 49 100 U+9B22 642 1764 117 172 U+306F 1552 2623 35 74 U+305D 1716 2255 40 72 U+3089 2049 1736 34 77 U+308B 1369 2080 80 130 U+304B 706 2738 27 74 U+3059 1894 1373 47 115 U+5BBF 1687 2496 75 95 U+3057 716 2102 18 95 U+308B 1893 1180 41 79 U+3089 1873 2449 33 82 U+3053 1885 1496 41 60 seg_fp 1554 1538 42 52 U+3031 884 2300 87 166 U+3089 1404 637 26 91 U+5DFB 1532 2790 65 77 U+3044 656 1941 104 87 U+304B 1731 1619 27 50 seg_fp 1553 2864 53 58 U+3057 2059 1831 16 132 U+3057 1864 1397 70 198 seg_fp 686 1470 50 66 U+306F 1807 2897 52 30 U+304B 699 1987 32 53,200003076_00071_2
U+7247 1660 1732 98 133 U+6BD2 1140 727 148 135 U+6D6E 646 464 111 135 U+306B 1196 2260 64 91 U+3092 1169 896 105 77 U+306B 1196 614 73 89 U+6368 1003 458 139 125 U+3042 299 1281 84 101 U+306E 1499 1013 115 101 U+3092 277 1863 123 88 U+5409 2039 555 66 123 U+306E 275 2762 126 120 U+304A 1840 450 111 89 U+306E 634 704 113 103 U+306B 676 1555 73 83 U+306E 451 766 120 100 U+3092 999 2794 111 91 U+7DB1 458 621 132 135 U+306E 256 886 146 94 U+306B 474 2151 64 103 U+306E 445 1349 124 102 U+6597 1674 2686 70 142 U+3082 672 2530 55 110 U+3066 846 877 81 98 U+81E5 807 722 116 140 U+6642 835 1499 115 106 U+3066 483 1853 50 117 U+306E 1648 2828 116 86 U+4E2D 1992 2018 92 146 U+304B 641 824 106 66 U+307F 806 594 130 107 U+3082 866 1731 59 113 U+3082 846 2462 54 109 U+624B 1525 565 71 139 U+306E 2006 453 114 88 U+306E 1326 1066 119 95 U+306B 315 1582 72 93 U+306F 1368 572 67 46 U+3082 1838 2800 91 111 U+306B 1207 1620 64 88 U+306E 1346 1937 89 84 U+898B 1001 1796 105 149 U+304F 872 458 71 105 U+5A18 1999 846 123 147 U+306E 1638 1624 125 96 U+3064 831 2573 99 117 U+4ECB 2008 673 132 98 U+306C 826 1303 111 85 U+5FC3 1996 1349 124 74 U+306B 1365 1628 70 92 U+306A 284 2359 109 91 U+76EE 856 1621 69 101 U+3046 1541 1203 36 122 U+98FC 1174 1004 102 119 U+9996 485 1457 68 144 U+5341 656 2133 74 87 U+5927 472 481 107 91 U+662F 1370 631 83 142 U+90CE 1037 1118 78 160 U+918D 274 987 127 120 U+306B 485 1118 73 120 U+306F 2005 2182 78 42 U+4E08 1642 2581 118 110 U+304A 654 1266 101 96 U+5409 1030 1284 67 123 U+304A 2022 1020 104 72 U+304D 863 2661 43 94 U+306B 1536 1330 59 79 U+306E 1331 2767 118 110 U+9B42 1993 1454 138 105 U+53C8 614 1657 151 95 U+305F 1871 1161 54 100 U+8A0E 840 995 96 120 U+3084 1496 1124 123 76 U+7A7A 630 1788 120 128 U+9593 650 2417 93 104 U+8EAB 295 1701 117 145 U+7537 1199 460 81 124 U+304D 484 976 74 132 U+3066 1207 1138 53 137 U+8449 1337 1303 107 161 U+7D05 1359 1184 85 110 U+308A 465 1708 101 133 U+3067 1842 2107 99 132 U+3042 471 1624 90 82 U+52E2 797 2318 141 133 U+898B 1497 1429 107 114 U+306B 1857 1730 54 85 U+3066 1353 2317 58 122 U+6B64 844 1399 95 92 U+662F 1844 2604 79 163 U+9577 1657 2303 89 140 U+898B 1338 1477 114 159 U+307F 1032 2499 47 72 U+305D 299 587 89 137 U+671F 1330 2573 110 150 U+306B 304 2259 62 96 U+4E0A 300 756 90 94 U+3075 619 1451 135 101 U+5973 1504 448 129 75 U+306A 1199 1401 77 102 U+3072 1844 636 103 88 U+4E8C 1666 2453 89 72 U+305F 313 1384 54 83 U+306C 1677 1364 98 84 U+6C17 836 2116 98 178 U+6B7B 1843 736 98 101 U+9190 269 1139 124 115 U+821E 465 2277 107 171 U+304B 998 2426 108 76 U+306C 1025 903 111 87 U+66FF 1192 1954 70 124 U+3066 815 2834 112 76 U+305F 1219 1519 47 80 U+4E5F 1982 1573 131 100 U+308A 500 2620 45 99 U+304C 1042 1411 69 69 U+5EAD 1676 1449 99 159 U+3092 1838 2464 103 117 U+9AD8 1364 801 68 121 U+4E16 641 603 108 89 U+3075 1965 2661 127 87 U+53E3 1027 1501 68 64 U+308A 331 1472 54 101 U+3061 1699 575 72 125 U+96C4 1334 930 111 119 U+304D 1522 2131 47 105 U+3064 1007 2598 84 110 U+305F 1045 589 52 113 U+56DB 638 2236 112 55 U+308D 274 2068 110 105 U+98DB 1830 1968 108 135 U+305D 1216 1291 52 106 U+305F 1706 451 61 112 U+3082 679 1371 49 78 U+3082 1168 2652 82 110 U+8DB3 1528 717 95 141 U+9006 439 1999 120 128 U+5176 1853 1282 74 155 U+98A8 1508 1889 104 106 U+308A 677 1009 53 107 U+3075 1975 1679 117 90 U+6BD4 1992 2232 112 100 U+5973 434 1255 147 83 U+7D9A 650 2657 117 124 U+6211 463 2763 116 121 U+5F8C 300 2600 99 138 U+3055 483 878 54 97 U+6211 1352 458 105 107 U+307F 795 2025 129 101 U+4E00 1320 2487 89 29 U+308A 2034 1847 44 107 U+308C 1357 2176 57 138 U+6953 1505 870 144 138 U+898B 1164 2774 121 136 U+307F 1800 1623 119 107 U+3068 688 1119 30 122 U+3088 675 1933 38 83 U+6B21 1021 1001 101 115 U+4E94 611 2320 133 58 U+308A 1711 1070 51 104 U+304F 848 1849 72 82 U+304D 1704 964 46 107 U+3092 1847 846 111 114 U+3066 2020 2755 61 149 U+3061 1699 831 74 134 U+306F 866 2765 45 76 U+308A 1686 2156 60 126 U+61F8 1499 2247 107 154 U+3064 1004 2031 90 106 U+7FFC 1986 2336 104 166 U+3057 1225 2077 17 164 U+308A 676 2020 54 91 U+3082 319 2160 40 95 U+305F 1030 2118 62 82 U+304C 2043 776 73 50 U+305D 1370 1750 40 91 U+307F 1612 1968 148 112 U+3081 1693 1275 74 65 U+3081 851 1211 67 80 U+58F0 1488 2518 97 171 U+3072 1172 1860 105 91 U+3068 876 1096 33 105 U+304C 2029 1965 62 41 U+61F8 1824 2260 109 143 U+3057 1541 1657 18 169 U+3044 1995 2587 90 73 U+306F 1198 2371 49 100 U+3082 1869 537 53 89 U+3046 1874 1453 37 77 U+3055 1365 2092 45 83 U+307E 1710 710 44 106 U+308B 1506 2413 91 113 U+304F 1193 2553 45 90 U+9F3B 1013 1603 86 163 U+3075 1476 2026 96 104 U+3072 1028 824 91 84 U+304C 1528 1832 64 53 U+3084 1141 2487 131 75 U+3055 1878 960 42 72 U+601D 1170 1729 101 107 U+3057 1006 1934 80 92 U+306F 2053 1086 34 88 U+3057 335 2442 15 153 U+3066 1503 2798 77 100 U+3059 1706 1867 45 94 U+3055 491 2462 45 76 U+304B 1365 2027 38 52 U+305F 2018 1775 56 67 U+3064 2015 1185 92 74 U+3088 1684 2065 45 86 U+3089 1881 1528 28 97 U+3048 1513 1558 83 89 U+304F 1046 2690 40 89 U+3068 1866 1822 32 121 U+3053 319 1976 42 79 U+3068 2031 2492 27 109 U+304C 2032 1266 70 70 U+304C 500 2547 55 74 U+3068 1720 1177 30 92 U+3089 878 1934 28 93 U+308B 1869 2400 40 66 U+307E 1054 703 37 109 U+3057 1891 1032 18 117 U+309D 1381 1837 30 84 U+3068 1046 2281 31 122 U+3053 313 482 44 91 U+304B 1037 2205 36 77 U+304E 672 887 70 119 U+304D 683 2797 43 101 seg_fp 1540 2894 47 37 U+3057 1532 2649 29 151 U+3057 631 2728 99 188,200003076_00078_2
U+55B0 1415 2241 139 149 U+306B 1450 2114 71 107 U+304F 749 1288 53 105 U+3066 1066 522 78 127 U+4E8B 1816 834 84 179 U+3092 1043 1038 126 85 U+3092 1783 2876 125 91 U+4ECF 1237 2118 119 137 U+3066 1422 1218 83 105 U+3066 1806 1847 81 117 U+8033 715 962 103 162 U+306E 696 2261 128 104 U+306B 571 2051 76 104 U+3070 894 766 108 61 U+306B 385 914 83 101 U+306E 365 688 120 114 U+5589 1421 1834 109 154 U+3067 1241 1735 103 107 U+7262 1049 2397 106 156 U+65B9 1050 905 96 119 U+795E 208 1320 112 136 U+3070 566 2490 102 63 U+5FF5 1210 1978 140 124 U+304A 711 520 123 103 U+3082 99 1145 54 117 U+8FD1 739 1145 85 127 U+306F 1624 1503 97 51 U+3066 1030 2898 107 86 U+524D 888 2290 88 145 U+306E 217 1880 113 102 U+968E 549 1903 118 137 U+3073 1436 2007 119 99 U+4E8C 1803 2351 94 52 U+3084 356 2487 143 84 U+8FF7 1638 1347 84 141 U+3066 1224 637 104 102 U+4E16 532 2561 135 92 U+66F8 339 1026 130 185 U+306E 1054 798 109 93 U+6642 725 2371 100 103 U+66F8 63 1270 103 170 U+3064 1433 2401 92 118 U+306E 1218 2489 119 89 U+306E 1607 552 125 119 U+5207 377 2386 121 90 U+306F 238 2272 85 51 U+306B 98 1034 62 108 U+4EBA 365 513 159 151 U+5E30 1042 2784 108 152 U+3066 370 2734 95 92 U+662F 1252 1472 96 142 U+3073 1801 2583 116 96 U+3066 721 1844 80 111 U+3042 554 2159 109 91 U+306B 91 779 60 110 U+7ACB 1057 2674 87 98 U+307F 1012 1280 149 108 U+306B 1072 2155 76 96 U+3092 1417 2703 120 76 U+3046 1091 1623 35 111 U+305F 1813 2429 61 149 U+304A 1807 1151 100 94 U+898B 893 511 103 132 U+304B 1047 1747 117 52 U+305D 914 845 49 104 U+6240 1414 2589 115 97 U+308C 578 2349 62 132 U+9AEA 1783 2700 118 145 U+3058 599 616 53 154 U+62DD 1048 1147 111 126 U+554F 723 2846 99 100 U+4ECB 875 2176 125 104 U+4E4B 918 2054 59 117 U+5927 1818 752 99 98 U+6B8B 208 2331 142 131 U+3082 215 1151 90 125 U+4EEE 77 909 100 119 U+7D66 1618 1709 100 139 U+3066 904 1797 61 135 U+5F7C 1055 2252 93 142 U+306B 401 2284 86 96 U+307E 1454 919 50 104 U+308C 250 2855 71 133 U+3092 1427 1494 120 125 U+4F8D 225 2552 105 116 U+7740 1600 2287 105 113 U+6307 1233 746 116 121 U+5973 324 816 175 71 U+4E8B 1635 1930 85 211 U+6240 209 1986 111 116 U+306B 903 1546 75 90 U+3092 1619 2575 120 114 U+897F 1074 679 103 89 U+5263 1228 2600 139 108 U+6B63 724 1979 99 95 U+57F7 1604 2166 133 109 U+305A 889 2869 124 113 U+67D3 878 1667 117 120 U+3084 692 2467 139 80 U+308D 221 1583 99 104 U+3092 1816 630 103 112 U+547C 709 1408 117 150 U+308B 572 1159 89 135 U+8840 876 1167 106 101 U+3092 1810 2215 104 120 U+3053 1841 1244 41 59 U+306A 1820 1324 71 94 U+8D77 383 1607 90 158 U+3046 742 2546 30 114 U+4E4B 581 2658 68 95 U+6368 1228 2839 132 123 U+6BBA 1249 889 113 117 U+304A 220 1465 94 112 U+3057 275 1693 22 181 U+4E16 885 1945 116 107 U+8ACB 369 1773 114 157 U+4EBA 1029 2546 177 153 U+3072 1811 1427 100 101 U+305B 344 1215 133 84 U+3072 1437 819 101 98 U+3055 1645 2686 57 71 U+304D 753 837 41 112 U+3068 1477 529 36 135 U+308C 243 876 57 151 U+308B 1799 2098 101 125 U+4E0D 566 1313 85 113 U+304B 546 1005 97 67 U+308D 708 715 111 110 U+305E 85 2127 107 118 U+7269 92 1775 91 116 U+3057 1288 996 17 159 U+606F 1433 1351 96 145 U+3084 1234 1371 113 85 U+3084 1045 1530 114 95 U+6709 396 2832 74 135 U+307B 877 1435 107 99 U+3072 1431 1132 101 101 U+306A 1650 1168 72 86 U+305D 1636 2403 64 85 U+307E 1288 1632 40 99 U+308B 216 633 92 130 U+8B70 533 1562 129 147 U+5F8C 892 2453 85 134 U+308C 917 623 51 130 U+3059 107 1448 37 117 U+3075 62 673 96 107 U+308A 253 2444 53 97 U+308B 371 1437 99 145 U+6C17 730 2086 108 164 U+3092 714 2746 107 102 U+308B 242 2670 82 111 U+4E16 1797 551 123 85 U+3057 881 2686 106 84 U+3042 1075 1409 76 116 U+3055 239 772 55 99 U+3057 1100 1959 21 185 U+3070 733 2952 111 46 U+3057 1670 1546 17 159 U+3059 1409 2804 122 120 U+304F 1664 1249 43 84 U+3075 1587 1849 135 109 U+3092 572 873 101 113 U+3044 75 1677 92 86 U+308A 1048 1819 105 136 U+3092 1248 2727 112 92 U+3068 1851 1023 32 115 U+4ECB 522 2751 152 94 U+3092 895 2577 106 96 U+3051 222 509 108 114 U+3053 262 2788 50 56 U+3089 914 1053 41 105 U+3076 349 2581 150 71 U+306F 1459 696 58 113 U+3059 742 2657 44 97 U+3069 774 594 65 105 U+601D 530 1428 124 126 U+3070 1657 677 69 90 U+3081 1433 1715 91 96 U+305B 1613 890 104 96 U+3089 936 2775 26 89 U+3053 1636 2503 48 69 U+8FD4 697 1577 104 105 U+3081 568 778 79 87 U+308A 422 2645 56 104 U+3082 1279 1157 46 112 U+305F 395 1299 63 114 U+304B 104 2270 36 56 U+307E 105 1572 32 98 U+3053 910 968 46 80 U+3031 249 2047 90 222 U+307E 1815 1641 85 80 U+3042 1793 1994 100 103 U+5FC3 1230 2416 128 61 U+662F 97 1967 62 149 U+306F 1272 1275 48 92 U+304C 596 2259 69 92 U+3069 1684 1039 60 119 U+3057 868 1294 106 113 U+7533 1275 2269 38 135 U+3059 1843 1538 37 93 U+304A 93 522 71 68 U+3068 590 1682 34 126 U+3055 1658 775 43 100 U+3069 263 1033 63 109 U+3068 1463 1598 41 113 U+3055 416 1943 47 82 U+306F 108 1907 41 48 U+305F 582 1063 57 82 U+3068 1291 1840 33 119 U+304F 1477 2485 42 95 U+4E8C 556 1821 87 66 U+306F 581 516 48 101 U+307B 1634 986 110 108 U+3058 1617 2809 102 166 U+3082 104 587 41 87 U+3057 1849 1724 20 122 U+3068 1470 1022 45 99 U+3057 1304 513 15 159 U+3089 1651 2760 41 117 U+3093 391 2035 115 124 U+304B 1464 2940 35 55 U+3057 754 1681 24 159 U+3057 112 2338 23 346 U+3032 435 2140 55 130 U+56DB 557 2904 99 57 seg_fp 601 2856 25 26,200003076_00079_1
U+306E 1619 1376 115 110 U+304F 610 1797 54 111 U+3082 1669 813 59 132 U+3066 431 2649 99 102 U+3066 260 2427 89 115 U+4E8C 929 2348 104 57 U+306E 1452 1567 111 108 U+3066 1646 700 85 112 U+3064 1435 998 117 68 U+304F 426 1271 66 118 U+3064 1845 1080 88 96 U+65B9 1462 600 85 145 U+5176 1646 949 87 154 U+3082 959 2759 51 102 U+306E 112 1227 73 81 U+304A 411 562 120 115 U+306E 90 993 92 98 U+3092 748 1726 120 77 U+305F 1284 995 63 111 U+3082 779 2524 58 111 U+3082 1457 1746 90 118 U+4E5F 1240 1122 133 117 U+6C17 574 773 104 175 U+3042 1644 1477 87 95 U+306E 1642 2865 89 68 U+3065 413 781 128 125 U+5341 936 2430 93 91 U+4E8B 928 1176 90 194 U+5E0C 1083 2100 90 154 U+306B 1464 771 80 100 U+898B 752 1818 102 123 U+304F 1298 2893 59 108 U+306F 1464 2565 74 48 U+7269 1642 1251 107 120 U+8D64 595 1653 97 138 U+7D66 1452 2441 99 119 U+306E 1258 2563 110 112 U+304A 1272 690 109 96 U+6642 1255 2086 133 103 U+65E5 1481 1471 62 86 U+305F 1868 1151 53 93 U+4E8B 1099 1705 96 213 U+5F8C 1646 1107 98 148 U+53BB 1654 2340 82 110 U+3066 1071 778 99 93 U+5E74 920 2021 120 157 U+306C 1436 2616 124 98 U+5927 1639 2459 125 93 U+306E 396 675 127 96 U+304D 1293 1957 58 127 U+306E 1621 2655 115 97 U+3090 267 2552 89 85 U+306E 579 2247 121 105 U+3082 958 1385 49 111 U+3031 594 571 71 194 U+5965 1260 2396 106 170 U+306A 931 590 99 93 U+6795 734 922 133 133 U+53EC 1466 889 75 103 U+7537 1100 898 76 139 U+3070 1101 2474 94 58 U+3064 103 1648 87 143 U+6708 940 2189 85 146 U+7537 1867 1399 68 116 U+9593 1274 2664 89 97 U+3084 1261 594 130 83 U+8FD1 1284 2771 83 122 U+7537 113 848 64 144 U+3066 1079 2703 107 96 U+90CE 1472 2782 78 121 U+5317 1638 2755 101 102 U+7F8E 120 2169 77 161 U+540D 1632 2546 104 135 U+306A 778 2641 80 97 U+3092 1645 1780 118 131 U+3064 1471 1873 87 124 U+3092 907 891 113 87 U+5FA1 1653 2929 99 76 U+56DB 933 2531 106 62 U+305F 293 2635 55 96 U+9854 578 1455 110 134 U+308B 104 710 82 134 U+8179 99 1099 103 117 U+9054 1454 2905 97 104 U+3082 775 570 50 111 U+308B 269 1232 96 151 U+3066 782 1927 52 108 U+304C 607 975 80 60 U+6B6F 426 1423 98 181 U+7269 1854 1261 97 89 U+306A 944 1500 80 92 U+3078 569 1054 103 123 U+3066 414 1962 106 101 U+306A 123 1949 66 114 U+3059 633 2450 50 98 U+4E8B 924 683 85 210 U+7D75 751 1069 130 139 U+898B 1440 2291 125 163 U+3081 1477 1679 71 66 U+304D 774 783 46 130 U+306F 1662 2294 66 43 U+7D30 432 2072 104 121 U+3072 109 2697 108 99 U+8170 419 2192 113 181 U+5973 229 909 149 80 U+5973 1418 2704 143 80 U+4EBA 731 1325 156 160 U+3089 445 1145 34 124 U+3042 1091 591 84 102 U+308B 581 1179 95 123 U+306F 618 1601 54 42 U+3042 421 1034 78 106 U+3042 927 1702 99 103 U+3044 1459 2010 96 82 U+3081 1661 2086 82 113 U+7269 265 1366 117 140 U+306A 597 1922 83 103 U+308A 630 2029 59 100 U+76EE 618 2128 70 117 U+5BDD 252 2257 136 172 U+66FF 1857 967 75 111 U+3053 960 2871 61 61 U+307E 1118 2541 42 98 U+308A 1301 2279 58 107 U+309E 1682 1997 56 81 U+3082 466 2374 40 78 U+306F 597 2560 93 52 U+3075 1066 1259 139 105 U+306F 1645 1588 96 61 U+3055 1671 598 54 89 U+306F 1872 1349 54 37 U+3068 448 891 39 134 U+3072 765 1618 93 101 U+304B 1484 1074 37 56 U+3053 1297 1415 69 82 U+306B 274 2139 89 106 U+3044 104 1862 97 97 U+3046 290 2845 41 166 U+306C 748 2801 143 93 U+306F 1298 783 54 91 U+3046 781 2410 39 122 U+8FC4 949 2663 75 91 U+3066 1480 1320 62 135 U+4E94 887 2605 154 62 U+3046 136 2452 32 132 U+50BE 1841 1522 96 88 U+3088 1302 2188 33 91 U+8005 1075 1354 118 115 U+306A 1101 2256 77 90 U+308A 1124 687 50 106 U+898B 1099 1469 96 125 U+3048 441 2544 94 104 U+308B 1097 1601 98 133 U+306F 1458 1134 91 56 U+3084 92 2073 114 102 U+306A 119 2588 81 102 U+4E00 750 1244 97 34 U+306B 265 577 81 95 U+6268 437 2744 111 103 U+3072 257 781 103 121 U+7B11 757 1477 101 130 U+304F 959 1587 55 101 U+7389 592 2354 122 98 U+3068 1125 1047 39 128 U+308A 465 1730 52 121 U+304E 449 1610 80 114 U+308D 1273 1572 97 103 U+3068 1678 1885 39 111 U+306A 95 581 80 122 U+3055 294 2750 52 88 U+3042 782 2880 78 88 U+308A 646 2613 54 115 U+3068 621 1281 38 135 U+3053 783 2040 64 72 U+306E 928 2926 149 81 U+304C 290 1014 65 60 U+3089 971 1905 36 116 U+3042 259 1081 106 149 U+305F 937 1088 68 77 U+3082 1299 1665 61 125 U+9F3B 592 2728 106 162 U+308A 784 2131 53 109 U+308C 1110 2349 59 125 U+3057 1322 871 29 141 U+3093 1092 2895 119 98 U+3084 742 2240 128 89 U+305A 299 1996 73 136 U+57CE 1829 1600 121 127 U+3082 124 1513 47 125 U+3082 461 2833 55 97 U+5176 1285 1234 85 169 U+4E0A 111 1310 65 129 U+3055 1121 1924 48 79 U+3060 457 2447 79 91 U+305F 961 1804 58 92 U+306F 281 1926 77 59 U+606F 603 2895 109 118 U+3044 1081 1182 105 73 U+306A 280 1600 92 98 U+308C 1481 1170 56 137 U+3078 106 1449 89 68 U+306A 1283 1810 88 144 U+307E 290 1762 49 154 U+3057 149 2317 21 137 U+308C 1659 1638 53 143 U+305F 123 1755 48 94 U+3057 922 992 100 91 U+3057 479 1844 23 159 U+3069 795 2321 77 89 U+3067 83 2885 110 108 U+3057 1710 2178 25 108 U+304F 282 669 61 107 U+304B 256 1702 125 81 U+305D 1116 2805 47 86 U+306B 1483 2133 41 154 U+3089 813 2730 24 87 U+3031 479 2879 71 129 U+3078 1077 2027 140 66 U+3057 1137 2643 20 112 U+8DB3 144 2785 63 132 U+3057 789 679 22 107 U+309D 818 2962 34 56 U+309D 1324 1498 32 72 U+304B 301 1518 29 74,200003076_00080_1
U+306E 449 2270 126 112 U+306B 299 2825 84 97 U+3082 498 2790 58 116 U+3066 460 1539 79 111 U+306B 2011 1955 60 99 U+7230 300 857 100 174 U+305B 1995 1334 87 77 U+304F 677 1045 46 114 U+306E 1329 2392 85 79 U+795E 820 2453 109 162 U+306B 1043 1159 63 92 U+306E 613 1481 127 107 U+4E8B 1168 2423 95 199 U+5B88 1180 762 102 124 U+306F 1346 2184 77 45 U+3042 479 583 79 84 U+5B50 1505 2818 86 94 U+3066 861 852 69 118 U+304D 2024 780 70 139 U+308C 488 726 53 152 U+306B 1683 1945 59 83 U+5176 1199 426 78 175 U+5915 811 1455 112 206 U+306B 479 440 83 116 U+6238 644 1604 79 125 U+3042 808 1906 115 113 U+305B 1686 718 78 69 U+306B 1036 2025 73 97 U+306B 674 758 75 88 U+305B 831 1252 108 82 U+306E 1662 1616 105 89 U+305A 1019 652 127 114 U+6795 455 2118 133 143 U+306E 807 2284 111 91 U+306E 1001 945 125 97 U+4EBA 1975 1830 140 135 U+4E8B 1369 1123 83 206 U+306E 1798 2794 119 102 U+3061 488 2389 76 118 U+5C0B 1996 2081 86 149 U+6AC2 1001 2134 117 130 U+4EBA 1649 1471 144 126 U+5165 799 978 164 97 U+306E 1482 2431 108 98 U+826F 656 1325 83 144 U+3061 316 2694 68 111 U+306F 837 1830 81 42 U+65E5 308 2045 64 109 U+304A 825 2621 103 86 U+5165 1962 1207 147 85 U+4EBA 449 1136 154 158 U+7686 1804 2359 111 115 U+8AB0 1139 1904 135 140 U+3042 457 1296 105 89 U+4F50 1847 871 103 119 U+304A 1006 1701 116 104 U+5E2B 1815 2648 97 120 U+4E8B 842 1045 96 197 U+306B 2032 1101 58 85 U+305A 1660 2313 109 132 U+3082 318 1050 59 123 U+9640 1818 1803 114 113 U+5BFA 1832 1486 88 149 U+6CC9 1865 443 98 143 U+7ACB 1017 2284 87 107 U+3066 1026 2393 64 115 U+306E 1827 757 115 97 U+7537 1360 2035 75 137 U+306F 473 694 97 52 U+306E 615 1877 127 93 U+8FBA 1668 1087 105 144 U+3066 1164 1762 87 118 U+9053 2007 931 95 144 U+6B64 1992 1735 93 95 U+6D5C 1676 966 99 119 U+5B50 1679 1850 86 79 U+7537 1050 792 67 138 U+3061 1552 956 64 127 U+305A 830 1356 115 97 U+8449 1831 1326 108 144 U+3088 497 1665 45 93 U+7559 1193 631 93 122 U+306A 294 654 92 88 U+7740 1347 879 106 118 U+3042 1349 439 105 85 U+306A 1686 1267 79 90 U+731F 1797 2500 132 118 U+306B 1178 2647 56 104 U+7DBF 1490 2541 105 122 U+308A 674 515 58 103 U+66AE 801 1631 160 167 U+3066 1017 1899 83 107 U+3065 1523 434 120 112 U+7531 660 1193 80 103 U+5215 1862 611 83 128 U+5973 767 2379 160 72 U+5185 1032 1031 77 118 U+304D 660 2812 68 107 U+306B 2011 2831 65 83 U+604B 626 1738 111 117 U+3064 652 873 88 114 U+3082 1554 1085 45 110 U+6570 278 2181 120 121 U+3084 622 444 133 73 U+4E8B 1182 1368 91 225 U+308A 452 1395 91 139 U+304B 1647 2051 100 76 U+5A18 1645 1720 121 115 U+308B 1345 1901 92 133 U+308A 340 744 51 105 U+6D66 1990 2377 108 144 U+5E3D 1481 2678 103 110 U+305F 2013 1426 50 100 U+305F 2043 437 52 118 U+3042 1037 438 81 108 U+7269 1510 1213 103 112 U+306A 650 2198 70 98 U+3051 290 1659 84 124 U+91E3 1310 2256 121 117 U+3046 2051 557 29 123 U+6240 1820 2196 88 97 U+308A 315 1568 57 99 U+8A60 634 623 140 102 U+3042 1338 1585 104 100 U+3055 667 2724 50 62 U+308B 295 2479 88 123 U+308B 1366 1019 88 115 U+306F 1838 2298 59 43 U+7D4C 279 2336 109 138 U+5C45 997 1274 108 142 U+3082 1151 2754 104 143 U+308A 493 2652 65 130 U+78EF 443 1986 138 111 U+6687 1284 2501 146 116 U+3044 1811 2026 101 70 U+3066 1514 1859 63 113 U+5CF6 821 2134 110 133 U+3080 1501 1987 103 100 U+304D 1509 2294 83 134 U+308A 671 2609 65 108 U+308B 469 1020 99 126 U+3075 1795 2101 123 99 U+3072 2003 2745 89 92 U+306B 1197 899 66 95 U+308D 848 597 99 160 U+306B 1371 1343 59 95 U+5C45 1677 581 102 119 U+3051 1353 1737 105 155 U+4F4F 1683 441 101 128 U+306A 1334 2652 75 105 U+304B 632 2127 102 59 U+304B 289 435 111 89 U+3068 2025 2237 32 135 U+304E 494 2531 69 118 U+308A 1396 1677 47 98 U+306F 842 2027 41 103 U+3089 1055 548 37 107 U+304B 272 1510 91 66 U+3088 310 1410 43 84 U+304F 1339 2756 62 133 U+4E5F 977 2785 163 139 U+305F 1684 2829 54 89 U+3082 851 2693 42 95 U+3046 322 2581 35 117 U+308B 1013 1420 91 128 U+3075 1944 1640 133 108 U+3068 321 1926 29 109 U+3072 810 2804 130 107 U+3057 466 901 102 109 U+3053 871 436 72 97 U+308A 495 1865 56 116 U+3068 1865 1902 25 113 U+308A 280 1791 89 117 U+305D 1555 768 52 95 U+9053 620 1967 119 133 U+305E 1338 1438 115 132 U+91CE 1847 1007 97 135 U+8FE6 1817 1688 97 95 U+308A 1714 1360 48 104 U+3057 1024 2521 76 87 U+306F 1201 1002 62 54 U+3089 1544 2090 30 101 U+3082 1045 1784 49 102 U+308C 1526 1581 52 134 U+307E 2018 1526 32 106 U+3059 323 1190 43 104 U+3057 1646 2454 103 103 U+3044 1648 2757 96 72 U+3089 1688 2230 30 100 U+308C 1685 2558 43 103 U+307F 248 1303 135 113 U+307E 1536 1327 50 142 U+3057 1182 1078 99 102 U+3072 1181 1274 91 119 U+8FE6 1829 1174 109 86 U+3055 319 525 50 104 U+3055 1530 2199 43 86 U+3080 1163 2267 91 99 U+304F 1386 768 42 105 U+307E 1395 540 45 121 U+3068 1208 2067 30 106 U+304E 1528 1470 77 113 U+305F 1684 2663 49 87 U+3057 1729 810 13 140 U+6240 1497 588 118 163 U+3068 680 2297 26 104 U+306D 1357 662 78 117 U+305F 2021 2647 42 91 U+304E 1677 2124 79 105 U+306F 1041 1623 52 53 U+306B 1048 1530 59 88 U+6211 637 2441 112 100 U+3078 846 777 107 75 U+3081 474 1760 70 108 U+308B 1195 2356 39 57 U+3068 2054 683 27 98 U+308B 1048 2611 43 85 U+3060 1553 862 85 87 U+309E 707 973 53 57 U+3065 1994 2535 101 129 U+305F 1203 1184 58 74 U+304C 1188 2181 82 78 U+3057 1210 1594 22 156 U+3057 1544 1715 22 143 U+309D 1058 2697 19 57 U+3088 671 2530 38 77 U+309D 893 538 33 66 U+3089 1562 547 26 95,200003076_00089_2
U+306E 852 1449 112 92 U+306B 515 2169 67 94 U+3066 2041 1015 80 113 U+3066 1200 2053 101 91 U+4E8B 1202 1763 106 165 U+3092 859 1601 112 95 U+3046 725 460 38 110 U+57D2 456 2277 139 121 U+3092 1682 2180 94 82 U+3066 1703 890 91 99 U+3082 1555 2808 45 97 U+3067 1056 1334 80 100 U+3078 478 1695 129 68 U+3092 1702 1404 108 78 U+3066 494 2711 87 88 U+5B9A 691 2303 89 117 U+5F15 1694 1623 87 115 U+306E 492 615 109 96 U+306E 1032 2145 101 86 U+3092 1530 2714 99 84 U+3082 1866 2523 58 93 U+3066 1416 662 57 118 U+3054 706 588 76 60 U+306B 1559 634 79 102 U+6B64 1215 1687 87 81 U+3092 1228 1317 99 63 U+3092 678 1158 103 79 U+706F 1685 2073 100 120 U+3092 2034 1390 91 84 U+5E30 868 821 101 130 U+65B9 1046 952 81 120 U+306E 492 1756 110 89 U+4E0B 1552 2305 64 108 U+6795 670 2063 118 126 U+6BD4 1898 785 81 75 U+3044 1867 1570 94 61 U+56DB 674 2714 100 56 U+5E2F 1702 2560 73 168 U+9996 869 2454 64 142 U+3092 2045 608 87 86 U+5E30 324 1161 99 140 U+4E0B 1388 2195 71 112 U+3066 1683 1943 89 97 U+306E 1835 1740 111 80 U+8FC4 337 847 72 100 U+660E 483 2410 106 125 U+306E 684 2832 78 67 U+304F 909 713 44 97 U+3092 1538 1559 104 74 U+524D 2053 1134 75 140 U+3059 331 1314 98 99 U+7A7A 879 461 88 126 U+307E 1572 1639 50 115 U+8272 1543 2052 75 121 U+3042 314 2368 111 90 U+5409 1053 1726 70 117 U+4E16 1845 1801 104 85 U+306E 1363 2121 101 92 U+662F 1865 2625 84 127 U+306A 513 1983 68 96 U+306E 1834 2241 105 93 U+3066 324 2075 83 96 U+306F 1226 2145 69 41 U+6642 505 950 105 87 U+306B 348 593 71 89 U+3092 695 2169 67 110 U+5FA1 1881 1291 83 86 U+304B 485 1391 106 73 U+5F7C 1387 889 95 124 U+5E30 1207 2660 94 141 U+65E5 701 1662 57 79 U+3082 1043 1088 98 102 U+591C 1206 2194 101 132 U+3064 881 1700 86 107 U+5FA1 1565 1084 91 85 U+3046 526 1436 35 105 U+3066 1734 1130 56 104 U+3064 1855 1644 93 101 U+308A 349 1737 50 100 U+6C17 1386 1158 84 145 U+4E8B 1884 1369 77 201 U+9418 494 469 111 138 U+307E 1239 715 49 115 U+3066 303 1060 93 84 U+3031 1551 2135 87 166 U+660E 1209 2372 99 108 U+6728 1383 1922 73 100 U+3068 1711 2836 67 59 U+63DA 310 1424 116 120 U+9003 1702 998 120 123 U+52DD 1384 1708 97 109 U+3092 1383 1301 96 107 U+3084 467 1250 133 64 U+3066 1387 1604 81 101 U+3044 1047 1570 102 102 U+305A 1553 528 109 100 U+3092 851 2805 121 99 U+4E0A 1051 2232 71 72 U+8EAB 2053 465 82 136 U+3046 534 1139 37 97 U+3092 861 2084 109 121 U+9593 1381 1817 80 102 U+306A 519 719 71 107 U+8107 874 1343 101 108 U+3062 874 2707 68 107 U+7537 1069 1204 71 127 U+5176 1056 792 70 157 U+308B 345 2759 101 148 U+6709 1892 875 81 153 U+676F 341 703 87 130 U+8AB0 1194 459 123 121 U+308A 893 2366 42 84 U+3052 1571 958 91 115 U+3081 1221 1616 75 60 U+3066 1237 2479 49 89 U+7DBF 1369 2028 105 99 U+91CE 1033 1854 103 120 U+308A 535 2077 50 85 U+3059 835 2278 105 93 U+3072 1857 2449 88 82 U+5EA7 1706 449 103 141 U+4E0B 886 1513 70 117 U+5E74 1842 2026 95 147 U+306F 351 2322 56 40 U+306F 2056 850 60 38 U+3053 1917 449 53 75 U+308A 1093 538 47 102 U+3059 1528 1821 103 101 U+8179 1049 2039 101 107 U+3086 1722 1255 80 62 U+3089 1236 631 43 86 U+306A 343 2655 85 106 U+3084 652 2435 126 49 U+306B 1556 1301 81 100 U+306A 1068 1481 62 80 U+8EAB 1547 1411 105 138 U+8170 678 1050 98 105 U+3082 1693 2731 81 85 U+3088 344 1657 45 80 U+308A 1554 2501 54 87 U+3031 696 2520 70 181 U+307E 348 2446 40 95 U+3066 1030 2832 90 79 U+3048 1411 556 72 107 U+5F31 676 922 92 113 U+8FC4 1854 2757 98 83 U+8882 1701 1496 124 136 U+5439 1681 2277 95 84 U+308B 1226 1185 85 120 U+662F 342 2181 75 133 U+307C 1900 529 101 107 U+3084 466 1551 129 56 U+3042 1026 2628 100 85 U+304D 1378 2496 66 97 U+3082 1380 788 93 88 U+305F 2037 2210 51 95 U+5C4B 325 1550 95 97 U+305B 506 2617 76 85 U+3064 1722 796 85 128 U+5E2F 1384 2311 58 121 U+308A 354 2545 56 97 U+3044 1216 832 88 53 U+30C4 698 2779 57 40 U+9858 1824 2336 116 117 U+305D 2018 1819 93 93 U+3060 1412 442 83 113 U+62B1 1547 753 126 99 U+304C 1070 1981 63 56 U+3082 1207 2562 104 78 U+4E0A 346 476 88 81 U+308C 2040 2077 45 120 U+308C 2056 1582 50 101 U+305F 1740 694 61 102 U+3075 2034 721 83 62 U+7537 1396 1020 71 131 U+304C 356 1932 55 65 U+306B 1064 2310 58 79 U+3084 1198 580 121 56 U+308A 709 1546 52 112 U+308B 2008 2321 94 125 U+305B 1371 1415 103 81 U+308A 710 1966 43 87 U+3046 698 2490 31 103 U+6BD4 1854 2164 86 98 U+80A1 863 1968 98 114 U+304B 718 666 39 50 U+304B 861 1180 113 66 U+3089 900 947 51 80 U+306B 1877 1897 62 76 U+671B 1529 1176 112 131 U+304B 1078 1666 38 50 U+8EAB 1534 2604 98 109 U+5B57 519 1847 68 120 U+5F8C 2049 1271 74 116 U+304D 1895 1168 42 114 U+306A 1227 1926 66 66 U+308A 906 1869 42 92 U+5FD8 2037 1487 81 90 U+3089 523 1605 28 84 U+3088 705 1889 39 76 U+306F 1073 1444 49 34 U+308B 514 836 84 118 U+305D 680 1352 99 117 U+61F8 1357 2601 124 120 U+9069 1047 2390 80 115 U+306F 1059 761 77 48 U+3068 912 1214 30 122 U+5F15 1227 1401 76 110 U+304F 1738 1311 46 88 U+3088 2050 1921 39 89 U+3055 1081 457 59 77 U+3057 732 723 18 179 U+308B 906 1026 37 78 U+8D77 1221 1062 93 115 U+3068 1393 2436 50 55 U+3092 1726 592 105 117 U+3068 360 1841 35 90 U+96E3 1884 1032 87 134 U+3069 544 1042 53 91 U+3055 530 2547 38 72 U+3055 884 2199 38 70 seg_fp 2026 2427 85 118 U+3031 1065 2471 85 144 U+308B 2078 784 33 54 U+308A 2049 2607 43 87 U+3068 1088 652 35 98 U+306A 1387 2723 60 65 U+308A 1070 2764 39 81 U+3089 533 1316 25 74 U+3081 336 2008 58 64 U+6D99 2026 2694 76 101 U+3051 1713 2369 45 79 U+304C 1230 2321 69 52 U+3092 2026 2801 87 89 U+304B 1573 456 46 57 U+3059 883 2598 41 109 U+3057 1936 621 20 153 U+3042 1569 858 59 98 U+304C 1398 2787 54 55 U+3088 1553 2421 34 76 U+3068 1572 1924 30 116 U+3081 889 1807 52 62 U+304D 1403 1496 43 94 U+3081 1718 1879 51 61 U+304C 1066 2702 62 62 U+3053 715 1258 44 78 U+3050 688 1471 84 70 U+3068 1254 942 29 118 U+3046 2057 1696 31 122 U+3068 1896 2843 24 67 U+3058 1201 2774 32 137 U+3054 2044 2015 57 64 U+3088 2047 2530 39 77 U+308B 1250 883 35 49 seg_fp 910 1103 32 70 U+5176 511 2795 76 116 U+3057 374 955 17 143 U+304B 1887 1975 38 49 U+3057 1732 2446 14 111 U+66AE 672 1748 86 97 U+304F 1238 1986 50 77 U+3068 1728 1715 27 98 U+304B 1574 1755 36 61 U+3089 1403 2844 26 54 U+3055 1244 2825 42 79 U+3057 921 596 11 120 U+309D 1734 1812 24 60 U+3057 2080 884 13 130 U+3057 1260 1458 18 153 seg_fp 707 1837 46 51,200003076_00094_2
U+547D 1024 1527 155 166 U+306B 1573 1399 80 93 U+8CB7 319 1054 112 152 U+753A 1557 1283 108 107 U+304F 1557 2574 49 96 U+306E 1042 2001 103 102 U+9060 1759 557 83 161 U+3042 705 1053 96 91 U+753A 1188 2673 105 142 U+306E 1859 2353 98 93 U+3066 480 1922 97 108 U+65E5 351 949 58 86 U+90CE 493 2493 81 144 U+7ACB 527 809 87 108 U+7247 1239 444 96 119 U+4F5C 864 2528 91 135 U+3082 1765 435 57 112 U+306E 654 2622 122 108 U+3092 1407 448 110 80 U+306E 1426 679 75 62 U+306E 1861 1652 104 94 U+306E 471 2299 119 100 U+864E 698 454 125 136 U+5E2B 1892 956 94 119 U+79BF 524 458 106 142 U+306B 881 2325 67 90 U+3092 1020 2510 119 91 U+5171 535 614 78 111 U+306E 1522 2278 112 87 U+306E 1548 1724 107 90 U+4E5D 1554 1507 112 73 U+5C0F 867 2677 90 64 U+65E5 696 2738 53 84 U+767D 1231 1835 76 119 U+3064 694 1164 100 109 U+306E 1885 729 109 97 U+61D0 1219 909 125 127 U+5203 1212 1977 95 85 U+8272 1198 2494 76 146 U+304F 1404 2062 47 117 U+306E 2014 2483 91 88 U+3066 1569 1075 82 106 U+9152 513 935 101 117 U+3066 675 2081 75 121 U+3092 1192 2833 120 83 U+821F 2007 2356 112 121 U+3066 2061 669 73 101 U+306F 663 2851 106 52 U+5C0F 1874 2070 84 70 U+306B 1232 1718 69 107 U+8FBA 1918 560 70 155 U+306B 1088 827 74 107 U+6240 886 977 109 105 U+3059 334 692 94 132 U+306E 1041 581 109 94 U+306B 1730 1509 79 97 U+306E 1396 1377 75 69 U+305A 897 1369 115 119 U+305A 1046 1887 116 120 U+9762 693 1481 99 108 U+3066 1367 2835 85 89 U+4E4B 731 597 63 104 U+306E 908 583 73 69 U+53EA 1385 1587 109 99 U+306E 1186 2412 116 98 U+3059 1057 945 118 132 U+305F 1547 2362 67 137 U+3066 692 1345 79 117 U+6216 1701 2506 91 100 U+5FA1 309 1995 95 108 U+306F 1709 2622 72 51 U+3086 905 820 82 82 U+5408 1016 2234 140 117 U+3080 1738 996 91 98 U+306C 1376 1278 109 88 U+5973 450 2408 144 71 U+306B 1255 1056 63 98 U+6240 1551 1614 103 108 U+8EAB 1030 2359 103 146 U+304C 553 734 70 55 U+306E 1513 2674 151 91 U+9694 495 2054 100 147 U+624B 1238 1572 74 143 U+53C8 1556 694 155 107 U+3042 666 2362 108 128 U+5B50 506 2199 69 97 U+554F 1876 2156 90 100 U+305F 2055 2031 47 82 U+591C 898 668 96 133 U+898B 1708 1613 108 119 U+3051 2053 1070 84 118 U+53D6 1420 560 94 98 U+6B64 1216 2197 93 96 U+8005 1854 2645 106 113 U+3082 1770 883 52 92 U+5176 680 2207 81 151 U+53E3 1711 2422 68 70 U+904E 313 2276 73 95 U+808C 1229 581 117 95 U+6D66 1909 442 102 119 U+3060 1586 978 68 87 U+5834 1057 680 108 134 U+6C34 2024 2575 96 82 U+95A2 499 1428 110 113 U+6240 1195 2299 103 114 U+731F 1884 829 127 121 U+5BF8 303 2171 88 84 U+3068 1604 442 66 77 U+767D 701 1600 78 104 U+5C4B 869 2210 91 97 U+60AA 1686 2301 112 104 U+904A 661 1814 110 158 U+55A7 1550 1822 113 109 U+306A 709 816 77 107 U+5171 2044 2768 64 97 U+82E5 1851 2431 87 133 U+3044 494 1156 113 76 U+3072 480 2641 105 88 U+8005 885 455 102 120 U+53D6 1218 2087 93 96 U+306E 294 2638 126 87 U+99AC 2016 1850 94 115 U+4E00 338 842 92 21 U+306F 1398 1809 82 48 U+3069 728 926 70 127 U+6B8B 334 461 121 131 U+898B 1396 1063 93 109 U+616E 1744 734 105 142 U+306D 1219 1341 91 115 U+306B 903 1094 78 101 U+306A 299 1696 103 90 U+3053 1878 1987 54 58 U+3092 315 1562 98 124 U+3051 695 2493 61 130 U+5C0F 1694 2700 99 87 U+304C 1420 1006 68 47 U+3048 1399 1178 84 105 U+3080 1541 2163 96 110 U+7537 1595 849 67 131 U+3073 670 1971 132 120 U+6301 1004 2616 133 134 U+306F 1594 790 54 37 U+76F8 1893 1082 95 112 U+308B 876 1941 86 132 U+3084 1710 1367 113 66 U+3079 872 1718 114 91 U+63DA 854 2077 121 127 U+53D6 1889 1312 91 86 U+5BC4 1057 2098 88 122 U+9001 483 1561 103 150 U+5C4B 1873 2254 85 94 U+304D 1358 2405 107 129 U+3055 1414 1703 55 92 U+7ACB 2050 1319 72 95 U+9AEA 1355 2513 105 153 U+604B 1852 2765 109 123 seg_fp 1522 1955 144 102 U+4E00 1566 1198 93 20 U+3062 1248 1463 77 101 U+7FBD 1400 773 90 98 U+4E3B 2006 2674 100 97 U+9BA8 1875 1414 100 131 U+5C4B 1892 1547 86 95 U+3068 1425 1446 33 123 U+305E 1090 1184 79 110 U+3042 888 1199 104 86 U+7E54 1382 866 133 146 U+304D 1884 2549 48 88 U+3046 709 1709 38 114 U+308B 1067 1073 101 110 U+3042 860 1816 102 122 U+4E38 2024 2136 94 112 U+3044 501 1339 91 77 U+306A 1726 2072 69 98 U+5175 864 2423 79 110 U+3057 1036 1711 102 82 U+4ECB 689 701 142 107 U+3068 361 1208 32 131 U+308B 2046 1523 71 131 U+308B 1721 2178 81 118 U+308A 506 1716 59 101 U+3080 1867 1747 99 101 U+592A 2031 2248 60 98 U+3075 1531 2086 95 76 U+3054 1737 1888 84 68 U+4E09 305 2104 93 67 U+306F 1249 1156 44 90 U+9154 298 2525 108 110 U+308B 2058 1188 73 122 U+306F 2047 1789 57 37 U+3089 1078 1796 36 90 U+64B2 1887 1191 107 114 U+3081 1603 609 68 73 U+3075 292 1363 114 72 U+308A 1752 1799 48 89 U+3089 927 1283 38 103 U+304B 2021 1973 79 62 U+3055 364 597 47 84 U+3072 2069 955 74 103 U+3057 886 1500 100 97 U+3046 1758 1255 31 114 U+306C 1234 699 106 96 U+3064 2065 585 69 113 U+982D 1522 2756 92 100 U+308B 1050 2811 48 83 U+304C 1611 536 64 71 U+304E 1264 798 64 106 U+305F 1041 2739 57 69 U+3081 713 1259 58 76 U+3046 2093 767 27 85 U+3055 1401 2192 56 78 U+8005 2019 1659 99 135 U+306F 517 1220 56 113 U+304F 932 884 44 92 U+3068 527 1817 28 95 U+308C 328 1428 65 131 U+3055 533 1067 53 79 U+307F 1756 1437 40 69 U+3057 1742 1106 77 78 U+3059 1895 1857 47 123 U+5C3B 1666 2789 138 115 U+308C 322 2850 67 71 U+3057 1717 1728 95 77 U+9B2A 1067 450 90 120 U+3057 1112 1375 16 135 U+304C 1412 1867 67 61 U+3057 342 1778 22 220 U+3057 347 2370 15 157 U+304B 1084 1307 49 69 U+3084 1728 1196 95 66 U+308A 522 2788 45 83 U+3082 478 2792 53 109 U+592B 842 2823 155 101 U+3070 1400 2282 54 94 U+3088 2069 1416 31 98 U+305F 2088 849 43 92 U+3068 528 2699 29 82 U+304E 336 2761 62 82 U+308B 906 1604 53 92 seg_fp 1575 2496 32 75 U+3057 1428 1933 17 124 U+3075 2066 471 61 109 U+307E 332 2677 37 85 U+306A 1239 1245 100 84 U+3057 1397 2676 23 162 U+5DFE 1539 2842 61 91 U+3057 1751 1955 33 118 U+592A 872 2751 61 84 U+306B 256 2846 52 88,200003076_00098_2
U+3066 527 834 92 117 U+3065 1034 2280 112 125 U+306B 1040 1354 85 104 U+4E2D 534 970 95 136 U+306B 1411 1625 76 102 U+639B 199 518 118 146 U+306E 1206 1813 113 107 U+306B 1771 1905 78 97 U+91D8 524 2069 121 167 U+3066 847 643 95 89 U+5F10 707 2547 97 96 U+306B 375 665 78 94 U+69D8 1584 1871 94 129 U+3092 361 1050 102 89 U+4E57 1211 530 92 150 U+306B 1588 2329 84 111 U+3066 1752 2363 90 121 U+4EBA 995 1028 154 135 U+9262 340 902 134 133 U+4E09 1778 552 95 77 U+306E 1572 1182 116 92 U+3066 848 1663 97 89 U+61F8 1187 684 128 131 U+304D 1204 1154 110 134 U+308C 1409 839 63 133 U+6B64 1404 1430 91 85 U+3082 1768 1359 99 123 U+4E8B 874 1916 86 206 U+306E 1202 2342 115 111 U+3092 363 1884 126 100 U+3092 1033 2869 116 95 U+306E 1765 741 105 91 U+3072 1393 1001 112 104 U+306B 731 2173 69 99 U+4EBA 1764 637 135 127 U+4EBA 170 1573 144 141 U+9905 1013 2690 124 168 U+306B 881 1459 76 87 U+4E2D 1767 1594 88 141 U+306B 1607 980 82 106 U+3082 1051 1612 63 92 U+3082 1428 1312 46 107 U+3066 536 2509 83 106 U+4E09 1018 935 97 78 U+306A 534 517 80 96 U+306B 386 1627 81 112 U+4E5F 1003 829 130 95 U+4E2D 376 522 73 130 U+624B 1048 2156 79 127 U+79BF 1771 848 113 133 U+4E57 709 2287 104 143 U+4ED5 367 1163 112 120 U+4E07 1568 2190 106 123 U+663C 1044 1468 89 143 U+5FA1 1591 2444 86 86 U+3066 553 1392 73 111 U+592A 1600 1639 68 106 U+4F55 1759 1050 125 105 U+5C3A 182 1229 144 127 U+4E8B 1231 2651 92 185 U+5C4F 370 2399 102 149 U+4ED8 1604 2823 87 131 U+304A 1592 547 111 98 U+592B 1567 1754 134 122 U+3042 1195 831 97 80 U+306B 1225 1249 65 101 U+7269 704 2445 98 96 U+306E 1015 523 117 90 U+3079 531 712 98 110 U+4F55 680 767 110 114 U+3064 377 2001 95 142 U+3050 887 1178 68 102 U+3059 177 1728 128 109 U+3092 543 1504 103 84 U+306E 1377 1964 104 93 U+306A 1405 2325 95 93 U+706B 376 779 84 107 U+3066 1790 1238 78 123 U+3081 1600 1281 81 64 U+3066 208 992 80 135 U+5165 168 902 151 86 U+4E0A 1410 1528 91 85 U+3070 890 2310 71 104 U+306E 523 1109 112 93 U+4E8B 1402 2021 84 204 U+3061 557 1939 72 116 U+308A 200 1951 101 140 U+89D2 389 1452 78 165 seg_fp 527 2257 113 156 U+308C 903 2861 60 105 U+3059 880 2701 86 102 U+306E 211 2780 101 186 U+308C 724 1635 58 130 U+5373 713 1902 79 122 U+3064 1403 1207 88 122 U+306A 1040 1871 86 98 U+53D6 545 1607 102 103 U+9694 1216 1358 94 136 U+68DA 353 1734 126 142 U+3086 859 1771 105 69 U+5171 1424 2851 88 118 U+6240 1029 1241 100 109 U+308D 1226 1729 84 87 U+9858 1368 1746 118 126 U+624B 376 2658 75 167 U+3053 1606 2533 61 79 U+6795 356 2276 146 117 U+307E 1798 2499 42 92 U+671B 691 1390 102 135 U+3084 670 1068 128 66 U+306C 1203 2585 130 95 U+516D 201 1149 113 82 U+61F8 348 1279 130 165 U+5BDD 1019 1716 129 160 U+3053 1617 1099 55 66 U+6C17 1238 2844 93 132 U+4E00 1016 1170 106 29 U+308D 1588 2681 94 103 U+3072 1394 1884 95 90 U+3066 229 2096 56 129 U+3046 737 2832 33 143 U+308A 719 965 50 100 U+306A 83 1982 64 105 U+306A 1230 2425 73 83 U+304C 1804 992 67 49 U+3088 714 877 38 88 U+3055 1439 533 51 89 U+3062 554 2732 74 91 U+713C 843 519 120 125 U+308C 1424 2726 58 113 U+305B 1767 2234 81 120 U+306A 712 1529 78 106 U+5408 508 2834 155 120 U+3092 866 953 103 110 U+3044 203 2329 99 86 U+304B 1601 2004 43 75 U+5484 1192 2084 131 72 U+3089 1605 2078 43 106 U+304F 1059 714 42 98 U+3075 1558 1545 134 91 U+3044 1578 1463 120 83 U+5EA7 697 2044 103 120 U+307F 829 1363 146 90 U+3050 220 1835 61 106 U+305D 890 737 57 98 U+671B 1746 1751 113 142 U+306A 553 1822 70 114 U+306B 1794 1162 67 78 U+3066 204 779 93 105 U+308A 1253 1484 40 93 U+9053 1778 1493 98 98 U+5341 217 1367 70 96 U+306A 870 2123 85 86 U+3082 1423 2223 49 96 U+3084 698 2756 106 80 U+306A 873 1074 80 106 U+62ED 345 2818 139 149 U+3089 911 2210 35 100 U+63BB 1021 2530 123 136 U+306F 560 1721 53 96 U+306B 554 2411 61 92 U+308C 889 839 55 108 U+3078 540 1187 91 111 U+5BB6 213 2616 99 150 U+304D 215 2502 100 146 U+7533 905 2572 39 124 U+304F 901 1829 51 98 U+3044 1739 2589 126 73 U+3055 1227 1053 53 95 U+3089 1429 740 39 103 U+305D 899 2782 60 80 U+4F55 71 1235 87 113 U+3055 1432 2638 50 83 U+3055 882 1285 57 75 U+307E 1236 1881 46 111 U+3053 1238 1584 57 71 U+98A8 380 2548 110 122 U+305E 91 2297 53 94 U+3068 1239 922 32 125 U+7269 84 2181 80 114 U+3068 741 1771 37 124 U+304D 728 1244 45 130 U+3061 734 2652 53 99 U+305D 697 635 80 118 U+306A 81 1640 57 110 U+3070 87 1890 50 90 U+307E 1779 2013 53 157 U+307E 236 649 39 118 U+3061 235 2235 60 92 U+3082 1617 642 57 94 U+305B 1395 636 113 104 U+3055 231 2398 49 92 U+4E8B 82 1343 64 150 U+3082 87 1501 38 119 U+3069 1062 613 73 104 U+3089 1064 2067 38 87 U+308C 88 1751 47 131 U+304B 1061 2384 38 60 U+3068 1632 1349 35 118 U+3057 1443 2420 20 202 U+304C 1059 1974 68 94 U+3089 1263 2509 26 82 U+5F10 207 1468 85 107 U+3068 1437 1090 36 111 U+308B 108 2084 33 85 U+3057 1258 2153 14 187 U+3068 577 2620 30 98 U+305B 395 2192 74 73 U+3072 1595 752 108 115 U+3053 717 528 40 90 U+3059 735 1138 36 101 U+309D 1247 1991 29 82 U+3089 1057 2447 47 78 U+3059 1804 2706 41 104 U+3089 569 614 31 103 U+3060 562 1297 80 85 U+304C 94 868 51 57 U+3079 1764 2824 96 75 U+3057 105 1087 12 140 U+3042 88 534 44 116 U+304B 99 2394 30 70 U+3068 910 2425 38 143 U+309D 1633 2615 32 67 U+304B 1775 2161 37 80 U+304F 90 774 38 93 seg_fp 1261 1651 39 79 U+3089 1810 2643 28 69 U+3057 115 2463 16 246 U+3031 1629 828 70 156 U+3089 418 2100 29 94 U+3057 908 1560 24 151 seg_fp 95 965 27 126 U+308A 88 653 29 126,200003076_00099_1
U+5408 1146 1219 163 128 U+3066 805 2580 92 113 U+5451 1851 1136 79 159 U+306B 676 1180 68 97 U+3044 638 2511 107 76 U+304F 1347 2166 55 118 U+3092 2014 892 104 89 U+306E 1161 1355 123 97 U+3082 2030 1915 49 98 U+306E 444 1708 118 107 U+3092 1481 2075 139 92 U+3070 1176 2828 95 59 U+5168 1478 2193 134 129 U+3092 1161 2375 110 67 U+306B 1200 924 71 97 U+306E 822 742 116 96 U+3058 1908 421 60 171 U+306E 467 668 112 106 U+3066 1823 2065 94 82 U+306B 1512 2472 76 94 U+8AAD 1669 1054 122 144 U+6709 2040 432 60 116 U+6C17 662 1013 101 144 U+306E 824 2845 90 79 U+3042 1311 2302 108 118 U+304A 449 2479 125 104 U+306F 1009 1631 77 43 U+4E57 1184 1048 95 146 U+306B 650 1627 76 90 U+306B 1511 1640 84 98 U+306E 638 803 106 88 U+306E 280 775 118 106 U+5165 607 1297 155 87 U+77F3 1185 825 95 115 U+4E8B 1506 1858 80 226 U+4EBA 274 1509 156 149 U+5408 799 1802 164 136 U+4F55 1671 1231 109 114 U+3066 1815 2628 106 78 U+7768 2019 1001 108 109 U+306E 1521 412 103 106 U+5FA1 667 904 85 90 U+3082 488 2567 56 100 U+306B 468 2112 89 97 U+3066 462 1592 79 102 U+5341 1202 722 81 88 U+6B64 483 416 97 88 U+8001 440 1450 125 167 U+306E 1662 1353 109 93 U+5E2F 298 2541 76 176 U+4E09 1190 604 98 87 U+899A 306 606 100 163 U+4E0B 2040 768 59 124 U+306F 1497 2698 95 52 U+5BDD 294 415 136 169 U+6D44 1814 2765 95 140 U+3070 2039 1237 48 113 U+65C5 830 580 128 147 U+306A 1693 827 72 104 U+56E3 998 1484 95 127 U+84B2 1002 1291 102 159 U+69D8 655 675 98 114 U+306B 300 1656 77 98 U+308B 1358 542 95 131 U+672C 1694 658 114 142 U+3046 658 1496 42 119 U+591C 1323 2656 111 141 U+306A 1180 2015 82 109 U+3073 1828 1847 116 101 U+3093 987 2427 113 134 U+308C 1493 2757 118 145 U+5FA1 841 1703 89 84 U+5973 631 430 150 74 U+7537 2021 1768 64 138 U+6D66 478 518 112 139 U+306E 1157 2461 109 107 U+7269 2018 1365 97 111 U+3065 1340 1444 123 130 U+3092 473 1015 111 130 U+304B 1503 1426 108 64 U+70B9 819 1942 102 121 U+7460 1687 425 122 103 U+304B 2012 573 97 59 U+305A 2006 2233 108 93 U+306C 1654 2656 116 82 U+306B 1684 1909 86 95 U+305F 1535 997 72 148 U+3048 1005 1813 98 145 U+4EAC 827 2712 90 124 U+624B 2002 2324 73 144 U+3031 1529 1247 66 164 U+5EA7 1645 2146 121 140 U+306B 655 2700 59 89 U+7ACB 1513 1748 86 111 U+601D 1461 2591 141 90 U+8DB3 1189 2242 74 115 U+3042 626 1729 115 121 U+3044 2006 1580 91 81 U+308A 1389 1069 53 118 U+65B0 1185 437 99 131 U+3089 1362 2520 37 116 U+3066 1968 2692 99 78 U+60B2 826 864 108 112 U+8336 1872 605 87 144 U+3048 2007 2123 89 116 U+3031 1867 945 62 184 U+3069 1714 935 76 112 U+3092 1666 2277 114 128 U+3075 593 2387 158 105 U+3075 416 2671 146 125 U+5177 1021 738 94 145 U+306B 309 1387 88 116 U+3092 306 1987 107 135 U+7528 1685 1444 81 131 U+6B64 1672 2737 75 70 U+306A 1007 2326 74 104 U+69D8 827 431 126 112 U+5BDD 1008 425 118 141 U+308B 1170 1892 98 133 U+3066 1518 864 79 116 U+90CE 667 519 85 142 U+3092 2027 1472 96 125 U+3084 633 1415 112 77 U+307F 1967 2017 134 110 U+308D 1338 1877 83 123 U+304F 839 1575 58 108 U+3082 1713 1580 45 102 U+3073 1506 1165 114 124 U+307F 1328 763 137 103 U+4ECB 969 2815 157 98 U+3082 480 2227 61 91 U+3062 1353 1680 84 116 U+3075 1976 1664 128 101 U+305B 1189 2668 75 125 U+304B 667 2604 48 62 U+3051 1365 423 98 119 U+306A 308 2834 80 76 U+5484 441 1834 129 89 U+3068 1400 641 35 99 U+306F 1832 2727 60 32 U+308B 994 2203 93 134 U+3072 1518 680 109 102 U+3042 1823 2211 98 98 U+3044 630 2299 110 86 U+76DB 1501 2339 100 125 U+3068 1039 2519 35 117 U+304B 1333 1603 104 78 U+307F 975 901 138 110 U+4E00 1675 2023 100 29 U+306F 318 1766 55 113 U+6795 1984 2477 112 122 U+308F 1035 1968 40 105 U+3092 831 1338 100 135 U+304D 1703 1788 42 112 U+304C 1854 775 126 69 U+3068 2055 619 31 138 U+3072 282 1188 122 106 U+3055 325 1282 59 100 U+3065 284 1007 133 91 U+3072 999 1701 118 108 U+3070 831 2350 67 83 U+308A 1205 2124 55 115 U+305D 640 1856 91 114 U+91CC 1682 2816 63 105 U+305F 1372 958 64 110 U+3055 318 2316 52 105 U+4E4B 1022 2737 70 75 U+3055 842 1240 56 90 U+3057 465 787 104 112 U+308D 1356 1303 83 133 U+304F 1344 1793 74 89 U+7483 1682 547 109 105 U+307B 479 907 89 112 U+306F 1841 2169 73 38 U+3057 1874 1465 18 184 U+305A 296 2430 131 110 U+305F 1336 2418 75 98 U+3082 634 2795 108 125 U+5C3D 1789 1298 147 166 U+3053 1191 1467 68 88 U+3048 1368 860 91 103 U+3088 1382 1207 60 92 U+3068 680 2190 32 109 U+306B 1538 777 57 83 U+307E 1666 2456 87 87 U+305D 799 2224 97 123 U+3086 297 2143 106 76 U+5730 1168 1640 126 107 U+305E 465 2797 125 114 U+3076 1860 858 122 84 U+9053 1003 584 123 144 U+3051 2037 1126 67 109 U+8E0F 452 1167 125 129 U+7FD2 1539 541 69 127 U+305B 630 2092 96 91 U+3055 1694 2380 46 72 U+306A 1689 1682 78 100 U+3062 1027 1012 87 123 U+308A 1864 2550 43 98 U+3042 821 2077 93 127 U+7D42 1313 2791 136 116 U+4ED5 289 2732 101 82 U+3042 1841 1657 78 83 U+3070 670 1978 59 95 U+304A 1819 2423 91 136 U+3059 1208 1748 41 130 U+3068 491 2321 39 139 U+308A 1865 2365 46 101 U+3070 1208 2567 56 95 U+3088 850 1469 53 108 U+714E 1995 2780 76 126 U+3057 858 2434 21 143 U+3060 305 1879 76 105 U+3057 1883 1914 20 155 U+308B 329 2217 47 84 U+3057 509 1926 15 171 U+3057 874 988 18 228 U+304D 328 889 52 112 U+4E16 985 2650 118 79 U+305F 1016 2082 63 112 U+3067 497 1298 54 128 U+304C 1867 2300 65 67 U+304F 1857 1736 68 104 U+3057 1712 2538 15 114 U+304F 1029 1145 48 132 U+304B 328 1096 39 71 U+3057 1374 1997 12 169 U+3057 1555 1470 13 160 U+3057 2037 2587 14 142 U+309D 1219 1557 27 67,200003076_00106_2
U+306F 863 1401 83 53 U+306E 1366 1545 117 107 U+306E 845 2382 134 102 U+306B 562 2121 71 97 U+3066 1567 1615 97 105 U+306B 366 1467 70 117 U+306E 489 1255 133 112 U+306E 1738 1841 127 110 U+5BB6 1571 727 110 158 U+306F 1377 519 105 56 U+4EBA 1533 2301 181 147 U+306E 1191 667 116 99 U+639B 1177 784 139 139 U+753A 534 1990 116 113 U+306E 175 1050 112 103 U+3067 359 1886 90 120 U+3066 1222 2716 94 95 U+3066 520 511 79 100 U+66F8 1541 1463 131 146 U+53C8 1538 2060 167 122 U+306B 214 1940 85 103 U+5802 686 1296 102 155 U+306E 847 1752 114 92 U+3082 90 2463 53 107 U+53CB 1762 1969 99 139 U+53E3 537 774 68 81 U+5DEE 1580 1003 90 199 U+3070 1753 1339 121 73 U+4EE3 199 2221 111 151 U+58F2 71 2707 112 160 U+3066 825 907 115 112 U+540C 1763 1431 90 107 U+306E 674 1465 110 104 U+4EBA 492 1649 168 167 U+4EBA 1739 2450 173 158 U+306B 1234 2398 75 92 U+3067 996 1424 91 115 U+5F15 1748 2833 118 144 U+591C 866 2224 106 155 U+3092 1563 1365 128 90 U+65B0 537 1832 97 145 U+9762 692 1957 110 107 U+7CF8 1046 2488 110 157 U+66F4 989 1936 160 133 U+624B 1052 2792 88 187 U+624B 548 2240 74 154 U+7259 1215 523 81 148 U+306B 246 2927 72 89 U+306E 1562 892 111 94 U+767D 710 2085 73 109 U+6795 1742 1697 142 135 U+5165 1708 875 194 95 U+3082 538 631 54 115 U+624B 211 1789 80 140 U+5BDD 1758 703 107 157 U+306F 1421 2754 61 45 U+53D6 1195 1780 114 103 U+3092 554 2639 97 74 U+304B 686 2220 106 65 U+6708 223 2071 71 144 U+306B 736 2921 89 89 U+53D6 1040 2660 116 96 U+307B 220 2621 99 90 U+306F 1588 2449 67 44 U+4E09 1177 2159 141 86 U+3067 1025 2363 98 120 U+3048 1391 2242 99 136 U+3092 872 2766 123 76 U+3053 1410 1837 61 71 U+4E0B 204 1686 78 109 U+7BED 675 910 124 181 U+7A0B 519 1105 119 139 U+306E 661 624 119 89 U+7DD2 1382 1674 118 147 U+3066 360 1001 68 139 U+3050 1219 1420 67 104 U+76F8 839 510 109 114 U+5207 73 2601 95 78 U+6B64 727 2731 86 75 U+51FA 1212 1897 104 78 U+305D 703 517 65 90 U+5C45 1550 2634 132 138 U+3082 1753 2215 118 111 U+4E8B 393 2579 96 218 U+3066 707 2599 90 114 U+4E00 344 1182 109 28 U+7F85 1211 945 91 153 U+7B20 1405 1372 83 155 U+6368 364 2331 140 148 U+7DE8 1387 1235 109 131 U+6298 845 1029 124 138 U+91CC 1228 2259 75 124 U+5EA6 339 1300 134 159 U+305A 706 2381 117 115 U+3068 1792 954 41 122 U+3057 177 1186 117 91 U+308B 1400 2476 100 125 U+90CE 1034 984 82 147 U+304B 1760 508 99 68 U+308B 386 2470 99 140 U+3066 348 717 87 115 U+660E 864 2490 126 128 U+8C61 1404 2813 107 172 U+306F 1018 1145 84 43 U+308A 1055 1825 57 104 U+5BDD 1380 756 137 152 U+3068 1420 596 38 132 U+3072 65 2123 87 115 U+308B 1573 1905 104 135 U+3059 1187 2499 128 115 U+306F 1788 2607 54 42 U+308B 70 2355 80 125 U+56F3 1564 1205 136 136 U+5F85 887 2849 101 117 U+7720 846 1476 127 121 U+5CF6 324 1611 129 136 U+72EC 1384 2612 118 129 U+304F 890 1921 52 104 U+64B2 829 639 126 123 U+308A 1233 1193 54 121 U+305F 369 507 61 91 U+306A 61 1624 76 123 U+3089 1809 571 32 104 U+5C24 399 2810 87 98 U+308C 1777 1191 57 147 U+7F6E 359 847 75 142 U+3080 1016 711 105 94 U+4E00 1767 2363 96 28 U+5973 983 896 148 88 U+306E 68 2895 99 106 U+786F 1755 2663 149 114 U+3086 1027 2084 90 71 U+4E16 204 2827 130 84 U+3092 1201 1640 107 135 U+57CE 164 617 148 121 U+4E00 1583 2214 102 34 U+82E5 496 1349 120 189 U+308A 683 1097 97 159 U+3048 1219 2613 104 116 U+3051 1395 2364 104 109 U+3057 735 1729 21 209 U+3088 1227 1107 52 83 U+523A 204 2372 102 129 U+3082 1233 1316 53 101 U+306A 70 1074 77 95 U+3042 1748 1084 108 116 U+306F 896 2971 74 38 U+3057 1437 1924 19 167 U+539F 342 1756 118 106 U+3055 1211 1530 63 98 U+308B 887 2632 94 129 U+53EA 1564 2526 129 99 U+306A 1409 922 93 126 U+3088 1045 1742 49 82 U+305B 1574 632 100 80 U+9063 355 2039 117 180 U+3088 1598 2771 56 82 U+304B 61 1950 87 71 U+3064 188 1403 94 122 U+7269 64 906 81 102 U+3089 727 2281 43 99 U+3069 1795 2109 77 102 U+306A 862 2045 100 95 U+3092 1254 2895 94 93 U+304F 539 992 53 107 U+3057 1255 1978 14 165 U+307E 213 1287 53 104 U+3057 1795 1537 22 177 U+3072 380 2233 106 102 U+5C45 1567 1754 135 148 U+6240 674 2813 150 109 U+304F 1057 2149 49 90 U+304D 884 1620 52 120 U+3048 571 2878 89 112 U+90CE 1027 1292 76 134 U+306F 73 1016 51 41 U+3072 188 939 98 96 U+50BE 189 515 102 105 U+3089 1404 2109 83 131 U+305F 1041 1645 61 80 U+5973 950 1202 170 87 U+3057 1005 529 97 96 U+3059 248 2484 46 118 U+307E 1055 2254 45 99 U+3072 550 2515 105 114 U+304D 539 1545 43 127 U+3042 552 2395 74 115 U+3089 1435 1130 33 93 U+307E 711 701 49 119 seg_fp 1218 2815 131 105 U+3068 228 1529 29 126 U+305F 73 1522 47 99 U+308B 1044 803 41 68 U+4E5F 355 2918 186 99 U+304C 1427 1041 67 87 U+3069 900 1831 74 98 U+62F5 539 2730 112 134 U+72C2 185 767 106 141 U+308B 901 2134 52 66 U+306A 60 737 71 85 U+3069 262 2684 70 120 U+304B 1007 1560 106 82 U+3088 1615 514 51 106 seg_fp 719 818 34 85 U+3057 95 1171 18 194 U+3057 899 766 17 167 U+3081 372 603 67 108 U+3075 824 1179 103 92 U+304D 538 882 52 116 U+308B 78 815 39 67 U+304B 1040 655 44 41 U+304D 73 1397 44 122 U+3068 755 2490 34 93 U+3057 895 1260 28 126 U+3053 81 2033 35 80 U+304D 68 1747 60 174 U+3059 96 2227 36 120 U+3084 63 639 70 61 U+309F 1595 2873 75 116 U+3044 57 528 68 69 seg_fp 728 1608 42 113,200003076_00107_1
U+5C0F 1717 2561 114 89 U+306B 1558 2226 80 107 U+60AA 1353 818 115 125 U+306B 1561 1854 75 107 U+6240 1346 978 120 108 U+4ECA 297 1676 156 148 U+306E 1341 2836 127 128 U+3066 1192 1640 95 114 U+6709 176 933 76 142 U+306B 1000 2167 90 95 U+305F 1755 2039 61 111 U+306B 835 1665 102 106 U+4E5D 1189 1772 121 78 U+306E 1703 2438 117 92 U+3067 337 804 97 104 U+82B1 1186 494 112 139 U+898B 1726 1699 120 132 U+306A 178 1364 73 114 U+306E 301 1996 124 108 U+5165 1141 1561 184 96 U+4E8C 660 2342 108 62 U+3066 1717 2906 112 106 U+306E 1184 2016 109 94 U+5409 1368 2364 85 127 U+3082 532 1265 51 126 U+7686 1735 494 111 128 U+53E3 1211 1243 70 83 U+4ED8 1735 2294 93 132 U+3053 684 1069 57 61 U+3064 1734 1940 84 111 U+3061 1570 1730 76 113 U+90CE 182 1210 73 145 U+662F 1375 2202 95 143 U+88CF 956 2406 147 146 U+3082 700 2687 53 106 U+591C 1350 2658 115 153 U+767A 333 639 106 145 U+57D2 325 946 132 134 U+306B 1198 2453 70 86 U+5408 1703 1551 169 127 U+5409 1192 2119 82 125 U+898B 501 841 122 136 U+306E 647 1274 106 100 U+5E74 1002 645 81 150 U+306B 846 2562 78 97 U+308C 684 1141 61 132 U+3066 662 2911 90 80 U+5E30 1354 1806 115 156 U+65B0 500 1406 96 150 U+4F55 822 2682 110 110 U+5229 318 515 106 122 U+53C8 1360 693 142 117 U+3066 850 657 58 129 U+6771 1199 1037 95 169 U+3070 680 957 101 66 U+7D0B 1724 2174 126 113 U+306E 495 2880 122 97 U+3042 178 2328 102 108 U+98F2 1541 889 117 106 U+3064 1737 1272 99 143 U+6709 191 2830 77 126 U+3082 342 2661 58 107 U+676F 1714 2664 103 133 U+53F0 1167 2726 100 178 U+7D79 988 1854 116 145 U+8005 821 2820 115 133 U+3066 994 2664 84 82 U+3078 1372 1119 115 47 U+57D2 309 2135 130 132 U+8ED2 1187 1889 115 119 U+3089 1399 1953 52 119 U+898B 1371 1502 95 169 U+6B64 673 2218 96 91 U+76EE 347 2779 72 105 U+306F 343 2293 67 45 U+304D 1025 1697 81 151 U+3092 834 1196 109 124 U+3064 1533 2345 106 60 U+306B 1013 499 92 98 U+91CE 1367 2507 96 119 U+306F 1187 2686 66 44 U+306A 518 2691 86 98 U+591C 325 1839 107 146 U+304A 836 2289 103 72 U+5973 135 1100 143 86 U+304C 1034 1489 75 67 U+3042 1549 2674 95 85 U+3057 1723 1841 106 84 U+5929 34 2603 95 104 U+7E2E 994 2026 108 132 U+3046 1598 768 38 109 U+304D 1756 1141 76 132 U+56DB 1543 1997 104 54 U+5E83 981 2747 121 122 U+7740 818 497 110 152 U+7537 1019 1339 76 134 U+963F 657 1405 121 112 U+3084 1722 945 119 77 U+723A 650 1539 131 172 U+4E3B 502 711 108 113 U+3065 332 1524 125 134 U+767D 1018 1580 78 111 U+3068 368 2882 47 111 U+5171 843 1073 83 117 U+8896 989 2872 110 116 U+6A2A 819 1332 127 121 U+304B 677 506 96 59 U+3066 1399 1671 44 128 U+3066 1545 2549 84 101 U+306F 510 2084 83 46 U+6A4B 1535 2087 115 133 U+304C 376 1093 69 65 U+304A 499 2604 111 72 U+3070 175 1575 88 67 U+306B 55 1785 55 100 U+306A 852 2366 89 102 U+304D 1766 1418 45 121 U+5E73 846 1497 79 145 U+884C 1189 2542 67 130 U+308C 1562 2830 71 124 U+5C4B 1183 2332 100 105 U+98AF 1364 1247 137 125 U+6765 663 2797 89 119 U+7530 1191 2255 90 71 U+3073 840 1903 111 111 U+3053 1767 650 66 99 U+308C 521 1949 66 120 U+306A 335 2350 92 95 U+7D05 999 2292 88 117 U+3093 1568 573 97 127 U+5FCD 152 1816 113 108 U+3075 1330 582 139 107 U+4E4B 54 1411 49 114 U+3051 1566 2426 62 110 U+3046 1396 2069 34 129 U+4E09 645 2451 148 92 U+582A 157 1657 107 140 U+308D 1742 822 99 98 U+3093 337 2434 123 130 U+4ED8 1008 2552 71 107 U+4E8B 507 2271 86 215 U+3067 353 2542 86 136 U+623F 834 890 85 164 U+3068 1223 896 37 131 U+308A 203 2538 54 105 U+3055 53 2062 42 78 U+307E 201 2416 46 123 U+3082 514 2493 90 84 U+4ECB 30 1528 102 105 U+4F55 483 2155 117 114 U+304D 686 727 62 109 U+306C 494 1165 110 99 U+5E74 656 2538 108 146 U+3057 505 979 98 86 U+7D42 40 1636 80 133 U+306E 177 2746 89 76 U+304C 1548 683 141 102 U+308B 875 2467 39 73 U+308B 175 2061 81 130 U+308A 1230 1441 58 96 U+3051 688 848 69 119 U+308B 842 2160 95 118 U+3084 1543 1139 120 92 U+308B 1013 1216 86 119 U+3059 1774 1033 46 103 U+308B 542 2790 45 63 U+3075 631 2110 133 106 U+3044 492 1759 108 92 U+3068 1407 1375 33 129 U+307E 355 1382 52 124 U+3088 1229 1348 36 95 U+3068 210 2184 38 134 U+305D 532 1855 53 88 U+9F3B 166 502 107 182 U+3042 348 1177 77 99 U+306A 1000 1096 99 111 U+304C 1578 2766 73 68 U+306B 1748 2819 52 86 U+5973 788 807 149 90 U+3068 709 576 39 123 U+307E 672 1809 88 84 U+306C 39 2146 93 94 U+308B 47 2482 60 110 U+307E 1037 874 35 125 U+304C 987 824 126 64 U+3089 209 1481 28 96 U+3055 191 703 59 105 U+3051 843 2030 94 119 U+304B 1395 1178 36 57 U+304B 1554 1259 102 73 U+304F 367 1269 46 97 U+3044 1361 490 105 88 U+3059 196 1942 45 114 U+4E16 30 1298 82 107 U+3058 1223 634 55 140 U+671B 42 2248 75 121 U+547C 52 798 59 129 U+4EAD 501 507 98 176 U+3078 986 1011 118 68 U+3055 689 1726 58 83 U+3084 1174 788 106 110 U+3082 205 2652 59 92 U+3044 657 2023 103 84 U+306B 55 937 54 100 U+6240 1158 2908 112 82 U+3088 868 1789 50 102 U+3078 169 830 127 96 U+3046 1578 1613 45 125 U+3068 708 1904 36 116 U+7533 69 1905 34 146 U+3075 1524 1520 135 104 U+3068 1539 2895 39 91 U+3055 58 2382 39 102 U+3084 37 1063 77 76 U+3089 542 1066 34 106 U+795E 42 2707 79 160 U+304F 1584 1307 58 105 U+3044 1563 1419 91 89 U+3068 1598 1003 34 101 U+3066 1562 500 76 75 U+308B 43 1153 70 132 U+3057 540 1557 30 194 U+3092 41 2864 80 92 U+307B 50 534 68 91 seg_fp 1790 752 28 72 U+30C4 1629 2049 33 31 U+3069 73 639 48 130 seg_fp 72 717 23 62,200003076_00113_1
U+4E03 1391 791 120 68 U+624B 566 418 74 145 U+898B 1040 1024 108 118 U+7AF9 1414 432 106 126 U+306B 561 573 70 82 U+306B 1425 1313 74 94 U+306E 1390 692 117 87 U+3044 1595 555 101 65 U+306F 550 1266 66 46 U+3066 1775 1135 88 98 U+304F 94 2059 45 107 U+306E 1403 975 127 86 U+306E 212 511 105 89 U+3082 1244 526 56 103 U+306E 1023 1981 109 90 U+4E2D 1581 2381 86 133 U+3066 1608 1934 59 110 U+58F2 1565 2629 117 129 U+306F 891 1082 52 37 U+3092 530 2562 107 68 U+306E 876 1953 81 62 U+3092 894 683 81 110 U+3064 858 1129 95 132 U+306E 1559 2767 117 87 U+4ECA 1557 2047 146 118 U+5DE6 1058 1844 79 139 U+898B 701 1009 112 134 U+51FA 1406 2666 105 69 U+3064 1592 637 97 114 U+3072 687 1567 94 87 U+5215 1425 1524 71 103 U+6E21 549 663 102 112 U+4E8B 1779 2436 91 164 U+662F 1054 800 92 135 U+3066 248 1340 47 102 U+733F 378 655 116 128 U+304C 1063 949 73 50 U+3066 383 1096 79 92 U+5148 1789 829 107 128 U+306E 1207 1474 117 84 U+3066 530 904 97 103 U+53C8 1571 422 156 110 U+306E 1392 1630 109 83 U+53E3 722 1936 60 67 U+306B 1240 2370 58 90 U+69D8 1413 870 96 100 U+5343 1781 2601 68 101 U+5408 1362 2751 172 109 U+306B 241 2283 55 90 U+7ACB 1591 2526 73 97 U+53E3 230 1741 66 62 U+306B 99 704 48 85 U+3066 546 1482 68 116 U+3092 1202 1693 116 71 U+975E 1208 2248 92 113 U+3082 1778 1783 78 108 U+7269 1039 1554 110 95 U+662F 1219 2119 94 124 U+3066 1395 2559 93 98 U+306B 1801 1693 55 91 U+3066 1591 1227 93 126 U+8107 867 433 108 116 U+4EBA 1385 1677 139 148 U+305A 1226 1056 107 96 U+4E8B 1232 1546 87 157 U+591C 381 1531 100 114 U+6D99 876 1517 85 99 U+306F 1598 2346 68 36 U+3042 80 2179 84 84 U+306F 237 2710 75 37 U+76DB 720 628 90 150 U+5EA6 1752 2716 113 113 U+306B 94 1462 49 93 U+53D6 238 415 77 100 U+658E 232 692 86 113 U+843D 231 1204 89 136 U+3061 228 2174 70 109 U+308D 1790 1457 80 87 U+5EA7 1387 1180 119 101 U+5FD8 846 2684 110 83 U+5BB5 1581 2176 96 166 U+308C 405 517 49 120 U+304D 1241 1162 55 118 U+592B 195 2466 149 114 U+904E 543 1661 74 104 U+8179 881 569 97 103 U+306F 736 581 57 38 U+305A 863 1416 106 104 U+306A 1814 426 74 104 U+3057 1580 1565 111 80 U+306E 859 2507 94 112 U+308A 878 1828 89 116 U+6BD4 867 2613 95 81 U+304B 696 2732 81 47 U+306F 382 2401 84 45 U+3064 1051 431 83 110 U+592B 1575 1456 146 104 U+306A 404 783 54 85 U+79CB 528 1952 129 120 U+3066 732 428 58 130 U+4F11 232 586 100 109 U+305D 896 2023 51 105 U+6642 1592 927 108 93 U+305F 565 1077 51 74 U+307E 892 1615 53 97 U+624B 704 2601 62 119 U+3058 910 1708 36 123 U+96E8 877 2418 89 89 U+304B 1022 1156 108 64 U+306F 1223 649 91 38 U+592A 1614 1359 63 89 U+6211 689 1810 112 114 U+7D00 1412 1433 112 91 U+304B 737 801 48 66 U+5C4B 1427 574 98 104 U+306C 526 2646 94 73 U+6DFB 704 2013 89 105 U+304B 1241 883 41 72 U+8896 1030 2054 109 124 U+304B 541 1021 89 65 U+592A 234 2378 62 88 U+307F 1157 2463 157 94 U+304B 212 1885 94 54 U+306E 370 1881 89 68 U+5C0B 94 817 62 129 U+904A 387 1194 91 124 U+3058 1438 2360 38 135 U+3081 885 1254 57 68 U+306B 232 1802 61 78 U+9762 1775 1902 99 123 U+3068 260 2749 34 105 U+7B54 86 1560 52 140 U+5206 1623 1019 70 98 U+3069 433 867 57 119 U+3057 369 1810 109 66 U+51FA 1607 1867 91 63 U+307E 1818 1254 50 105 U+5F71 1766 2028 98 139 U+308A 252 1101 49 106 U+307F 1738 2265 131 94 U+3044 859 802 104 74 U+3055 406 2324 47 72 U+899A 534 1327 96 158 U+3042 1229 1772 88 84 U+307E 403 2766 55 80 U+306E 1601 865 72 62 U+3089 1251 957 33 99 U+3092 1036 2544 100 117 U+4E8C 225 859 78 42 U+3057 1256 698 18 175 U+6B32 1787 699 117 109 U+306B 1411 2192 76 89 U+3076 344 1944 135 91 U+3042 375 2617 90 78 U+308B 244 1994 41 69 U+968E 230 910 102 108 U+591C 82 2443 70 122 U+3089 410 413 58 109 U+3064 1782 1044 93 118 U+5165 978 2800 196 72 U+69D8 225 2565 95 116 U+8EAB 80 1326 92 140 U+3082 1623 753 54 106 U+3089 711 2775 49 84 U+3066 91 1700 39 93 U+3084 185 1652 125 77 U+81EA 560 2088 53 140 U+308A 1063 2338 56 105 U+3089 900 1321 34 91 U+3068 262 1441 31 99 U+3072 385 1320 102 93 U+8AB0 333 1693 129 113 U+306A 400 2181 63 60 U+304B 566 1604 36 47 U+3051 89 930 77 101 U+4E00 1416 1075 94 28 U+3055 1250 1290 47 75 U+3093 383 2686 110 94 U+3092 1780 2158 100 111 U+60B2 76 1811 76 97 U+304A 1219 433 105 97 U+306B 561 1770 45 73 U+304C 250 795 65 48 U+3088 1413 2114 55 68 U+3057 753 1124 17 170 U+3068 754 873 35 122 U+3068 1079 1717 33 124 U+3082 369 2100 89 78 U+306E 82 2361 58 65 U+3058 1378 2038 116 73 U+67D1 678 1433 107 119 U+69D8 540 1159 95 103 U+304E 1072 1222 70 97 U+5BC6 685 1302 120 130 U+3066 382 2516 83 90 U+305F 235 1934 53 60 U+3057 1817 1548 16 150 U+304D 1433 1814 42 98 U+306E 1584 1650 97 116 U+9ED2 507 2302 126 107 U+304C 570 2236 62 59 U+305D 81 1194 63 121 U+624B 1044 2442 61 113 U+3061 1414 1935 63 103 U+3081 1236 2025 75 82 U+305F 1222 1932 69 87 U+308C 1210 2662 94 97 U+304B 1072 1652 36 59 U+3068 1640 1111 32 108 U+3089 1072 531 43 77 U+306F 402 1654 48 36 U+3073 1594 1774 117 93 U+305B 533 2782 77 66 U+308B 1072 1387 41 61 U+3089 904 2128 42 90 U+3060 1813 959 70 72 U+3059 104 2257 32 105 U+304F 906 961 46 94 U+3081 1416 2497 55 56 U+307E 1231 1369 87 106 U+3057 437 987 18 156 U+6708 898 2272 56 141 U+305F 892 881 61 81 U+4EBA 64 2615 137 118 U+53E3 1051 2181 61 70 U+308C 897 2765 58 94 U+8DE1 691 2300 106 94 U+304F 406 2237 45 82 U+3064 686 1736 97 69 U+308B 1802 2356 34 77 U+3057 1083 2685 19 114 U+3088 258 1024 29 77 U+3089 1260 1853 44 95 U+3046 236 2064 44 116 U+3057 741 2121 18 161 U+3068 420 2019 31 77 U+3089 737 2517 24 78 U+306F 1232 2833 62 42 U+306F 252 1546 40 97 U+9AEA 530 2403 105 151 U+309D 1083 1447 22 90 U+3068 1247 2764 27 69 U+307C 1798 1362 110 100 U+304D 1810 551 45 138 U+3057 1089 613 12 176 U+304D 1239 2556 29 69 U+3057 433 1390 14 137 U+304C 728 2459 56 56 seg_fp 82 2722 73 84 U+3068 734 1624 29 89 U+3055 1070 2623 36 64 U+304E 411 2445 65 66 U+3088 1062 2252 28 81 U+306F 99 2570 36 36 U+58F0 88 418 66 173 U+306E 83 2804 61 52 U+306F 1414 2279 47 80 U+3089 1084 1312 20 75 U+3053 100 1117 24 70 U+3031 100 531 55 159 U+308B 110 1038 21 73 U+4E5F 1743 2830 165 47 U+3057 593 1841 12 101 U+306A 715 2389 65 68 U+304B 568 2721 29 58 U+3057 591 779 13 167 U+4E94 798 2219 196 64 U+3057 115 1911 9 155 seg_fp 1250 2619 16 57,200003076_00117_1
U+3092 919 1162 105 85 U+3066 1086 924 90 101 U+91D1 1391 1742 139 132 U+306B 950 794 67 93 U+306E 1894 576 104 95 U+3066 1734 2789 103 84 U+306E 349 1057 114 87 U+306E 1092 1132 104 82 U+3044 1898 934 100 79 U+5408 510 2308 165 109 U+3044 1244 1346 95 62 U+4E8B 928 1931 69 168 U+3066 1247 974 91 93 U+6210 751 678 103 114 U+3066 2051 1242 87 80 U+306E 2066 1532 84 74 U+591C 925 430 115 135 U+5408 534 1023 135 118 U+4E8B 1093 1492 89 179 U+9781 1895 1832 105 112 U+308C 767 559 54 114 U+5965 753 797 76 133 U+306B 1749 2024 61 84 U+4EF0 355 1988 117 117 U+3080 1252 2196 94 91 U+304D 1912 2739 76 116 U+6625 1407 928 124 114 U+3042 742 1580 91 77 U+306A 1586 551 71 96 U+53D7 321 793 161 144 U+3064 1590 820 78 94 U+308D 1583 2622 74 80 U+308C 1273 1161 55 120 U+3067 1244 2444 83 83 U+5A66 542 1792 96 111 U+3044 2060 2445 84 59 U+3070 1430 2606 56 71 U+4E16 2071 1459 83 63 U+308A 1608 2023 45 103 U+3064 1243 1428 95 97 U+3092 1078 1660 104 74 U+4F1D 362 668 103 131 U+304B 1409 2320 95 51 U+4E16 1086 1036 126 83 U+3066 895 2493 81 94 U+3070 760 1460 59 106 U+5C24 1747 1170 80 93 U+5176 2087 432 58 141 U+805E 937 1257 83 104 U+307E 776 435 51 125 U+6211 2078 1335 85 111 U+5C11 1403 1631 103 121 U+82E6 1260 425 77 149 U+8EAB 1099 432 114 134 U+306B 1114 2403 59 77 U+3064 1578 2703 76 92 U+304D 567 2197 46 104 U+3082 2065 2594 75 101 U+5FA1 1438 424 74 74 U+4E8B 1248 1568 87 208 U+306B 1594 2276 64 90 U+5EA6 914 1817 112 110 U+306E 1891 2043 99 77 U+306E 1238 1525 99 81 U+3064 548 2087 92 116 U+304B 1094 1231 94 56 U+308C 1917 1612 60 112 U+592B 526 1668 141 113 U+4E03 1730 1404 88 58 U+7528 373 1276 73 124 U+306B 2097 881 52 84 U+3082 934 676 92 104 U+307E 1754 1809 54 86 U+3064 2056 2499 85 108 U+306F 574 413 52 149 U+306B 1599 735 58 78 U+306B 759 1184 67 104 U+85E4 1587 421 97 124 U+66F8 318 2600 123 107 U+9662 351 2709 123 108 U+6210 1905 2430 106 89 U+5F7C 1735 2528 94 96 U+306F 1426 1883 69 35 U+306A 1587 1943 62 77 U+3078 1410 1940 90 103 U+307E 2089 582 44 114 U+5165 689 1304 171 78 U+306F 1264 1292 60 40 U+3068 587 889 30 118 U+9F3B 540 1928 93 145 U+307B 363 1429 95 84 U+7269 363 942 103 100 U+306B 548 2776 81 89 U+5BDD 1909 417 111 146 U+3082 912 2103 79 92 U+306D 1907 1110 99 105 U+662F 1110 1962 74 128 U+307F 1543 648 129 83 U+9854 1248 718 90 105 U+6B64 1748 2118 72 69 U+571F 379 1164 58 78 U+4E8B 2071 2070 65 172 U+3066 1095 2787 105 79 U+3042 536 2423 93 80 U+3072 1417 1294 100 92 U+5EA7 729 941 106 112 U+3044 1245 2390 87 62 U+304C 578 1262 65 50 U+51FA 2080 1808 83 77 U+306F 1756 2288 47 31 U+304A 1578 2380 93 85 U+5973 1697 2200 131 64 U+306A 2063 2245 67 95 U+3050 1118 2308 46 85 U+308A 757 2452 46 104 U+308B 1585 1542 89 114 U+3092 1252 2079 105 118 U+306C 739 1982 107 88 U+6614 947 899 58 124 U+3093 559 793 105 114 U+72EC 2063 2713 110 121 U+307F 1873 838 127 87 U+306C 1400 2210 110 96 U+3058 1946 2629 39 110 U+304C 1768 1478 59 44 U+304B 2096 1052 38 50 U+91CC 1756 2631 66 99 U+592A 1914 1734 56 93 U+304C 1441 1049 64 50 U+3044 1579 1393 84 68 U+308B 359 2409 100 110 U+304D 1101 1371 81 122 U+3059 1068 2232 101 85 U+3068 1454 2362 30 107 U+3070 1925 1210 71 100 U+3057 779 1648 20 154 U+308A 589 2500 43 106 U+307E 1931 2541 43 87 U+3078 1422 704 77 110 U+6301 1894 1937 100 98 U+305F 947 1347 46 80 U+5C0F 365 2515 104 74 U+9577 1749 1282 75 113 U+7269 1744 420 101 94 U+3072 731 2202 99 93 U+308B 365 1763 89 120 U+305D 1901 1403 87 114 U+308A 916 2295 85 103 U+3051 402 427 56 83 U+3072 1249 590 88 106 U+70B9 547 1143 96 111 U+3051 350 2271 110 134 U+4E92 1593 2139 60 122 U+306B 1114 2708 50 71 U+3044 1735 1538 82 63 U+4E03 1396 2783 90 74 U+3055 1433 2142 39 66 U+3046 1940 671 33 75 U+3075 323 519 133 105 U+307E 1272 2281 38 104 U+5408 1226 2592 153 97 U+601D 2061 1616 87 99 U+304B 551 585 87 64 U+308C 758 1338 50 120 U+308A 2079 2339 46 97 U+6A2A 2068 755 88 114 U+304D 1609 901 43 89 U+3068 970 559 38 114 U+3044 1419 2475 83 66 U+5B50 1260 2005 63 81 U+3072 916 2707 93 79 U+3076 1056 590 146 84 U+306B 758 2561 45 82 U+6240 1742 1696 77 97 U+3042 910 2202 93 95 U+9577 1409 2687 75 98 U+5302 749 2077 76 119 U+55C5 730 2744 113 109 U+4F34 914 2599 94 102 U+306A 573 714 52 82 U+306F 1597 1117 51 91 U+3068 587 1566 32 105 U+305D 1281 1079 40 81 U+306F 388 623 55 37 U+3053 2093 978 41 49 U+306F 1931 1013 40 92 U+3086 551 1317 90 77 U+308B 1099 1862 79 96 U+3072 1097 735 97 108 U+308B 1603 1211 44 68 U+308C 385 2186 52 114 U+6577 756 1045 92 132 U+3072 2076 1717 81 100 U+3093 1428 591 97 113 U+4EBA 888 2770 162 92 U+3089 1438 2044 40 100 U+3059 402 1648 37 109 U+6CB9 740 2635 106 94 U+306B 372 2804 67 57 U+3059 2088 1963 39 108 U+3082 1453 1109 44 92 U+3089 394 2078 51 110 U+3075 1700 1605 115 94 U+8A9E 1089 1748 106 111 U+3057 725 2282 95 82 U+3060 1270 1892 63 100 U+306A 1925 1522 65 85 U+3068 401 1853 31 119 U+306B 1766 2737 42 55 U+5973 1859 2121 138 66 U+3082 1612 2439 26 85 U+304B 764 1810 39 68 U+4ED5 1247 2536 91 78 U+3093 1415 813 93 119 U+623F 1903 2183 75 117 U+3091 1419 514 77 81 U+3068 1785 510 32 98 U+3078 1383 2554 128 56 U+304D 953 1577 42 94 U+3068 1281 2705 28 135 U+3082 1753 2338 52 70 U+306B 1921 2304 47 75 U+3068 1613 1286 36 101 U+305F 1435 1362 53 86 U+3075 1710 735 107 86 U+3057 963 1426 20 143 U+304A 1755 620 74 66 U+3051 542 2567 89 116 U+3068 939 2405 32 83 U+3089 1940 745 40 96 U+306E 1550 2819 80 51 U+3084 1553 1670 110 56 U+307E 1271 1788 48 99 U+3078 1564 1469 119 67 U+304D 746 2362 47 87 U+306C 545 1460 115 106 U+3055 2084 1891 38 69 U+3089 1141 1281 28 97 U+3068 1775 2409 33 114 U+3057 968 1022 15 160 U+3057 1148 811 16 136 U+3057 407 1478 19 155 U+3053 1936 1313 33 84 U+304B 1122 2092 32 54 U+3057 1461 1516 19 114 U+3057 2113 1106 13 167 U+305B 939 1726 60 80 U+305E 1766 819 69 83 U+308A 1597 1727 50 90 U+624B 1586 1837 62 85 U+306F 1921 2385 45 39 U+3057 1622 990 16 120 U+6211 1088 2498 120 110 U+3057 1619 2520 15 99 U+304B 1768 899 36 54 U+3082 1773 677 49 68 U+3057 1780 970 14 183 U+308B 577 2689 33 73 U+3081 1431 1451 51 66 U+3057 1294 813 24 155 U+309D 2108 690 18 61 U+308B 1138 654 38 67 U+304F 1615 2778 32 70 U+3089 1443 1200 37 101 U+304B 582 1393 31 64 U+3089 780 1876 19 104 U+309D 584 637 33 56 U+3089 1116 2145 39 89 U+304B 965 1668 22 59 U+65B9 1102 2598 65 101 seg_fp 1617 1809 22 34 U+304D 690 2790 38 79,200003076_00122_2
U+306E 1448 2163 94 80 U+306B 598 679 64 85 U+3082 1814 888 55 85 U+3044 1794 1989 107 60 U+4E03 1777 813 120 57 U+4EE3 594 2293 109 120 U+547D 1597 679 129 127 U+3070 1286 2734 56 102 U+307B 606 2534 96 92 U+4E8B 1812 2248 90 166 U+306E 586 2420 102 82 U+5BFA 579 540 82 121 U+4E16 749 2336 106 75 U+3070 1458 1993 65 89 U+3066 1454 550 44 119 U+306B 1641 1912 61 82 U+7D66 1624 1107 90 110 U+306B 1280 1868 59 81 U+306E 572 1344 103 100 U+306E 741 1600 95 82 U+6D6A 1440 1412 91 111 U+308A 1290 1662 54 73 U+534A 1269 1195 64 130 U+3044 1067 1157 108 68 U+5078 1257 1751 112 106 U+884C 1261 1408 105 102 U+9577 1796 670 100 118 U+821E 1455 1800 79 136 U+4E16 1060 1441 115 79 U+3078 1245 1339 126 56 U+3092 721 1010 119 76 U+69D8 1443 1525 85 89 U+306F 1459 1218 61 39 U+5C3C 580 432 98 110 U+4EAC 1628 1643 85 120 U+3048 428 876 74 101 U+305F 1846 2632 53 62 U+304B 402 724 103 59 U+6625 1794 417 130 119 U+3082 1798 550 78 95 U+6625 1429 1088 126 114 U+306A 1278 1970 56 76 U+304D 1793 1221 90 123 U+306D 908 1640 95 88 U+5DFB 1456 2644 94 182 U+306A 1822 2109 86 79 U+662F 1099 1900 76 125 U+3082 892 1311 92 95 U+306E 746 1817 115 90 U+6B64 935 2243 83 83 U+306A 1636 2310 101 83 U+4E8B 1628 1453 75 176 U+306B 1107 1809 55 88 U+304B 1449 2089 95 80 U+306F 1815 1931 67 40 U+60DC 1607 915 99 104 U+5BD0 899 685 105 146 U+85E4 1437 1273 102 106 U+6368 1424 429 108 116 U+6368 1608 565 126 98 U+90FD 1591 1754 124 142 U+85E4 1801 1649 91 106 U+96A0 1632 1999 93 119 U+3082 1635 2214 72 83 U+3066 933 826 40 116 U+5165 526 1813 165 79 U+3068 953 2769 42 92 U+52E4 930 2343 107 91 U+3066 943 1204 39 96 U+308C 617 2727 102 129 U+8AA0 1790 1355 135 118 U+308C 1447 774 65 116 U+3092 1071 2025 99 69 U+7DEC 1457 2375 96 99 U+3082 894 946 95 100 U+898B 1251 417 84 117 U+3064 746 561 76 116 U+592B 1036 525 156 106 U+51FA 736 1395 110 71 U+306C 1246 634 99 65 U+306B 1848 2783 52 62 U+8EAB 1610 415 113 162 U+3082 1073 1338 80 98 U+3092 768 2497 98 112 U+308A 1456 979 57 102 U+61F8 585 785 93 122 U+5BB6 750 1474 103 123 U+3066 953 2142 50 95 U+5B50 1289 2411 56 70 U+69D8 1264 2287 101 114 U+61F8 1272 1527 83 116 U+304F 1282 1101 45 82 U+4E00 600 2205 86 24 U+9053 572 1456 102 107 U+3072 739 1301 80 94 U+8A9E 1259 2510 105 112 U+3092 1614 806 98 93 U+52DD 411 427 97 132 U+3078 1273 2237 88 45 U+308A 1673 2761 59 102 U+624B 745 423 72 131 U+307E 1805 1845 84 80 U+69D8 1058 1720 115 99 U+3051 893 422 92 91 U+304B 1818 2585 91 56 U+4E4B 1097 1537 52 74 U+7533 795 2167 45 144 U+3078 1442 1633 95 40 U+308C 1291 2620 51 87 U+306E 1068 2588 108 82 U+305D 1458 683 42 92 U+7E2E 1450 2261 99 105 U+305A 1625 1292 106 84 U+3072 1087 2783 107 78 U+304A 1805 982 103 71 U+898B 1440 1674 94 119 U+306F 1258 711 86 42 U+305B 1261 878 79 69 U+3068 1679 2551 30 88 U+96E3 416 1009 96 110 U+8A9E 1639 2662 99 95 U+306C 575 1897 107 81 U+306B 1105 1261 43 77 U+3055 1283 1042 46 64 U+3078 1438 1953 120 52 U+3072 590 1244 98 100 U+69D8 1827 2705 92 85 U+3093 1266 949 97 100 U+307F 1649 1026 38 65 U+3048 1261 534 68 91 U+592A 1086 421 51 101 U+899A 908 1051 92 159 U+6D99 1066 651 95 104 U+307F 534 989 137 107 U+901A 1076 2658 97 119 U+306B 1847 2426 39 81 U+3066 429 564 47 124 U+308D 1795 1147 87 84 U+3057 1677 2380 16 156 U+3084 1803 2509 109 69 U+3092 1070 746 104 97 U+307E 646 2605 32 116 U+3092 765 2051 100 114 U+306B 616 1581 31 210 U+306A 942 2607 70 63 U+5FD8 901 1415 103 102 U+3088 1463 895 41 82 U+3055 1829 1775 36 70 U+306A 1087 845 69 90 U+6B64 1610 1376 117 79 U+308C 1662 2082 51 117 U+898B 770 2594 89 104 U+4ECB 1065 1620 120 104 U+304B 1115 1213 27 52 U+308C 930 1514 54 120 U+3068 1299 752 28 114 U+304B 1845 2048 31 46 U+9858 570 1116 103 126 U+3093 923 2517 100 100 U+306F 1850 2853 64 30 U+3057 1107 1005 17 152 U+4E00 1461 2533 81 21 U+69D8 1260 2114 78 103 U+9650 777 2696 86 103 U+305B 928 2453 74 62 U+3053 610 924 38 59 U+3048 934 2047 85 91 U+3070 934 1736 43 84 U+308B 935 507 32 81 U+307F 1216 2047 131 92 U+4E0A 776 2427 58 70 U+305D 441 789 39 87 U+6687 750 1929 111 117 U+306A 922 1829 81 92 U+671B 759 1699 88 112 U+3068 1126 2100 31 92 U+3089 764 721 33 90 U+3069 1846 1032 60 108 U+306F 759 1106 41 88 U+308A 812 2805 35 67 U+5FC3 1086 2523 115 54 U+304C 1096 933 56 65 U+306B 1833 1470 33 170 U+3072 1099 2325 77 98 U+306F 1632 1237 70 50 U+304B 766 682 31 43 U+308B 1852 2179 39 60 U+304C 955 1919 58 55 U+304B 936 593 28 77 U+3089 755 1195 41 114 seg_fp 1103 2211 68 110 seg_fp 724 842 118 167 U+3057 1153 2395 22 129 seg_fp 588 1999 95 163 U+3089 962 1975 26 69 U+3057 443 1111 30 464 U+3057 979 2668 12 140,200003076_00124_1
U+306B 704 628 62 96 U+4ECA 820 1412 155 128 U+3044 303 397 105 73 U+4EE3 1692 952 128 142 U+305F 888 850 65 101 U+4EBA 473 521 135 119 U+3066 1170 1596 103 105 U+7530 1222 957 77 80 U+4EBA 2021 488 128 131 U+306E 1504 2659 113 97 U+3066 665 1240 97 111 U+3066 1350 2605 90 89 U+5C0F 317 1537 101 72 U+306E 1819 2473 124 90 U+306B 2052 1267 65 99 U+3066 1518 2487 91 90 U+306C 298 2105 127 74 U+3066 1898 958 50 122 U+3082 1553 1833 52 103 U+5C0F 1685 1917 103 86 U+306B 1226 640 56 88 U+306F 698 2455 63 43 U+306B 334 718 67 97 U+306E 1677 1091 120 96 U+306E 1174 1910 117 89 U+3092 1510 1051 127 76 U+4E8C 1527 1954 96 57 U+305F 712 926 49 93 U+4ED5 309 2208 105 98 U+3092 1504 2265 127 79 U+51FA 689 402 103 85 U+7230 1699 1528 93 146 U+3064 1014 2069 115 76 U+4E8B 1052 391 74 185 U+5FA1 878 974 84 87 U+304D 869 504 80 117 U+4E2D 1194 1800 93 109 U+6577 1379 393 104 154 U+306E 1491 2031 128 94 U+662F 513 628 77 115 U+304B 1522 2588 114 71 U+3042 1363 573 110 90 U+3066 1890 530 42 126 U+8DB3 1542 2118 78 129 U+5F8C 857 1753 88 128 U+4E4B 1554 1633 62 96 U+6765 1877 385 81 143 U+5FA1 1042 1968 79 86 U+306E 850 2570 103 82 U+4E8B 1690 1276 102 213 U+3065 467 1285 135 114 U+51FA 1196 1411 108 66 U+3042 1835 2056 106 100 U+4E21 505 403 91 111 U+65B9 1213 1044 76 124 U+5FA1 1207 2016 80 81 U+969C 1859 1690 108 147 U+3066 1154 2571 111 84 U+5C61 1525 553 114 126 U+7ACB 336 834 81 106 U+3060 1540 1146 117 98 U+885B 309 1725 105 112 U+662F 1540 891 81 148 U+306E 1023 589 106 83 U+3078 500 1021 86 112 U+306B 1889 871 56 91 U+6B64 1204 1716 81 83 U+618E 665 2533 108 134 U+6210 1022 2329 108 112 U+4E16 1513 1532 124 80 U+308C 501 2255 89 133 U+307E 887 634 50 103 U+3092 2042 715 90 104 U+4E4B 339 1336 64 95 U+4ECB 1512 1732 143 102 U+4ED5 1189 2123 101 97 U+305D 1888 675 49 95 U+4E00 1710 849 94 26 U+7533 881 2065 44 104 U+6577 2019 2346 105 145 U+3082 848 1300 100 96 U+677F 2003 2513 118 97 U+65B9 1200 2220 69 118 U+723E 1695 2528 78 96 U+306C 1509 1433 129 83 U+3066 2037 2754 71 100 U+4ED8 2052 826 61 105 U+306F 505 1153 65 37 U+3066 2043 932 73 102 U+308C 1375 2476 55 118 U+7533 1234 1267 45 119 U+3051 1877 1570 69 108 U+804A 1671 2393 110 131 U+3066 1864 2237 64 97 U+3064 1850 1483 113 88 U+309F 1222 1169 64 90 U+885B 1680 2143 99 131 U+7573 1842 2336 102 130 U+6368 842 2186 120 110 U+308A 883 1637 51 108 U+304B 488 1215 101 70 U+306E 1041 1881 83 77 U+6B64 315 2632 88 83 U+76EE 2060 630 54 92 U+306A 508 850 73 66 U+8AD6 439 1757 171 106 U+72AC 683 512 99 96 U+3067 1042 1693 86 91 U+3081 1384 764 74 65 U+3092 1847 1947 112 118 U+7A0B 1034 2455 86 109 U+3042 1028 1233 117 105 U+3055 522 2393 59 81 U+308B 2040 1134 78 128 U+3066 1685 2738 97 73 U+3078 2021 1746 90 114 U+304D 511 1406 41 95 U+306A 1371 1090 96 95 U+308B 2028 2227 87 110 U+3053 1890 791 47 65 U+3042 675 1360 109 112 U+3082 1356 960 92 103 U+5175 1683 2018 81 110 U+305D 1702 681 83 134 U+3086 1380 684 94 77 U+3070 521 2579 61 87 U+3082 1662 2284 97 98 U+306C 1176 2793 121 76 U+4ECB 302 1432 141 78 U+3093 858 1175 103 140 U+51FA 1363 2085 107 70 U+308C 1377 1773 66 106 U+8E0F 1518 2362 114 114 U+975E 501 747 81 95 U+6C99 320 2714 91 89 U+677F 1508 2740 141 124 U+3082 1345 1973 109 107 U+3092 1871 1355 114 118 U+3053 702 2209 47 56 U+306A 492 1506 93 102 U+3052 882 1083 88 93 U+5EFB 1846 2723 91 82 U+3061 1210 517 72 105 U+3044 2011 1476 109 80 U+3090 2037 1045 81 83 U+4E8C 2042 402 83 52 U+307E 1571 1241 39 89 U+306A 1698 1683 77 99 U+308B 322 1118 87 112 U+3081 1060 990 73 53 U+3055 715 748 55 75 U+3093 2030 1633 96 104 U+5175 308 1619 82 104 U+304A 857 2313 86 81 U+898B 868 2638 93 103 U+304A 1355 2316 90 81 U+306A 328 2297 79 104 U+304D 2013 2039 99 139 U+305F 1039 2126 62 108 U+305A 316 592 116 120 U+305B 691 1107 72 126 U+3090 1364 2703 90 72 U+60E3 1191 2358 99 102 U+304F 521 911 51 98 U+3066 861 2479 86 91 U+3042 857 403 102 109 U+3053 1896 1093 70 95 U+5927 1700 1206 96 89 U+4E16 291 1243 139 89 U+3092 487 2064 103 103 U+5B50 1868 1849 70 98 U+308A 1576 1334 45 89 U+305D 692 1483 72 109 U+306F 1710 2839 66 31 U+3058 1237 2457 38 150 U+3093 701 824 86 108 U+306F 506 1874 58 31 U+3089 1417 1186 32 85 U+3092 2028 1862 94 108 U+308B 1708 394 84 126 U+3088 1237 743 44 87 U+4E16 838 2753 116 64 U+305D 673 1937 87 133 U+3057 1087 831 32 154 U+3068 354 2526 31 95 U+3078 1833 2638 124 61 U+3082 880 2378 41 84 U+307E 2049 2647 36 100 U+3070 706 1599 66 79 U+3051 1053 2579 53 84 U+3057 716 2274 19 160 U+6C70 318 2792 113 83 U+3046 514 1921 39 70 U+3075 981 2669 141 100 U+5207 1023 2765 104 67 U+308A 1057 1131 76 91 U+307E 1069 1598 43 91 U+3055 713 1028 47 71 U+304B 332 957 87 71 U+3088 1069 1042 42 89 U+3068 1576 391 31 130 U+306B 885 2821 39 52 U+308D 1879 1235 88 124 U+3081 1200 2725 69 68 U+3088 889 1554 32 81 U+3057 716 2698 18 167 U+308A 1714 1787 58 105 U+3088 341 1850 38 103 U+3051 1866 2153 58 87 U+305F 2039 2136 48 81 U+3055 1386 1679 54 86 U+4E0A 1862 2547 59 82 U+3078 1005 2250 124 83 U+3088 1213 2653 40 72 U+3069 1393 1887 61 83 U+3056 1397 1290 72 95 U+306F 1065 735 52 99 U+3069 1403 847 73 106 U+3057 1400 2165 15 152 U+3089 531 1665 21 77 U+308B 1379 2772 78 105 U+3057 913 733 17 110 U+3068 537 2671 27 77 U+308B 714 1682 36 97 U+306F 857 1886 80 38 U+3089 348 2006 25 81 U+3055 2055 1392 39 74 U+3053 702 1852 41 72 U+306F 332 463 44 105 U+304B 488 2166 89 65 U+3057 1412 1514 20 148 U+3057 369 2397 17 122 U+3057 1249 829 19 120 U+305C 2033 1564 93 72 U+3046 1228 390 44 132 U+308A 1394 1394 56 123 U+3078 309 1046 111 58 U+308B 1078 1419 39 88 U+3053 1738 589 40 77 U+304C 521 1609 56 53 U+3059 703 2075 56 114 U+7533 1714 2643 43 98 U+3089 536 2477 26 103 U+3057 1586 678 13 196 U+3068 1082 1781 25 102 U+3082 507 2753 93 111 U+3089 1884 2809 28 68 U+3053 2044 1963 40 63 U+304F 1401 2383 38 107 U+3089 520 1988 35 95 U+3068 890 1923 35 129 U+306B 999 2804 35 58 U+307F 1079 681 31 43 U+309D 1082 1511 21 63 U+3057 1245 1483 13 162 U+309D 717 1782 23 61 U+304B 1087 1338 35 86 U+309D 1759 504 18 48 U+304B 339 1965 30 43 U+309D 1920 1193 27 45 U+309D 535 2208 32 46,200003076_00132_2
U+8CAC 292 1190 87 152 U+8A55 637 411 108 125 U+3066 2016 2486 84 84 U+306E 1157 640 115 85 U+306E 637 1832 126 93 U+306E 1171 1937 118 94 U+3064 295 2264 106 106 U+306B 686 2033 59 91 U+3092 463 1661 106 78 U+306E 829 1339 108 85 U+899A 288 900 99 146 U+306B 669 1608 60 97 U+5916 848 407 80 134 U+547D 1674 1060 137 144 U+5341 2032 678 68 79 U+3092 2011 1302 98 71 U+3066 1196 1831 80 96 U+4ECA 1151 401 148 122 U+624B 674 1896 71 133 U+3044 1519 1459 92 57 U+3092 1173 900 103 76 U+3065 1525 1527 107 106 U+82B1 664 2137 101 125 U+3092 1683 1982 102 64 U+304D 872 2755 84 113 U+306B 320 2049 70 86 U+3092 681 2594 116 91 U+306B 1868 1466 69 87 U+65E5 1377 999 54 84 U+4E5F 815 1845 123 76 U+304A 1691 2057 93 83 U+3092 479 2780 107 82 U+306B 1373 408 62 88 U+6B64 484 2137 86 85 U+662F 1704 1841 77 127 U+57CE 2007 499 124 111 U+304B 1174 1178 104 59 U+3042 859 2560 96 75 U+4E8B 1185 691 76 196 U+65B9 1029 952 70 118 U+3066 853 2236 85 114 U+306E 2018 944 90 79 U+306B 1710 2259 59 77 U+3044 1355 2596 106 89 U+540C 1028 1083 81 97 U+3044 1524 2072 103 69 U+4E8C 2018 622 94 43 U+66F8 785 735 121 123 U+306E 644 1338 98 81 U+306E 1347 2095 111 78 U+3066 648 795 83 92 U+4ED5 832 1441 97 101 U+306E 466 2332 142 91 U+308C 1878 2251 54 103 U+306F 1207 2641 76 39 U+3064 455 396 95 134 U+6368 1508 400 126 98 U+8A89 816 1199 132 135 U+3082 2044 1975 41 89 U+304A 1040 2481 89 68 U+4E00 298 1514 97 31 U+306B 2047 2283 55 71 U+3064 1182 1748 93 100 U+52E4 647 1226 106 106 U+5FC5 831 2375 134 75 U+4EBA 473 2017 142 115 U+4EBA 1998 841 141 120 U+65E5 1207 1085 48 71 U+5EA6 293 1626 114 146 U+4EBA 1493 741 144 122 U+306B 1380 1378 60 82 U+305A 1185 1390 113 82 U+5DDD 1698 2501 78 81 U+5224 637 556 99 116 U+306C 1356 1705 104 81 U+306A 1204 1596 85 79 U+79CB 650 1031 110 100 U+53D6 314 2157 85 95 U+305A 865 2458 103 90 U+4E21 660 1717 94 115 U+65E5 1207 561 51 69 U+306E 489 2534 94 67 U+304A 1522 1830 96 85 U+305F 1201 1227 55 81 U+306C 817 867 109 75 U+306F 822 563 98 47 U+4E0A 860 2054 68 82 U+91CE 654 905 93 99 U+662F 1534 942 80 136 U+3042 1693 1211 86 83 U+662F 477 1107 80 132 U+8005 1857 2370 92 103 U+96C6 1984 1614 119 140 U+7FBD 2018 2074 84 93 U+5C3D 1027 1779 84 127 U+3042 1700 811 99 79 U+91CE 1836 1223 95 118 U+662F 851 951 81 129 U+767A 1195 2146 83 120 U+306B 1710 2597 53 71 U+305D 1880 1761 53 77 U+3042 1845 810 85 84 U+5F15 285 1793 104 130 U+4E21 1009 832 98 111 U+4E16 834 1940 106 83 U+6DF5 479 2610 109 154 U+305F 661 1413 62 103 U+306F 306 1445 64 33 U+306F 478 1261 61 37 U+6C34 293 691 118 92 U+305A 293 573 102 96 U+7537 1870 407 68 134 U+3075 1666 2181 119 96 U+3042 1358 504 87 84 U+304D 1547 2740 62 122 U+3082 1548 854 53 76 U+306F 1191 1688 92 42 U+7D05 677 2352 94 106 U+5F8C 1870 2483 83 117 U+3081 2033 1767 63 50 U+8A93 1990 1042 125 148 U+6C99 1697 407 96 109 U+91CC 493 2232 71 110 U+8ACB 1031 2242 93 126 U+79CB 1693 1746 97 85 U+4E21 1869 1910 90 95 U+305A 1676 975 127 70 U+3072 1520 1980 100 98 U+3082 1687 701 85 99 U+3068 865 599 35 130 U+305A 1358 2757 107 89 U+304D 2034 1502 38 107 U+7E54 2020 2166 112 113 U+6C70 1697 515 79 96 U+7269 456 658 110 86 U+3065 1540 2145 97 115 U+306E 1376 1935 71 70 U+306B 1715 621 49 80 U+3066 312 1040 57 133 U+660E 1171 982 111 84 U+604B 471 2403 117 116 U+91CE 1696 1629 89 99 U+305D 1207 1490 51 95 U+306F 682 1143 54 37 U+305F 323 2481 73 122 U+306A 852 1545 94 79 U+3082 1045 2364 53 96 U+308A 482 979 79 118 U+8EAB 1688 2703 96 141 U+91D1 1855 2628 113 112 U+7D19 2013 1186 99 108 U+3092 1849 709 92 99 U+3057 1556 507 19 139 U+3079 1535 1183 90 100 U+3068 708 2245 33 87 U+662F 2027 1829 79 142 U+3081 1871 1852 67 49 U+308F 507 1753 40 95 U+3064 1999 1388 101 109 U+79CB 1848 1363 96 104 U+821F 288 1930 127 109 U+4E92 2052 2591 60 129 U+306A 1698 1392 83 72 U+308B 1004 531 84 118 U+3075 1318 2006 144 99 U+5229 1174 2035 106 113 U+6587 1173 2394 144 120 U+3075 1320 2470 138 105 U+540D 829 1099 95 122 U+3075 1498 2558 133 84 U+3057 1570 1299 17 146 U+307F 1331 1279 124 99 U+4EBA 1163 2277 157 129 U+3092 1015 1670 105 110 U+306B 1022 643 48 82 U+3051 1000 412 89 113 U+3076 1677 1312 111 77 U+3076 1806 547 130 74 U+3057 277 410 93 87 U+50BE 2019 410 91 87 U+306F 1382 1095 52 93 U+4E00 1345 895 105 32 U+6210 1524 1080 112 103 U+3075 1006 2564 115 66 U+702C 459 1538 106 111 U+8D77 1031 2111 83 114 U+3081 661 1516 67 83 U+308B 458 527 88 113 U+308D 1021 1528 98 142 U+306D 1354 687 87 103 U+3092 1529 2337 96 105 U+308C 1537 1595 52 131 U+4E09 2029 766 76 71 U+3051 1385 2377 57 87 U+3082 991 725 106 106 U+304D 336 2380 38 93 U+304A 1535 2437 96 68 U+3053 1039 1382 65 94 U+306F 1395 2657 48 88 U+305F 1058 2626 44 83 U+3072 1853 1670 87 91 U+3064 1174 2528 105 55 U+3057 1063 1178 16 167 U+3057 1240 2691 15 173 U+3072 1360 1616 95 94 U+3092 1527 1725 98 103 U+3042 459 1308 94 118 U+3092 1358 2290 110 98 U+308B 482 1939 96 112 U+306B 2065 2732 27 127 U+3089 317 495 38 76 U+3044 466 839 95 69 U+3072 1852 1123 84 87 U+3068 505 737 31 100 U+3057 1732 1474 13 140 U+308A 1862 614 53 96 U+3068 887 2143 29 87 U+3059 1890 2148 36 106 U+307E 1567 2638 39 68 U+3082 1565 2484 38 75 U+8449 694 2457 86 124 U+8A60 665 2718 159 113 U+3089 1735 889 28 75 U+9280 1856 2750 100 98 U+7530 1701 2439 76 60 U+3055 1395 1189 44 85 U+3082 1546 1902 47 78 U+305F 493 1849 51 86 U+800C 310 1356 55 60 U+307E 331 2608 77 82 U+3055 487 1428 44 106 U+3042 1859 1560 82 98 U+5FC3 288 822 110 38 U+751F 1684 2347 86 83 U+3042 1355 1470 102 137 U+308A 1057 2716 53 83 U+3057 883 1619 16 202 U+3089 1223 1312 23 74 U+305D 1850 1005 64 111 U+5F10 1527 652 82 95 U+3057 1066 1914 13 166 U+3078 463 913 111 55 U+3057 908 2626 13 143 U+304B 352 2747 33 47 U+5642 1346 2175 107 111 U+3078 310 2699 120 54 U+3082 1719 2107 38 73 U+3070 1381 782 52 96 U+65B9 1863 2017 81 122 U+3089 1873 891 45 119 U+308C 1546 2211 48 121 U+3089 1391 587 38 105 U+3057 2076 2364 14 153 U+3081 710 2822 62 53 U+304D 1388 1798 47 114 U+306F 1881 2605 57 35 U+309F 1077 2779 51 89 U+304B 1238 2582 26 36 U+3057 680 646 24 145 U+309D 1056 1476 37 57 U+3058 1591 2704 32 82 U+306E 1814 2822 64 44 seg_fp 1077 2836 36 33,200003076_00134_2
U+4ECA 869 469 146 122 U+3092 568 2031 112 82 U+306B 909 607 69 97 U+3092 572 947 96 79 U+306F 414 2344 77 45 U+306B 918 1156 61 93 U+5929 233 574 118 113 U+8868 577 2128 94 148 U+3044 1418 2384 108 64 U+3042 1231 474 94 95 U+306B 1436 625 73 80 U+3082 268 1118 54 103 U+306B 1624 1249 75 95 U+3064 1439 1903 90 106 U+306B 102 585 51 94 U+306B 421 1314 76 101 U+306E 1425 1261 94 89 U+76EE 252 707 64 99 U+306E 231 1367 98 87 U+306B 746 1613 65 92 U+306E 882 922 99 94 U+306E 874 2738 121 91 U+3066 97 2019 67 110 U+592A 1076 1899 61 91 U+306E 1058 850 102 94 U+3064 1425 1527 96 109 U+306E 401 843 108 103 U+306B 761 2243 65 85 U+5165 206 448 157 94 U+3064 1229 595 91 98 U+6577 579 792 90 138 U+884C 419 2646 82 115 U+304A 1607 1342 102 83 U+592B 1600 2200 124 97 U+306B 1085 2560 67 91 U+3066 713 2453 110 90 U+3080 1791 1382 100 90 U+304D 1642 894 45 105 U+6C34 239 845 104 101 U+3042 102 1798 82 93 U+306B 1642 2414 64 79 U+6B64 1062 1809 88 84 U+5EA7 578 668 81 125 U+308A 721 1465 101 142 U+6709 427 943 64 128 U+3064 1620 2715 89 106 U+96EA 906 2016 71 131 U+3066 571 1270 65 103 U+306E 880 2152 116 87 U+7269 571 1521 98 97 U+8336 423 1905 72 148 U+767A 1059 1673 93 133 U+4E8C 578 458 94 50 U+308D 98 1230 78 99 U+4ED8 261 1604 73 99 U+306B 930 2484 61 86 U+6368 234 1980 128 115 U+5229 1045 1561 99 120 U+53E3 931 2854 72 67 U+767D 586 1796 67 88 U+93E1 892 1020 99 126 U+3066 1265 1917 46 113 U+5E2F 1260 1622 68 160 U+83D3 411 2074 83 149 U+306C 1419 2605 109 71 U+3082 293 2841 54 89 U+308A 97 1890 80 124 U+3066 560 2492 98 75 U+76EE 1457 1168 63 91 U+306E 255 2112 83 79 U+5176 1790 805 79 170 U+3054 1082 1325 70 59 U+592B 1034 1998 135 110 U+306B 590 1622 57 88 U+671D 889 2244 116 123 U+5BA2 737 2112 98 120 U+3044 1231 1869 112 78 U+98A8 1066 2116 104 110 U+592A 1635 2098 63 100 U+7FA9 1058 2231 105 118 U+306E 404 2534 99 93 U+592B 707 1163 136 102 U+9AEA 1064 682 108 154 U+307E 745 1246 50 118 U+61F8 561 1388 111 126 U+5BDD 1250 2035 113 131 U+5C61 80 1479 101 130 U+9AD8 1632 1005 60 126 U+6240 1230 1150 96 95 U+61F8 1622 1578 103 137 U+4ECB 714 1893 139 96 U+7269 1063 1213 97 106 U+6A58 245 1233 112 118 U+4E0A 1578 576 132 82 U+308A 1251 1348 75 147 U+6A4B 1610 1135 94 110 U+58F7 902 2573 105 157 U+96EA 1779 1250 106 128 U+4E8B 907 1468 69 186 U+304D 1462 1992 42 94 U+77F3 1610 469 88 111 U+4F8D 399 1652 94 120 U+3046 437 1179 33 123 U+968E 576 535 115 112 U+306A 1636 2580 84 72 U+306E 745 2866 113 74 U+308C 1456 2502 48 97 U+3066 728 685 78 92 U+4E4B 756 1797 56 94 U+304D 285 2490 43 91 U+3066 1060 2806 100 132 U+308C 597 2713 56 91 U+306F 1628 2660 76 41 U+3092 567 2580 115 68 U+4E0A 757 791 67 70 U+3042 1232 1249 97 104 U+306E 727 962 97 94 U+3057 1829 1523 20 204 U+3089 1089 567 46 97 U+304A 89 926 87 112 U+304B 1092 477 45 88 U+9854 1422 493 98 121 U+304D 435 669 48 106 U+306F 1801 1207 72 40 U+5B50 427 2245 72 79 U+3072 1618 1496 95 100 U+521D 900 1898 104 99 U+5F71 1780 1080 100 123 U+3042 1445 723 67 105 U+3066 87 845 74 84 U+6B21 103 2711 86 72 U+96DB 391 2402 112 126 U+3048 414 1528 67 103 U+3066 1233 677 83 100 U+592A 747 1061 60 85 U+3044 1429 825 94 95 U+308B 903 1368 85 126 U+304B 572 1050 99 58 U+304D 1464 920 41 81 U+7D50 1062 945 92 107 U+6B63 713 2034 118 62 U+3082 1419 2291 83 87 U+5177 572 2280 94 126 U+4E16 719 1713 103 81 U+3076 1029 1066 137 71 U+308A 127 2482 51 98 U+59FF 1617 2306 100 101 U+9762 1793 982 93 95 U+7D19 575 1889 110 118 U+3092 1060 2361 106 72 U+306B 433 2889 68 59 U+4ED8 1076 2676 81 116 U+80FD 1434 2695 76 124 U+3088 1272 990 43 88 U+8170 1433 1795 99 113 U+3064 234 1717 101 78 U+308B 415 1770 87 130 U+306F 583 1717 63 52 U+5FC3 407 778 121 64 U+3044 1232 1084 99 68 U+9053 247 2597 110 120 U+90CE 910 793 63 118 U+3068 1277 1500 30 114 U+4FC4 905 2378 107 114 U+7D0B 248 1492 123 107 U+308A 767 584 46 109 U+3058 769 1356 39 99 U+306F 1446 1342 45 89 U+3060 1276 892 82 90 U+4E07 1048 2448 114 97 U+307F 376 1430 137 102 U+3072 247 1888 99 87 U+65B0 251 2201 89 126 U+306F 1460 2434 40 67 U+3088 1454 1616 39 81 U+3051 593 2811 61 51 U+7FFB 241 990 135 128 U+3075 531 1187 127 97 U+304F 1450 1698 42 82 U+3075 425 458 60 136 U+624B 113 2261 60 121 U+3046 1459 1080 30 92 U+6240 1411 2833 109 87 U+3055 433 1086 49 91 U+65B9 740 2788 86 95 U+3084 1435 1006 98 77 U+52DD 104 2151 101 117 U+3055 1642 1719 47 63 U+308B 1634 752 68 141 U+3066 1617 2812 99 110 U+3066 1254 2877 99 72 U+5973 850 718 141 77 U+308A 1460 1429 51 94 U+3082 1647 1401 39 88 U+6240 86 453 91 103 U+5177 254 2723 103 124 U+308A 1086 1133 55 78 U+304B 1813 1470 42 52 U+3075 1197 2655 137 99 U+305D 1644 2498 43 80 U+4EBA 1213 2229 152 110 U+6797 732 876 104 95 U+304D 753 468 56 112 U+308A 114 766 43 98 U+3046 1457 2189 32 98 U+3075 1606 669 103 89 U+304B 610 2647 35 68 U+3059 929 1260 43 107 U+306A 1620 1901 101 88 U+306A 1260 2743 66 69 U+3057 131 1309 18 159 U+306C 1219 2510 129 80 U+9580 757 2729 61 51 U+306F 595 2905 76 38 U+3068 1277 1781 40 87 U+3088 124 2391 36 90 U+308B 1646 1783 38 69 U+53F3 763 2666 57 62 U+3088 103 693 40 71 U+306F 1632 1857 60 51 U+5668 401 2796 117 95 U+3053 601 1115 31 63 U+559C 733 2615 109 71 U+90CE 114 2779 66 122 U+3057 133 1607 15 188 U+3057 1088 1390 23 169 U+3057 790 2335 15 140 U+305F 1273 2156 57 75 U+305D 1274 2576 47 78 U+307E 1279 774 35 111 U+3075 1210 2807 131 90 U+304C 102 2877 45 48 U+305E 919 1636 76 114 U+304B 441 591 32 80 U+4E45 99 2606 124 111 U+8A9E 1239 2330 97 101 U+3069 1468 2096 70 88 U+304B 934 1762 38 63 seg_fp 764 2558 51 57 U+308B 601 2861 46 49 U+304B 278 1793 40 86 U+3082 108 1017 49 94 U+3057 1658 1965 14 120 U+3057 618 2397 19 140 U+3057 301 2308 11 167 U+308A 1273 2417 33 91 seg_fp 113 2601 50 49 U+3057 132 1105 14 109,200003076_00138_1
U+91D1 1248 1772 141 131 U+4ECA 566 1428 137 124 U+3066 410 1610 101 114 U+306E 1602 614 117 102 U+3044 267 2256 103 71 U+306E 1244 963 105 94 U+306B 1101 782 65 100 U+306B 1281 1379 60 97 U+4E2D 1084 2509 79 113 U+4E8B 273 1985 85 153 U+8ACB 577 1158 106 146 U+3092 1811 2318 114 80 U+3064 1456 2427 81 115 U+90CE 126 1858 64 137 U+3082 1660 1780 44 97 U+3082 146 2256 45 91 U+306E 109 1157 92 92 U+306B 772 1494 69 91 U+306B 1469 2532 58 77 U+3066 1817 628 77 113 U+306B 763 763 71 100 U+3082 448 837 46 101 U+4E16 1232 1481 139 86 U+306E 580 1668 111 97 U+3067 1073 2626 97 87 U+6709 307 2781 64 127 U+5229 1626 1537 97 128 U+3064 275 2336 86 105 U+53F6 444 2572 99 101 U+5343 1623 1295 95 107 U+3092 431 1893 105 81 U+624B 1853 2799 64 112 U+304F 141 1660 33 104 U+3084 1432 1670 109 68 U+79BF 438 1740 103 142 U+4F11 1630 1670 107 116 U+4E38 599 801 85 101 U+306E 1806 974 110 88 U+3067 423 443 82 120 U+3066 281 769 46 118 U+304F 448 733 49 106 U+92AD 1257 1914 131 121 U+524D 1654 474 75 138 U+4E8B 125 1205 83 218 U+306E 1060 578 114 93 U+61F8 1821 474 108 144 U+3084 728 1365 134 63 U+3066 905 2593 105 88 U+6642 1815 880 114 91 U+662F 1830 2174 77 133 U+3066 616 2685 72 97 U+898B 256 1878 98 112 U+306E 265 2441 102 92 U+3059 1081 894 94 92 U+8107 928 1892 104 100 U+4E21 1098 479 83 98 U+72B6 587 2799 129 120 U+76EE 608 1560 65 101 U+6253 748 1599 102 103 U+540C 436 947 81 96 U+53C8 243 2668 160 118 U+4E59 1836 1556 82 57 U+9152 1464 2255 85 100 U+98A8 1825 1058 106 113 U+3044 1460 2362 76 59 U+3066 607 1297 57 125 U+8DE1 1442 1495 116 100 U+7269 449 2795 104 105 U+7591 1454 487 104 124 U+306B 603 1076 66 81 U+3044 1815 2397 102 75 U+3066 1277 2841 94 80 U+521D 911 1197 107 107 U+308C 1671 2550 57 98 U+3082 124 2002 56 102 U+306F 1468 1610 63 40 U+6253 1264 2617 105 105 U+5929 1818 1310 107 84 U+3084 1072 1934 118 74 U+3082 948 2152 46 101 U+9280 1252 2049 122 128 U+308C 773 463 52 134 U+5BA2 102 2117 117 130 U+6B64 1082 2428 89 82 U+660E 1274 2720 94 116 U+5176 281 1702 64 165 U+592B 1065 1558 131 114 U+7B11 122 1424 92 113 U+3089 1676 2465 52 87 U+60C5 1813 1176 102 122 U+6B64 1643 1887 85 82 U+6A4B 749 1029 105 104 U+3044 580 1961 103 68 U+304B 914 2007 103 56 U+3055 294 2147 49 92 U+6240 900 742 100 98 U+306A 1829 1903 73 94 U+9154 1252 841 118 115 U+5FC3 913 1313 117 61 U+308C 1461 612 70 118 U+4E8B 431 1205 82 183 U+3082 577 2288 100 96 U+308C 263 1437 91 138 U+4E16 261 2521 107 76 U+91CE 1615 1408 111 119 U+304F 609 2177 57 102 U+3064 1456 1737 80 94 U+3072 1085 1069 97 101 U+624B 1101 640 72 130 U+6D25 1818 1401 98 149 U+4E4B 1285 1571 73 99 U+306E 1817 1694 96 96 U+308C 1281 1245 52 123 U+9AD8 765 874 69 141 U+6234 422 581 114 153 U+3082 760 2106 80 89 U+308A 1301 2531 52 103 U+3067 592 1875 84 83 U+3092 253 894 110 81 U+307B 1632 817 83 94 U+3089 1113 2009 45 83 U+6234 1080 1679 111 135 U+5176 1837 739 75 144 U+524D 595 1762 86 120 U+306E 151 2677 70 65 U+306C 432 2683 111 81 U+3079 116 465 84 101 U+7533 295 1206 45 138 U+306C 903 642 103 80 U+8D64 933 2262 79 129 U+3057 1630 721 80 77 U+7533 468 1507 35 104 U+3066 1479 1367 38 117 U+3046 1116 2089 29 114 U+3066 1454 1917 66 91 U+3089 944 2796 57 115 U+308B 1461 847 80 130 U+3075 1803 2469 120 93 U+7A0B 115 1040 95 122 U+4E71 1455 2015 106 132 U+6234 1086 2757 122 154 U+4ECB 1243 1670 145 87 U+547C 428 1989 108 115 U+3072 769 1826 82 93 U+3044 754 1926 115 72 U+5185 603 2389 77 112 U+3050 1294 549 63 100 U+65E5 150 2826 54 79 U+306A 1098 1165 84 93 U+304E 1449 1270 120 130 U+4F8D 1454 738 94 113 U+306F 1478 2673 58 55 U+307E 795 2428 44 93 U+3079 1837 2555 93 92 U+3066 471 2458 38 110 U+3051 280 976 58 113 U+306A 1284 469 71 87 U+305E 928 838 87 104 U+90CE 934 1713 73 123 U+4EBA 1616 1958 151 114 U+304B 1437 2626 119 60 U+308C 1655 2241 67 102 U+304B 1645 2775 115 64 U+307E 1285 1034 47 121 U+3093 136 2584 94 113 U+5973 95 1780 101 70 U+306F 940 1850 58 39 U+3044 1077 2284 93 61 U+592A 1095 1452 73 106 U+53D6 275 682 93 85 U+3057 754 1137 99 84 U+3042 587 451 92 102 U+306B 1657 2036 55 92 U+3070 793 2798 60 84 U+3089 956 2054 40 98 U+7B11 764 1711 85 108 U+3059 748 2523 101 97 U+306E 1472 2876 78 57 U+306F 1112 2721 58 36 U+3051 1113 1819 52 105 U+8A3C 590 2503 115 113 U+306B 765 2850 40 71 U+3075 407 2372 136 104 U+7D19 1267 2302 123 108 U+305B 430 2188 96 81 U+9762 934 2394 84 94 U+305D 796 2707 54 86 U+3068 1699 2812 31 112 U+6234 739 2198 131 143 U+66FF 1649 2360 74 104 U+3090 942 2694 85 100 U+3068 302 1088 30 106 U+306B 793 2028 42 75 U+304B 314 2610 38 39 U+3059 1491 1163 46 101 U+76C6 578 910 100 150 U+304B 124 2358 83 61 U+306A 929 1401 80 107 U+3057 628 627 16 153 U+5973 1789 1622 135 69 U+3066 1458 2802 95 80 U+92AD 1258 2183 126 121 U+308A 633 548 43 91 U+3059 143 777 40 125 U+3089 1116 1346 43 100 U+3055 1660 1180 43 97 U+308B 117 911 70 127 U+308B 921 1522 88 132 U+3057 467 1035 15 164 U+3055 285 1352 50 76 U+3093 136 2416 94 114 U+3057 308 1544 16 158 U+307F 1213 742 144 93 U+751F 1654 2123 60 119 U+304E 1293 1160 62 85 U+59B9 1782 1799 150 84 U+306A 468 2277 75 91 U+308A 1505 2726 47 92 U+305F 611 2020 55 77 U+305F 158 2512 47 74 U+304B 785 1435 39 52 U+304B 947 942 43 61 U+3068 810 2606 30 91 U+304D 802 2344 30 78 U+309E 628 2096 48 67 U+304B 910 474 100 74 U+3068 795 1219 32 118 U+3068 1124 2196 35 87 U+4E00 142 2775 69 19 U+3075 1057 2351 114 80 U+3057 149 583 13 173 U+3084 269 583 91 73 U+3069 1857 1997 47 106 U+3068 472 1402 31 98 U+5165 1213 2407 200 100 U+306B 628 2613 40 72 U+304C 1122 1265 62 84 U+308C 1479 2143 48 103 U+304F 1108 980 48 87 U+3057 795 595 14 162 U+3057 1871 2657 14 154 U+3057 149 1526 13 140 U+3089 1670 913 26 86 U+3057 1690 2648 14 125 U+3055 1296 655 43 79 U+3057 959 1001 16 176 U+5973 864 1644 149 76 U+3057 976 2481 17 145 U+3088 480 2101 31 77 U+308C 935 515 46 119 U+3058 303 451 43 134 U+3057 1671 996 25 189 U+309D 1857 2110 24 48 U+3088 1301 2447 30 85 U+304B 804 1968 27 63 seg_fp 1491 1057 39 91 U+3057 1483 1786 25 128,200003076_00139_1
U+306B 1841 947 64 94 U+4E2D 1442 1450 95 126 U+753A 1639 2446 97 97 U+3092 576 780 108 74 U+304B 1811 2013 103 76 U+4E03 1253 612 106 69 U+306B 109 1654 61 99 U+3092 753 463 101 88 U+516B 1632 856 118 60 U+3066 1836 1161 57 131 U+3092 1083 2066 110 87 U+3092 229 851 105 81 U+306E 739 1597 105 94 U+306B 609 2281 62 101 U+3066 401 1929 82 114 U+306E 1442 2041 133 91 U+4E0B 1828 1308 76 96 U+5BC4 1462 2125 86 127 U+306E 1627 1285 105 85 U+624B 1278 1268 68 122 U+4E8B 1460 1123 66 178 U+6587 1622 936 125 126 U+306B 1287 1097 65 89 U+306B 421 1343 66 94 U+306F 600 1734 57 43 U+304B 1082 2437 106 69 U+306E 1630 2556 101 88 U+306B 1832 2819 77 102 U+306E 1438 1577 109 88 U+706F 575 1966 105 140 U+4ECF 401 1172 108 148 U+5C0F 96 1868 92 91 U+3066 1644 750 64 95 U+306E 1073 2826 106 95 U+4EBA 1797 2456 144 144 U+3070 757 934 87 45 U+4E8C 1088 467 89 58 U+3059 238 1054 96 100 U+3084 1455 476 117 76 U+3092 1078 1485 100 70 U+304B 580 469 100 62 U+5B57 1655 1047 68 137 U+51FA 762 747 104 82 U+3092 1803 1559 111 87 U+5207 1246 1406 108 73 U+3059 731 2312 110 123 U+306B 943 464 69 71 U+53D6 239 736 101 95 U+4E5D 1823 2374 95 72 U+3042 1639 1648 94 86 U+306B 1658 1558 59 89 U+5B57 263 1413 77 134 U+306A 589 544 90 81 U+305B 728 849 108 65 U+5C4B 428 2598 102 106 U+5E2F 1835 1419 60 141 U+3070 283 2529 82 45 U+53C8 719 2450 156 105 U+5DFE 429 1534 62 151 U+7B92 1279 912 90 170 U+5408 1416 2265 154 107 U+3082 1812 1653 75 105 U+4E09 763 1353 86 82 U+6210 1821 1046 102 112 U+3059 1085 1806 101 104 U+5927 93 1766 92 87 U+662F 1109 1917 81 137 U+4E38 270 2601 97 94 U+51FA 592 876 93 93 U+9ED2 1067 977 112 110 U+3055 1861 471 52 77 U+3092 746 1992 113 85 U+672B 254 1849 95 122 U+3066 1469 639 71 101 U+793E 742 1473 103 125 U+305A 1819 1896 105 97 U+306A 1664 465 63 85 U+5C4B 412 894 93 103 U+6587 227 1292 116 121 U+308A 780 1222 55 111 U+4E8C 1632 1374 95 53 U+516B 225 1187 114 65 U+51FA 244 945 100 80 U+4E38 420 791 95 100 U+306E 1269 2876 84 59 U+61F8 581 1807 106 136 U+9152 1075 1364 93 108 U+8358 910 1876 108 133 U+3082 1448 2469 84 116 U+5E72 119 2578 64 117 U+3080 1263 1608 103 93 U+62DD 773 2102 89 104 U+96A3 752 978 98 157 U+3066 1629 1872 79 90 U+51FA 1266 2400 103 80 U+5BA3 753 1842 79 121 U+308C 1834 2057 51 143 U+306B 130 2847 61 88 U+306E 1457 1969 71 79 U+304B 1821 1772 81 65 U+306A 1650 2645 72 89 U+3059 578 1001 99 106 U+6709 1460 2597 65 110 U+8A6B 742 1718 120 109 U+69CC 578 636 106 113 U+74F6 227 603 131 112 U+3055 1661 1980 57 74 U+70AE 924 2303 114 102 U+898B 1077 2166 118 145 U+3066 95 2205 80 101 U+308A 281 1752 48 96 U+51FA 410 2050 107 88 U+5C0F 929 1037 86 79 U+3073 1645 663 113 93 U+51FA 1092 1705 98 77 U+306F 428 2555 72 35 U+7F8E 1082 1232 77 126 U+3092 1652 2818 103 109 U+308A 953 771 47 106 U+3066 1279 1482 54 115 U+304C 1449 1008 125 76 U+662F 1826 2213 92 128 U+306F 1115 2676 59 41 U+6307 1064 1578 115 118 U+7740 410 1707 85 137 U+3070 1654 2250 66 108 U+706B 600 2415 87 105 U+306B 948 2541 63 101 U+51FA 119 2323 86 69 U+304B 416 2368 103 70 U+5C4B 277 2702 92 100 U+968E 1088 558 111 115 U+5927 1083 862 115 88 U+306F 947 2248 52 41 U+968E 1637 1444 103 107 U+3078 1454 2710 82 95 U+4EAC 1451 1317 96 127 U+308A 1117 762 51 97 U+61F8 922 880 103 134 U+91E3 930 2651 95 103 U+7B11 1461 754 98 104 U+70D9 933 2419 99 106 U+9AEA 1829 798 93 142 U+3089 445 1083 34 84 U+3066 1105 2291 51 118 U+3070 1277 2565 56 92 U+3070 940 1762 52 90 U+3070 423 2237 69 102 U+304B 398 1017 99 70 U+305B 401 1845 96 75 U+5C4B 1268 2771 87 97 U+3064 1263 2245 84 108 U+305B 96 2410 86 68 U+91E3 241 467 93 109 U+3080 586 1616 96 106 U+305B 91 2127 88 78 U+7B4B 1821 2683 94 121 U+3082 1476 1872 56 95 U+898B 913 1260 83 122 U+6ADA 1269 809 102 109 U+305B 1257 2491 88 68 U+4E00 1639 2384 84 22 U+308A 459 2812 54 113 U+3044 915 594 94 74 U+9BDB 909 1133 109 116 U+5DE6 943 1984 60 91 U+90A3 261 1982 95 90 U+3080 758 2559 97 98 U+5F25 1262 472 108 112 U+628A 83 883 107 126 U+84CB 581 2115 114 156 U+5C4B 1092 2723 92 97 U+3072 758 2732 106 89 U+6642 566 1276 106 115 U+6075 1091 1095 103 126 seg_fp 1259 700 124 109 U+305B 409 2145 87 85 U+3088 951 680 38 88 U+4F5C 757 557 100 100 U+623F 96 605 62 156 U+725B 104 459 67 131 U+732B 80 1532 106 108 U+305B 89 1129 76 76 U+307F 215 2205 139 93 U+982D 402 1455 97 103 U+306B 307 2814 31 136 U+3088 776 1135 38 85 U+308C 924 1617 74 145 U+307E 784 2209 45 98 U+3052 1465 1753 82 109 U+61F8 96 1217 80 156 U+307F 394 457 122 100 U+677F 258 2074 106 123 U+308B 419 663 86 120 U+308A 781 656 48 92 U+3066 601 2829 87 104 U+308A 1296 1994 47 104 U+56DB 1257 1208 103 51 U+5176 595 1093 67 168 U+3088 1113 679 34 82 U+304D 1843 661 67 117 U+6307 82 1998 94 119 U+308A 789 2860 55 99 U+4E38 1268 2675 95 98 U+9580 918 2164 106 66 U+5C4B 1644 1180 89 101 U+4E00 1820 2616 84 30 U+3053 1286 1839 48 64 U+3070 1856 563 66 103 U+3070 132 2482 50 68 U+3057 1131 2494 17 158 U+4E00 99 796 66 25 U+5C4B 253 1553 94 106 U+9BAD 114 2703 104 136 U+3042 598 1409 67 83 U+306F 1649 2080 69 46 U+305B 925 1384 71 123 U+308B 97 1377 70 132 U+9AED 917 2756 108 94 U+3068 620 2541 61 61 U+308A 1672 2737 50 102 U+308A 1660 1783 53 92 U+885B 930 2075 94 99 U+308C 275 2392 66 128 U+3088 279 1658 35 96 U+3051 915 1492 107 115 U+306B 1290 2105 55 75 U+3052 1654 2127 84 119 U+3055 1468 2388 45 77 U+3082 635 2604 44 94 U+3057 1488 2801 17 143 U+3088 450 2723 51 81 U+3081 1481 581 56 57 U+305B 429 557 64 99 U+3075 542 1504 134 111 U+305D 1477 1651 42 95 U+3089 1675 552 39 115 U+3057 1305 1697 14 139 seg_fp 1481 1074 37 49 U+3057 459 2405 17 141 U+307F 119 1031 34 92 U+3088 1280 1918 55 69 seg_fp 923 2830 110 79 U+3059 298 2289 36 95 U+304C 1660 1730 58 58 U+3057 1495 853 11 157 U+3068 1299 2305 29 96 U+3088 796 2788 35 73 U+309D 1857 1833 22 55 U+3088 1292 2173 39 72 U+3057 650 2698 23 114 U+304B 955 551 32 47 U+304B 791 2654 35 78,200003076_00142_1
U+3059 1818 937 109 119 U+306B 956 1463 75 92 U+304F 474 1594 51 87 U+306B 1292 718 64 81 U+884C 633 2263 96 113 U+3092 1660 1298 102 66 U+306B 1670 682 65 89 U+90CE 1683 2234 73 133 U+305A 755 1045 102 87 U+3066 119 1570 88 91 U+3092 111 1296 108 86 U+306B 1678 981 62 81 U+77F3 282 1301 100 111 U+9732 1651 528 96 128 U+3092 610 1777 110 75 U+51FA 1283 520 93 82 U+306E 1475 2134 96 69 U+4EBA 1428 1296 160 119 U+304A 915 1087 116 91 U+795E 1281 1149 104 132 U+306E 967 2215 76 67 U+4F1D 907 507 107 145 U+4E8C 1833 1373 110 59 U+4E57 1479 1744 93 122 U+306E 1110 2136 100 82 U+306B 1321 2173 49 89 U+306E 1120 2847 111 91 U+591C 1100 675 79 119 U+3066 119 515 64 98 U+6B64 295 2099 98 90 U+7ACB 1284 616 81 86 U+306E 445 1822 106 79 U+5341 1842 1449 74 88 U+5C61 463 2625 116 122 U+5973 1641 2155 133 66 U+3055 1849 823 58 96 U+306B 1107 1186 84 76 U+306E 1270 1060 100 81 U+6761 952 1641 77 121 U+306E 1463 904 97 89 U+306E 1638 1567 114 83 U+6709 1308 2275 62 109 U+3066 1302 1998 63 86 U+898B 125 1388 85 111 U+306E 1101 1789 106 82 U+767E 1819 1252 120 102 U+6D25 1105 1659 102 118 U+90FD 565 1231 143 124 U+306F 781 1566 72 44 U+306C 1641 1377 123 73 U+4F55 125 2251 101 100 U+4E21 1657 1081 87 93 U+3064 792 1927 86 112 U+884C 1106 1282 81 109 U+3066 590 705 73 79 U+6E05 965 2282 93 117 U+3066 275 818 86 93 U+9AD8 1684 1829 63 126 U+306B 308 1197 60 82 U+7ACB 647 2625 86 111 U+65E5 1113 951 50 75 U+3064 1293 1643 89 94 U+306E 425 1253 106 76 U+304B 424 521 95 69 U+6238 790 2386 93 120 U+80A9 1449 1424 95 148 U+4E8B 480 1876 72 166 U+8449 1457 513 106 127 U+9053 297 2283 104 90 U+4E09 951 1571 90 68 U+8896 1657 1189 105 92 U+306F 150 2192 60 40 U+592A 1494 2211 60 88 U+96C4 1668 1957 96 124 U+308C 1676 1449 53 106 U+76DB 1685 2364 81 130 U+3084 99 648 104 57 U+967D 1275 929 106 122 U+6E05 309 2567 93 124 U+3092 1687 2498 94 85 U+9670 1276 804 93 116 U+6642 1646 771 123 98 U+624B 914 645 64 128 U+306B 454 981 54 93 U+3092 293 1567 108 111 U+3066 285 636 63 95 U+5927 1476 1651 104 89 U+65C5 1467 978 112 138 U+6240 925 1373 103 85 U+676F 1836 1072 93 117 U+5B87 1122 1521 63 143 U+306E 1455 1568 109 70 U+305B 119 1496 84 66 U+3070 1124 1405 61 99 U+306B 339 2759 56 68 U+3065 626 2033 89 101 U+3067 807 2483 78 82 U+9F3B 289 947 89 131 U+4E16 1274 2106 126 64 U+3057 1487 2778 91 73 U+306E 928 1906 126 78 U+3082 1271 1288 86 90 U+3082 753 739 84 94 U+306B 1134 2049 59 79 U+304B 1456 662 104 60 U+307E 295 526 45 106 U+516D 965 2409 97 69 U+547D 112 2832 135 142 U+676F 626 1647 84 113 U+604B 443 1340 98 101 U+7A0B 132 2378 94 105 U+5C0F 801 2643 102 83 U+7D05 1701 2867 95 82 U+3064 119 717 70 101 U+901A 939 1766 125 127 U+3086 129 1843 100 81 U+96E8 1657 874 92 89 U+7269 1472 1876 111 93 U+3075 103 2742 127 93 U+3046 1321 1545 34 87 U+306A 645 2391 74 90 U+516D 306 2699 107 75 U+7537 1109 524 62 122 U+6771 461 1096 61 150 U+9781 1475 2307 121 111 U+4E80 950 1951 98 152 U+59FF 108 1146 91 118 U+3053 161 1769 48 52 U+6301 1466 2419 115 112 U+3072 1294 1917 92 92 U+5CF6 1118 2508 110 118 U+306E 1291 2491 96 79 U+516B 1480 1244 97 45 U+306D 1469 803 104 106 U+306E 577 789 97 90 U+4EAC 465 1698 90 122 U+3075 557 607 124 101 U+308C 490 2294 48 102 U+4E57 963 2483 99 112 U+898B 1693 2567 71 97 U+306C 436 776 101 77 U+8FBA 1106 1921 111 116 U+3078 597 1391 120 45 U+3055 166 2110 39 69 U+6C5F 806 2315 99 89 U+3051 1319 2641 51 114 U+66FF 788 1629 70 106 U+3092 476 2120 94 97 U+304C 886 792 107 54 U+7D66 1298 1794 86 120 U+304C 1699 2101 60 51 U+8863 1471 1129 95 104 U+7D30 303 2193 103 90 U+91CC 1846 1551 73 97 U+3069 676 2484 61 120 U+3075 271 1992 121 101 U+305A 789 1830 96 101 U+308B 117 1016 74 126 U+305F 460 584 40 81 U+3042 756 845 91 94 U+7D19 286 1089 105 107 U+308A 1123 859 38 90 U+958B 1669 1643 89 104 U+307C 1122 2223 86 99 U+306F 823 2591 47 31 U+3053 793 1358 42 44 U+308A 472 667 41 102 U+305F 1521 2854 47 51 U+3042 607 512 71 91 U+308A 658 2166 47 92 U+61F8 981 2590 100 130 U+9732 135 2504 82 92 U+308B 1520 2905 46 52 U+5C71 1673 1750 87 76 U+3081 323 1852 63 48 U+308A 1325 1716 49 78 U+3080 796 2109 90 89 U+306A 921 868 61 94 U+308D 746 1252 104 103 U+3084 1072 805 118 54 U+3084 286 1757 117 77 U+3057 1294 2770 88 87 U+308A 633 1120 42 94 U+305D 158 1661 42 86 U+3084 569 877 118 77 U+306F 1848 1207 72 39 U+3044 137 2679 84 58 U+308A 1019 2837 43 107 U+306E 1251 1389 114 80 U+308A 1335 2853 50 94 U+3042 331 2838 52 62 U+305F 131 928 40 79 U+5C71 1118 1849 94 69 U+3093 1702 2659 98 107 U+3084 1061 1042 128 60 U+805E 445 863 89 111 U+308C 123 777 45 138 U+308A 1132 1096 30 81 U+8A70 1118 2400 104 95 U+306A 478 2048 66 73 U+7A0B 1298 2401 92 99 U+3055 1488 721 41 76 U+3066 329 2455 54 99 U+3059 600 1531 94 103 U+3057 530 2761 16 195 U+3075 295 2902 127 65 U+4E94 1455 1987 121 58 U+306A 667 2741 70 76 U+304F 601 1040 82 77 U+3051 332 1915 57 75 U+3064 1482 2624 95 68 U+304A 752 511 91 96 U+304F 508 2519 42 88 U+308A 1151 2312 39 85 U+4EBA 1460 2049 118 80 U+308B 830 2187 35 58 U+3055 639 1452 39 72 U+3088 1013 2751 34 79 U+305F 502 2444 48 80 U+5C4B 965 2112 86 95 U+306B 328 2379 50 75 U+3068 1725 2767 26 96 U+7B46 307 1401 71 166 U+3068 1529 2681 21 88 U+3078 1132 2790 94 45 U+3057 810 1414 15 138 U+3082 787 1147 57 99 U+3082 953 1152 48 95 U+304C 468 2403 127 62 U+539F 1113 2636 91 108 U+3078 738 977 134 58 U+3068 946 960 30 108 U+3070 1512 2533 44 80 U+3068 828 2021 28 82 U+306B 835 2895 60 63 U+7D2B 804 2735 96 158 U+306F 333 1655 40 89 U+304B 826 2260 33 43 U+3089 821 1737 22 86 U+3068 316 741 27 71 U+308F 1332 2552 27 80 U+308A 792 612 41 123 U+304B 656 2107 29 61 U+308A 1326 1459 37 87 U+3068 178 2601 23 82 U+3075 884 1251 139 105 U+5FD8 464 2210 103 83 U+304C 687 2817 59 72 U+3089 693 2887 29 66 U+308A 614 951 51 80 U+3057 499 1441 20 139 seg_fp 658 1935 31 84 seg_fp 173 1923 24 177 seg_fp 659 1868 20 72,200003076_00147_1
U+3044 1618 1744 92 71 U+306E 1054 1193 104 89 U+3092 1059 1499 108 76 U+306E 1601 1262 105 93 U+4EE3 571 2184 97 123 U+306E 1600 2642 111 84 U+306E 1794 1094 107 95 U+306E 1238 772 91 77 U+4E09 1062 964 92 68 U+5341 1074 1048 66 64 U+6238 1608 2210 86 114 U+5165 1384 2647 156 73 U+5168 1227 2118 140 140 U+4E8B 270 1974 66 183 U+306E 1619 1988 98 92 U+3065 248 630 91 95 U+6728 1250 465 80 101 U+4E2D 1623 2057 81 148 U+308C 1605 572 93 136 U+3066 81 2033 78 89 U+306E 1418 1562 99 83 U+6B64 741 974 83 83 U+898B 1250 1879 88 104 U+306E 235 1324 101 71 U+306E 1241 1606 102 74 U+306E 883 648 110 83 U+3044 85 2535 82 56 U+624B 1446 620 64 113 U+663C 594 2459 72 117 U+3066 914 2183 75 95 U+5742 909 2402 104 78 U+5E33 1794 1294 116 135 U+6708 1071 825 63 129 U+306E 728 1181 100 86 U+671D 563 661 111 103 U+306B 109 825 52 76 U+3066 734 2565 79 74 U+66F8 1035 1582 110 144 U+306F 1259 1317 80 45 U+3046 1633 454 46 110 U+7269 1618 961 95 94 U+3066 1433 938 75 85 U+9060 756 731 67 135 U+5225 1616 2732 97 117 U+3066 896 1620 78 96 U+304B 1415 2037 103 63 U+5206 1831 978 68 114 U+76EE 759 2390 61 85 U+306E 561 894 104 81 U+306E 240 558 86 64 U+7B46 428 2416 68 145 U+5927 923 2295 82 87 U+306E 558 1744 107 82 U+3067 1639 2296 51 103 U+51FA 898 464 76 90 U+6587 1399 1889 137 116 U+76DB 1254 1150 99 148 U+8358 901 845 93 118 U+4E09 1044 725 105 81 U+306E 398 1817 99 85 U+4E0B 915 1411 69 106 U+306E 564 1466 103 89 U+7D19 416 2309 95 107 U+65E5 1086 1119 53 68 U+5C45 1421 1039 96 116 U+9694 94 1104 87 121 U+4E2D 575 1159 77 120 U+5C01 742 2126 88 124 U+5207 730 2486 101 71 U+5176 1633 1033 59 147 U+306E 580 1287 73 69 U+306E 244 1834 93 81 U+4E8B 744 1227 75 193 U+3082 888 2840 103 108 U+306E 908 2519 100 84 U+6C17 251 819 68 130 U+5185 1442 1262 76 103 U+3075 859 1177 131 96 U+3046 1643 1652 28 89 U+6240 887 1263 87 93 U+8D77 85 1737 78 110 U+5409 1263 1378 57 109 U+5176 98 2126 56 145 U+5FA1 269 1917 70 69 U+3066 569 2360 99 89 U+9AD8 424 800 57 122 U+662F 1079 2358 84 133 U+604B 1078 2607 90 110 U+304D 90 1605 83 127 U+304F 764 878 42 87 U+7537 1642 1357 58 124 U+308A 601 544 48 93 U+306E 1075 2745 99 83 U+6597 104 2633 59 113 U+3066 415 2214 76 78 U+6B8B 403 2016 114 115 U+3092 251 939 96 101 U+3066 1612 2558 72 81 U+548C 1239 851 94 91 U+5215 1245 940 89 121 U+521D 412 1555 100 85 U+69D8 254 1751 85 85 U+308C 105 1928 34 91 U+5CF6 573 1350 106 114 U+308B 1437 1156 71 105 U+3058 774 2241 38 141 U+3092 1261 1777 90 108 U+52E4 414 1907 100 106 U+304A 248 467 86 88 U+306F 593 2599 63 40 U+91CE 1247 1507 97 96 U+305E 1092 2502 61 92 U+304B 1426 1377 107 83 U+8EAB 412 468 88 133 U+7C73 921 1724 89 138 U+9AD8 1445 1653 61 123 U+5185 917 938 71 90 U+3055 110 2447 35 76 U+5BA2 570 983 91 120 U+3066 243 1260 73 59 U+65E5 1824 1201 52 74 U+7FBD 901 572 93 80 U+8AF8 1789 852 124 119 U+82B1 1257 1672 87 111 U+624B 258 1386 55 120 U+306C 1598 1816 107 89 U+305F 1450 2084 51 74 U+5922 263 2689 77 119 U+5BB5 420 1662 83 149 U+306B 1262 2594 44 75 U+5C4B 1250 671 80 95 U+8ABF 887 2084 124 103 U+3051 1071 472 87 122 U+8A60 1411 2542 127 94 U+5C4B 585 1651 79 86 U+6625 1239 2483 114 110 U+7169 1421 750 94 87 U+56FD 896 740 106 83 U+5E33 1060 1362 107 115 U+9699 587 2658 91 117 U+3092 746 1508 92 106 U+4FBF 909 2727 117 101 U+3042 1633 2405 54 67 U+3092 84 1304 90 100 U+308B 1633 1903 79 102 U+3084 1405 468 132 63 U+304F 1448 2448 43 83 U+3066 417 1226 58 92 U+6751 1232 573 103 97 U+65E5 1636 1184 51 77 U+308C 1648 2800 53 141 U+60DC 90 911 82 105 U+3058 1477 2157 36 119 U+3044 239 2638 92 46 U+3075 1571 2479 133 100 U+306F 1458 2917 68 33 U+3088 600 463 33 84 U+304D 1638 840 44 103 U+3055 1457 1460 40 85 U+306B 757 1935 53 72 U+91CC 738 1065 84 112 U+5B50 101 1224 46 87 U+3068 284 709 25 101 U+306A 1439 2365 61 88 U+3066 1058 1717 89 82 U+306A 744 1418 77 84 U+3078 895 1364 89 42 U+3044 899 1114 91 61 U+304A 1067 1810 90 81 U+304D 600 2863 59 81 U+307E 754 467 43 111 U+306A 602 2782 52 75 U+3084 77 1023 96 64 U+304D 767 1836 32 87 U+306F 578 1129 71 33 U+3042 1242 2756 94 92 U+305F 272 1672 42 62 U+304B 250 1620 81 56 U+5C4B 418 1038 88 90 U+6795 251 1511 103 86 U+3084 1603 1583 109 69 U+4E00 1248 1090 71 21 U+308A 1457 529 56 91 U+3078 929 2492 102 41 U+306B 440 1146 45 77 U+305E 1270 2667 62 82 U+308A 767 634 42 90 U+308A 441 2107 40 90 U+3089 1102 1953 46 107 U+305F 103 1417 47 112 U+3051 772 2729 46 73 U+306B 587 2281 52 71 U+306A 934 1865 64 84 U+61F8 103 466 75 132 U+307E 1453 2690 49 82 U+5C3D 271 1029 51 109 U+3086 739 1601 96 88 U+306B 108 2286 42 73 U+5869 562 1557 104 85 U+307E 275 2179 48 96 U+3031 275 2323 84 129 U+3066 402 697 67 87 U+3069 957 1956 55 116 U+65E5 1087 1291 48 62 U+308B 1072 601 75 111 U+3055 111 1857 35 62 U+6301 406 2645 94 103 U+3051 1446 2284 52 75 U+3072 418 1455 78 84 U+8D8A 1253 1989 86 111 U+3046 1463 834 30 94 U+304B 116 2589 26 39 U+304F 108 2355 43 81 U+306A 438 2755 53 75 U+3042 428 1335 69 116 U+3068 940 1022 24 90 U+3068 772 2018 29 98 U+307F 553 818 113 77 U+304D 1458 1790 40 94 U+3057 290 1143 15 138 U+3068 440 591 30 91 U+308A 924 1525 46 93 U+624B 583 2091 58 100 U+76DB 1252 2255 93 130 U+306F 736 586 71 41 U+306F 1653 1491 43 93 U+306E 1228 2393 113 82 U+308B 1076 2255 98 118 U+5CF6 407 940 104 97 U+3092 408 2567 101 70 U+308C 1096 2056 46 102 U+53F3 582 1949 57 62 U+3042 740 2660 94 73 U+3080 761 2861 79 68 U+3068 292 2449 25 91 U+898B 270 2826 87 106 U+3051 1067 2099 88 144 U+3057 1653 664 16 166 U+3056 281 2276 44 84 U+3088 276 2552 43 74 U+304F 1114 1880 39 78 U+308A 109 607 47 101 U+9580 585 2012 54 72 U+3057 131 706 12 100 U+821F 897 2596 117 105 U+308A 1254 2841 79 108 U+305D 771 2804 38 60 seg_fp 1482 2770 19 131 U+3054 616 751 32 58 U+5B87 579 1832 69 109 U+66AB 95 2752 69 111 U+309D 120 1537 17 46 U+3057 787 1735 13 102 U+3089 448 2890 33 69 U+304C 450 2833 53 54 U+5C71 1086 2828 73 100 U+304B 777 1698 24 43 U+308B 780 2916 45 40,200003076_00150_1
U+91D1 1426 1428 139 131 U+91D1 1593 2421 138 127 U+306E 891 496 112 104 U+3066 1811 1112 85 108 U+306E 1431 1330 100 96 U+306E 1602 2663 106 84 U+306B 1275 1523 65 87 U+3064 262 1864 89 109 U+306E 1622 1113 112 89 U+306E 1049 1936 120 91 U+5ED3 722 2592 116 212 U+6B64 1441 2628 88 90 U+3046 1095 1415 48 145 U+3044 1434 2387 92 71 U+604B 1642 514 103 128 U+3042 773 1752 71 73 U+306E 1250 2457 102 83 U+6B64 1456 764 82 72 U+767E 1438 1130 95 92 U+304F 1089 872 72 85 U+306C 398 1287 118 85 U+3064 1437 2467 94 117 U+9152 1809 1233 100 110 U+5176 596 2121 66 156 U+53E3 1821 882 85 87 U+5F85 1264 499 105 129 U+3066 241 1673 95 98 U+4E09 1446 1024 99 80 U+543E 1432 1709 94 117 U+7A7A 108 1011 82 119 U+6B64 103 1908 65 75 U+6DFB 1819 982 90 124 U+91CC 1273 1393 79 115 U+5F8C 1620 1984 97 117 U+3080 1260 1610 99 101 U+3066 1260 1865 82 84 U+6B7B 416 1390 106 107 U+3092 897 2324 110 75 U+306B 612 1684 58 94 U+66D9 94 753 102 137 U+8ACB 1441 1977 92 131 U+304A 1071 1037 103 100 U+306B 777 1036 49 88 U+3044 244 1786 102 71 U+9996 1450 2721 62 125 U+306E 220 2509 113 84 U+306E 411 1064 109 90 U+6E6F 252 1083 107 125 U+59BB 1384 1832 158 132 U+304F 122 1293 42 113 U+5FC3 579 1594 118 79 U+6709 1638 2865 61 94 U+4E00 1260 1284 96 33 U+3066 1420 2283 90 87 U+6D3B 1252 1966 104 117 U+306D 1445 911 112 106 U+8EFD 1816 1373 104 116 U+7ACB 433 1168 77 97 U+624B 763 913 67 119 U+306E 1248 748 109 86 U+517C 1279 621 74 120 U+6027 1604 2555 115 115 U+82E6 592 491 71 123 U+305F 445 539 51 91 U+4E8B 754 1462 83 181 U+901A 1618 1207 108 146 U+3081 433 1667 66 63 U+306E 723 2831 118 93 U+5B9D 251 2313 104 119 U+308C 1078 605 83 131 U+6C34 259 1217 116 96 U+4E8B 920 2154 87 190 U+305A 1102 1290 57 111 U+306F 414 1609 84 44 U+306F 1648 657 90 48 U+305D 610 1794 44 95 U+304D 1096 1559 37 123 U+60A3 600 619 94 124 U+6B53 1255 2239 105 111 U+306E 397 2589 118 88 U+304B 912 1789 89 66 U+3073 747 2495 105 110 U+3082 251 1333 82 86 U+308C 927 2500 59 90 U+4E16 876 1277 151 82 U+306C 95 1604 94 80 U+5C71 1270 819 91 80 U+3081 1649 1704 77 55 U+3066 1059 2378 98 67 U+5200 775 818 53 88 U+516B 113 485 98 61 U+306E 574 2406 104 83 U+306E 574 761 116 105 U+3075 713 1130 115 72 U+306E 421 2873 97 74 U+5E74 224 2585 104 118 U+304B 1058 2044 106 72 U+3064 419 2084 82 107 U+4E5F 1426 1575 96 121 U+601D 388 1910 139 87 U+4ECB 891 1466 137 98 U+306A 113 1416 61 92 U+53EA 424 832 92 112 U+66AE 1260 2534 72 133 U+3092 590 1188 103 80 U+306E 90 669 98 98 U+3086 913 609 89 73 U+306D 588 2026 97 117 U+7537 1638 2755 59 108 U+6625 398 2660 138 103 U+6B4E 919 969 103 112 U+4E21 1445 1235 88 89 U+306A 1081 2201 71 85 U+308A 136 1508 37 92 U+540D 402 943 110 150 U+7F6E 929 2810 76 138 U+3053 115 2219 48 83 U+3046 1111 490 39 118 U+8A08 1194 2091 150 132 U+592A 107 1992 57 79 U+304C 407 483 115 65 U+672C 1263 910 102 86 U+7533 945 1654 44 125 U+308C 616 947 47 112 U+3053 1093 1694 59 81 U+304F 292 973 41 98 U+306C 1076 2770 105 80 U+5EF6 214 2198 153 107 U+305F 755 2353 65 144 U+304D 1290 1149 39 106 U+3082 738 1652 93 90 U+4E5F 714 2175 152 71 U+307B 268 592 87 101 U+66F8 865 2674 128 119 U+305A 914 2600 115 90 U+3048 1285 1763 60 88 U+60DC 89 1709 89 119 U+65E5 132 587 46 69 U+3057 263 489 98 76 U+308A 1109 2289 40 97 U+51FA 1448 2083 88 90 U+9ED9 595 2676 97 123 U+7BED 1804 1481 123 170 U+306F 1091 1217 60 67 U+3066 732 603 85 79 U+3055 1096 2107 40 79 U+672B 907 745 95 119 U+3058 1678 1545 41 159 U+4E94 184 2451 167 56 U+306B 118 892 55 101 U+304E 444 1504 68 93 U+308D 1075 1842 93 101 U+304B 1470 2580 37 50 U+3081 277 2890 62 59 U+3051 1460 502 91 113 U+304B 1478 847 32 58 U+3075 77 2683 105 82 U+697D 1266 2349 87 98 U+307B 580 2490 101 113 U+308A 1657 1357 58 94 U+3057 1641 928 99 81 U+592B 75 2083 113 93 U+306C 900 1180 107 88 U+4E4B 937 1365 71 110 U+308B 1466 624 72 117 U+304F 287 2097 42 91 U+3064 1641 807 89 122 U+305D 598 1473 65 120 U+306F 114 2174 50 37 U+3092 929 864 97 109 U+304F 123 2831 33 100 U+5C3E 1432 2848 119 100 U+8FD1 1253 1014 98 115 U+5922 439 2452 83 142 U+308A 758 1845 74 103 U+306A 1096 2632 65 77 U+82B1 427 2779 86 96 U+3082 1098 1118 50 96 U+3057 465 644 16 166 U+304B 409 1761 101 62 U+3084 65 1833 126 75 U+308C 775 1192 42 110 U+523A 748 690 89 130 U+308F 1652 2113 32 91 U+305F 282 1440 56 107 U+3088 1665 1766 33 64 U+308B 1649 2202 39 68 U+65E5 451 2007 39 64 U+3042 250 2713 91 77 U+305D 406 2349 87 105 U+3056 1670 721 71 74 U+304D 942 1091 39 80 U+5FD8 888 2411 124 96 U+306A 267 2027 71 74 U+4E00 756 2262 85 29 U+6069 587 2287 86 119 U+3088 1670 1007 44 97 U+306F 1085 986 66 39 U+307E 1097 2456 54 104 U+6B62 621 2781 71 60 U+3057 1123 713 15 142 U+3084 233 2807 127 88 U+8EAB 1076 2842 103 116 U+3057 807 1943 16 126 U+3057 1672 1831 16 132 U+306F 1658 1448 45 105 U+307E 617 1902 36 113 U+3057 1297 2673 14 120 U+3068 295 1947 24 78 U+308D 85 2350 82 109 U+3057 1663 2262 12 144 seg_fp 298 691 43 64 U+3057 791 1306 15 152 U+305B 918 1928 74 94 U+3053 620 1378 32 83 U+306F 936 1863 58 46 U+3068 778 2064 39 99 U+3069 634 2543 49 108 U+3064 254 1550 88 148 U+3068 957 1543 29 100 U+662F 1274 2802 61 100 U+304F 956 675 33 66 U+3057 1488 2177 17 131 U+3092 1256 2876 95 67 U+304F 452 2174 36 84 U+3057 800 479 16 145 U+6211 585 1272 114 119 U+3057 601 2806 18 140 U+3053 434 2269 38 61 U+309D 1116 2556 23 71 U+3057 638 1072 15 144 U+3057 959 2019 13 132 U+3057 136 2528 15 129 U+3057 140 1135 12 152 U+304F 449 1800 45 91 U+309D 307 755 20 81 U+3056 121 2457 51 69 U+309D 1116 1779 31 68 U+304C 631 873 53 69 U+304B 139 2772 28 43 U+304B 1304 1719 26 33 U+3089 1127 2710 20 61 U+309D 127 2302 26 52,200003076_00153_1
U+6D45 1596 501 130 142 U+3059 1420 754 102 116 U+5C0F 1626 2031 98 80 U+5165 59 926 144 83 U+4E0B 1618 1164 85 103 U+306E 1590 753 124 95 U+306E 1790 1091 111 90 U+547D 1039 2168 151 148 U+306E 1612 1717 105 96 U+91D1 229 1821 148 133 U+6075 1432 1238 105 122 U+753A 1796 991 106 102 U+4E95 253 2766 98 180 U+5C0F 1625 1523 87 66 U+3092 88 1574 94 73 U+306E 79 2032 98 90 U+3092 733 1834 109 66 U+306E 229 2077 113 93 U+3066 1425 2012 97 90 U+6B64 1435 2113 86 85 U+306B 1637 1280 65 94 U+306E 1238 1591 106 90 U+306E 917 2302 83 65 U+306E 232 1323 112 93 U+306B 769 2644 61 96 U+4ECA 1235 2624 137 108 U+543E 244 1969 94 108 U+306E 1618 2356 98 95 U+4E8B 1073 1964 88 195 U+306E 1061 762 105 98 U+304B 1419 507 102 76 U+4E0A 1620 1066 85 82 U+306B 1461 1790 69 90 U+3092 405 2667 104 75 U+306B 106 749 66 94 U+7D0B 1619 1613 114 111 U+307B 759 2423 93 94 U+306E 1434 1364 93 96 U+4E09 1247 1236 84 84 U+8258 402 2196 118 124 U+4ED5 1617 2447 96 89 U+306E 903 1167 93 84 U+8272 1083 485 64 134 U+8336 1628 1378 84 139 U+3092 247 2426 112 65 U+306E 1423 2286 128 79 U+4E16 1412 2207 122 80 U+306E 77 2835 106 98 U+304F 439 1945 43 115 U+5F25 1243 1114 107 109 U+3059 561 1936 106 109 U+793C 1239 1784 107 116 U+306E 755 884 75 76 U+3084 216 990 137 68 U+304F 432 1716 62 74 U+3066 1255 2522 78 98 U+9AD8 422 901 71 121 U+306E 738 2521 111 93 U+51FA 92 854 93 64 U+7B52 100 486 67 132 U+5343 429 2464 69 111 U+3046 444 1536 38 123 U+6307 1604 2246 116 113 U+8107 1621 2128 104 110 U+601D 1421 2607 105 83 U+304B 577 1867 102 67 U+90CE 1245 1330 82 150 U+7FA9 1242 2291 120 139 U+65B0 1794 849 98 142 U+5FA1 1253 1688 79 96 U+306B 766 1576 60 85 U+7740 1616 1813 98 108 U+9EC4 1614 631 101 118 U+306E 1056 2329 103 79 U+90FD 222 1413 131 131 U+3090 598 884 71 65 U+5ACC 82 2707 102 118 U+6BBF 1236 1491 112 98 U+305E 933 868 64 93 U+539F 1785 1556 116 109 U+3053 1091 1441 44 71 U+305A 258 736 102 120 U+667A 1432 1111 104 132 U+3064 387 1656 130 62 U+7269 1626 1921 101 105 U+5149 259 1210 101 112 U+91CC 1083 634 73 119 U+306E 1790 1657 139 84 U+61F8 758 1904 96 115 U+3082 109 1355 53 76 U+8ED2 744 1336 83 117 U+5C71 911 976 85 71 U+3066 749 600 71 111 U+3042 1611 854 90 105 U+8FC4 99 1256 73 95 U+9060 264 479 82 129 U+3082 1428 2494 81 91 U+305B 1073 2420 83 73 U+4EBA 1413 2332 137 116 U+6C34 911 1071 105 89 U+9D2C 746 727 95 151 U+624B 110 1137 45 111 U+304B 578 751 93 57 U+6301 234 2310 113 118 U+795D 1247 2162 115 133 U+5E38 1636 2737 71 142 U+306C 893 501 106 91 U+662F 269 856 76 125 U+51FA 1637 2536 89 55 U+3055 1629 960 51 92 U+65E5 1280 2732 52 71 U+65E5 597 2295 58 74 U+308A 1285 2856 47 68 U+9593 420 1026 93 104 U+83CA 932 1871 62 152 U+3067 1240 784 95 91 U+884C 422 2757 85 105 U+6A5F 93 2552 91 153 U+304D 772 483 43 102 U+3082 935 1505 55 77 U+5149 106 1447 82 114 U+304D 935 1763 43 103 U+3050 446 1232 53 99 U+308C 1079 1524 60 120 U+5CF6 1790 1433 116 122 U+592A 753 964 76 100 U+304B 250 627 85 56 U+65B0 415 2068 75 122 U+5EAD 254 1568 102 115 U+3054 601 1792 71 67 U+304B 80 1668 99 63 U+306D 1065 1319 103 115 U+3053 605 818 48 50 U+3092 95 2192 93 111 U+3046 1468 1685 32 110 U+308D 590 1546 85 111 U+3082 441 2855 50 84 U+304D 601 2188 42 103 U+3093 1079 2492 100 110 U+9999 933 1251 54 153 U+7AEF 743 1467 94 103 U+306E 903 2023 122 76 U+304C 769 1276 58 54 U+306B 281 1693 52 86 U+304B 1068 1161 93 65 U+308B 588 2461 76 114 U+6709 1451 1468 66 124 U+305A 1424 2839 131 95 U+9577 253 2168 87 141 U+306F 1221 2908 65 44 U+305F 1080 2755 55 117 U+6850 80 1926 100 110 U+91CC 421 2576 61 89 U+5C4B 99 636 84 105 U+5BC2 252 1083 113 117 U+305E 609 2697 68 79 U+3066 410 2389 75 84 U+5A46 1239 644 100 104 U+306C 577 647 114 75 U+3072 95 2483 86 87 U+3073 255 2674 113 89 U+66D9 1801 1740 112 134 U+3066 428 1425 64 113 U+662F 598 1119 83 133 U+307F 550 2372 127 95 U+3057 1471 944 19 154 U+3057 567 484 90 80 U+3053 1461 872 42 68 U+305F 1277 1011 44 91 U+3068 117 2104 39 89 U+3084 78 997 93 61 U+3092 1074 1636 108 137 U+3059 449 1134 50 97 U+5148 1248 1906 106 147 U+5FA1 1249 2038 91 125 U+3084 398 812 117 82 U+3064 914 704 78 117 U+3075 875 1598 120 80 U+898B 1244 883 93 133 U+306F 1608 2918 63 44 U+3051 936 2514 51 77 U+3092 758 2307 98 117 U+308C 1447 2737 58 101 U+306F 597 2045 57 35 U+3072 914 1414 116 94 U+3088 606 2078 47 105 U+5F15 408 2315 80 109 U+308C 435 1302 48 123 U+59FF 754 2193 91 114 U+308B 1084 1878 74 113 U+306F 593 1255 77 44 U+304D 927 2653 72 139 U+3068 616 1293 35 109 U+3055 113 1710 38 84 U+3053 606 1416 52 83 U+308A 1455 653 52 110 U+308A 117 1055 45 83 U+5915 1774 1172 114 144 U+8863 1075 875 93 105 U+308C 929 578 48 125 U+88C5 1057 977 107 163 U+307E 439 479 37 120 U+885B 749 1160 87 104 U+306F 1437 590 67 59 U+308B 95 1797 69 113 U+3088 1285 2798 28 60 U+305B 746 2104 105 81 U+3055 618 957 36 71 U+306F 276 1777 56 43 U+3084 1426 1605 108 80 U+3092 751 2861 101 87 U+5175 762 1071 47 91 U+5A11 1225 499 116 133 U+306F 1429 2709 90 42 U+3078 565 2645 122 79 U+304F 1098 2653 50 96 U+7C3E 750 1670 90 158 U+3055 785 2024 33 66 U+3086 583 2574 85 69 U+3082 115 2287 48 74 U+3046 608 1659 42 140 U+3057 1662 2592 21 143 U+7BC0 924 2073 79 124 seg_fp 1826 1369 51 63 U+3057 461 1791 16 145 U+307F 1031 1762 144 109 U+7230 934 2800 96 130 U+3068 1679 2876 30 67 U+66AE 1782 1276 105 97 U+53E5 923 2200 90 99 seg_fp 1265 729 62 50 U+3055 1279 2437 42 78 U+3060 1092 2567 62 90 U+306F 285 2499 42 82 U+3066 421 718 62 79 U+309E 1098 2874 55 66 U+3057 451 594 16 117 U+3089 289 676 28 77 U+66AE 904 2368 87 101 U+3078 578 1050 117 73 U+3053 278 2589 39 77 U+3055 1086 1225 44 97 U+304B 952 1678 30 85 U+3068 1458 2411 33 79 U+540D 710 2755 122 148 U+304B 781 2574 30 72 U+3089 615 565 21 88 U+3089 118 2364 41 120 U+304B 623 2790 29 51 U+3057 1491 1887 20 167 U+309D 964 806 26 53 U+3057 962 2590 15 107 U+306B 890 2881 53 74 U+3057 593 2727 76 220 seg_fp 941 2455 45 52 U+309D 620 1502 30 51,200003076_00156_1
U+306E 1805 1139 97 92 U+3064 271 2417 89 105 U+306E 1464 1026 83 67 U+4E8B 754 461 84 162 U+3092 1627 1261 94 77 U+304B 1245 1002 106 80 U+306D 102 1732 87 85 U+306E 1628 882 102 99 U+306E 1444 1704 96 99 U+306A 1816 2035 92 93 U+7B11 1091 1967 105 124 U+3064 237 770 107 74 U+540D 1772 1583 112 150 U+4E5F 1771 826 155 116 U+306B 1645 2361 61 101 U+6642 1802 1039 105 105 U+904E 1094 891 68 92 U+306B 1112 1881 53 81 U+306E 900 1648 112 83 U+3092 95 1542 107 69 U+6570 753 2114 97 118 U+4E16 1241 590 102 74 U+5165 52 1826 164 90 U+3046 942 1112 45 109 U+305F 266 1765 101 103 U+306E 744 1272 91 77 U+6B64 1809 951 91 88 U+306E 747 2025 97 94 U+306A 439 822 68 90 U+5927 1276 2711 84 89 U+6709 764 645 59 132 U+56E3 595 2431 84 114 U+306B 941 1016 54 85 U+307B 1087 2338 89 96 U+663C 1815 2661 71 135 U+4E07 564 459 112 122 U+7269 1802 2138 103 99 U+84B2 588 2292 96 133 U+767A 1267 1761 82 132 U+306E 909 2551 99 88 U+805E 119 1621 76 104 U+3082 1821 1707 45 95 U+3092 900 2469 115 71 U+91CE 1243 473 99 103 U+52E2 1813 689 93 116 U+5E8A 550 1627 134 137 U+5FA1 1808 488 85 88 U+3092 747 2243 109 64 U+4E8B 263 557 86 149 U+3092 1612 2708 111 83 U+6795 402 451 130 116 U+53D6 1629 1358 104 93 U+5916 772 2790 83 108 U+4E8B 919 1943 85 171 U+6210 1805 2242 103 124 U+3079 761 784 102 113 U+4EBA 82 455 129 104 U+3057 906 1567 110 71 U+65E5 1476 942 58 77 U+5215 936 916 72 101 U+308C 934 656 58 118 U+3065 1637 619 113 132 U+3067 743 2718 88 79 U+306B 606 938 66 95 U+4E5D 1444 656 118 77 U+591C 1633 753 90 127 U+98A8 1449 1795 93 104 U+304A 1620 2106 100 80 U+90FD 1426 1582 119 123 U+305B 1433 561 104 80 U+8535 1262 675 97 120 U+3044 1445 1312 97 59 U+6240 1068 1122 113 97 U+6A4B 1453 2147 94 92 U+3092 1089 581 72 92 U+3082 443 1379 49 82 U+3066 1081 1382 76 89 U+5229 1250 1659 87 105 U+6240 718 1697 114 87 U+3082 440 553 40 87 U+5965 932 794 74 125 U+3066 253 2299 84 71 U+7230 754 2579 86 137 U+305A 435 979 105 100 U+5E8A 1628 2481 108 119 U+3092 250 1419 104 80 U+5F3E 1262 2583 92 113 U+5E38 424 650 72 162 U+60C5 1441 1911 99 109 U+571F 1281 2176 65 65 U+591C 589 2673 100 133 U+308C 1474 1444 49 126 U+4E4B 1288 795 51 74 U+9152 1271 2808 93 90 U+99AC 1243 1506 106 100 U+4F50 1252 2252 94 110 U+66FF 598 2555 69 108 U+3066 72 2028 92 90 U+9053 263 2726 85 81 U+306D 263 2630 88 92 U+305A 268 2539 98 80 U+81E5 1615 1126 98 145 U+91CE 1443 2256 105 103 U+61F8 924 453 91 136 U+5DFB 432 1224 58 141 U+4E07 259 454 88 106 U+3078 1815 2372 77 102 U+5341 1461 859 69 75 U+304B 405 2217 110 67 U+5A01 1801 570 130 130 U+90CE 768 1146 71 118 U+306F 264 719 73 38 U+8863 751 1796 96 115 U+5BFE 1238 1389 130 117 U+51E0 1608 2606 130 95 U+3082 908 2122 101 91 U+3089 445 2402 45 86 U+3070 288 1841 61 76 U+306C 578 1147 101 87 U+3065 1460 1363 107 113 U+624B 277 2093 71 121 U+6709 1813 1221 73 135 U+3070 130 1456 43 82 U+5C3B 1074 2562 125 119 U+98A8 1466 2367 96 112 U+8EAB 1080 460 95 132 U+3042 586 600 86 122 U+4ECB 1251 871 130 84 U+7269 425 1886 96 88 U+3064 1273 2415 79 92 U+4E09 560 2157 109 82 U+306B 603 1968 38 78 U+3084 72 957 126 68 U+3082 250 2005 98 80 U+6210 739 1588 109 111 U+3082 452 1963 40 81 U+5973 707 1072 142 74 U+3084 713 1366 145 72 U+307E 1661 490 52 117 U+7D50 92 2125 87 107 U+6210 587 1036 108 109 U+9AD8 1463 2022 64 118 U+304D 286 848 34 89 U+304B 1066 2274 108 66 U+306A 1094 685 74 86 U+76EE 1105 2675 54 99 U+304A 915 2224 91 79 U+3082 1483 1222 46 83 U+3066 1633 2264 78 97 U+3089 129 787 43 78 U+3075 398 1796 120 87 U+3044 424 1724 85 71 U+3055 1475 480 46 77 U+306F 788 2905 52 39 U+904E 576 1390 74 105 U+30C4 610 2246 53 45 U+69D8 1795 1358 101 105 U+4E8B 131 2709 59 102 U+307E 295 1504 42 103 U+985E 755 1913 91 131 U+308C 119 848 47 103 U+7E01 1090 1220 100 93 U+305B 916 1471 86 80 U+305E 144 2828 49 66 U+304C 1296 2366 62 42 U+7740 602 2814 96 116 U+5922 110 2398 67 125 U+3082 564 2049 88 94 U+9060 1455 2695 89 124 U+3066 394 2855 74 90 U+307F 74 2591 117 78 U+3072 924 2367 87 100 U+5DDE 1455 2833 82 109 U+5927 1805 1479 106 89 U+3042 415 1468 88 83 U+305B 258 1687 83 72 U+3092 112 2518 95 89 U+66AE 1631 1746 86 107 U+6708 1482 726 52 127 U+8349 1645 985 59 146 U+5973 206 1034 144 73 U+8EAB 257 1284 110 133 U+3070 938 1709 53 73 U+5FD7 1466 2470 100 84 U+308A 1663 2005 47 95 U+69CB 93 2230 95 103 U+306A 1632 2799 68 69 U+306B 281 1209 48 72 U+66F4 526 1252 151 143 U+304B 446 2489 34 58 U+3093 1810 1902 100 116 U+304C 1294 949 57 41 U+304D 123 618 33 90 U+5E2F 435 2631 66 116 U+308D 1091 1574 83 85 U+3053 288 1943 44 49 U+306F 282 2378 58 40 U+306A 105 2330 79 64 U+5177 275 2811 65 104 U+6DFB 259 941 86 96 U+3089 471 915 28 73 U+3057 1672 1582 17 155 U+306B 122 532 47 66 U+3055 1285 1288 43 97 U+3088 1657 1914 36 88 U+306A 932 1227 79 95 U+3092 1638 2859 93 94 U+3053 1824 1822 63 84 U+3082 1652 2161 42 99 U+304C 1120 2496 53 64 U+305B 100 712 62 68 U+306A 442 2046 54 74 U+305B 1097 2167 72 79 U+3053 1119 1657 36 54 U+308B 582 1864 76 119 U+8CC0 1458 2578 80 107 U+3082 1117 1473 47 91 U+3057 1300 1041 17 160 U+3057 1133 1715 15 153 U+304F 448 2122 40 86 U+304B 299 2498 32 48 U+305B 942 2741 52 86 U+3066 590 1500 46 111 U+308B 944 1786 35 75 U+304B 1618 1466 96 57 U+308B 1125 2436 33 55 U+3089 444 2545 35 90 U+5C3D 762 2309 85 107 U+306F 1121 2106 61 47 U+5BDD 1810 2802 112 132 U+3057 1847 2488 15 164 U+3068 461 1619 23 104 U+306F 760 1435 65 44 U+3055 612 723 38 86 U+3065 916 1325 105 87 U+3055 954 2642 42 100 U+3057 1123 988 15 132 U+3068 1124 1304 24 76 U+307E 613 814 30 128 U+308A 473 1546 32 74 U+3082 245 2870 39 81 U+3057 975 2825 17 141 U+3057 1127 769 16 120 U+304B 84 2707 27 49 U+309D 954 1858 30 90 U+3055 130 1016 31 62 U+308C 1285 2465 42 114 U+3068 606 1762 27 100 U+3089 785 1476 29 74 U+6708 1480 1093 65 133 U+304D 460 2851 42 79 U+3082 948 2282 42 83 U+306B 127 1874 40 70 U+3057 789 900 14 161 U+90CE 277 1106 69 94 U+3053 1284 1212 40 73 U+306B 1110 2781 25 143 U+3057 312 2214 17 121 U+3057 98 2763 13 185 U+3057 1308 2044 12 123 U+3057 791 2431 12 139 U+304A 113 1272 84 68 U+304C 1283 1608 71 48 U+304D 112 1134 62 130 U+3078 1624 1540 104 47 U+5BDD 425 1085 108 136 U+304B 299 1608 24 77 U+304B 783 1558 28 44 U+3089 957 589 20 69 U+304B 953 1411 30 59 U+3057 464 2250 13 157 U+308B 145 2656 26 55 U+3057 134 1946 16 121 U+306B 1293 2892 55 53 seg_fp 1661 1853 42 52 U+3068 464 2750 32 94 U+3066 1749 2862 108 93 seg_fp 1268 1955 78 92 U+3057 143 1070 14 122 seg_fp 1272 1905 61 46 seg_fp 794 2382 26 39,200003076_00158_1
U+304F 1289 1467 58 103 U+88CF 1412 1518 133 171 U+3066 268 1351 95 121 U+306B 1470 842 79 105 U+306E 573 1160 115 105 U+306E 53 2482 106 135 U+3092 1620 2546 123 90 U+9580 1823 1377 112 117 U+306E 1431 1847 120 107 U+304A 898 2141 122 106 U+306B 608 1785 78 97 U+306E 1059 2492 122 99 U+304A 1638 476 109 97 U+4EBA 81 1421 126 128 U+304D 753 2518 91 119 U+306E 402 781 112 104 U+306E 1245 2694 117 92 U+3092 1842 760 76 110 U+4F59 1425 2577 155 160 U+9053 582 1266 103 107 U+3067 1443 2833 117 95 U+3070 589 772 110 79 U+306E 1796 1255 122 103 U+3082 776 649 62 126 U+3092 734 2821 114 99 U+8ECA 97 1530 71 181 U+306E 1079 1505 114 108 U+5F15 1809 1949 102 118 U+306E 914 604 123 97 U+306E 594 1548 91 76 U+8A70 574 1650 127 128 U+898B 274 949 108 130 U+3072 1458 976 97 87 U+3070 443 2070 88 63 U+3070 1108 622 62 109 U+91CC 426 633 84 133 U+706F 582 2038 103 121 U+306B 1098 1902 85 101 U+306E 908 2829 87 80 U+662F 434 1435 76 156 U+306F 418 1611 113 63 U+3066 911 1247 99 90 U+7230 273 1488 87 187 U+4E5D 102 1345 89 69 U+7AF9 1091 1266 106 130 U+97F3 748 478 90 151 U+71ED 1821 616 110 126 U+306E 1640 1242 99 130 U+3066 280 1793 61 126 U+7530 597 1077 79 71 U+308B 1270 2415 110 112 U+3072 575 2183 112 103 U+898B 1094 761 117 127 U+6311 576 1907 129 114 U+3092 244 2132 111 99 U+3055 1670 762 53 78 U+304A 922 482 114 101 U+96C0 1637 1093 94 138 U+4E8B 1277 699 92 219 U+5185 1459 1393 88 122 U+3065 948 712 93 106 U+5C3D 434 1048 89 144 U+3059 1624 1661 114 115 U+672B 1072 1767 121 126 U+56FD 1453 1952 90 113 U+874B 1805 469 146 129 U+6731 1656 928 76 166 U+5F7C 401 475 125 134 U+53E3 1834 1164 65 74 U+7ACB 1825 897 92 114 U+5927 1642 2029 103 111 U+8896 1062 2793 124 121 U+308A 793 1332 58 113 U+6709 1278 1168 72 135 U+98F2 1787 2264 126 120 U+308C 1481 2194 58 149 U+3066 597 2811 99 101 U+304B 1255 1612 123 72 U+61F8 1791 2088 141 144 U+5357 740 2652 100 136 U+9053 1636 1499 111 137 U+5357 1644 2669 94 128 U+7530 1108 1415 80 84 U+307E 271 2526 52 103 U+96E3 1263 1306 101 147 U+69D8 1436 1698 126 132 U+69D8 415 2393 91 117 U+306B 280 1695 70 95 U+591C 1080 2025 102 149 U+61F8 1810 2404 102 141 U+3089 1454 683 91 140 U+8449 1095 1611 97 150 U+3042 753 1141 104 95 U+624B 116 1193 62 135 U+7D0B 427 912 121 128 U+306A 1835 2577 63 116 U+6C17 760 1984 92 175 U+4E95 592 955 79 100 U+6170 744 1456 106 132 U+3092 563 2444 125 86 U+3051 441 1931 81 145 U+305F 443 2586 52 89 U+304C 406 2516 134 80 U+7D30 1646 1370 104 127 U+901A 1611 2389 118 132 U+69D8 254 844 117 100 U+6708 1285 2536 61 153 U+305B 1448 1132 96 88 U+6797 63 2378 120 100 U+3042 1085 2185 86 85 U+3057 916 988 119 97 U+308C 922 2443 59 122 U+304B 1293 936 45 65 U+306F 1647 875 83 37 U+4EF0 84 491 103 116 U+5C0F 593 868 104 75 U+592A 423 2160 80 113 U+3066 88 2117 80 112 U+3084 84 1011 112 81 U+6240 1439 2739 110 93 U+98A8 81 2244 110 125 U+592B 407 2268 141 121 U+884C 1447 1242 109 147 U+6D99 931 1811 95 107 U+307E 783 1221 47 107 U+3068 461 1649 34 142 U+306A 940 1366 78 121 U+308B 1276 601 91 117 U+3066 762 1860 72 112 U+677E 52 2589 130 137 U+306A 1287 2011 75 94 U+308A 1850 2793 58 119 U+6B1D 736 2194 88 141 U+6A4B 576 1408 107 114 U+306A 1472 2088 78 111 U+901A 1057 2581 113 133 U+3072 1063 2723 105 79 U+3064 580 2709 104 115 U+308C 610 637 56 139 U+308A 1853 1603 58 107 U+3084 1805 1835 114 87 U+3072 251 2731 121 102 U+308F 1128 904 37 99 U+9032 232 2249 114 142 U+308C 1105 475 58 146 U+3066 1641 1890 75 120 U+304B 946 1927 47 56 U+3084 1611 2280 126 83 U+305C 223 2425 118 80 U+5BD2 1232 2226 144 163 U+3068 133 894 31 105 U+308A 443 2790 69 132 U+3051 106 636 53 118 U+304D 440 1816 55 106 U+308B 104 765 83 129 U+3058 1308 1745 47 141 U+304A 260 479 105 82 U+308A 769 2429 58 84 U+591C 68 2761 115 141 U+3068 1296 1013 38 121 U+3055 277 1948 55 90 U+3068 295 2825 32 109 U+306A 1270 474 104 129 U+3068 959 1988 34 135 U+3081 96 1957 72 154 U+3057 1693 561 15 170 U+3081 943 1084 64 72 U+308A 788 1009 54 99 U+305D 1445 2458 90 105 U+304B 964 812 30 66 U+3059 1112 1109 94 141 U+3088 1846 1503 52 92 U+3051 1282 1911 69 98 U+51FA 1822 1032 79 95 U+3082 934 2215 48 127 U+51FA 1272 2790 100 113 U+304B 1487 1057 44 69 U+306A 601 2620 72 80 seg_fp 1470 2345 75 109 U+306E 251 580 104 98 U+306C 908 1693 120 97 U+3068 122 1721 32 127 U+308A 303 1232 55 117 U+305B 242 2634 93 87 U+305F 1288 1660 53 85 U+305F 1115 1010 60 93 U+5F15 903 2577 94 140 U+3068 797 801 34 115 U+898B 583 479 103 168 U+308A 613 2350 54 112 U+3031 289 673 51 152 U+308A 142 1090 45 102 U+9001 254 1087 108 136 U+3057 472 1198 17 220 U+304B 722 2364 100 64 U+307E 760 926 87 85 U+3052 948 1489 81 108 U+304F 1302 2100 45 94 U+306F 923 2345 56 95 U+306F 613 2540 36 78 U+3088 443 2695 45 93 U+308A 965 1160 50 83 U+304E 778 1721 78 117 U+309E 121 1847 36 91 U+3089 971 878 28 101 U+3054 1840 2700 79 92 U+624B 911 2704 63 100 U+304E 1666 1780 62 103 U+3059 789 1599 39 115 U+3057 1496 478 21 199 U+304B 606 2282 40 67 U+306F 1854 1708 46 111 U+307F 1666 2160 34 92 U+304C 1618 2842 104 70 U+3057 1113 2295 26 175 U+309D 300 2040 22 64 U+304B 961 1591 29 101,200003076_00161_1
U+6975 1006 1010 128 178 U+3072 850 2014 106 149 U+306A 544 669 112 172 U+6B63 1541 2250 110 90 U+8DEF 834 759 133 137 U+8693 644 1604 145 172 U+306E 1196 683 105 179 U+3092 386 2477 115 110 U+96C5 1527 2377 126 181 U+86AF 634 1468 155 119 U+308A 1345 1667 118 152 U+8E0F 834 1021 130 141 U+3051 694 2338 82 166 U+98A8 381 2234 125 113 U+9AA8 368 2345 112 124 U+306E 682 1757 83 72 U+920D 651 1854 128 151 U+8ABF 1194 1033 120 189 U+306E 874 2428 82 106 U+98A8 1032 685 124 132 U+306A 813 1754 148 147 U+7136 360 2009 142 159 U+5931 1209 2038 83 139 U+5143 1552 1417 69 136 U+5909 1555 1042 83 184 U+98A8 1199 881 127 151 U+306B 569 1905 48 97 U+5F97 1175 1886 126 161 U+4E00 850 676 110 26 U+3031 1206 1393 109 264 U+304A 686 2077 115 158 U+5B9A 1363 915 87 173 U+5BB6 1390 2412 114 142 U+81F3 1536 1827 121 133 U+306E 555 1427 83 57 U+306A 378 1719 107 127 U+7984 1523 1556 136 181 U+76F4 566 1513 71 132 U+8AF8 1363 2294 130 115 U+306E 1535 929 122 138 U+304A 1197 1205 105 156 U+306B 1585 1735 65 84 U+306E 416 2172 52 60 U+308A 852 2288 107 142 U+306F 557 1040 88 144 U+306A 1006 1359 122 147 U+8540 527 2040 116 207 U+98A8 1516 1233 156 155 U+304B 1403 2056 49 112 U+306E 1007 2119 131 117 U+3066 1496 2094 146 121 seg_fp 1189 1769 102 119 U+306E 1370 1953 104 105 U+306F 874 902 80 110 U+3082 1041 1879 57 108 U+306D 377 807 123 170 U+84EC 539 1195 106 205 U+4E0A 1027 2362 79 81 U+305F 1374 2170 100 121 U+304B 1008 1992 105 78 U+306E 1020 2450 85 90 U+308A 1046 1192 54 165 U+304F 412 668 68 135 U+304F 708 668 65 117 U+307E 1365 1103 120 141 U+81EA 406 1847 47 152 seg_fp 1219 2177 63 157 U+3061 676 797 118 141 U+3084 1377 674 117 160 U+4E16 1499 667 201 126 U+308A 1240 2340 46 121 U+304B 876 1372 49 133 U+304B 520 1795 122 114 U+3066 1176 2394 78 164 U+304F 671 1257 91 175 U+306E 542 2376 108 117 U+3082 363 1356 124 183 U+304B 714 1021 34 95 U+306F 884 2179 48 105 U+308B 396 1149 108 191 U+304F 728 1980 45 123 U+308A 1403 1265 40 108 U+308A 1579 1960 43 129 U+305F 859 1165 83 199 U+3055 698 936 49 86 seg_fp 1028 922 95 79 U+5411 996 2249 143 88 U+3088 568 1652 60 123 U+4E8B 883 1591 46 164 U+308B 595 820 35 59 U+3057 726 1110 19 149 U+308C 433 990 45 140 U+3068 1062 1791 31 94 U+59FF 1032 825 95 105 U+53C8 524 913 141 121 U+307F 418 1619 34 97 U+3053 1386 1824 65 123 U+3005 1575 796 54 129 U+3075 863 1509 85 88 U+306E 1210 1355 58 72 seg_fp 564 2248 45 124 U+305D 1219 1609 48 104 U+3057 1367 1264 40 246 U+3057 1096 1478 28 182 U+304F 893 1859 63 141 U+3057 762 2268 17 136 U+3068 1057 1534 27 114 U+3044 1029 1655 81 70 seg_fp 1041 2068 31 52 U+304B 741 2203 36 73 seg_fp 400 1462 72 133 U+309D 1434 847 28 50 U+3078 963 1756 183 41 U+3088 1380 1511 72 156 seg_fp 1216 1700 45 77 seg_fp 1419 1179 43 74 seg_fp 1579 1296 35 97,200003967_00004_2
U+6C38 947 1197 122 100 U+5B50 974 1443 76 100 U+958F 942 1321 122 92 U+5E8F 1487 827 109 221 U+6D85 946 1748 106 109 U+69C3 939 1882 113 159 U+65E5 967 2069 65 74 U+3082 1417 1876 134 197 U+9038 573 2092 137 128 U+6625 906 1566 163 145 U+56E0 1306 831 108 124 U+3078 1262 1797 95 181 U+7E01 1298 972 119 151 U+5C45 559 1919 138 142 U+90FD 600 1371 126 129 U+96A0 593 1794 118 121 U+306B 1355 1119 42 85 U+8005 1459 1032 128 187 U+74E2 562 1612 199 156 U+308C 1401 2227 157 234 U+308B 1411 1663 179 186 U+3053 1448 2092 87 120 U+3066 1431 1519 108 129 U+308C 1324 1347 47 162 seg_fp 943 1059 124 88 U+53C8 1385 2555 171 140 U+6771 639 1191 79 148 U+305F 1468 1387 84 124 U+3088 1332 1244 59 99 U+6DF5 548 2265 178 232 U+3089 1293 1988 72 134 U+308B 1254 1568 141 204 U+306B 1517 1213 54 84 U+3057 1252 2158 48 328 seg_fp 693 2559 156 225 seg_fp 1008 977 43 60 seg_fp 1247 2058 44 128 seg_fp 1506 1307 34 75 seg_fp 370 2424 197 211 seg_fp 1014 1140 19 26 seg_fp 357 2278 237 242 seg_fp 983 1663 43 53 seg_fp 1648 2535 86 100,200003967_00006_1
U+5C0F 1360 1830 76 54 U+5019 696 1291 80 67 U+6CD5 1358 1909 84 100 U+3031 707 2088 52 175 U+4E0A 1516 1311 97 76 U+3044 1012 1382 96 58 U+6249 1365 664 102 152 U+898B 153 912 78 102 U+304F 1035 1531 31 89 U+624B 1214 1289 64 114 U+306E 1539 2530 62 76 U+5019 866 690 75 64 U+82E6 1009 2202 72 97 U+3092 1179 1617 108 110 U+3084 1524 1058 92 77 U+5165 657 1176 126 104 U+306B 850 1425 66 59 U+6D99 135 685 80 90 U+306A 340 973 60 70 U+3064 491 1529 90 80 U+306F 1040 1432 44 74 U+8DB3 1518 1666 106 94 U+306F 1549 968 47 73 U+306E 1200 1221 71 57 U+306A 148 2136 84 106 U+306B 986 2563 98 73 U+5DE6 1367 941 74 84 U+306B 1344 2434 62 73 U+304A 1524 1950 85 54 U+306F 866 891 44 79 U+958B 1348 1547 102 104 U+521D 322 1321 84 92 U+51FA 842 2275 64 72 U+8846 1001 2055 95 111 U+3092 1375 813 65 113 U+8AAD 1004 1105 93 136 U+3066 1171 1920 107 94 U+306B 509 2515 74 87 U+5176 991 1638 85 111 U+56FD 842 1309 79 103 U+3046 1191 2026 45 119 U+5145 998 2321 72 103 U+51FA 1505 2202 88 69 U+4EBA 1509 1404 128 148 U+7269 138 1561 103 83 U+6B64 492 1163 97 61 U+8846 837 2154 89 95 U+308A 1210 1811 37 103 U+53F3 1364 1045 73 93 U+306F 1007 2008 74 32 U+3092 141 791 72 106 U+3051 368 1050 47 104 U+3068 700 2270 33 97 U+304F 1551 1179 29 109 U+305F 1029 696 45 119 U+4E16 997 1763 89 67 U+543E 848 1192 63 102 U+308A 1562 862 30 91 U+3080 834 2375 87 87 U+304F 1169 2401 35 100 U+308C 683 2522 57 112 U+3044 1149 2504 83 63 U+3066 1015 943 54 123 U+8056 834 2015 81 121 U+308B 525 2169 34 67 U+88F8 1508 1556 97 91 U+6625 316 1430 97 95 U+307F 558 2455 35 44 U+3061 706 1067 61 100 U+4FD7 146 2428 117 85 U+6CE3 653 2397 84 95 U+307E 697 954 54 113 U+4E0A 1347 2254 59 62 U+79F0 1338 2515 102 92 U+308B 1556 684 47 66 U+7D42 673 1623 91 140 U+3092 1348 2159 77 87 U+754C 1008 1840 94 154 U+795D 138 1127 95 92 U+5E2B 1350 2014 92 147 U+308A 1555 2084 26 99 U+307F 523 1430 35 70 U+3057 335 2343 79 91 seg_fp 478 1798 107 104 U+9580 1521 2404 88 96 U+4EBA 117 2515 182 125 U+3088 712 1450 52 82 U+3078 1408 1179 59 38 U+305F 1162 2566 51 87 U+3084 497 1061 103 88 U+7D19 1198 1424 73 179 U+3031 1190 2182 60 156 U+6E80 995 2457 97 96 U+3084 1155 2147 87 72 U+5750 1320 2347 99 76 U+3068 719 1355 34 91 U+3075 128 1221 115 92 U+6765 848 1499 73 112 U+3066 1365 1668 45 136 U+304D 1207 972 55 96 U+3089 162 2307 41 116 U+3066 1201 836 47 129 U+304F 862 1070 30 113 U+3068 533 853 38 95 U+3072 837 2536 81 89 U+3068 180 1330 42 91 U+3066 1537 1845 52 83 U+3068 1377 1409 43 96 U+3088 1564 776 40 91 U+3064 316 758 89 70 U+308B 531 752 34 74 U+3066 1025 1251 43 121 U+307E 149 2013 90 90 U+4E0A 508 1241 58 73 U+3092 334 1935 82 105 U+3068 1212 1731 38 82 U+308B 337 2562 50 69 U+307F 720 1531 28 72 U+3075 1172 1137 130 75 U+3064 1356 1348 75 66 U+305F 525 2108 36 66 U+3068 1562 2006 42 75 U+3066 152 1029 49 104 U+4EBA 487 1313 119 125 U+3055 164 1938 41 80 U+308A 716 1754 30 91 U+304D 336 1141 44 82 U+307F 343 672 42 51 U+9593 867 789 51 86 U+3057 1228 676 15 137 U+304A 668 1948 86 67 U+304D 1030 816 36 119 U+62F5 482 1942 105 107 U+3051 509 678 56 73 U+3075 133 1862 115 70 U+308A 398 2142 28 111 U+3089 373 880 23 82 U+3066 676 1812 58 92 U+3057 709 662 15 129 U+60B2 491 2244 90 92 U+7D5E 320 2054 111 95 U+3055 1380 1235 50 76 U+3057 1167 2267 17 140 U+3066 677 802 48 130 U+304B 532 1607 30 94 U+306E 1203 1068 59 71 U+72C2 138 1755 90 103 U+308B 860 1679 41 86 U+306F 167 1424 55 121 U+3057 568 2325 15 124 U+304B 366 823 25 62 U+304B 172 2240 26 70 U+3084 838 995 87 72 U+3064 336 1235 56 40 U+306B 165 1650 48 80 U+304B 523 948 44 112 U+8863 324 1826 91 103 seg_fp 326 1519 62 116 U+3089 532 1689 35 84 U+3078 817 1742 105 109 U+309D 360 1276 25 35 U+3066 333 2232 52 109 U+304B 863 2465 35 70 U+305F 362 2430 42 75 U+6D44 331 1681 66 107 U+306B 1559 1776 43 68 U+309D 713 2018 20 58 U+3078 562 2060 42 70 U+3066 1517 2281 53 117 U+309D 376 2501 31 65 U+305F 870 1616 34 61 U+3057 825 1740 32 211 seg_fp 201 1519 21 33,200003967_00008_1
U+9019 823 1009 121 142 U+76EE 1361 1011 65 92 U+5E74 491 1188 93 149 U+524D 1009 1477 92 160 U+4E8C 518 1104 66 56 U+653F 500 928 90 143 U+51FA 1348 1137 97 67 U+306F 827 2305 91 46 U+305D 853 1860 57 85 U+7B11 836 1255 116 121 U+305E 1198 1281 87 113 U+306E 1011 1702 88 80 U+4EBA 1005 1304 108 146 U+4E5F 1354 1919 119 73 U+306B 1175 2383 73 76 U+306E 1198 1427 68 68 U+6587 500 807 102 108 U+305B 1574 1096 66 60 U+306A 854 1700 70 93 U+6708 500 1479 86 116 U+6708 1202 1628 53 108 U+4EFB 1547 973 99 87 U+96D1 998 1803 93 112 U+3061 1352 1548 88 103 U+716E 1004 1924 78 122 U+4F4D 1351 1800 94 90 U+4E00 1018 1199 87 24 U+306A 1572 731 64 122 U+306B 856 1605 56 68 U+81B3 994 2066 101 95 U+5A18 1161 2253 108 110 U+4E00 1338 2412 90 26 U+3046 1396 1651 26 119 U+65E5 522 1742 52 57 U+6625 1318 2201 124 123 U+5EA6 1358 1220 88 150 U+3092 995 2171 73 110 U+305F 1573 853 49 98 U+6B63 501 1374 75 71 U+304A 1348 2010 93 65 U+4E94 1190 1529 62 59 U+3080 1549 1658 90 103 U+4E8C 846 1458 80 64 U+3082 1379 1452 45 63 U+8336 1325 2501 123 120 U+4E00 496 1668 111 31 U+3055 1369 1378 53 74 U+5C45 985 2321 79 109 U+3042 1554 643 80 88 U+308B 1202 2141 33 79 U+3066 976 2475 58 137 U+3089 879 2195 33 96 U+751F 1187 1786 53 101 U+304B 871 2120 31 77 U+3078 879 1412 84 36 U+304B 1372 2143 38 55 U+3051 848 1966 67 67 U+308B 1564 2003 41 80 U+3051 1556 1934 52 71 U+308C 1192 1897 51 135 U+308B 875 1786 32 72 U+305F 1194 2036 49 107 U+3055 865 2036 40 86 U+3089 1409 2072 30 100 U+3078 896 1203 62 31 U+306A 1539 1403 82 115 U+304B 1582 1756 41 80 U+3093 1543 1533 115 99 U+3053 1204 1182 65 94 U+3078 1583 1842 77 104 U+3078 1034 2430 61 99 U+306B 1578 1204 45 163 U+3064 876 1545 36 41 seg_fp 1571 1179 41 76,200003967_00009_1
U+3031 1048 1075 52 182 U+3031 1518 1458 54 207 U+6240 1254 1294 76 124 U+306E 412 933 68 90 U+6CD5 1618 1339 83 89 U+6708 1495 843 70 95 U+5E2B 1619 1439 85 127 U+8352 1350 1955 105 122 U+5BFA 1608 954 60 111 U+6B64 395 757 86 57 U+306E 1612 1069 74 91 U+4E16 375 833 101 77 U+5999 1586 735 93 97 U+6CD5 1365 2107 90 98 U+306E 532 1430 76 93 U+5C02 1607 851 59 88 U+304D 1363 1834 67 93 U+4E09 1510 741 52 67 U+3066 748 2339 84 92 U+7ACB 1024 747 67 84 U+306B 289 859 44 60 U+3044 417 1953 86 62 U+3042 267 2516 76 66 U+52D5 1018 980 79 121 U+898B 527 2449 79 80 U+8FDA 1613 1810 91 72 U+3042 1594 1181 91 71 U+306B 655 1827 72 65 U+4E03 1486 959 71 53 U+6CE2 262 747 89 103 U+3084 771 754 79 50 U+306B 770 2577 69 73 U+7230 767 2445 70 121 U+305F 1634 1584 50 82 U+3044 388 1567 87 54 U+3092 909 1240 97 103 U+898B 290 2072 79 85 U+5BB9 284 1870 101 97 U+3031 797 1662 61 231 U+307E 280 933 48 96 U+843D 888 2331 79 119 U+6C34 1133 2277 97 74 U+3084 506 1740 114 87 U+5E2B 1357 2221 91 144 U+89E3 1141 2127 83 135 U+3066 387 1461 85 90 U+4E38 1631 1728 77 65 U+3057 899 742 73 91 U+8352 1249 745 91 110 U+3082 304 1791 42 54 U+6210 1630 2312 69 85 U+3059 1502 1831 60 93 U+624B 672 1912 62 127 U+3066 868 1823 92 75 U+308A 905 2517 29 119 U+6765 1023 2022 65 119 U+3080 787 1549 73 104 U+3046 541 1832 30 123 U+307F 924 1452 41 86 U+3093 1487 2560 105 81 U+306F 669 1503 53 84 U+3075 1361 1106 84 82 U+868A 513 1307 103 111 U+304F 562 1606 32 117 U+3061 536 854 66 94 U+306B 1632 2235 62 69 U+307E 1276 1534 53 115 U+306B 1023 2415 64 76 U+308F 1041 1577 59 56 U+3066 1360 2587 88 65 U+305F 803 1339 42 107 U+89B3 756 1059 105 110 U+3064 882 1639 93 59 U+306E 1500 1103 60 61 U+3089 1513 1356 42 103 U+308C 792 925 54 124 U+306E 1138 1874 83 97 U+58F0 524 1078 70 197 U+982D 650 752 78 95 U+85BA 1231 2181 90 148 U+308D 1149 1651 74 58 U+5DFB 400 2398 104 111 U+9060 515 2034 88 109 U+3082 317 1992 33 47 U+3081 1512 2232 50 73 U+306A 406 2122 83 150 U+308A 1284 1730 32 125 U+3066 1012 1795 75 75 U+6A4B 894 1112 95 126 U+304F 1500 2437 63 52 U+9006 392 2279 101 100 U+3092 522 2591 93 72 U+307F 1267 2579 48 74 U+3081 1499 1917 69 106 U+306A 537 1530 67 75 U+5176 533 973 72 96 U+308A 1372 751 49 85 U+4F9B 1360 2431 81 76 U+540D 402 1043 71 86 U+904A 1125 898 96 107 U+96EA 1141 2022 82 88 U+3053 1630 1272 41 54 U+306F 904 1540 53 73 U+3075 883 1360 95 92 U+3051 304 1664 53 105 U+3044 653 884 56 43 U+305F 426 1623 45 87 U+308B 545 2538 37 49 U+5742 1250 969 98 84 U+308A 1066 1473 28 96 U+3092 650 2044 59 82 U+3044 1014 2508 82 53 U+3061 660 2550 51 102 U+304F 1396 1523 26 85 U+3053 675 1754 46 52 U+3075 1234 1207 108 67 U+304B 1491 1789 80 44 U+3092 1354 2334 71 92 U+3060 908 1896 78 126 U+304A 1138 1590 82 57 U+4E95 1257 865 56 69 U+307E 293 1255 44 110 U+306F 280 2615 69 29 U+3068 675 1120 42 92 U+3068 916 2228 35 91 U+7DB1 1140 1470 83 91 U+307E 407 1714 58 113 U+304B 651 1601 72 46 U+82B9 1244 2035 69 115 U+5929 1495 1165 81 78 U+3055 309 2216 34 75 U+3068 548 2369 32 69 U+6298 1144 1094 82 97 U+308A 1043 2221 31 101 U+308A 1060 1715 28 106 U+308B 551 2295 37 72 U+308A 1173 2563 33 92 U+9CF4 1023 1370 90 100 U+306B 524 1962 64 67 U+3064 640 946 84 71 U+3075 1122 1006 110 74 U+4E86 777 1203 58 118 U+308B 1513 2031 44 77 U+65E5 1508 1030 42 54 U+306B 1501 2142 65 76 U+308A 802 2212 24 122 U+307E 1365 1614 63 99 U+3068 1523 1682 34 93 U+305F 908 2437 41 83 U+3075 1125 2494 96 73 U+3068 1379 930 38 65 U+3046 1520 1266 32 92 U+3046 1391 839 20 103 U+98EF 1133 1371 96 80 U+3044 1263 1135 55 69 U+3068 1276 1052 32 84 U+3066 266 1476 45 120 U+308A 928 2150 28 90 U+898B 655 1232 74 117 U+9ED2 1142 2363 85 107 U+3055 544 2159 44 70 U+3051 1636 2472 44 54 U+3068 1052 1268 36 97 U+305F 1057 1632 39 87 seg_fp 1626 2130 66 86 U+304B 303 1610 31 59 U+305F 1386 1384 47 107 U+308A 298 2411 25 79 U+306E 788 1451 55 97 U+3082 555 1245 36 64 U+3068 802 1923 40 88 U+3066 1147 745 35 124 U+306B 1273 1447 40 85 U+305F 669 2422 48 98 U+6B8B 388 1147 114 113 U+3051 289 2344 35 69 U+304B 1647 1678 27 44 U+3057 918 1692 18 122 U+3075 1340 1037 118 58 U+304F 1388 1259 31 113 U+308A 1664 2392 23 92 U+8FBC 268 1137 81 91 U+3064 1240 2520 76 61 U+51FA 632 2138 90 70 U+306F 1496 2502 75 26 U+308C 691 1356 43 141 U+305F 918 832 44 82 U+3075 895 2027 88 124 U+304B 1278 1648 38 81 U+305F 1031 2139 48 76 U+307E 530 752 49 94 U+304D 301 1030 40 86 U+304B 552 2227 30 72 U+3057 1643 2008 23 124 U+306F 797 2137 37 77 U+308B 1640 2527 36 54 U+3066 1025 845 57 115 U+304B 1652 2592 36 36 U+304B 426 2051 46 69 U+3068 1396 1188 41 73 U+3068 430 1252 31 81 U+3089 1184 1257 31 86 U+3066 1491 2309 65 71 U+304F 430 2563 32 92 U+306A 1252 2359 66 72 U+3042 751 823 95 96 U+308A 315 2292 21 75 U+308B 680 1013 25 70 U+308A 917 912 28 94 U+3057 1020 2248 17 147 U+3044 1374 999 51 45 U+304B 1188 1191 27 69 U+3093 886 1045 103 66 U+3057 1176 1709 11 145 U+3057 1408 2503 17 109 U+547C 768 2022 89 110 U+308C 311 1367 48 122 U+3057 446 1823 15 128 U+3066 1251 1863 40 140 U+304B 1052 2557 36 66 U+3057 1407 1713 11 126 U+309D 1054 2626 20 38 U+3057 708 1640 13 99 U+309D 1522 2376 22 66 U+3068 1264 2425 47 81 U+3051 906 985 45 60 U+3057 696 2204 19 110 U+3057 449 1334 11 129 U+3048 297 2184 98 32 U+304A 1007 1884 92 63 seg_fp 1626 1897 71 54 U+3057 1086 1891 21 154 seg_fp 660 2325 47 75 U+3051 1163 2442 47 53 seg_fp 1636 1936 57 77 U+3064 653 2314 56 31,200003967_00010_2
U+3031 1054 2217 59 163 U+306E 1035 1686 68 90 U+3092 1254 1051 114 113 U+3059 305 866 72 130 U+6253 1507 1386 73 93 U+3031 1539 1186 51 171 U+8EAB 181 1872 58 141 U+3082 1038 1580 44 71 U+306E 1148 1528 73 72 U+6751 1503 878 85 80 U+70AC 1503 1850 84 81 U+306E 1513 986 63 48 U+306E 1403 1953 80 68 U+306E 927 1397 69 62 U+308D 304 1605 86 114 U+3031 1296 1758 56 184 U+306F 541 1770 69 49 U+3092 178 913 85 84 U+5E38 172 750 87 142 U+5883 184 1381 98 123 U+5185 923 903 82 81 U+65E5 303 1965 61 58 U+5927 303 1033 81 96 U+3092 1511 1942 61 102 U+5DDD 1389 1728 87 96 U+8557 1119 1361 101 132 U+308D 291 2150 92 122 U+3066 1394 2574 80 83 U+3092 769 2458 79 90 U+898B 1042 869 62 92 U+306E 925 1097 68 56 U+3066 1493 2281 107 83 U+5BB6 912 758 92 116 U+58F0 299 1125 106 110 U+591C 640 2074 99 119 U+308A 1429 2463 35 99 U+304F 797 1634 23 107 U+3092 779 1318 88 116 U+9B3C 777 1208 93 104 U+306E 917 2017 60 97 U+76EE 442 2496 58 84 U+5C71 782 1764 64 63 U+306E 664 1619 65 86 U+306C 301 1859 105 76 U+3031 456 2001 54 237 U+85B9 1136 1631 99 154 U+521D 642 1950 79 101 U+307E 1403 2374 73 90 U+3068 1537 807 33 60 U+308B 1047 984 42 60 U+3061 1515 2580 68 59 U+3042 1502 2383 85 61 U+3044 1029 2097 83 48 U+3092 1022 753 85 103 U+3080 191 1182 70 97 U+76EE 447 1283 60 89 U+308A 468 1716 36 98 U+306B 652 1520 81 74 U+3080 1268 2478 79 78 U+306B 922 1654 68 69 U+305D 775 2560 57 74 U+308C 798 920 46 110 U+304B 537 956 80 38 U+3072 303 1742 77 99 U+3072 786 1469 75 78 U+4E0B 1394 1832 64 88 U+3059 197 2512 51 99 U+4EBA 279 2306 109 150 U+7686 759 2049 104 119 U+3082 206 1679 45 58 U+3051 453 801 49 72 U+308A 1169 1235 35 105 U+5BFA 541 745 69 108 U+5165 522 1141 111 110 U+3064 1024 1499 72 50 U+308D 636 2521 95 114 U+3044 1031 1418 58 54 U+306A 1261 2553 81 76 U+5E30 1017 2399 98 88 U+6BCD 536 1674 98 65 U+6065 296 750 85 85 U+7121 285 2516 100 76 U+4E0A 1268 1374 71 55 U+3084 1506 748 77 42 U+306F 177 2384 83 35 U+304D 1134 915 54 89 U+3082 926 1933 45 81 U+3068 925 2410 43 75 U+306B 554 859 43 69 U+306B 323 1256 48 69 U+3055 1277 1595 58 97 U+754C 181 1537 108 112 U+306A 907 2129 66 106 U+3059 194 1013 48 97 U+5176 174 1751 70 105 U+3082 1051 1308 44 65 U+3066 1501 1746 65 84 U+601D 896 2502 99 84 U+3082 799 1939 34 66 U+308B 1168 2575 36 59 U+305B 671 1710 60 60 U+3042 1256 759 79 79 U+3051 1540 2153 51 91 U+3031 804 2154 57 179 U+8896 757 2370 99 85 U+3055 183 2430 52 80 U+3055 1416 2303 37 61 U+4EBA 420 2344 108 132 U+8882 1129 1026 95 94 U+3061 1522 2452 50 70 U+3084 528 2021 86 69 U+3066 430 1074 53 115 U+5BC4 437 896 76 99 U+3051 1275 2269 45 69 U+4ECB 1247 1965 95 96 U+306B 665 1297 70 72 U+305D 1049 2165 50 70 U+308B 1287 966 34 66 U+3082 451 2584 34 51 U+3066 1274 1447 47 131 U+6CE3 306 1376 63 86 U+3051 682 923 38 67 U+304B 1515 2055 64 44 U+308A 1291 1242 29 118 U+51FA 1137 2438 92 67 U+3088 450 1840 63 85 U+308C 910 1480 88 75 U+308A 470 993 26 101 U+7FA4 1480 1508 116 134 U+3051 1276 895 37 73 U+62B1 1234 2086 99 73 U+3066 1029 1243 50 66 U+306B 186 2012 52 89 U+304A 529 2143 98 51 U+4EBA 763 1829 113 146 U+308A 1303 836 26 83 U+898B 450 1391 76 118 U+308A 1551 1630 29 89 U+306F 1410 1340 40 94 U+4E00 1392 1217 74 24 U+5CA9 1392 2058 77 113 U+3068 461 2237 36 100 U+3053 1157 2109 59 53 U+91CC 1410 1257 49 71 U+308C 1170 2288 67 125 U+3057 1163 757 12 139 U+3089 803 836 30 87 U+3078 936 1030 52 28 U+3066 170 2256 41 105 U+308A 1416 1535 30 140 U+3066 1030 2576 70 73 U+304B 456 744 24 56 U+306B 1405 1115 49 65 U+3088 466 1614 38 98 U+3068 944 1734 29 51 U+4E00 445 1225 61 22 U+3051 1065 1138 59 100 U+306C 526 1392 100 109 U+635C 1383 758 93 112 U+307E 1274 1694 65 84 U+6210 179 2106 77 100 U+305F 1162 2506 49 70 U+3084 771 749 84 82 seg_fp 1011 1063 109 78 U+306B 305 2438 51 50 U+306F 1408 2219 58 78 U+307F 661 1161 95 126 U+307F 929 1173 32 52 U+3088 1156 1139 55 91 U+3068 683 1068 45 81 U+3072 909 2602 79 58 U+308A 219 2205 19 82 U+308B 463 1533 37 80 U+3061 550 1520 56 85 U+304B 198 2616 24 42 U+306B 1275 2411 52 56 U+3093 902 2312 101 82 U+3053 1527 2532 44 35 U+305D 555 2207 49 94 U+3068 1295 1168 39 73 U+904E 640 2214 77 112 U+308A 1081 2488 18 82 U+3051 1410 987 34 52 U+7D5E 654 750 97 98 U+56DB 1142 1978 84 52 U+3051 935 1289 59 100 U+308B 218 1276 27 68 U+3084 902 1240 82 52 U+4E09 1152 1825 67 81 U+3046 942 1552 21 90 U+308B 691 984 28 66 U+304F 1045 1938 35 137 U+308A 719 849 21 90 U+3057 1451 864 11 152 U+3057 909 1783 71 144 U+308B 1290 2332 35 65 U+306B 1416 2161 59 53 U+3068 550 2484 56 119 U+308C 545 1264 56 121 U+308B 1417 1041 29 52 U+4ECA 535 1851 99 146 U+308B 670 2328 31 65 U+304D 546 1033 54 100 U+304B 1415 1436 33 96 U+3057 831 1539 10 129 U+307B 1138 2187 101 95 U+4EBA 1497 1060 95 104 U+309D 215 1109 25 40 U+3064 1174 1911 35 36 seg_fp 650 1386 90 48 U+3057 577 2300 16 150 U+3089 936 2233 37 94 seg_fp 468 1929 21 64 U+309D 1549 2098 21 58 U+3053 659 2436 55 73 seg_fp 675 1435 38 57 U+3053 309 2058 47 90 U+3057 1325 2167 18 129 U+309D 579 1613 19 32 U+3053 318 1506 51 103 U+3064 1165 2033 37 28 U+3066 788 1055 52 132 seg_fp 1031 1807 65 51 seg_fp 1054 1855 41 88,200003967_00011_1
U+3031 410 665 39 137 U+306E 1630 1557 69 59 U+306E 618 2461 53 90 U+306C 1609 2310 91 74 U+5C4D 1348 1403 96 133 U+6625 499 1338 90 128 U+8557 610 2039 100 128 U+3089 1258 671 44 80 U+3080 1620 1659 83 80 U+8EAB 250 2275 77 155 U+3082 1362 2374 41 60 U+306E 1619 954 59 53 U+3092 396 820 73 93 U+306A 276 1013 66 95 U+84B2 605 2215 102 120 U+4E0B 648 1380 67 74 U+7269 1352 1011 94 81 U+5207 261 1759 70 67 U+3044 265 953 74 43 U+3044 1354 1130 91 52 U+306E 656 1307 53 50 U+305F 536 668 53 91 U+96EA 649 1195 74 83 U+308F 1006 1967 67 56 U+5439 487 1489 94 94 U+306E 652 912 56 55 U+96EA 492 2331 69 85 U+3031 673 761 56 130 U+4E5D 1242 2060 82 52 U+306E 1147 1236 66 73 U+3084 253 864 74 53 U+306C 1119 1927 91 103 U+5915 1361 675 56 94 U+306B 1246 1966 70 59 U+6708 648 1008 55 82 U+306B 1631 1374 52 72 U+3072 1007 1160 82 90 U+3051 398 1299 58 72 U+898B 275 662 58 99 U+306F 1154 663 40 93 U+9580 1480 2058 78 93 U+3092 1477 2476 66 87 U+3044 1006 1691 89 53 U+840C 1002 1543 97 134 U+3084 1004 1362 91 94 seg_fp 861 2466 104 100 U+76EE 1362 2284 49 77 U+3092 1016 2223 79 108 U+306F 1520 662 40 76 U+9577 644 682 70 101 U+308B 1378 2179 31 84 U+6069 1617 670 85 90 U+6B64 381 2170 85 52 U+91CE 1231 2214 81 83 U+6642 493 1970 80 89 U+3072 1491 1506 77 78 seg_fp 873 2206 73 37 U+308B 289 787 32 63 U+3082 1362 2003 36 71 U+4E16 363 2242 101 78 U+304A 1131 782 82 44 U+306E 386 2343 70 49 seg_fp 888 1586 63 70 U+3084 515 1003 105 72 U+9593 488 2430 69 81 U+3064 254 1582 87 78 U+3066 1351 2512 52 60 U+3092 499 2057 60 77 U+98A8 504 1623 83 134 U+516C 605 2363 80 49 U+306B 392 1400 56 60 U+306B 1274 1211 38 94 U+7B11 1498 1370 88 112 U+305F 1494 2326 34 85 U+3046 417 919 33 120 U+76EE 1621 1994 57 81 U+3057 637 1555 82 93 U+306C 1239 755 83 98 U+305F 645 1847 43 94 seg_fp 886 1675 77 84 U+4F9B 1145 1334 71 73 U+308B 645 1938 36 81 seg_fp 872 1168 77 81 U+306A 1140 1692 72 104 U+3068 295 1451 35 106 seg_fp 899 1253 66 82 U+3064 1118 1523 89 78 seg_fp 864 2351 89 21 U+8349 259 2040 79 124 U+306F 1366 854 51 108 U+9996 395 1493 52 91 U+306B 1143 1433 56 69 U+68FA 1129 1116 83 92 U+308B 1262 1871 33 80 U+304D 1029 1263 60 76 U+5FC3 1616 1489 95 47 U+4E5F 1529 811 58 55 seg_fp 875 1847 62 64 seg_fp 880 2045 88 59 U+65E6 1503 1011 66 91 U+8349 999 2094 78 128 U+306B 267 2448 62 69 U+3064 1615 1141 70 122 U+3051 1645 2224 54 74 U+308C 1261 2490 42 78 U+3072 641 1734 77 103 U+3042 1339 2445 80 58 seg_fp 905 2117 34 71 U+601D 1010 1038 86 91 U+306A 1600 1262 113 119 U+304D 1620 1033 52 109 U+306A 1247 2419 57 72 U+306E 501 1808 70 99 U+3064 260 1296 77 74 U+308A 306 1366 22 91 U+3051 1513 869 38 59 U+308B 1489 2410 37 62 U+306B 1368 775 36 81 U+307F 299 1655 34 86 U+306B 664 1473 40 51 U+306F 1506 1212 62 120 U+65E5 1251 2128 48 49 U+3066 498 2237 49 88 U+307E 1260 1106 60 95 U+65E5 652 1119 50 46 seg_fp 877 1050 84 96 U+3055 1251 1026 58 80 U+3059 1626 1759 55 102 U+308A 1535 735 26 75 U+308C 1150 921 52 117 U+3078 399 1883 64 120 U+4E0B 1019 1456 68 82 U+3057 1228 1708 77 100 U+3042 1241 1425 75 89 U+3084 259 1115 84 105 U+307B 277 1208 65 72 U+308C 404 1035 55 116 U+305D 1259 1322 55 78 U+306B 1504 1129 45 83 U+3068 1374 2100 35 80 U+3057 1483 1721 84 99 U+3055 406 1608 39 88 U+307B 1620 2080 76 76 U+306E 1143 841 60 80 U+306F 1380 1177 36 90 U+305D 1026 1762 47 89 U+306E 390 1803 70 77 U+3042 1238 864 79 80 U+3092 529 1092 63 119 U+3072 527 874 70 82 U+304F 1024 1845 47 107 U+5F97 496 2146 59 84 U+3072 1619 1869 78 96 U+308A 1396 1709 30 88 U+308A 1163 1797 25 123 U+3089 282 1857 35 63 seg_fp 896 1328 50 71 U+306F 1625 2393 56 33 U+3068 1382 1523 30 87 U+306C 1352 1282 98 105 U+3089 1176 1602 27 77 U+3082 1160 1043 34 50 U+660E 383 2404 92 62 U+308A 1527 926 23 69 U+3051 1252 1564 42 72 U+51FA 1463 2180 93 73 U+9001 1228 2309 88 104 U+306E 273 2168 60 82 U+6210 1363 1614 75 97 U+3066 1477 1915 51 108 U+308A 1291 946 25 82 U+308A 1533 1824 29 108 U+308A 429 2467 30 79 U+304F 540 778 33 90 U+3068 1633 2153 48 70 seg_fp 858 1404 100 87 U+308A 1290 1508 23 82 U+3089 546 1217 30 98 seg_fp 921 1758 17 106 U+306E 1484 1610 79 76 U+304B 1029 2045 26 35 U+306E 651 1651 56 87 U+308B 1268 1635 23 47 seg_fp 914 1495 26 81 U+3057 427 1147 14 122 seg_fp 883 1921 88 107 U+3057 1538 2227 18 160 U+3057 424 1695 13 92 U+304B 1263 1809 26 68 U+611B 1624 790 85 78 seg_fp 1640 857 80 63 seg_fp 288 1920 25 56 U+3066 396 2028 44 124 U+3066 1362 1836 52 131 seg_fp 297 1980 21 49 seg_fp 1629 2436 54 125 U+309D 1539 1677 22 35,200003967_00011_2
U+4ECF 1399 1853 95 122 U+3082 1265 659 41 73 U+306E 1524 1888 76 85 U+9905 163 1051 99 136 U+5E2B 1509 1495 78 138 U+82B1 426 1036 81 88 U+6CD5 1507 1380 80 86 U+306E 1262 1349 69 84 U+4E38 1499 1286 83 67 U+4ECF 1262 752 72 71 U+306E 178 1902 75 59 U+306E 1519 1659 66 72 U+751F 1260 841 55 104 U+306E 673 1238 61 61 U+6728 1385 1290 89 76 U+56FD 1388 1376 67 94 U+5927 674 1028 73 80 U+67F3 295 1990 86 107 U+8336 1008 2440 115 103 U+5C3E 649 1453 98 120 U+7230 905 1299 52 111 U+6728 432 1658 76 94 U+306E 783 1239 74 72 U+5C0F 666 1984 69 51 U+304A 1016 1050 81 51 U+3081 1389 970 66 73 U+5F97 1255 980 69 125 U+3092 897 1425 81 94 U+8179 164 1187 93 110 U+307E 1387 669 73 80 U+9DF9 1499 1108 78 154 U+76D7 891 1525 85 108 U+5C0F 444 1961 65 49 U+5C3B 659 1323 68 117 U+306A 1503 897 85 87 U+82B1 901 1195 76 82 U+3092 172 1315 78 77 U+306E 909 1128 57 59 U+732B 658 1133 78 86 U+6210 1405 1746 90 101 U+306C 300 1242 58 84 U+309D 330 2552 28 28 U+96F2 794 2059 56 109 U+677E 770 1032 90 64 U+306A 537 1770 63 68 U+5E33 430 2135 101 113 U+306B 1032 1565 45 88 U+7686 1399 1637 93 90 U+8349 1383 1155 73 104 U+306A 1531 2304 59 105 U+306F 1525 996 40 75 U+308A 1546 754 26 124 U+3053 194 1400 42 46 U+5CF6 769 1108 86 115 U+6885 896 1028 79 99 U+304F 799 1963 32 86 U+958B 433 2038 75 84 U+309D 798 2534 31 25 U+3059 1033 1955 59 101 U+4E09 550 1166 45 68 U+3084 1368 1056 91 74 U+96C0 788 2177 74 93 U+3064 162 1986 84 50 U+4E00 1022 2346 95 19 U+6089 1393 1536 95 94 U+7A42 173 2126 73 106 U+306A 663 1710 74 85 U+3068 1417 1982 38 96 U+3084 418 1327 90 82 U+901A 288 1036 75 105 U+9670 408 1768 92 92 U+308C 1032 1119 57 83 U+66AE 786 1574 67 117 U+304D 181 2048 50 74 U+3089 334 1881 35 78 U+306A 1522 661 71 83 U+6708 916 2054 59 149 U+3084 1393 2155 77 90 U+308A 322 1143 27 88 U+306A 1272 1541 69 100 U+309D 477 2549 28 25 U+3081 911 1651 64 59 U+306A 297 2176 108 110 U+3051 339 1327 50 105 U+306F 791 1523 50 28 U+3082 455 1866 31 64 U+5C0F 778 1338 68 42 U+3066 679 1585 39 109 U+9685 765 1398 92 79 U+309D 925 2518 23 28 U+306A 188 1464 63 64 U+3089 1410 853 28 97 U+307F 1007 1737 93 120 U+308C 1410 2320 53 132 U+3089 1059 1861 28 76 U+3061 432 1146 56 74 U+3055 1394 762 48 88 U+8A63 535 1848 75 89 U+54C9 164 2234 83 99 U+3089 1423 2454 41 105 U+3059 922 1942 57 117 U+309D 191 2554 26 31 U+304B 1389 2256 81 63 U+6708 554 1263 45 93 U+4E03 548 1452 55 51 U+305B 303 1454 69 72 U+309D 678 2530 43 27 U+3066 1019 1427 45 106 U+306B 1279 1460 43 78 U+3068 927 1711 40 94 U+57A3 287 1735 88 87 U+3068 1055 1217 49 85 U+3089 212 1788 25 92 U+3093 1257 1640 98 129 U+308B 457 1221 29 73 U+304B 200 1648 24 40 U+3066 172 1713 63 74 U+304B 1514 2252 79 51 U+571F 1406 1483 48 46 U+65E5 557 1531 37 48 U+3075 638 1798 95 86 U+86D9 1019 2104 87 82 U+54C9 1031 2188 68 82 U+89AA 1499 1751 93 120 U+304B 322 2107 32 70 U+304B 1417 2075 34 85 U+304F 1533 2110 36 119 U+304B 334 1821 35 61 U+304B 924 2216 31 39 U+54C9 656 2178 75 97 U+307B 537 1598 62 76 U+308B 458 1584 30 58 U+9CF4 778 1864 90 85 U+3042 427 1484 72 99 U+8776 654 2063 93 113 U+3057 1547 2410 21 127 U+3057 1068 1298 16 147 U+5341 548 1374 39 65 U+3055 920 1838 46 100 U+305F 1257 1109 77 121 U+308B 1271 1245 47 64 U+3057 217 1527 12 93 U+3089 1043 1654 36 84 U+72EC 1137 1372 84 78 U+3066 764 1714 47 110 U+308B 693 1884 25 52 U+3057 581 1636 21 135 U+308B 1053 2046 34 41 U+3068 448 1394 32 84 seg_fp 1512 1985 70 127 U+5750 1153 1453 81 63 U+3082 1321 1301 26 35 U+3068 324 1619 41 92 seg_fp 341 1527 24 55 U+3088 316 1555 41 77,200003967_00012_1
U+3031 424 1711 61 192 U+4ECF 777 2078 77 91 U+306E 784 1057 72 56 U+306A 1037 963 68 90 U+4E2D 660 1311 69 65 U+9577 775 957 71 91 U+590F 1011 1841 79 124 U+8EAB 397 1163 69 140 U+3092 763 1206 97 108 U+3031 1275 1056 65 165 U+9593 766 1577 77 92 U+65E5 787 1143 54 50 U+3092 1017 1529 84 85 U+3075 403 1581 76 87 U+6B63 1505 974 74 61 U+3081 1514 1797 57 84 U+75C5 527 1336 108 103 U+3031 292 1851 50 146 U+306E 1500 1893 64 81 U+5F8C 528 1476 93 101 U+751F 787 2010 46 67 U+306E 1623 2002 59 54 U+3084 1492 1182 81 78 U+306B 417 1492 52 67 U+5F85 1249 1318 68 103 U+3080 1384 1186 69 67 U+4ED5 268 1322 71 55 U+6751 1599 1124 80 78 U+3084 1600 1233 84 59 U+8336 1025 2382 110 117 U+96E8 636 1147 84 73 U+5C4B 1383 1094 85 74 U+85AE 1612 962 80 133 U+591C 1509 1284 76 118 U+536F 909 1260 60 64 U+309D 668 2444 34 32 U+4F11 664 1393 80 94 U+4ECA 656 1784 101 157 U+3082 671 1224 42 63 U+6708 895 1348 66 96 U+3061 1257 1745 65 96 U+306F 796 1365 40 74 U+3042 1600 1594 78 80 U+4E00 1015 2254 93 20 U+6708 1519 1051 46 106 U+7D19 406 1917 87 91 U+8A95 757 1907 99 96 U+3068 1274 1212 39 66 U+306F 285 1599 50 94 U+306E 1028 1983 55 58 U+304F 790 1460 28 78 U+306F 1504 1423 54 31 U+96E8 276 1137 75 78 U+4E94 275 955 58 50 U+8336 1386 974 79 104 U+6708 293 1021 39 93 U+65E5 669 1966 47 54 U+685C 1366 1878 96 97 U+3082 294 1222 38 55 U+309D 795 2442 33 26 U+304B 1274 1848 30 47 U+309D 286 2463 29 29 U+307E 1622 1301 47 86 U+4E94 660 966 64 53 U+685C 1235 1904 88 115 U+308A 1621 1745 34 88 U+3061 415 957 55 84 U+306E 1388 1315 59 56 U+516B 895 1493 76 39 U+3068 430 1271 32 75 U+5E33 411 2009 77 83 U+5EFB 281 1405 56 73 U+8336 1597 2405 105 98 U+6708 672 1023 39 93 U+591C 1375 1428 90 105 U+6253 1018 1617 73 95 U+8FDA 1497 1612 78 83 U+306E 415 1118 66 53 U+6708 1509 2006 54 137 U+3082 1623 1828 31 55 U+308C 1622 1481 52 88 U+6708 1021 2041 54 123 U+3046 1532 1713 25 88 U+309D 424 2461 31 29 U+306A 1360 2057 125 102 U+82B1 1597 2107 100 63 seg_fp 1617 2060 60 45 U+309D 1513 2469 32 25 U+304B 686 1547 36 56 U+54C9 410 2102 61 70 U+3055 1033 1149 40 84 U+3089 1050 1447 37 79 U+306A 273 2086 121 90 U+3082 427 1405 34 67 U+308B 1261 1469 40 82 U+307F 1021 1236 76 107 U+306F 413 1681 44 33 U+4E5F 1035 1712 77 99 U+307F 710 1500 30 49 U+305F 1615 1671 42 75 U+6885 1609 1896 96 98 U+304B 795 1314 33 46 U+3068 428 1354 30 52 U+308F 1029 1393 45 56 U+306A 1233 2099 134 96 U+3088 1525 1470 38 76 U+4E00 1614 2259 84 21 U+306E 285 1484 53 71 U+767D 1242 2248 57 75 U+3057 810 1775 14 118 U+306A 785 1705 56 73 U+309D 1369 2472 40 22 U+308A 439 1040 33 79 U+3088 683 1652 49 76 U+308F 1394 1569 35 61 U+3089 1429 1248 26 71 U+65E5 905 1569 37 46 U+305F 1261 1414 38 56 U+304F 1640 1385 26 74 U+304F 1061 1052 30 79 U+3046 1269 1629 27 123 U+308A 299 1775 24 94 U+304B 1392 1988 32 67 U+98DB 1239 2403 96 99 U+304B 295 1994 34 93 U+306F 649 2128 65 37 U+308B 1531 1545 22 58 U+7FCC 1260 965 70 98 U+3057 1409 1737 12 110 U+3082 791 1660 31 45 U+4E00 1378 1379 66 24 U+304D 1398 1635 30 102 U+3089 307 1691 21 94 seg_fp 702 1599 22 60 U+306B 1426 1539 24 20 U+304B 1262 2023 32 77 U+309D 1276 1551 17 30 U+306B 1069 1339 22 22,200003967_00014_2
U+5BF8 1502 1705 88 97 U+547D 1229 1842 98 146 U+5E0C 252 2375 87 112 U+5EA6 249 1158 82 97 U+3031 1020 1148 70 170 U+6B64 1093 1059 109 62 U+5165 116 1690 97 71 U+590F 1109 1904 65 111 U+5750 1100 2054 108 78 U+3084 485 1294 86 97 U+677E 483 1069 92 78 U+92AD 616 1597 97 122 U+6210 110 1315 94 94 U+4E5F 1114 1800 74 64 U+65E5 1367 1309 50 53 U+4E00 1357 2369 93 26 U+306E 994 1335 80 63 U+53C8 1337 2203 118 68 U+98A8 1112 1177 82 111 seg_fp 1368 331 65 72 U+53E4 737 1060 65 79 U+9752 990 1963 67 117 U+306E 1358 1217 74 65 U+7530 991 2105 63 53 U+9003 119 1562 88 101 U+8336 1360 2476 98 100 U+9670 481 1177 95 93 U+306E 623 2104 67 57 U+877F 721 1357 125 92 U+306F 737 1289 65 37 U+9670 1483 1818 131 111 U+65E5 1527 998 52 68 U+6577 1117 2179 72 109 U+3088 1390 1907 35 74 U+5C0F 620 1536 69 40 U+5F15 971 1614 99 118 U+9650 1222 1740 91 98 U+8D77 970 1069 103 99 U+82B1 618 2168 93 109 U+866B 1368 1815 67 77 U+86CD 135 1860 77 89 U+4E0D 1500 1480 80 77 U+5BDD 494 1423 83 146 U+590F 254 1979 68 98 U+306E 504 1865 65 78 U+84EE 613 1989 88 97 U+86C9 238 1621 83 92 U+9650 1218 1421 95 91 U+8DB3 1113 1522 83 93 U+3082 1378 1388 37 51 U+7247 120 1072 59 66 U+3084 598 1421 85 95 U+68D2 1343 1462 99 129 U+6B32 970 1420 113 88 seg_fp 1128 325 53 66 U+6756 259 2512 102 88 U+76F4 607 1060 73 96 U+3066 138 1424 29 109 U+308A 762 2180 33 75 U+84D9 487 1608 81 101 U+90F7 704 1183 122 60 U+8336 135 2497 90 101 seg_fp 1373 477 73 65 U+6020 1499 1314 102 108 U+3092 754 1783 69 89 U+76EE 1003 1522 47 70 U+6577 262 2199 84 104 U+7A0B 605 1747 82 80 U+606F 134 1166 69 86 U+3082 1391 2132 31 59 U+5750 493 2090 96 78 U+54C9 990 2171 61 95 seg_fp 967 336 53 57 U+3066 256 1373 46 107 U+7AE5 373 1543 80 111 U+6B32 1218 1537 104 90 U+308B 151 1772 33 54 seg_fp 1206 330 53 68 U+306B 1121 1332 54 64 seg_fp 540 434 57 46 U+3051 1366 1056 57 60 seg_fp 784 331 58 65 U+5EA7 253 2084 77 95 U+3075 1312 1116 128 83 U+63BB 235 1273 113 87 U+309D 1011 2557 26 28 U+3055 763 1891 58 86 U+3084 247 1924 76 73 U+7121 1221 1315 86 79 U+4E0D 1108 1440 75 64 U+3051 753 2128 43 54 seg_fp 974 397 42 66 U+307E 267 1792 47 80 seg_fp 1052 424 52 47 U+60DC 1493 1572 107 120 seg_fp 690 338 58 67 seg_fp 778 398 76 80 seg_fp 1521 324 62 69 seg_fp 1520 514 62 69 U+3075 1352 1620 94 98 U+309D 771 2561 31 23 U+4E00 487 1744 81 24 U+6709 1229 1625 56 99 U+308B 1014 1878 40 60 U+6577 509 2178 69 97 U+3044 1113 1647 71 56 seg_fp 1524 402 51 53 U+3064 524 1788 42 37 U+873B 238 1484 96 124 seg_fp 886 463 38 58 seg_fp 893 416 29 37 U+309D 641 2571 30 25 seg_fp 1049 337 61 69 U+7FCC 1358 2007 78 116 seg_fp 880 340 56 62 U+304D 623 1189 52 77 U+590F 512 1952 45 94 U+3075 1085 1711 109 70 U+4E09 263 1058 49 72 U+4E00 149 2376 65 18 U+5504 372 1695 93 76 U+309D 1138 2568 28 21 seg_fp 1525 463 56 43 seg_fp 1281 332 52 57 U+309D 535 2568 31 25 seg_fp 1118 406 63 72 seg_fp 1294 516 49 59 U+3092 879 1790 73 133 U+308B 275 1869 27 52 seg_fp 1359 404 75 72 seg_fp 139 2050 69 92 U+308A 1406 1713 24 84 U+3068 270 1722 30 63 seg_fp 532 342 65 68 U+4E16 586 1300 102 93 seg_fp 794 495 54 63 seg_fp 1455 327 54 79 seg_fp 970 498 47 65 U+601D 871 1466 81 96 seg_fp 1123 506 59 56 seg_fp 615 394 58 58 seg_fp 1220 536 32 44 U+3005 1543 1110 24 46 seg_fp 1210 438 62 68 seg_fp 614 342 60 45 seg_fp 1051 516 62 68 seg_fp 867 522 72 65 U+3075 856 1567 103 71 seg_fp 702 529 58 66 U+61C8 1485 1195 123 112 seg_fp 1389 549 29 36 seg_fp 1461 417 57 64 U+3057 792 1975 14 116 U+306B 166 1274 30 19 U+304B 154 1991 35 56 U+306B 797 2105 28 24 seg_fp 700 442 66 71 U+5F35 959 1768 109 123 U+4EBA 744 1627 95 163 seg_fp 528 490 62 65 U+306B 918 1416 28 23 seg_fp 730 408 20 24 U+984C 361 1428 85 81 seg_fp 176 2135 12 127 seg_fp 614 1846 66 110 seg_fp 1294 469 55 40 U+5FC3 860 1344 104 56 U+8FC4 751 1481 72 133 seg_fp 617 530 58 42 seg_fp 1287 425 59 45 seg_fp 655 455 27 43 seg_fp 618 499 52 37 seg_fp 1052 487 31 19 seg_fp 1299 389 35 38 seg_fp 1245 512 15 19 seg_fp 971 463 22 21,200003967_00018_1
U+3031 1255 1323 62 210 U+306E 1631 1635 76 89 U+6240 1613 1735 98 169 U+308F 1598 699 72 57 U+4E2D 640 2285 91 177 U+5999 387 1725 123 145 U+306E 881 1130 91 80 U+754C 1338 1040 111 128 U+306B 1615 1900 84 76 U+3090 763 1506 59 150 U+6DF5 1610 1110 79 137 U+8986 868 822 85 151 U+306A 1486 814 65 131 U+82B1 274 1319 108 121 U+306E 295 1450 73 73 U+304A 531 2444 88 66 U+63C3 628 1627 109 120 U+4E39 1466 1202 94 92 U+82B1 1001 1756 98 119 U+3057 417 2364 84 92 U+53CB 1597 841 85 106 U+56FD 1356 1941 86 114 U+7ACB 1146 2224 82 98 U+3031 1277 2277 57 232 U+3072 644 1767 79 79 U+96E8 869 719 84 74 U+3072 1474 706 78 87 U+306E 1374 2091 80 55 U+9EC4 517 946 59 134 U+3072 869 1022 83 80 U+307B 1126 797 82 80 U+54B2 1458 1326 109 119 U+3070 305 2376 63 66 U+3092 1368 2455 71 86 U+3064 1498 2167 85 67 U+3092 403 2249 71 86 U+3044 1499 1985 70 51 U+306A 885 1476 70 122 U+308D 754 1266 83 108 U+306B 283 2284 82 65 U+304A 1113 1224 96 51 U+306B 1648 2276 58 54 U+4E5F 1378 1587 71 104 U+3057 1012 2164 76 91 U+308F 1252 1197 50 59 U+5176 649 2119 77 125 U+3044 525 1372 70 47 U+4F1D 1347 720 94 101 U+3081 279 717 54 64 U+306B 1008 1088 70 77 U+900F 625 730 93 154 U+3092 1001 2032 75 102 U+306A 414 1903 74 105 U+306F 1367 1324 54 34 U+7A0B 398 1032 76 100 U+4EBA 1362 2154 118 151 U+5929 1634 1987 94 90 U+306B 1014 1662 65 70 U+308D 402 797 67 112 U+304A 1116 729 90 46 U+308A 1511 1668 32 122 U+7D2B 749 1684 97 155 U+306E 770 2177 90 63 U+3064 399 2477 93 70 U+3082 1388 2301 36 57 U+76EE 542 2197 64 100 U+898B 1249 1555 80 105 U+4ECA 879 1774 95 156 U+304F 761 1002 32 101 U+958B 638 1379 76 102 U+308A 1153 954 32 101 U+305D 1376 1809 50 104 U+4F8D 1004 724 82 110 U+9688 1331 1198 107 100 U+9ED2 513 711 76 86 U+7261 1462 1094 100 81 U+3064 382 1221 105 89 U+3066 278 790 49 136 U+3072 1022 2452 70 87 U+308A 739 719 68 89 U+305F 669 1861 42 120 U+306A 627 1114 87 161 U+3055 1352 1388 80 86 U+306F 527 1301 55 29 U+304D 1125 1084 66 98 U+304F 1654 2429 32 102 U+306B 1146 2094 71 71 U+52B4 1223 735 65 126 U+9055 523 1780 86 160 U+304B 1622 777 30 45 U+3075 269 942 91 96 U+3055 1250 1266 43 77 U+305F 1652 2347 43 84 U+3072 277 1217 82 83 U+8FDA 1487 1871 91 87 U+3042 259 1550 99 101 U+69D8 860 1939 120 100 U+3059 554 2061 45 114 U+5712 996 1899 83 114 U+3092 279 1948 89 120 U+3072 1504 2074 61 75 U+3066 1350 889 50 129 U+3088 1159 2344 49 85 U+7D05 757 1414 77 80 U+3082 1155 1515 43 53 U+3055 774 2282 54 93 U+3072 513 1449 84 82 U+3088 1378 1718 45 93 U+3057 755 1138 82 95 U+3068 539 823 47 97 U+3059 405 939 49 72 U+3092 537 2315 67 83 U+3068 416 707 29 83 U+3064 991 2287 89 80 U+306A 507 1096 80 103 U+307E 747 2382 118 115 U+8DB3 1359 2383 98 78 U+306B 666 2483 54 56 U+308A 1170 2428 24 109 U+9593 1005 1268 70 93 U+308B 436 2006 32 74 U+8500 868 1251 91 146 U+306E 1265 2105 66 113 U+306E 1130 1285 64 92 U+65E5 1262 2238 52 56 U+5FC3 402 2184 100 49 U+3082 1271 2014 34 91 U+306A 751 1996 97 150 U+306F 1023 1382 37 88 U+3081 412 1143 52 72 U+308A 677 1983 28 119 U+306B 526 1699 67 67 U+308A 1040 837 26 86 U+308A 1028 1551 27 98 U+3066 1232 1045 40 120 U+304D 1497 941 66 117 U+307E 281 1842 75 99 U+304F 422 1574 29 104 U+304F 655 1261 20 83 U+306F 550 1960 42 99 U+304D 1500 2363 51 96 U+3055 295 2463 42 70 U+306F 776 1874 40 104 U+3066 887 2395 60 143 U+901A 1123 1749 92 117 U+308A 325 1649 27 112 U+3068 1637 1243 36 77 U+304D 659 1493 52 84 U+305F 292 1032 46 86 U+3057 756 862 20 152 U+3057 423 1343 20 222 U+3051 1156 1589 52 58 U+305F 1503 1577 44 92 U+304B 1153 890 21 63 U+601D 281 2082 86 93 U+3057 1267 875 12 156 U+308B 1030 991 32 69 U+3089 1410 1476 27 85 U+304B 1659 2094 26 47 U+304B 435 2117 23 44 U+3051 1022 920 40 76 U+308C 1151 1383 46 121 U+3051 1187 1944 50 120 U+4E94 1013 1191 46 58 U+3075 1131 1652 101 84 U+308B 1277 1920 30 78 U+3055 267 1746 60 86 U+4E0B 1635 2152 65 98 U+3057 555 1547 11 148 U+9593 649 916 44 94 U+3089 462 1311 31 85 U+3075 268 2188 103 68 U+304D 1500 1473 44 104 U+3082 660 1008 32 70 U+9B5A 1617 979 59 95 U+3081 892 2060 85 76 U+3044 1627 1323 59 69 U+308B 540 1197 34 72 U+3089 1036 2365 39 90 U+306B 1258 1688 43 78 U+309D 788 813 20 53 U+309D 1523 2458 21 67 U+304B 1034 1468 25 86 U+3078 1379 836 67 82 U+3075 1617 1386 93 71 U+3068 905 1595 46 126 U+3057 919 2212 20 151 U+304B 1183 1865 24 77 U+304B 416 886 27 56 U+304B 908 2133 34 82 U+304D 1512 2245 45 87 U+309D 307 1116 25 70 seg_fp 924 1389 17 70 seg_fp 1606 1564 118 53 U+6765 1249 1777 59 146,200003967_00019_2
U+3031 372 1758 53 183 U+306E 353 1175 74 70 U+3031 1091 1309 70 224 U+304A 1211 721 86 64 U+536F 343 1049 78 101 U+306E 1454 1378 74 64 U+751F 1440 2070 61 114 U+306A 1206 959 73 133 U+3044 1290 1705 100 62 U+306E 1462 983 65 61 U+3084 320 1961 107 70 U+524D 831 1635 71 119 U+56FD 707 1189 98 80 U+57CB 1315 888 104 95 U+306E 1561 1494 71 78 U+3031 1103 904 55 213 U+3092 1427 1937 82 115 U+308D 709 1719 68 91 U+8278 825 1781 78 133 U+307B 342 1485 93 86 U+306E 1054 2351 76 68 U+306A 631 1390 52 107 U+5B50 1447 1092 87 101 U+87C7 319 2038 107 131 U+306E 721 1319 70 89 U+571F 1345 704 62 51 U+3044 498 1819 86 58 U+82B1 341 1289 107 103 U+3092 820 2263 86 107 U+305F 1192 1176 52 118 U+306E 829 1932 67 79 U+3064 1172 1893 76 78 U+306A 1438 2208 70 131 U+304D 1305 2138 74 94 U+8349 843 1086 75 124 U+6F22 610 952 74 126 U+8863 722 706 76 91 U+304A 601 1319 94 43 U+4E0A 957 1525 94 67 U+3082 1199 1791 33 74 seg_fp 1059 2102 73 95 U+8ECA 829 1492 71 127 U+306B 1345 784 65 71 U+86D9 1548 1383 93 86 U+3031 1092 720 49 179 U+6B64 709 1100 102 74 U+3064 964 1097 91 69 U+306E 506 1063 60 50 U+5F7C 972 830 90 108 U+306B 623 705 63 72 U+3081 1342 1015 60 82 U+8336 300 2469 109 111 U+7DB1 843 1246 92 97 U+3064 1202 1097 78 97 U+3064 710 1834 74 71 U+304F 619 1598 25 91 U+76EE 851 1372 52 92 U+3072 1292 2032 90 90 U+3092 976 694 80 94 U+3082 365 1394 36 62 U+672C 853 970 101 85 U+585A 321 2202 123 121 U+306B 965 1612 57 73 U+308B 982 1379 41 91 U+86D9 1423 1802 102 92 U+9001 1538 1721 94 116 U+308C 506 1243 52 120 U+308D 349 1587 73 100 U+8AF7 1295 1326 111 102 U+622F 1413 1481 119 162 U+306C 922 2376 91 81 U+87C7 800 2478 95 100 U+4E00 325 2358 81 21 U+3092 602 1181 66 98 U+3066 1307 1543 51 134 U+3046 1002 964 29 102 U+3044 716 1650 68 36 U+304F 1204 1660 27 96 U+548C 608 817 97 101 U+4FD7 704 1437 103 95 U+6B7B 1197 824 92 108 U+308B 865 797 42 54 U+304C 713 1549 88 55 U+91CE 1537 1604 85 93 U+306B 858 886 60 56 U+3070 1202 1539 67 88 U+3081 967 1199 77 85 U+540D 784 2152 102 95 U+3080 592 2334 78 85 U+7570 829 2024 60 109 U+53E3 1088 1244 61 59 U+3059 606 1717 55 92 U+306B 507 2349 56 70 U+306F 1313 1768 58 103 U+304B 506 750 81 34 U+6253 943 1715 103 123 U+3082 1478 1261 38 68 U+306B 1168 2535 65 59 U+8766 798 2376 109 95 U+306F 527 812 37 82 U+3078 599 2084 67 101 U+306B 1434 1684 64 74 U+3068 1324 2270 46 90 U+306F 513 696 68 32 U+8449 1043 2425 78 140 U+304A 1182 1336 83 50 U+3089 1489 848 62 115 U+3089 707 2525 54 64 U+5FC3 601 1107 93 40 U+5E30 931 2160 94 109 U+306E 701 2361 70 53 U+82E1 1044 2219 84 111 U+3084 485 2427 90 84 U+308A 376 1681 28 97 U+3057 927 2478 83 98 U+3066 1172 1991 44 121 U+3068 1485 1206 33 56 U+3042 487 2195 76 83 U+304A 702 2308 76 42 U+3056 509 1125 77 107 U+3066 1057 1977 72 93 U+3075 664 2223 113 66 U+306F 523 1894 41 107 U+308C 511 2031 54 116 U+3068 1114 1133 33 83 U+3076 923 1931 106 66 U+305B 960 2009 48 45 U+3072 1164 2439 84 96 U+3089 1438 2422 56 132 U+304F 1326 1869 42 119 U+305F 987 1283 39 99 U+3066 1323 1125 49 147 U+306F 1099 1609 33 81 U+3093 1182 1432 84 86 U+3064 695 2417 66 61 U+304B 949 1868 67 60 U+3068 1181 2151 47 84 U+3055 511 1588 45 89 U+308A 525 964 28 80 U+3084 1069 1719 84 106 U+3075 1261 1429 140 97 U+3044 724 919 61 83 U+304B 879 705 29 40 U+3066 944 2055 47 81 U+3068 737 833 34 83 U+3057 651 1493 12 128 U+7230 1465 704 66 144 U+304B 1462 2337 34 92 U+3088 707 2142 44 81 U+3075 700 1008 96 71 U+308A 967 2265 21 81 U+3068 618 1803 41 96 U+304B 616 2416 32 64 U+308B 534 2282 22 48 U+8449 690 1930 84 113 U+3057 624 2182 25 142 U+306E 1302 2367 63 88 seg_fp 1102 1820 15 159 U+3057 622 2476 21 102 U+306B 1105 1560 22 29 U+304B 716 2476 29 50 U+3068 731 2060 32 68 U+306E 340 2178 65 44 U+304B 533 890 25 75 U+3075 573 1947 103 96 U+3078 491 1680 92 93 U+309D 1331 2455 22 64 U+3075 1143 2237 97 110 U+3044 601 1895 53 82 seg_fp 499 1399 64 77 seg_fp 510 1454 56 104 U+3089 1178 2348 75 94,200003967_00020_2
U+6B66 1387 796 111 129 U+306E 554 953 72 102 U+4ECA 1259 677 103 143 U+5F15 293 1965 100 134 U+3031 1174 2083 68 238 U+6B64 1626 697 95 76 U+3031 1416 1930 66 180 U+306E 1645 1315 83 77 U+3051 1188 1627 48 66 U+5BFA 1521 1624 76 98 U+3080 908 1357 80 79 U+4EBA 881 658 110 147 U+3092 1528 683 74 107 U+884C 1634 1940 90 117 U+306E 1644 2317 75 61 U+8336 433 2422 119 109 U+53E5 914 2233 71 93 U+4EE3 1268 1388 72 126 U+6B4C 665 976 91 144 U+6211 1526 1171 81 136 U+306B 319 1176 54 87 U+3031 1049 1713 72 167 U+751F 550 664 81 88 U+3092 1399 1034 91 102 U+3044 911 2352 75 51 U+87FE 296 2136 119 116 U+3088 335 1843 49 92 U+304D 1284 2248 56 91 U+307B 553 1081 85 93 U+5728 1646 2189 69 93 U+671D 1511 1336 88 85 U+5408 661 768 100 94 U+3051 806 786 57 127 U+562F 773 2159 100 174 U+5224 650 1294 106 148 U+306E 1396 2137 80 65 U+3078 1030 670 64 120 U+547C 1147 2428 98 108 U+5B50 801 2343 81 76 U+6614 1382 1820 82 104 U+98DB 1627 1768 97 118 U+5929 1534 1439 76 94 U+89D2 323 2416 54 105 U+540D 1383 936 102 88 U+6B64 1271 844 85 88 U+3082 1651 789 46 92 U+5176 313 2312 71 83 U+9577 775 2007 86 125 U+8D8A 1616 1159 118 110 U+306E 1655 889 55 107 U+6DAF 548 798 75 126 U+6DBC 881 1205 95 112 U+306B 1282 1939 58 72 U+5176 900 1487 77 106 U+9D2C 308 1009 87 150 U+3084 1026 890 88 61 U+305F 790 667 54 119 U+85AE 1020 1317 90 114 U+4ED9 1617 1436 101 90 U+307E 317 1278 60 84 U+306E 1171 677 59 55 U+306E 1032 1602 70 69 U+306E 674 1156 75 82 U+3086 428 1005 81 85 U+306B 1531 2293 54 68 U+9B42 887 1883 124 127 U+6B8B 1393 1146 103 112 U+898B 448 1906 87 99 U+5FA1 1268 1278 74 92 U+5E83 1156 1479 69 126 U+8853 1626 2420 97 116 U+866B 665 670 70 64 U+540C 904 902 74 106 U+3068 925 785 37 75 U+306E 809 2448 64 55 U+3072 1524 2198 79 84 U+6C5D 671 2335 118 98 U+5927 1529 1948 66 74 U+738B 1530 1553 69 61 U+3072 1029 2061 98 92 U+305D 795 1050 56 108 U+306F 1402 1764 68 24 U+8005 661 1452 89 113 U+3072 904 2056 87 79 U+308A 1071 2255 35 94 U+4E00 450 2322 87 19 U+3072 894 2440 92 96 U+308A 335 1447 31 95 U+308C 1413 1607 57 118 U+5C71 423 1725 81 81 U+3068 1177 2333 42 81 U+9685 1030 1154 85 92 U+304D 1413 1398 49 74 U+968F 1255 1572 93 88 U+3072 1252 1697 102 85 U+798F 1134 1831 115 109 U+3064 884 1633 106 109 U+308A 1037 1500 37 88 U+306A 573 1478 59 129 U+3055 789 1509 48 100 U+308B 802 1606 36 84 U+590F 1265 2447 84 94 U+839A 1137 1212 110 146 U+3046 461 1094 23 93 U+3092 437 1819 92 95 U+305D 1414 1495 53 108 U+306F 1051 795 40 91 U+3092 1157 1362 62 92 U+3089 1327 2145 26 106 U+66AE 1157 820 69 110 U+304F 921 1112 24 87 U+308B 463 2021 35 58 U+3066 437 1564 46 115 U+308B 1300 1165 34 79 U+306E 1047 1253 58 63 U+8AF8 1628 1043 84 91 U+306B 672 884 54 56 U+3088 1064 2164 57 96 U+304D 1401 686 55 86 U+306B 1530 1753 40 78 U+81EA 1645 2075 54 90 U+305B 419 1196 84 74 U+5915 1167 739 48 78 U+3066 1146 1684 46 116 U+3088 1038 1436 43 63 U+308C 663 1988 107 83 U+6CBB 1263 954 87 92 U+54C9 453 2182 68 93 U+307E 563 1190 50 123 U+306F 689 2268 48 26 U+9019 1029 1896 77 119 U+4E00 920 2181 77 18 U+3055 1039 1672 47 78 U+3042 770 1194 77 79 U+3078 1542 1106 56 28 U+304B 711 2477 32 45 U+304B 337 1364 29 85 U+86D9 432 2091 92 92 U+305F 1529 2026 46 102 U+3089 944 1743 29 94 U+308A 818 1274 26 104 U+3093 436 1267 97 93 U+3057 1513 2418 63 131 U+3091 681 1602 85 108 U+305B 1140 948 76 64 U+548C 1257 2037 92 107 U+3092 1532 810 67 123 U+305F 332 1698 46 115 U+7269 776 1720 91 99 U+306B 1412 2342 29 70 U+3057 1568 927 15 151 U+3066 1374 2486 85 62 U+3057 712 2081 14 159 U+3088 1173 1982 41 89 U+4EBA 1613 1549 135 166 U+3068 458 1360 45 84 U+3089 805 1880 36 89 U+306B 1151 1105 76 76 U+3057 1436 1245 15 132 U+304B 1059 970 25 36 U+3089 739 1710 24 106 U+306B 1280 1516 44 50 seg_fp 546 1663 120 119 U+307E 685 1858 60 129 U+3051 788 1346 40 74 U+308B 584 1608 50 94 U+3057 1423 2408 16 104 U+306F 1531 1831 47 82 U+51FA 319 1583 65 112 U+304B 808 1818 28 61 U+308C 576 1323 42 143 U+3068 1301 1797 41 71 U+3066 1037 1024 47 116 U+3064 1280 2360 63 29 seg_fp 1398 2213 78 129 U+3066 1043 2383 46 120 U+3057 958 1004 11 128 U+3082 1294 1868 47 50 U+3057 471 1442 13 107 U+308C 1282 1065 59 104 U+3069 1185 1008 62 98 U+308B 803 1420 29 57 U+3057 568 1766 18 184 U+306B 791 946 45 100 U+309D 1558 2131 28 53 U+3086 1527 2378 63 88 U+309D 1315 2398 15 37 seg_fp 1558 1912 30 42 U+306B 1690 1717 27 25 U+306B 740 1574 20 20,200003967_00021_2
U+524D 305 851 96 174 U+6298 655 759 97 127 U+3031 210 1606 65 197 U+98A8 1291 1909 92 144 U+6298 168 773 83 128 U+3031 195 1186 68 171 U+3031 1590 1847 71 178 U+8349 1544 2490 91 130 U+80CC 1557 2123 94 112 U+306E 937 1584 64 60 U+9577 1547 1239 90 113 U+53C8 304 761 107 85 U+307B 810 2175 86 84 U+536F 1156 1984 82 107 U+898B 943 2173 65 101 U+3051 1168 1318 62 106 U+306E 699 2346 92 62 U+306A 1568 1517 67 94 U+308D 558 2295 96 102 U+6607 552 1020 78 154 U+4E03 207 2306 83 63 U+7560 1568 2334 61 109 U+306A 814 750 64 109 U+96EA 316 1526 81 108 U+9591 1539 1391 97 106 U+3078 1559 979 73 110 U+306A 687 1489 68 112 U+3031 590 2398 61 221 U+6238 1551 2241 78 129 U+5BB6 322 1340 81 110 U+3031 1422 2000 69 224 U+51B4 1278 2084 101 158 U+306E 835 1346 68 61 U+969B 785 1829 118 126 U+3066 428 1144 62 80 U+5439 410 1041 102 100 U+6298 177 1393 91 104 U+306C 663 1236 91 91 U+5E74 214 2389 64 158 U+5E38 692 2187 81 144 U+304F 1181 1181 31 105 U+305D 574 2162 58 100 U+6728 1413 737 77 83 U+306E 197 2569 71 99 U+6728 816 1447 75 91 U+5999 1264 1619 113 133 U+5F7C 1274 744 109 128 U+96EA 921 1447 88 121 U+53E4 575 1747 60 87 U+306B 1283 1790 74 83 U+306E 333 1462 62 46 U+6839 545 1858 102 95 U+6298 1043 2527 104 109 U+306F 701 1716 42 84 U+306E 1039 1072 79 72 U+5BD2 1144 749 111 143 U+6B4C 1017 1189 120 134 U+672B 805 1566 81 68 U+6839 789 1722 98 100 U+76F4 688 1809 74 122 U+4EBA 666 1335 123 177 U+82B1 1401 1580 78 90 U+306E 320 1046 68 57 U+4F38 434 2231 88 119 U+308F 1417 1159 72 70 U+3066 1152 1739 93 65 U+8FBC 317 2032 97 92 U+305F 1303 1239 64 107 U+306F 813 1656 59 35 U+5C71 1043 2246 79 61 U+307B 330 2381 81 91 U+5C3A 432 1833 104 103 U+6B3A 1147 1040 106 124 U+308B 956 2290 38 54 U+3082 1413 1692 53 59 U+306B 692 1969 57 68 U+6817 811 1191 94 143 U+3092 1037 1340 74 98 U+3092 459 2524 84 110 U+3066 325 2256 53 106 U+5EFB 687 1103 70 106 U+866B 1053 978 61 70 U+3044 1290 1060 107 52 U+3068 838 2512 53 116 U+306E 1573 2051 55 43 U+7121 672 2074 103 96 U+306B 1047 1646 61 74 U+307F 1442 1045 33 72 U+516B 1153 2268 100 49 seg_fp 924 967 73 97 U+3092 315 1643 70 93 U+96A3 1528 1729 132 111 U+306A 1555 879 54 98 U+9D2C 1050 2321 97 145 U+308A 1443 1327 35 125 U+3084 1137 1809 112 87 U+54C0 933 2455 90 140 U+306F 1566 2455 61 27 U+308B 569 1239 53 73 U+3068 574 751 41 91 U+53B3 1277 2407 138 151 U+5C71 1289 920 71 57 U+306B 945 2368 57 64 U+3057 1145 1383 94 150 U+308C 208 1503 50 97 U+308A 838 2059 26 102 U+3092 1160 910 66 111 U+308A 959 2067 30 95 U+308A 591 2061 27 88 U+308B 832 858 29 66 U+306F 938 1366 64 39 U+308A 835 2393 36 105 U+306F 1300 995 62 36 U+65E5 1174 2342 39 62 U+308C 345 2148 51 94 U+306E 1066 2468 77 52 U+6D88 920 1671 80 145 U+308D 441 1301 70 88 U+4ED5 677 1032 68 65 U+53E3 945 1903 52 49 U+3051 465 2361 57 67 U+305F 1441 1233 35 98 U+308C 1412 1920 49 123 U+306B 1417 2529 74 84 U+3057 912 755 71 107 U+307E 1311 1130 55 108 U+308A 473 2119 31 116 U+767D 1303 1529 51 60 U+308C 191 913 54 112 U+3066 434 1625 44 124 U+306F 472 1937 38 85 U+308D 1039 2104 100 97 U+304D 1156 1543 82 110 U+308A 945 856 29 86 U+308B 1585 1608 29 71 U+3051 707 2402 55 67 U+304D 343 2471 55 87 U+9AEA 1156 2424 86 148 U+308B 1058 1900 37 70 U+6708 1170 2107 46 119 U+3089 722 1604 28 102 U+9752 439 760 60 127 U+3066 672 898 41 115 U+304B 433 1242 98 38 U+304A 1551 748 74 66 U+7ACB 550 865 65 124 U+3068 332 2588 30 74 U+843D 314 1747 88 133 U+3088 952 1974 55 91 U+3066 191 1837 44 131 U+771F 1293 1370 81 122 U+308B 481 2426 32 66 U+3088 586 1980 51 86 U+307E 1404 1782 58 121 U+3051 1055 847 57 109 U+5F35 1008 1754 108 145 U+8449 432 900 71 120 U+3078 550 1324 81 123 U+304D 812 2287 65 104 U+3066 1395 1422 52 137 seg_fp 180 1044 71 84 seg_fp 196 1131 43 79 U+53A0 1014 1483 92 128 U+306B 1195 1656 40 73 U+306A 800 1009 89 162 U+3051 1419 2358 59 66 U+3088 832 1972 53 85 U+9752 1421 840 70 159 U+3055 1050 749 47 93 U+308A 724 2549 31 108 U+3066 1545 1103 48 93 U+3075 679 2469 105 79 U+304B 478 2021 29 102 U+304F 340 1223 33 103 U+54B2 1418 2238 83 118 U+308C 360 2558 28 81 U+3057 1608 814 17 103 U+4E00 443 1780 74 27 U+3051 963 1232 46 88 seg_fp 324 1112 61 117 U+3078 951 1839 66 40 U+304D 570 1460 64 121 U+308B 1437 2422 34 73 U+3057 231 2132 16 160 U+309D 1178 1898 25 81 U+3057 388 1867 13 148 U+3066 1294 2299 47 109 seg_fp 207 1998 65 136 seg_fp 826 942 32 63 U+3046 466 1391 26 117 U+3078 1324 2252 65 35 U+3092 569 1651 82 91 seg_fp 956 1166 32 68 U+306B 933 1067 52 64 U+3057 453 1437 12 173 U+3053 1063 2011 53 70 seg_fp 945 1132 63 38 seg_fp 558 1610 50 56 U+306B 1600 1691 25 21,200003967_00025_1
U+306E 1633 1241 68 98 U+6BCD 1623 1161 89 66 U+3064 1370 1142 82 69 U+53C8 1614 1358 105 83 U+591C 1615 1896 111 106 U+5B50 784 1051 69 77 U+306E 801 807 61 61 U+89AA 774 681 101 111 U+3092 773 1926 63 92 U+53E3 1631 1472 64 51 seg_fp 906 2364 57 70 U+306E 294 1906 68 58 U+82AD 1484 2373 77 89 U+3082 446 2475 41 64 U+306A 297 1973 73 89 U+3092 447 1491 82 76 U+98A8 1365 2381 93 69 U+8EAB 438 2074 62 111 U+306E 465 1321 58 55 U+306C 1490 2167 74 69 U+305B 645 2474 64 67 U+4E5F 387 837 55 55 U+306E 1272 1136 71 68 U+3092 1374 1568 86 103 U+7560 558 1302 66 112 U+7247 539 2300 74 77 U+6BCD 1374 1816 87 61 U+306A 1370 1277 66 88 U+4E16 1357 1456 106 90 U+9577 448 1184 71 105 U+308B 1638 1802 41 74 U+722A 769 1825 95 85 seg_fp 893 2459 90 93 U+306A 432 2197 82 99 U+307E 1401 1654 60 84 U+6728 1505 1254 77 79 U+6D41 1363 2475 99 87 seg_fp 908 1439 59 78 U+3092 1501 2088 62 65 U+308B 1504 2250 40 65 U+304B 1495 1358 93 58 U+96C0 286 2142 66 112 U+65E5 467 1408 44 61 U+308A 1164 759 33 101 U+306A 792 884 64 86 U+305B 1252 2469 66 82 U+90CE 281 2473 69 97 U+672A 1635 2361 65 70 U+3092 1161 1518 82 86 U+306F 1024 1596 69 33 U+8431 550 1573 75 131 U+306E 566 1219 61 57 U+308C 1510 1577 54 111 U+7A4D 544 1896 79 122 U+3053 801 1307 51 56 U+9D2C 1141 1167 92 136 U+306B 478 675 52 65 U+571F 1279 946 53 51 U+6728 561 1465 67 78 seg_fp 902 1550 74 70 U+77E5 759 1533 100 99 U+306E 1275 1814 62 47 U+306E 1157 1329 59 59 U+54A5 750 2051 97 82 U+306B 1267 1965 61 64 U+9054 1616 2452 90 92 U+305B 1259 2173 61 44 U+904A 282 1515 105 112 U+308C 1159 943 46 114 seg_fp 900 1246 86 89 U+306F 1637 1537 44 86 U+3044 296 2082 79 37 U+54C0 367 674 73 125 U+6765 278 1291 71 119 U+7D99 1621 1060 99 82 U+89AA 278 1790 101 106 U+3093 1149 2381 75 91 U+3092 1257 1533 79 96 U+5927 673 1853 59 67 U+9670 517 2421 99 103 U+306A 1023 1653 77 99 U+934B 1262 1020 79 100 seg_fp 891 1160 93 86 U+3055 1154 685 43 77 U+6211 1266 1628 69 92 U+5B50 1284 1875 52 77 U+308F 1371 1074 71 58 U+5C71 1497 1162 82 77 U+3088 1175 1954 47 64 U+304B 1394 1219 33 51 U+8DFC 450 774 93 100 seg_fp 907 984 70 42 U+304F 697 1750 25 78 U+5B50 674 787 65 66 U+507D 1377 1948 88 91 U+4EA4 655 2220 88 110 U+3082 683 1443 42 58 U+8179 1266 1726 81 74 U+3068 316 1181 43 82 U+304D 1286 847 50 78 seg_fp 896 1041 89 106 seg_fp 891 1635 93 73 U+304D 1046 1754 50 105 U+3068 1268 2329 32 71 U+96E8 1607 2140 92 108 seg_fp 908 2085 55 91 U+308C 788 1628 50 101 U+3089 461 2372 32 93 U+3089 698 982 46 93 U+308C 1386 2171 56 101 U+308A 389 994 30 113 U+6211 434 1930 90 131 U+308B 1393 1365 31 72 U+3066 287 1412 59 75 U+3059 587 673 32 81 U+3082 669 2399 44 50 U+3066 1251 2239 61 84 U+305D 1041 1879 51 75 U+8840 1483 2019 107 62 U+9580 767 2334 73 90 U+306C 436 1838 70 82 U+3084 269 1713 90 71 U+306A 1161 2284 58 96 U+308B 799 1730 37 79 U+308A 502 918 22 62 U+308A 1295 1298 31 86 U+9CF4 1149 1400 93 94 U+304D 1031 2229 48 83 U+3084 1014 2049 86 46 U+3051 378 929 46 65 U+3068 700 683 31 77 U+5F25 269 2337 91 88 U+3055 1041 1480 39 82 U+3081 1167 2020 62 72 U+4ED9 1561 1045 64 57 U+5C0F 1284 689 69 46 U+306B 777 2412 51 52 U+8549 1488 2482 77 89 U+5504 657 1086 86 103 U+308B 1182 2093 28 69 U+304A 1559 825 61 44 U+6211 279 1040 86 131 U+3051 1149 875 53 64 U+7D30 667 1659 88 69 U+3044 791 977 73 66 U+6B4C 1565 973 62 72 U+3057 1663 1622 21 184 U+4EBA 642 2129 116 113 U+306F 1160 1057 38 92 U+592A 282 2417 69 49 U+306B 1404 1889 44 39 U+3066 559 862 40 124 U+304B 685 1933 41 49 U+3066 1492 1701 55 101 U+305F 674 1985 48 81 U+9D2C 1022 974 80 147 U+3066 1164 1797 48 131 seg_fp 898 1744 86 127 U+304F 1577 871 23 49 U+306E 1628 2058 67 75 U+8349 1500 1823 60 122 U+304B 454 2294 31 78 U+306A 557 1715 63 78 U+3068 809 1212 25 60 seg_fp 1535 1425 36 58 U+306A 1022 1271 80 86 U+3082 795 1457 45 58 U+304F 462 1586 58 58 U+3068 1284 2034 32 58 U+308B 575 2106 30 99 U+3048 806 2152 55 31 U+3089 1283 2094 21 76 U+306F 781 1158 59 30 U+3068 1168 2208 32 73 U+3051 1269 1396 44 56 seg_fp 892 2227 79 119 U+308A 707 2330 27 101 U+3089 1428 2035 31 75 U+3088 1046 1155 42 82 U+306F 684 1204 40 75 U+3055 1294 759 36 63 U+7ACB 782 2473 44 77 U+3061 1024 1971 51 67 U+3042 1256 1215 69 78 U+4E94 1568 931 46 35 U+3057 600 753 15 111 U+3066 453 1000 41 127 U+305F 570 2027 36 77 U+3066 773 1392 50 64 U+3057 470 1696 17 143 U+306E 673 2083 49 53 U+3082 689 868 44 114 U+3068 579 1786 36 85 U+3066 783 2193 39 100 U+309D 1423 1739 19 50 U+3078 314 1631 80 92 U+308B 1275 1448 37 55 seg_fp 951 1323 12 124 U+306B 1496 1950 68 61 U+5FC3 666 1569 90 44 seg_fp 1270 2402 49 71 U+3068 1056 1349 39 84 seg_fp 1535 1483 27 77 U+3089 598 1119 33 77 seg_fp 363 2244 50 54 U+304D 1168 1625 60 82 U+3046 587 1005 33 64 seg_fp 970 1872 18 168 U+307B 1024 2108 46 86 U+3089 484 1647 35 85 U+308B 693 1277 27 68 U+306B 602 1420 25 21 U+309D 700 1340 22 61 U+3057 1082 2136 18 154 U+309D 1196 1728 33 58,200003967_00027_2
U+306E 1525 1582 76 127 U+3059 440 2003 69 128 U+969C 432 1478 107 151 U+307B 291 1897 78 89 U+7AF9 1527 1138 74 97 U+9732 674 1281 92 161 U+3031 1065 920 60 192 U+3064 670 785 76 64 U+3080 903 2285 86 74 U+7BC0 1511 2154 86 154 U+3046 1539 1952 29 101 U+308B 308 1093 54 61 U+6253 555 2110 79 121 U+8302 1515 2324 98 129 U+308D 1386 1672 85 85 U+4E16 1386 906 98 57 U+3092 564 1992 89 98 U+308D 1509 1804 101 127 U+8ECA 1017 2429 88 126 U+3031 1162 1410 77 218 U+3084 771 1586 108 64 U+306E 688 1614 60 58 U+98A8 1030 2324 80 84 U+3075 672 689 80 85 U+304D 1528 2477 55 75 U+3080 290 2007 87 91 U+3092 907 1437 67 101 U+306A 1047 1719 63 89 U+306A 1057 1377 70 103 U+7269 662 2479 83 69 U+5916 670 2342 81 85 U+3088 323 1249 44 83 U+3092 449 2255 62 99 U+8AA0 272 2336 122 104 U+3092 795 1484 78 99 U+3084 762 2478 73 86 U+5A18 1368 1469 122 107 U+5B50 452 1661 88 89 U+7897 547 1856 112 103 U+306F 786 690 71 30 U+304A 1028 1665 91 50 U+306E 435 1780 98 86 U+3031 1145 2355 66 206 U+3031 304 686 50 152 U+590F 1514 984 81 123 U+65E5 1284 2211 44 52 U+6368 675 1017 92 111 U+304A 1378 1598 92 57 U+8336 552 1723 93 111 U+3046 1421 681 32 111 U+65E5 1536 1504 42 57 U+3080 797 1893 71 83 U+5929 1155 1918 75 90 U+3046 581 788 30 85 U+3092 911 1078 83 108 U+304D 1412 802 55 75 U+3031 802 2150 69 146 U+3031 310 1600 55 189 U+3057 906 1559 83 79 U+3055 1385 2404 65 73 U+306B 316 1180 47 54 U+308D 1256 2514 83 73 U+8FDA 1259 854 86 74 U+306E 687 2425 49 49 U+306E 923 968 61 115 U+3061 1156 1315 49 92 U+7D19 449 2153 97 113 U+751F 1276 2100 47 78 U+3092 1274 1060 88 105 U+7A93 1145 2029 86 113 U+57F7 668 1715 104 94 U+3042 1142 1662 84 71 U+304D 1531 2064 51 77 U+76F4 676 2168 62 96 U+305D 571 1174 47 75 U+306F 291 2236 38 74 U+3064 549 877 89 75 U+306E 1033 2235 70 56 U+3046 468 1898 24 100 U+5B50 1046 1979 81 78 U+306A 668 1966 78 140 U+7A0B 662 1482 89 107 U+7834 529 2264 122 105 U+308A 603 949 31 103 U+308C 1269 743 95 84 U+305D 1537 758 52 103 U+304F 681 2080 25 82 U+304F 325 1332 26 100 U+5026 438 1189 121 113 U+3064 901 2371 77 51 U+3066 1143 1111 73 79 U+690D 1515 1271 79 93 U+5FF5 686 1836 82 92 U+308B 1407 1354 50 86 U+540D 1265 947 76 87 U+3075 1229 2384 128 82 U+307F 783 834 86 143 U+3068 308 2451 57 118 U+308C 329 2100 44 121 U+8A95 1252 1979 119 102 U+3080 299 875 80 89 U+3053 1544 685 32 53 U+3046 1177 1193 25 116 U+3068 1395 2490 41 77 U+3082 1054 2128 46 61 U+304B 1270 683 78 58 U+795D 1245 2295 94 88 U+3075 1237 1552 111 80 U+3082 928 883 44 84 U+3066 685 877 52 121 U+308A 932 1743 25 88 U+306B 685 2274 55 53 U+3088 1169 898 47 90 U+3088 1290 1468 45 79 U+304B 929 1999 24 61 U+306B 575 1477 55 65 U+307B 1154 681 60 98 U+3068 317 1793 30 89 U+306E 1523 866 67 95 U+306B 568 675 45 51 U+3093 1140 2240 91 88 U+308B 1534 1409 40 56 U+308A 931 2060 32 69 U+3053 1277 2461 44 49 U+308C 910 2484 48 81 U+308A 1178 981 26 90 U+5FC3 557 739 85 47 U+308C 1419 1135 44 114 U+3072 1151 787 71 99 U+304D 916 1661 51 79 U+3068 809 744 35 81 U+306F 1161 1732 46 98 U+3066 1140 2171 59 69 U+304B 919 2432 31 49 U+306E 1372 2209 66 110 U+3066 562 1032 38 125 U+3066 898 1283 63 74 U+3055 1290 1174 44 78 U+3084 785 2081 77 74 U+308A 455 2454 27 97 U+3066 792 1733 51 124 U+305D 445 692 51 87 U+308C 451 786 43 109 U+3068 815 1027 39 79 U+751F 1410 1022 55 110 U+308A 595 2395 23 48 U+3075 1027 1143 89 106 U+305F 287 1540 54 80 U+3089 1081 1552 49 88 U+3081 427 2374 76 76 U+3042 553 1571 86 73 U+3066 909 2144 39 110 U+3082 456 908 33 43 U+3082 929 1193 32 53 U+3057 328 1429 12 145 U+3044 913 750 60 69 U+3068 933 673 27 72 U+304B 1413 1769 25 52 U+3075 1007 739 105 84 U+308A 1074 1248 22 92 U+305B 793 1199 64 102 U+3061 450 1089 54 64 U+3068 1296 1279 33 75 U+308B 596 1640 25 57 U+306B 1399 1843 37 69 U+3066 692 1138 42 115 U+3068 1057 2072 46 56 U+304B 815 1667 23 37 U+3075 893 821 107 67 U+304B 1078 1478 33 76 U+308B 936 1352 24 70 U+308B 817 1383 35 66 U+305F 454 967 55 106 U+304B 1029 683 81 48 U+3057 802 2327 15 134 U+305F 1414 1253 39 101 U+308A 1072 820 24 88 U+306B 1423 2351 21 24 U+307B 908 1858 81 86 U+309D 1301 1351 23 79 U+3066 450 1340 34 115 U+3053 581 1286 47 67 U+3057 1072 1809 16 136 U+3057 815 1990 11 99 seg_fp 356 965 13 134 U+3051 800 1300 49 85 U+3064 564 2500 51 40 U+3053 1531 1716 48 75 U+309D 1191 1832 24 62 U+3057 1423 1911 10 151 U+3057 1290 1749 22 177 U+3089 599 1354 39 102 U+306B 832 987 21 21 seg_fp 1276 1643 65 77 U+306B 1442 996 20 21 U+309D 586 2543 18 31 U+3066 1382 2010 33 91 U+3082 1385 2122 40 92 U+3089 816 1105 20 103 seg_fp 971 1922 11 124 U+306B 965 1835 22 15 U+306B 498 1156 26 17,200003967_00028_2
U+306E 493 937 59 67 U+306C 1433 700 88 64 U+4ECF 588 1589 89 134 U+3031 1585 1112 58 175 U+6253 344 711 69 106 U+306E 725 1337 77 92 U+306E 229 1114 68 56 U+622F 686 1470 126 156 U+4F38 1188 1423 84 101 U+4FF3 1312 1820 104 108 U+3055 231 709 49 72 U+6B64 590 1153 83 63 U+521D 701 693 99 112 U+306E 1206 2089 69 57 U+5408 232 1818 99 81 U+3092 227 1712 92 85 U+305B 354 1080 74 77 U+6625 829 2302 100 127 U+591C 478 822 83 100 U+3089 1572 1044 45 95 U+306A 1190 688 65 82 U+3046 1465 932 33 100 U+601D 1574 689 64 74 U+306E 1454 853 63 73 U+3044 830 2061 93 56 U+70CF 963 1134 82 113 U+305F 1585 1798 52 99 U+53C8 1193 1863 98 79 U+72AC 1067 1681 88 96 U+3044 223 1291 85 44 U+3072 1570 784 76 71 U+304F 860 1943 38 102 U+3092 1196 1296 84 103 U+3073 953 1445 98 80 U+306F 1078 1029 63 41 U+3086 950 1359 75 75 U+307B 832 1215 84 70 U+306E 605 1739 67 63 U+304F 1328 694 27 84 U+306E 841 2476 74 81 U+3031 1105 837 50 172 U+3059 968 1636 54 102 U+3031 1088 2344 72 212 U+53E3 943 1968 90 61 U+306C 1182 1733 99 110 U+8DE1 1307 1488 97 110 U+540D 1448 1887 85 97 U+3031 1213 796 60 170 U+306E 1459 2141 63 61 U+3053 850 1140 53 53 U+7B11 1568 1351 92 111 U+3061 229 1185 55 74 U+304D 227 1464 57 76 U+71ED 466 1894 94 94 U+3044 1080 1462 68 45 U+9019 352 2243 97 115 U+306A 231 2138 70 86 U+3084 1309 2277 113 78 U+6301 467 1350 89 98 U+5B88 598 1840 71 107 U+722A 961 2381 82 93 U+5148 954 2475 96 103 U+3055 235 1352 49 70 U+898B 1324 1034 70 85 U+3031 250 2388 84 182 U+306E 1455 1350 69 79 U+554F 946 859 82 77 U+304A 586 1251 68 49 U+306B 497 1670 53 56 U+512A 1327 1939 102 125 U+6559 818 1016 116 105 U+3061 1450 1035 52 92 U+3042 1066 2236 79 72 U+306F 1333 1344 52 104 U+5C45 352 1509 71 104 U+6E05 1305 797 73 118 U+5875 1447 1435 81 124 U+8FC4 844 694 76 139 U+305D 369 1841 53 66 U+306B 1323 2480 72 79 U+306F 1088 1569 50 87 U+306E 1204 1061 68 74 U+306F 956 695 62 31 U+3044 348 1782 83 44 U+3088 383 2374 52 67 U+3080 1576 1922 76 94 U+306A 1320 1616 71 88 U+76BA 1185 1146 110 119 U+306B 491 1271 53 59 U+3078 1079 1531 90 36 U+624B 247 1551 68 116 U+304F 387 2124 39 98 U+308A 1235 2286 28 93 U+3086 1330 1140 65 75 U+6708 1465 1998 48 93 U+308C 842 1305 60 94 U+306F 373 1163 44 83 U+3055 960 1748 50 100 U+306B 371 1427 48 59 seg_fp 458 695 98 104 U+3082 736 1983 40 63 U+3069 385 1257 54 74 U+3053 375 1350 44 60 U+306F 974 1027 38 75 U+3055 950 1538 68 98 U+5915 497 1026 39 68 U+3080 240 2342 70 86 U+308A 973 2272 28 90 U+3093 1070 768 73 89 U+3084 705 2067 106 82 U+3072 1559 1478 82 84 U+3072 1563 1707 91 101 U+80E1 711 1077 78 100 U+6307 1058 1896 95 87 U+306F 361 1998 72 38 U+308A 744 1851 28 115 U+307E 945 1851 95 88 U+304B 1064 2163 84 44 U+874B 461 1752 131 105 U+3078 968 973 78 38 U+898B 1349 2080 68 85 U+5FC3 1433 789 94 52 U+6765 1201 2164 68 124 U+308F 1076 697 48 68 U+308A 1596 2138 29 77 U+3053 1102 1197 50 48 U+308B 1350 2202 45 65 U+3068 978 740 32 79 U+3089 381 964 34 110 U+3073 226 985 100 104 U+3066 1570 1569 44 120 U+3093 707 2513 106 77 U+4E00 1452 1164 65 22 U+4F8D 596 931 72 106 U+3078 615 875 64 36 U+3069 1100 1082 61 92 U+308F 229 813 48 70 U+5802 486 1566 78 87 U+8776 689 1216 103 86 U+3093 240 2221 85 92 U+304F 1463 1777 25 83 U+306A 581 1411 86 135 U+308A 395 2439 32 72 U+306B 963 1268 54 53 U+306A 348 857 69 104 U+3082 978 2022 31 74 U+3055 593 1312 45 91 U+308C 1336 1226 63 117 U+304F 722 2353 36 78 U+305B 258 1932 48 40 U+308B 601 1077 42 51 U+306A 1441 1644 89 104 U+304D 1335 1705 43 95 U+3084 1571 973 60 71 U+3066 489 2268 47 106 U+5FC3 1192 991 88 59 U+7D66 609 2152 34 94 U+3068 1591 1285 29 69 U+4EBA 1182 1951 110 137 U+306B 1085 1789 56 66 U+304D 1456 2210 57 102 U+304D 1575 886 47 82 U+304F 1334 941 26 77 U+3066 224 1989 54 130 U+3088 973 2197 48 74 U+3072 603 2248 66 94 U+306B 1577 2225 53 55 U+4ECF 481 1452 81 120 U+3082 1474 1571 39 43 U+3082 381 1685 37 71 U+3042 816 1564 92 101 U+3057 1470 2450 15 149 U+3057 862 1825 15 133 U+3066 475 2012 61 72 U+3031 1482 2351 52 151 U+304B 1210 781 21 47 U+3057 1213 1529 17 162 U+306F 857 2113 41 100 U+3057 391 2030 18 111 U+3088 741 1781 45 73 U+3066 841 1419 46 125 seg_fp 479 2432 105 117 U+3051 606 2373 51 60 U+3080 1560 2304 79 86 U+306A 719 2435 70 80 U+308A 630 1950 24 91 U+3066 359 1628 47 56 U+3055 728 2165 57 77 U+308B 724 1652 43 61 U+304B 384 1935 31 41 U+70B9 1461 1222 59 92 U+3066 367 2495 38 92 U+309E 874 2212 35 65 U+3046 1341 2359 39 114 U+3072 839 1668 78 103 U+611B 835 855 78 135 U+306B 719 967 59 65 U+3093 592 2434 95 106 U+306B 1092 1266 43 66 U+308A 1585 2492 26 79 U+3057 1100 1992 13 119 U+3066 1202 2410 44 130 U+3068 990 2091 43 98 U+3057 605 1972 14 163 U+3089 890 1771 23 76 seg_fp 1615 2393 17 100 U+3089 1470 2317 29 89 U+3057 751 2246 11 127 U+899A 577 705 89 90 seg_fp 1626 2008 16 138 U+8349 706 820 73 139 U+3068 1111 1333 39 99 U+3089 233 883 48 108 U+66AE 484 1117 64 126 U+309D 742 1715 20 42 U+3057 507 2130 18 117 seg_fp 599 782 62 49 U+3089 515 2079 21 89 seg_fp 1496 1717 14 72,200003967_00029_1
U+3031 1255 2015 62 191 U+3051 301 1333 46 83 U+3044 746 1731 101 58 U+3031 1372 1421 76 156 U+306E 528 1487 72 76 U+5916 638 2292 90 133 U+3059 1155 892 49 85 U+306E 528 1241 69 59 U+58F0 521 1330 65 146 U+3080 652 791 72 72 U+308F 532 677 65 72 U+306E 1483 2182 84 89 U+8CBB 1153 666 82 129 U+3064 256 1888 88 80 U+306E 1004 2206 74 62 U+4E5F 1607 2481 82 68 U+306E 534 1009 60 52 U+306E 1350 1774 67 48 U+304D 1365 878 63 90 U+3084 995 1833 88 84 U+3044 279 2162 64 44 U+868A 760 667 104 90 U+3057 1620 1075 87 87 U+3092 773 785 73 89 U+3092 390 2017 67 99 U+6368 394 677 89 108 U+3080 1254 1106 83 77 U+306E 770 1644 56 54 U+58F0 392 1895 76 107 U+7A2E 992 2291 82 113 U+6CE2 1343 1640 92 115 U+306A 1611 1830 58 95 U+624B 398 2326 59 99 U+3092 1481 2439 82 99 U+81B3 844 2072 107 134 U+3061 536 2095 43 91 U+3092 1004 2431 73 95 U+3089 1500 1615 49 104 U+819D 894 962 85 119 U+8494 899 669 86 120 U+3084 1135 816 90 67 U+984D 1346 988 97 105 U+5730 992 1951 111 66 U+5CB3 992 2048 111 117 U+3092 1230 2438 90 104 U+52DD 1591 2355 94 102 U+3064 272 2211 85 58 U+3068 1640 681 33 79 U+3092 279 1580 86 98 U+5BC4 1351 1861 87 118 U+307B 1624 1175 70 82 U+4ECF 755 1545 84 85 U+8E0A 509 1088 99 115 U+304F 1619 1733 26 91 U+5176 1004 1028 84 105 U+3092 880 1623 65 109 U+7247 403 917 69 114 U+306A 292 1426 58 74 U+3092 1014 1277 89 97 U+3068 663 1854 37 76 U+9580 639 1183 82 89 U+898B 282 1691 69 101 U+3044 392 1043 91 40 U+308C 1515 765 49 126 U+306E 1260 991 54 105 U+306F 1023 1724 38 83 U+305B 1363 2000 54 46 U+306B 641 2450 61 64 U+4F3C 274 678 89 90 U+3092 866 2235 62 93 U+6B8A 1595 2225 91 95 U+6708 1244 2237 49 108 U+305D 1154 1089 45 101 U+3051 308 1965 51 84 U+3044 630 1803 89 53 U+5270 747 1373 93 134 U+304A 1487 1172 91 57 U+306B 912 1098 53 51 U+9640 1241 786 107 98 U+308A 419 1542 32 101 U+305F 1265 907 41 85 U+307F 858 1942 95 103 U+308C 1501 1320 50 120 U+5451 660 657 80 78 U+877F 868 1516 122 93 U+5531 1618 783 73 75 U+6DBC 626 1953 92 127 U+3082 1047 959 32 50 U+5750 1003 1176 99 66 U+6765 1354 2081 62 101 U+3046 1264 1859 26 93 U+304F 655 2211 29 85 U+306F 1019 1617 48 85 U+305D 1508 664 54 102 U+5F25 1239 675 87 113 U+306E 1142 1511 73 78 U+58F0 1625 934 60 140 U+3068 1056 662 33 78 U+3066 280 895 47 114 U+308B 292 1810 40 53 U+3089 1664 1252 31 99 U+3057 1234 1519 82 108 U+3080 894 1169 73 83 U+305F 532 1912 48 98 U+6708 665 1377 40 93 U+9F62 1329 2339 126 97 U+3064 1102 2184 87 67 U+3059 529 1578 52 112 U+306B 406 1316 47 65 U+307E 777 1779 55 85 U+3044 1354 676 79 55 U+6295 496 2459 109 76 U+304B 1265 1973 22 50 U+3089 1510 2082 33 94 U+304F 1499 1986 38 100 U+6900 500 2364 103 93 U+601D 1021 769 74 88 U+3075 997 858 104 83 U+3044 388 1412 92 55 U+3051 1539 973 45 105 U+5B50 1148 1387 71 84 U+51FA 401 1659 54 69 U+305D 785 886 55 105 U+4E8C 1147 1233 57 58 U+308A 424 1183 26 92 U+3089 573 743 30 83 U+308C 1110 2434 58 105 U+306B 1499 1733 32 68 U+308B 912 1414 29 69 U+308B 1371 2224 33 54 U+3051 1112 2368 45 63 U+308C 543 1689 44 120 U+3064 1604 1927 72 80 U+3066 1233 1711 44 110 U+304B 910 1346 29 70 U+3057 1356 1301 83 83 U+306F 1368 1393 55 30 U+306F 541 1812 43 88 U+308B 904 2460 32 86 U+304F 1636 1426 32 92 U+304B 290 2455 28 55 U+3066 915 809 42 116 U+308C 269 1122 86 83 U+9000 998 1395 83 102 U+65E5 1242 2363 37 46 U+308A 799 1137 27 67 U+3075 1617 858 89 62 U+5DE1 859 2352 86 103 U+3066 399 1750 40 127 U+971C 1474 2280 77 145 U+306F 1133 2075 38 79 U+3046 300 1029 32 95 U+3066 627 1675 50 109 U+3066 411 785 37 97 U+6298 637 899 86 112 U+308B 311 1501 25 56 U+3051 427 2229 46 90 seg_fp 1485 1042 65 114 U+306E 1496 1245 56 72 U+306F 541 813 36 81 U+3059 1254 1197 57 94 U+3057 296 2255 17 145 U+9152 753 2285 76 91 U+3057 1640 1310 14 103 U+304B 1471 1477 82 49 U+3064 1500 904 79 70 U+3082 1134 1986 44 59 U+3082 1278 1402 33 75 U+306B 881 1753 56 75 U+3089 1279 1622 31 105 U+306B 664 1284 48 57 U+3089 943 1258 20 96 U+305F 1382 731 41 81 seg_fp 671 736 43 28 U+306B 1367 1110 39 75 U+3055 658 1502 44 85 U+3078 1246 1296 74 107 U+3044 1468 1902 92 67 U+3086 1619 1549 70 85 U+4E0A 382 2153 65 74 U+3064 279 2076 54 52 U+304F 1620 2132 15 72 U+3055 408 1101 51 80 U+3057 680 1584 17 142 U+3057 339 765 11 126 U+3057 815 989 19 148 U+3057 1651 1655 15 101 U+3057 1641 2047 18 107 U+3055 408 1455 56 85 U+3057 1163 2300 12 120 U+306F 1369 1189 44 106 U+306F 1502 1806 46 102 U+3057 341 1198 13 126 U+524D 1129 1782 71 167 U+304B 686 1004 32 81 U+309E 561 2006 20 66 U+3078 548 898 66 93 U+3081 751 2025 74 63 U+3066 1342 2475 53 69 U+3057 802 1866 11 143 U+771F 395 2441 69 97 U+304B 1154 2247 24 57 U+309E 1400 810 17 61 U+3064 1163 1302 36 49 U+3057 1535 1521 17 115 U+3057 692 2077 13 132 U+3057 783 2090 20 152 U+624B 1136 1698 64 67 U+3089 691 1081 29 69 U+3092 765 2431 73 74 U+304F 884 1834 45 111 U+5C0F 521 2273 53 44 U+3051 1052 1497 24 101 seg_fp 1148 1636 35 79 U+304B 1641 2000 19 51 U+3053 1164 1012 43 78 seg_fp 764 2401 26 48 seg_fp 796 1246 29 73 U+306B 1378 2444 23 31,200003967_00029_2
U+6253 252 1956 72 121 U+306E 1591 1426 61 55 U+306E 1453 1577 62 74 U+3031 627 1051 49 111 U+8EAB 1316 2150 79 137 U+306A 257 1224 60 98 U+306E 1094 1384 73 67 U+3072 240 780 85 71 U+5438 249 663 89 88 U+306E 624 2073 71 96 U+623F 363 1672 73 130 U+3031 395 2394 68 168 U+306E 256 1461 65 61 U+7BA1 1451 1678 70 124 U+3092 1558 841 92 95 U+306B 616 1780 52 59 U+5C3F 359 1118 94 102 U+3080 259 1130 85 77 U+8208 1326 1127 80 111 U+306E 830 1265 82 62 U+6247 588 768 74 112 U+89D2 1095 1471 57 132 U+308F 1340 1456 65 50 U+6383 713 1911 98 126 U+8DB3 1096 2294 85 84 U+306E 1086 1621 72 82 U+3092 254 1843 88 103 U+306E 505 760 51 56 U+5206 1576 1170 65 82 U+95A8 608 1655 75 100 U+7269 816 662 94 108 U+7720 832 1824 105 132 U+4E73 363 1561 98 91 U+3059 1076 748 73 98 U+58F0 617 1958 80 92 U+76EE 500 665 48 80 U+308A 1347 850 34 111 U+56E3 591 653 66 99 U+8001 1197 663 78 99 U+677F 240 1353 94 94 U+3092 1193 1528 93 98 U+304B 952 872 91 52 U+62B1 479 2056 99 88 U+898B 1453 662 63 113 U+3064 1081 1718 75 58 U+5FD8 1202 901 85 101 U+3093 1453 946 86 96 U+6C57 608 1195 70 98 U+306A 1588 1834 61 78 U+65E5 842 1178 43 55 U+6211 1332 2021 82 103 U+3059 392 2270 41 81 U+5176 843 2050 85 100 U+3075 1551 1008 86 78 U+6BCD 682 668 93 62 U+7D43 1454 1827 84 94 U+3092 618 1278 59 76 U+304B 1204 2333 83 47 U+3053 974 800 51 51 U+304D 270 2268 61 76 U+306B 1342 2266 50 61 U+306A 1204 1643 72 96 U+65E5 1093 667 43 46 U+3072 597 892 81 78 U+304B 1572 655 71 41 U+3046 1225 1280 29 113 U+304B 728 2055 67 52 U+904A 956 1972 101 124 U+6B63 702 811 69 66 seg_fp 1449 1413 64 134 U+308A 399 1308 30 118 U+3092 630 2422 72 111 U+308C 1218 1030 55 96 U+3081 499 1532 53 67 U+306F 385 2365 50 32 U+8D77 478 2256 90 90 U+304F 1226 2409 34 96 U+3055 1340 1529 41 71 U+305F 1590 1496 53 112 U+3064 962 2225 82 78 U+306A 257 874 54 74 U+3042 350 1818 81 63 U+56F3 476 1130 84 95 U+601D 706 1121 81 76 U+3061 854 2282 69 74 U+304B 1115 1304 37 51 U+3053 506 1883 48 49 U+306F 827 1115 69 31 U+306A 1324 1636 64 97 U+3089 635 966 30 98 U+306E 1102 1881 67 65 U+308A 1601 1083 27 80 U+711A 715 1458 79 123 U+3092 1099 2432 91 96 U+308B 857 1969 47 59 U+306B 396 1032 42 54 U+307E 1329 660 54 93 U+3072 975 2099 77 107 U+304A 1556 2151 93 47 U+3092 1209 772 59 108 U+306B 1585 1756 52 59 U+98EF 718 1351 82 90 U+76F8 479 1041 71 81 U+3089 1113 926 29 92 U+3066 612 1599 55 55 U+6708 718 904 42 97 U+3055 1213 1416 38 81 U+6CE3 618 1867 81 74 U+3042 245 1542 79 89 U+306F 704 751 46 28 U+3066 960 1831 49 123 U+3042 1330 1273 77 85 U+3059 636 2202 51 94 U+3072 710 1228 70 76 U+308A 874 2471 29 78 U+3051 845 1445 70 112 U+7560 392 908 52 113 U+3066 1572 2010 36 118 U+304F 968 1735 29 80 U+308A 276 1716 26 103 U+3089 1599 2281 47 110 U+305D 743 1602 48 92 U+3059 977 1025 52 101 U+3066 1321 975 52 115 U+305F 747 2109 40 75 U+3068 1356 1914 30 88 U+3093 1200 1737 99 96 U+305B 1588 2408 61 42 U+3066 260 2367 52 144 U+308A 1482 2012 29 98 U+3084 372 1229 77 78 U+3089 854 841 29 100 U+3093 1320 1821 105 80 U+306A 938 1589 91 140 U+3082 1597 936 26 52 U+306E 405 838 54 59 U+306F 1478 2182 40 88 U+304D 509 2159 37 73 U+304F 512 1952 21 70 U+307E 629 1429 56 78 U+305F 840 1342 45 99 U+3051 1216 2180 45 57 U+3064 1321 2348 84 46 U+3055 965 936 55 86 U+308C 987 2386 56 116 U+3089 1485 864 25 87 U+624B 1118 2160 52 112 U+3075 944 1260 115 52 U+3089 763 1788 37 112 U+3044 961 1206 70 44 U+308B 648 2297 31 79 U+308B 977 2501 37 49 U+3068 1598 2198 37 79 U+308B 1474 2294 39 65 U+304B 275 953 29 72 U+3055 1344 754 41 97 U+3051 767 2272 55 93 U+3066 368 1909 65 78 U+671D 810 972 88 114 U+9593 1107 1988 59 77 U+305F 270 1633 39 84 U+3089 286 1021 27 78 U+3051 1586 1609 67 115 U+308B 845 1583 44 62 U+3046 878 2185 29 80 U+306B 1467 1063 29 70 U+3089 1357 1739 38 111 U+304B 998 2301 37 88 U+3082 1110 2083 37 58 U+304B 1119 1799 23 42 U+3066 1214 1147 41 108 U+306F 1211 1843 46 89 U+304B 1110 846 24 82 U+5EFF 1458 1256 55 51 U+3082 1339 2386 38 70 U+3064 722 2212 75 59 U+308B 1349 2455 30 68 U+3066 736 2374 39 119 U+306F 1473 1135 42 104 U+304B 487 1753 74 49 U+3066 367 1419 40 117 U+305F 501 1411 38 97 U+304B 847 769 28 75 U+3046 979 667 36 107 U+3053 745 1710 45 77 U+3057 1617 1914 13 129 U+3089 423 743 25 95 U+306F 874 2353 33 67 U+3068 737 1014 25 80 U+3055 502 1333 42 73 U+4E8B 967 1332 58 222 U+3057 1214 1993 17 154 U+305F 1466 772 43 90 U+3082 1475 2118 43 55 U+3046 417 646 26 97 U+3057 655 1503 18 130 U+3068 510 1240 34 76 U+308B 1223 2236 33 74 U+3055 629 1372 40 54 U+308B 525 953 30 70 U+4E94 1458 1319 48 52 U+3088 1489 1947 35 62 U+308C 1579 718 54 95 U+3089 1235 1941 32 103 U+304B 393 1987 40 83 U+308B 1371 1354 24 76 U+305F 277 2094 37 108 U+3068 994 1119 41 82 U+3057 542 2339 14 121 U+3066 492 2451 38 90 U+8FC4 837 1654 76 147 U+899A 494 841 69 108 U+3092 1079 1042 86 131 U+9AEA 1552 1269 95 138 U+3057 545 1789 14 112 U+304B 879 2422 22 55 U+3066 1568 2458 46 96 U+624B 506 1663 52 72 U+304B 1483 2439 25 35 U+3057 1128 1177 17 116 U+3048 378 2073 68 148 U+309D 300 2199 24 50,200003967_00030_1
U+5B50 1608 2141 79 73 U+6298 1210 1018 97 133 U+306E 1495 2009 64 66 U+624B 1502 2090 66 106 U+5E5F 637 1944 108 129 U+6642 989 2019 89 94 U+306E 528 2434 74 89 U+6625 1467 990 103 133 U+884C 1340 2092 96 127 U+65B9 1354 1642 62 96 U+3092 1002 1704 73 110 U+663C 754 1752 95 122 U+591C 633 1608 96 118 U+306E 874 1641 61 69 U+3084 1594 1711 93 59 U+306B 303 1753 48 65 U+9D59 982 987 98 128 U+306E 773 755 61 53 U+5B50 997 1413 74 80 U+5B9F 523 1006 80 133 U+898B 644 1723 72 107 U+5B50 516 675 75 77 U+306B 867 805 52 65 U+82B1 1594 996 98 113 U+3061 1605 1800 67 85 U+308B 277 687 46 64 U+304A 758 687 86 55 U+3084 980 1228 93 100 U+306E 1003 1507 76 64 U+3059 994 1821 64 95 U+3044 1604 1891 76 51 U+3055 1614 1946 45 95 U+89D2 1243 2392 57 127 U+9B3C 263 761 88 107 U+5B50 1489 1385 69 74 U+3059 1499 1717 57 84 U+306E 1243 1792 68 53 U+304F 413 1051 36 88 U+60C5 522 1172 93 111 U+306A 393 2470 87 79 U+3082 1623 1353 35 68 U+3082 547 2108 39 76 U+68C4 1357 2295 80 123 U+683C 1470 1284 100 89 U+6368 1347 2432 110 92 U+982C 980 1595 113 105 U+76EE 781 2037 46 74 U+306E 1242 1626 64 48 U+3066 290 2390 63 67 U+3044 1607 1228 60 64 U+6765 1488 2403 88 99 U+540C 986 2435 111 80 U+306A 1363 1445 71 87 U+3088 1497 1466 49 78 U+3092 521 770 83 75 U+3044 1605 2062 76 39 U+8D64 984 1301 79 102 U+9999 1598 2411 92 96 U+53E5 768 1219 59 83 U+690D 1345 1821 100 95 U+305B 1218 1878 81 62 U+3066 532 1663 69 70 U+306A 288 2064 62 85 U+8302 772 2127 79 118 U+548C 385 861 97 127 U+3044 277 2258 99 51 U+7AE5 1482 1827 74 145 U+3044 393 2362 91 51 U+3066 1362 1928 47 113 U+306F 309 2154 40 82 U+6728 1237 1521 70 90 U+3088 680 2311 35 58 U+5176 1226 2289 74 95 U+3078 1377 1760 55 34 U+308B 660 1848 36 73 U+7BC0 755 1091 74 116 U+5FC3 413 1754 84 44 U+3082 306 1831 35 50 U+3051 803 2254 55 67 U+601D 525 848 65 85 U+6771 1489 2298 73 100 U+3084 1467 1210 83 73 U+306B 873 2419 59 70 U+304D 531 2032 56 70 U+306B 1001 2161 53 71 U+89AA 850 1513 103 107 U+96E8 1488 1129 63 68 U+3082 780 1685 44 58 U+306E 1372 1372 64 59 U+3092 650 1509 55 91 U+7537 268 891 61 100 U+5FC3 386 676 92 41 U+5973 1360 1173 89 47 U+5B50 1363 1294 74 76 U+306E 779 975 53 40 U+4E59 1361 1099 91 60 U+3075 972 1919 104 67 U+306F 1132 1142 45 78 U+98A8 274 1358 86 120 U+54C0 529 1745 77 108 U+3084 1334 1229 93 78 U+51FA 1477 1650 88 72 U+5B50 765 893 72 73 U+3078 1599 1306 101 49 U+9CF4 982 1127 90 79 U+308A 1502 1544 29 93 U+306A 280 1016 59 76 U+771F 415 1622 55 100 U+4FBF 278 1565 92 96 U+7F85 1601 2297 84 104 U+306E 284 1494 58 44 U+306F 879 1080 47 101 U+4E5F 530 1868 88 57 U+3066 1235 1225 48 73 U+308A 333 1657 29 89 U+308C 1220 2027 97 87 U+3092 394 742 77 92 U+3082 551 1362 50 67 seg_fp 514 1930 85 95 U+3075 515 932 91 61 U+3075 393 1962 102 67 U+304B 306 2477 34 47 U+3078 1600 1640 99 53 U+3082 293 1234 38 61 U+54C9 1228 2114 82 106 U+3068 1248 1137 40 83 U+4F4F 872 2096 63 87 U+3044 1606 1552 69 71 U+521D 1118 1565 78 100 U+308A 1147 1435 27 99 U+521D 756 1025 79 66 U+3068 1632 1122 30 71 U+3068 1144 1342 39 92 U+308A 298 1092 25 76 U+304B 310 2330 26 41 U+3068 294 1167 33 70 U+304B 400 1449 67 49 U+308C 892 1179 41 124 U+306F 409 1314 64 118 U+306F 748 2462 80 42 U+898B 769 1345 66 107 U+304B 1253 1962 39 68 U+9580 623 1442 89 89 U+3082 1252 1294 38 73 U+308B 424 1137 30 76 U+3089 894 987 29 90 U+65E9 1354 1007 70 84 U+308C 765 2353 45 92 U+3075 514 2303 99 106 U+304D 860 891 62 98 U+304B 421 2423 33 48 U+3055 548 1290 44 75 U+308B 1146 1730 28 59 U+308B 899 2326 28 60 U+307F 907 2200 25 52 U+306E 535 2183 51 55 U+3089 451 981 26 87 U+306A 628 2133 119 105 U+3078 557 1635 52 40 U+306F 770 1889 51 33 U+3068 412 1233 31 75 U+304B 778 830 27 36 U+306E 1237 1481 75 48 U+3044 419 1904 61 60 U+7537 866 672 63 115 U+304F 780 1558 29 103 U+305F 777 1455 50 111 U+3068 563 1440 32 79 U+306B 892 1950 33 101 U+3051 885 2273 45 49 U+306A 432 2033 56 79 U+3092 409 1816 63 90 U+304F 1376 1533 37 89 U+3057 1166 1224 12 111 seg_fp 401 2165 100 156 U+309D 824 2318 23 62 U+3066 876 1329 50 120 U+305F 1145 1660 32 72 U+3064 1634 1489 41 38 U+304D 282 1903 64 69 U+307F 689 2369 23 49 U+3089 672 1128 33 91 U+9593 1256 1686 46 53 U+4E00 1601 1448 79 34 U+82B1 1218 1390 87 91 U+308B 442 2113 33 74 seg_fp 1259 1737 36 39 U+5973 678 2432 56 55 U+805E 532 1515 81 91 U+304B 655 2062 39 71 U+308B 435 1534 25 69 seg_fp 758 1979 102 56 U+65E5 1133 1843 42 63 U+308B 662 1389 32 49 seg_fp 898 1880 25 73 U+308C 646 1200 49 108 U+3057 626 2373 49 78 U+3082 883 1720 33 82 U+3059 635 2469 36 60 U+309D 304 1976 33 69 U+309D 560 2241 29 58 U+53BB 641 1023 71 106 U+305F 654 1328 39 71 U+309D 445 1496 18 40 seg_fp 566 1565 35 59 U+3068 897 1796 36 86,200003967_00031_2
U+3093 1453 779 82 69 U+884C 693 1281 87 148 U+534A 1074 1520 76 122 U+3092 195 1219 88 94 U+3066 704 1166 65 65 U+6BCD 937 1110 100 72 U+306F 339 1584 69 42 U+591C 1079 1362 100 133 U+4EBA 332 1034 105 137 U+8F14 448 2125 114 153 U+3084 1449 683 75 74 U+306E 355 1409 61 72 U+7247 700 2013 76 101 U+306E 346 1171 66 91 U+898B 951 1888 77 94 U+306E 957 1542 81 57 U+5BDD 969 1397 75 139 U+4E5F 1079 1218 87 90 U+306E 704 1952 63 56 U+5B50 1072 1913 75 75 U+3068 1575 1617 37 83 U+306B 1075 1655 58 81 U+86C9 1528 1157 96 104 U+6DFB 958 1272 84 125 U+95C7 325 1643 103 109 U+306B 963 1194 62 65 U+89AA 328 1272 103 125 U+5BB6 809 2107 94 135 U+3084 945 1795 78 62 U+6368 1050 1773 99 129 U+306E 1072 2004 65 55 U+5B50 199 1104 71 86 U+6368 690 1039 104 116 U+5FC3 324 1511 115 59 U+3057 707 1619 71 92 U+537F 793 2241 124 94 U+6D6E 1436 1941 86 131 U+3075 1413 2459 92 73 U+307E 1456 2178 55 100 U+5B50 712 1869 62 67 U+5922 947 1627 72 155 U+306B 1440 2367 65 70 U+3059 1193 2361 43 80 U+4EBA 1435 1232 95 145 U+306B 215 1663 65 74 U+6CE3 1053 2074 79 92 U+6B4C 1436 1548 93 112 U+306B 1454 1828 49 68 U+306F 1545 1583 71 45 U+305D 593 1873 48 80 U+3057 1321 772 70 90 U+4F8D 1318 1090 79 104 U+306A 583 1961 74 90 U+306B 596 1188 52 75 U+4EE3 1547 2481 87 101 U+4E16 580 1100 93 71 U+3053 1574 1725 49 55 U+3088 1198 2025 40 73 U+3068 1343 673 33 73 U+8FF7 203 1749 89 99 U+537F 444 2284 115 92 U+91E3 1541 1278 87 96 U+5FC3 1422 1758 109 60 U+3031 1471 1391 42 110 U+89AA 690 1507 96 109 U+306B 340 1771 56 66 U+4EBA 1167 2133 107 101 U+517C 453 2000 77 107 U+3082 1456 1668 42 62 U+3064 928 2001 98 75 U+8FC4 1561 1766 61 141 U+306C 207 1994 78 90 U+884C 1537 1927 93 85 U+3057 1174 2214 65 86 U+3075 1526 1500 105 74 U+601D 201 1338 77 98 U+3075 679 1785 121 74 U+308A 1353 1197 31 105 U+54C9 218 2164 75 136 U+97F3 583 1672 69 116 U+304F 724 1412 28 81 U+3044 685 2128 94 35 U+3072 219 1879 76 76 U+873B 1538 1027 91 105 U+306C 1298 1301 98 89 U+3089 986 2072 35 95 U+9053 206 1528 85 121 U+54C0 1080 1049 62 114 U+306F 1059 2278 61 33 seg_fp 593 1276 67 111 U+306E 1452 1509 57 42 U+308A 720 2246 26 75 U+308C 591 2192 49 110 U+3055 699 2162 65 85 U+3051 1567 1429 34 70 U+309D 1479 2276 25 78 U+304D 1475 1116 34 94 U+3075 191 1438 112 68 U+306D 329 2030 95 108 U+306A 1443 1003 86 113 U+3057 1351 927 18 140 U+3075 1421 2069 115 70 U+4E8B 1556 2115 61 148 seg_fp 1345 860 36 70 U+58F0 1059 2148 92 117 U+304B 602 2050 35 72 U+305F 1561 2012 46 94 U+308B 241 2080 36 85 U+307F 1209 2097 29 56 U+5343 1571 2362 44 87 U+3042 318 1853 88 85 U+305F 727 1711 36 73 U+3068 348 2160 38 79 U+306D 590 1429 82 118 U+3066 582 1555 48 100 U+3082 350 2233 41 58 U+70BA 805 1990 73 95 U+308B 604 2116 34 75 U+3093 940 2200 120 77 U+308A 1590 1365 20 85 U+304B 1562 2246 24 48 U+3053 595 1809 47 60 U+3089 368 1942 30 85 U+3089 1201 2294 28 71 seg_fp 622 1381 28 68 seg_fp 1460 868 53 110,200003967_00034_1
U+9593 404 1245 74 77 U+306E 414 1339 73 71 U+592A 276 1075 59 86 U+6247 1111 2110 85 145 U+6247 871 1390 87 134 U+3084 868 1280 93 75 U+5BFA 894 1175 55 88 U+5927 907 1088 68 78 U+5DF2 1455 1363 91 86 U+6728 405 1439 67 89 U+3066 890 1515 56 68 U+5728 1292 1213 93 111 U+306E 655 1503 64 49 U+6642 1444 2024 105 108 U+4E95 647 1831 67 101 U+66F4 1313 1651 89 114 U+4E94 417 1157 57 51 U+4FC4 1034 1128 88 86 U+672A 1443 725 110 117 U+5148 1445 1239 108 104 U+6247 264 1943 85 123 U+76F4 1289 732 106 101 U+3044 655 1635 66 41 U+5148 1443 2143 111 105 U+5148 1301 1456 103 102 U+306A 1132 1965 63 81 U+868A 638 1410 97 81 U+5200 405 1635 55 73 U+304F 417 1906 25 98 U+6642 1444 1113 105 109 U+3064 657 1568 60 48 U+6B69 1441 991 91 119 U+8457 1299 959 95 124 U+5C0F 858 2025 80 47 U+305B 1035 1761 59 56 U+304B 396 1813 84 48 U+306E 1008 2141 69 72 U+592A 413 1536 45 81 U+4E00 1115 2417 79 20 U+6319 1437 856 118 110 U+306F 1140 1527 46 66 U+52D5 1444 1788 102 98 U+56DB 409 1084 68 40 U+672A 1453 1654 92 116 U+50E7 865 2105 68 88 U+3092 400 1718 86 84 U+3064 391 1869 90 42 U+88B7 380 2043 118 91 U+9E7F 1002 1983 88 101 U+5927 526 1401 68 75 seg_fp 1596 1130 84 68 U+8336 1103 2525 94 89 U+8005 270 1348 72 85 U+8AAC 1436 2264 136 107 U+5411 1309 2143 102 95 U+3068 679 1683 30 61 U+308C 664 1285 48 107 U+980C 1583 980 105 114 U+540D 855 2249 84 82 U+8005 765 1499 55 86 U+309D 902 2589 31 23 U+306E 871 2200 67 44 U+4E0A 1310 2271 103 76 U+96A0 760 1611 98 86 U+6709 1299 2007 105 114 U+307E 280 1442 45 81 U+56F3 738 2135 100 86 U+7AC5 1306 2360 117 141 U+8A63 512 1600 74 87 seg_fp 259 2136 88 87 U+3057 880 1604 77 109 U+308A 1156 1415 23 104 U+901A 261 1753 84 96 U+306B 284 1679 41 56 U+3042 624 1103 89 94 U+3005 1336 1132 33 67 U+9403 1287 840 118 119 U+5C71 521 1511 61 55 U+820C 1446 1913 96 99 U+89AA 984 2230 107 101 U+3072 264 1601 68 77 U+3066 779 1815 62 102 U+53E4 662 1765 52 60 U+5230 1453 1477 89 101 U+306F 667 1197 39 87 U+309D 1014 2592 36 19 U+5FCD 650 1989 92 81 U+308C 777 1723 51 87 U+898B 1023 1643 65 97 U+66F2 763 1407 63 68 U+3046 1144 1780 25 82 U+90CE 273 1166 78 95 U+51A0 267 1269 75 76 U+3088 1156 1330 48 84 U+77E5 1303 1931 114 73 U+3093 1028 1431 79 87 U+308A 1030 1871 28 86 U+6A5F 1282 1319 132 128 U+5DDD 1032 1250 81 119 U+3075 728 2068 120 71 U+3051 1019 1815 47 53 U+9808 1287 1794 112 103 U+3075 1115 2052 103 50 seg_fp 1661 313 44 69 U+3084 1135 1605 64 71 U+309D 416 2581 29 18 U+306A 1105 2260 126 102 U+306A 377 2207 137 120 U+3066 1029 1530 41 92 U+3075 1124 1249 106 64 U+3057 1139 1837 14 128 U+3072 646 2080 71 67 U+308B 296 1849 31 69 seg_fp 314 2225 14 99 U+3068 1049 1366 43 66 seg_fp 1606 343 32 64 U+8CB0 1137 1107 67 116 U+309D 297 2582 30 18 U+304B 405 2149 34 60 U+304B 292 2076 34 63 U+309D 674 2600 29 20 seg_fp 1667 449 38 24 seg_fp 1664 472 43 69 seg_fp 783 1923 42 116 seg_fp 1678 403 18 31 U+304F 1142 1674 30 88 seg_fp 1617 412 20 27 U+304B 282 1523 34 74 seg_fp 1676 566 33 44 U+306B 686 1950 25 21 U+3057 908 1834 21 143 seg_fp 1601 314 36 14 U+3051 659 2147 42 37 U+308A 667 2178 32 106 U+308C 893 1723 55 111 seg_fp 1620 512 35 51 seg_fp 1548 2365 39 44 seg_fp 444 2307 17 68 seg_fp 1616 448 29 54 U+304B 1134 2222 37 52 U+309E 792 2047 19 41 seg_fp 1672 541 26 19 seg_fp 1462 2429 105 97 seg_fp 1387 2096 26 60 seg_fp 1492 2495 67 32 seg_fp 1522 962 31 32 seg_fp 1617 481 40 45 seg_fp 1459 2393 53 39 seg_fp 1364 1402 43 56 seg_fp 1535 1193 34 56 seg_fp 1164 1203 28 51,200003967_00034_2
U+4E0B 276 1311 67 87 U+7ACB 290 2423 71 93 U+306E 655 1791 74 66 U+9580 1618 2025 81 99 U+4EBA 406 1125 104 132 U+9CE5 777 1361 67 114 U+7BAD 262 1117 76 126 U+5451 281 1875 82 102 U+306E 1406 2391 66 61 U+3092 1003 1272 71 113 U+8336 1022 2510 110 114 U+304D 1616 1276 54 84 U+5176 1344 948 82 96 U+306E 1615 915 69 96 U+306B 271 1433 64 56 U+3080 286 1988 80 73 U+3086 1139 1876 81 73 U+8FD1 1593 1137 91 114 U+306E 282 1255 63 49 U+70AD 1618 2238 82 112 U+5FA1 622 768 84 90 U+95C7 1137 1578 84 108 U+5B50 1127 1119 80 90 U+3031 1161 2051 61 229 U+3092 1131 1226 75 99 U+4E00 1024 2423 101 25 U+591C 1367 1649 110 128 U+591C 1359 1057 97 108 U+7724 413 1275 103 90 U+3044 1142 1974 69 47 U+990C 648 1895 105 124 U+4E73 268 1667 103 105 U+56E3 1621 2372 74 104 U+4E0D 514 775 86 83 U+70CF 1491 1312 81 118 U+306E 765 1300 73 60 U+7D2B 1598 764 90 130 U+7A0B 1607 2506 105 89 U+3057 683 2354 85 102 U+3055 533 969 63 91 U+308A 1520 1701 36 95 U+3084 1128 1693 96 74 U+8494 651 2049 101 144 U+3093 1021 2193 101 73 U+7BAD 457 2076 71 124 U+304D 1495 1057 61 89 U+4E0A 1400 2475 89 64 U+306E 1016 1579 75 84 U+5834 625 1071 100 118 U+9E7F 275 2073 93 100 U+4FBF 519 864 100 109 U+9ED2 1475 927 93 96 U+76D7 856 740 87 104 U+3084 787 1904 91 81 U+5176 1374 2101 84 105 U+306A 1476 752 70 82 U+3080 790 1999 82 82 U+3092 681 2230 76 101 U+306B 1401 2556 61 63 U+91CC 1612 1031 69 88 U+9DB4 435 1550 82 103 U+3088 465 1676 36 65 U+304A 864 1005 80 41 U+308A 1632 1566 34 104 U+306B 1628 2127 69 69 U+54C0 1242 1015 76 138 U+3092 292 1769 54 88 U+4F0F 1499 2111 90 88 U+5BB6 1390 2237 87 121 U+3092 791 1668 66 78 U+3068 1623 1709 43 85 U+306B 898 1372 56 59 U+306E 887 1055 55 46 U+70CF 1009 1429 76 127 U+58F0 994 1114 77 159 U+96A0 880 1453 113 89 U+304D 435 1383 53 72 U+3075 646 2531 135 80 U+4EBA 856 863 112 125 U+308C 920 1564 41 88 U+3059 1380 1813 58 93 U+89AA 1358 1174 103 97 U+9CE5 1391 1257 66 122 U+308B 1642 1919 36 77 U+9CF4 1018 1663 92 110 U+306B 1359 876 52 70 U+306B 464 2001 55 65 U+7BED 1487 1956 104 130 U+3066 1489 1811 46 131 U+308B 1373 803 38 67 U+304F 1383 1532 25 99 U+308B 1495 828 25 81 U+90F7 865 1291 97 53 U+3066 1505 2369 48 97 U+5DE3 1481 1173 80 100 U+3059 1040 1939 54 107 U+696D 737 1126 100 141 U+6210 626 873 79 107 U+306B 657 1348 60 81 U+601D 1131 1345 86 102 U+3089 836 2072 50 81 U+5DE1 785 1763 91 75 U+6240 633 1211 96 89 U+53E4 878 1190 64 65 U+3042 1595 1384 96 104 U+306F 1141 1830 66 26 U+7E1B 908 1795 93 103 U+3068 1154 2304 47 107 U+304B 896 1125 32 62 U+3075 1124 1447 122 97 U+3061 451 1821 64 94 U+3051 1362 747 50 54 U+3089 1069 2047 59 113 U+96E8 801 2248 90 78 U+6642 799 2159 97 85 U+3051 1251 870 43 61 U+3068 468 1751 35 71 U+3082 675 1698 33 61 U+304B 1161 1770 32 41 U+3089 1405 1380 39 82 U+3042 403 2146 54 78 U+3042 1026 1781 63 73 U+3066 902 1667 46 105 U+5B50 288 2185 68 76 U+308B 821 1845 31 51 U+54C9 281 2261 77 87 U+308B 1262 930 30 68 U+3042 1608 1801 78 114 U+3089 489 1915 27 95 U+7F60 774 1507 91 158 U+305F 1631 1485 48 84 U+306B 922 2162 61 66 U+3068 672 1637 34 64 U+305F 701 2458 49 71 U+308A 669 977 20 81 U+3068 1515 1615 36 89 U+308C 945 1904 45 107 U+304B 1400 1903 33 68 U+3089 1413 1971 30 95 U+306E 278 1564 73 61 U+3092 1491 1463 75 121 U+5FD7 283 2543 119 84 U+309D 853 2603 49 26 U+308B 424 2287 29 67 U+3057 1525 2216 19 150 seg_fp 443 1477 56 78 U+6709 1512 2481 45 86 U+6BCD 265 1509 82 57 U+305F 419 2222 31 61 U+3055 1255 1174 67 88 U+9CF4 1255 738 55 95 seg_fp 543 1078 36 66 seg_fp 936 1335 24 30 U+304B 1058 1855 30 84 U+308A 1530 2566 23 53 U+305B 1545 2211 41 39 U+3057 968 2014 17 130 seg_fp 558 1143 26 148 U+9CE5 665 1476 59 90 U+304B 478 2206 36 34 U+3057 1379 1377 15 160 U+309D 447 2591 41 28 U+306B 1256 1294 65 111 seg_fp 677 1550 28 62,200003967_00035_2
U+4F55 787 1463 95 118 U+597D 1483 1662 122 100 U+306C 1257 2089 81 84 U+6070 1496 1544 100 89 U+56FD 788 1261 101 88 U+3092 801 1586 85 101 U+8D64 284 1108 86 99 U+6210 1167 753 92 97 U+9CE5 1521 1780 56 136 U+6728 793 2084 80 107 U+624B 1289 1505 57 108 U+4E0B 663 2148 57 71 U+3064 786 1104 87 61 U+7ACB 791 2225 70 105 U+306F 554 1619 61 43 U+87C7 531 1975 112 139 U+306E 809 1189 54 63 U+306E 799 1370 74 86 U+9D2C 1048 1108 84 135 U+6728 664 2056 78 88 U+85AE 540 1762 93 125 U+306C 1262 1842 80 83 U+306F 1276 1637 61 30 U+87C7 365 2196 105 134 U+3064 401 1588 74 61 U+306E 1514 1939 66 92 U+306E 1055 1414 66 85 U+305B 1010 2527 73 74 U+308D 1031 2117 78 119 U+3082 1058 1533 37 79 U+5410 405 1345 81 55 U+4E0D 1128 1911 68 64 U+306E 556 1895 63 63 U+6B64 1021 1962 85 60 U+6B64 535 1692 92 71 U+8336 1496 2509 107 127 U+4EBA 1378 1403 113 127 U+7533 1049 2259 43 89 U+3084 263 1950 70 60 U+3084 1253 2279 84 72 seg_fp 678 473 76 77 U+306E 293 1429 65 81 U+96F2 416 1092 59 111 U+5019 559 2277 59 76 U+308A 1045 1851 29 92 U+3092 1389 1526 68 103 U+6728 279 2132 71 71 U+5176 1273 1385 69 99 U+306B 1129 1802 52 73 U+3044 289 1229 70 37 U+904D 1363 1284 100 112 U+3059 678 1868 49 109 U+309D 388 2577 33 27 U+3088 1399 1742 51 81 U+304A 1016 2373 78 55 U+304F 422 1419 32 85 U+6210 1123 2304 81 95 U+3066 561 2174 51 71 U+306F 1278 1786 62 34 U+884C 1374 2127 85 105 U+3092 908 1119 71 135 U+307E 564 1095 53 88 seg_fp 767 388 57 56 U+590F 274 2012 74 123 U+767D 681 1106 49 68 seg_fp 774 538 44 54 U+305F 931 757 47 102 U+4E00 1506 2407 76 22 U+3068 1147 2213 36 80 U+309D 680 2594 28 23 U+6804 278 1515 76 115 U+3092 658 1360 86 88 U+306A 1048 837 66 113 U+309D 805 2599 40 33 U+8E4A 1154 865 86 109 U+5F15 374 2055 79 145 U+3072 1124 1706 80 81 U+7B20 1044 1268 77 112 U+7ACB 287 2224 68 90 U+3064 1386 1922 65 71 seg_fp 687 385 61 73 U+3082 803 1866 34 59 seg_fp 922 372 60 73 U+98DB 1267 1116 95 123 U+3084 659 1978 75 65 U+9670 630 2241 94 95 seg_fp 915 446 82 57 U+3061 279 1814 55 77 U+86CD 1279 1256 79 94 U+67AF 778 1966 102 93 U+5BB6 1507 1306 79 139 U+3092 408 1216 63 109 U+304D 1388 1656 70 89 U+3053 1168 1115 49 65 U+3053 1036 2436 44 53 U+86CD 1378 2228 75 101 U+7533 794 1699 51 149 seg_fp 838 378 63 74 U+308A 406 1936 27 101 U+3055 664 1663 45 76 U+5C11 668 1489 80 102 U+309D 283 2590 28 27 U+309D 1406 2592 32 32 U+5B50 1167 1002 54 82 U+308A 940 862 31 97 U+309D 1301 2609 26 29 U+305F 402 1835 36 100 U+3093 1044 951 97 117 U+304F 1295 1695 29 68 U+3057 1145 2424 20 209 U+3068 1282 2182 41 69 U+308A 574 1248 31 104 U+306B 1506 1466 51 59 U+3064 1127 1598 70 79 U+68F2 1609 1481 93 85 U+51FA 540 1352 97 78 U+3066 1377 1993 49 101 U+306F 1275 2027 56 28 U+307E 667 1770 58 96 U+304F 1406 1841 32 70 U+308A 1530 2248 29 75 U+8000 258 1671 104 104 U+6211 1492 1141 73 145 U+304F 1283 1943 29 65 U+7B20 665 1198 74 125 seg_fp 772 458 47 68 U+3068 1069 749 33 81 U+53E3 417 1530 44 33 U+9CF4 1508 2041 85 92 seg_fp 931 589 54 77 U+3068 1065 1609 44 86 U+308B 576 1525 30 60 seg_fp 778 603 44 63 U+308A 1170 2395 25 59 seg_fp 841 456 50 72 U+3088 1028 1776 55 73 seg_fp 837 531 60 60 U+4E09 1395 1182 55 74 U+309D 558 2598 27 18 U+4E8C 1388 1111 49 43 seg_fp 840 589 60 44 U+5E7D 1615 1327 94 81 U+8A00 1132 2007 47 85 U+4EBA 1127 2083 100 140 seg_fp 1039 1701 67 75 seg_fp 926 506 70 59 U+304B 580 1182 29 69 U+8449 283 1288 83 126 U+308B 288 1897 34 53 U+3053 1049 2043 42 64 U+51AC 1130 1413 68 121 U+305F 575 1436 36 91 U+306B 1518 2141 47 64 U+306B 329 1789 25 32 U+306E 1155 1290 60 99 U+305E 1155 1193 60 100 U+3051 1517 2207 45 44 seg_fp 852 627 41 43 U+306B 578 2129 26 38 U+304D 400 1656 61 55 U+3057 922 911 11 210 seg_fp 939 551 44 35 U+3057 438 1764 14 141 seg_fp 693 1572 21 57,200003967_00036_2
U+67F3 343 1507 112 140 U+304B 357 1021 99 54 U+51AC 1310 1958 69 124 U+9905 599 1038 91 116 U+3061 1462 1178 54 86 U+53C8 1322 1589 101 75 U+4ECF 853 2119 83 149 U+7560 1581 1168 65 102 U+306E 379 1652 71 58 U+6417 599 1199 100 104 U+3092 1579 1288 99 86 U+304A 714 1374 105 47 U+3084 1439 1364 88 72 U+591C 986 1921 99 107 U+3061 732 1686 63 91 U+54C9 1580 2173 75 84 U+307E 382 1081 52 86 U+306A 1325 1662 81 91 U+306C 1451 1850 84 79 U+5B50 247 1039 83 101 U+3044 1453 1740 79 61 U+54C9 722 2167 68 88 U+888B 723 1126 95 124 U+304A 722 1037 79 54 U+591C 1577 2075 79 100 U+306A 1452 2028 73 83 U+5341 1596 1993 48 70 U+5EB5 983 1366 117 114 U+3092 239 1458 73 89 U+7BC0 249 1990 75 110 U+3061 366 1958 59 93 U+7F6A 1329 1405 87 94 U+306A 373 2121 62 98 U+308B 1471 1272 46 75 U+6307 714 1976 91 80 U+4E5F 260 1892 57 92 U+306A 1331 1159 61 78 U+5F7C 846 1027 109 112 U+80FD 1311 1046 85 94 U+5F53 850 1627 91 123 U+3082 1353 1518 35 56 U+5357 731 2058 58 92 U+624B 742 1572 49 99 U+306E 256 1161 61 65 U+4E00 1559 2324 103 27 U+96EA 856 1955 83 96 U+5F37 1197 1478 89 102 U+901A 1574 1392 92 110 U+3059 260 1722 49 82 U+8336 1552 2439 119 102 U+96EA 1445 1046 82 107 U+3057 1446 1941 99 82 U+76D7 1209 1587 73 96 U+304D 733 1776 49 103 U+5750 846 1766 86 68 U+798F 713 1462 93 93 U+308A 1025 1804 30 101 U+5019 252 2214 63 51 U+306F 1122 2102 50 111 U+306E 974 2051 87 62 U+7A7A 1445 2179 84 92 U+9905 485 1401 109 132 U+309D 750 2527 42 30 U+3066 1572 1580 90 84 U+7BED 1306 2104 92 147 U+308B 264 1802 37 70 U+89AA 236 1562 94 96 U+5F35 957 1029 110 142 U+662F 859 1159 78 123 U+306F 1333 1366 61 28 U+3082 881 1541 39 55 U+304D 272 2113 50 71 U+3078 1459 1815 79 55 U+3068 1017 1497 40 86 U+304F 1597 1667 41 105 U+3082 1477 1680 35 51 U+306A 343 1385 122 117 U+306D 236 1336 81 106 U+309D 1005 2519 30 34 U+304A 1453 1462 92 49 U+309D 868 2529 31 23 U+679D 347 1726 118 112 U+3051 403 1172 57 86 U+54C9 600 2138 80 131 U+304B 752 1287 25 43 U+308C 1595 1772 56 124 U+309D 620 2514 34 25 U+305D 879 1852 42 72 U+309D 373 2512 33 22 U+306F 1226 1717 39 79 U+3051 1492 1583 50 91 U+3082 269 1656 31 51 U+308C 1124 1988 42 112 U+96A3 619 1413 88 165 U+308B 1609 1892 35 78 U+306E 1453 2111 59 65 U+308B 756 1878 29 68 U+82B1 496 1563 80 111 U+5B50 610 2043 76 95 U+83DC 1580 1033 75 71 U+308B 376 2217 37 96 U+3075 586 1977 115 50 U+307E 250 1230 47 91 U+309D 1333 2522 45 30 U+3044 615 1898 66 71 U+3068 880 1287 36 83 U+6765 621 1611 62 113 U+304B 634 1353 19 42 U+305F 620 1724 44 83 U+3075 841 1458 109 64 U+308C 978 1662 88 84 U+3068 1485 1504 37 79 U+304B 382 2064 22 58 U+306B 371 1836 55 45 U+3044 867 1370 71 80 U+308A 1218 1903 41 105 U+3051 1018 1744 36 63 U+3084 1203 1831 70 65 U+3068 633 1821 48 76 U+309D 1465 2532 33 22 U+308B 367 1274 43 93 U+3057 1355 1238 11 136 U+3089 1016 1583 46 86 U+971C 986 2117 101 139 U+3057 1362 1753 16 199 U+3051 1115 1876 60 97 seg_fp 1595 1098 51 53 U+3082 378 1898 29 54 U+3057 1636 1501 17 122 U+756A 986 1177 77 126 U+309D 250 2517 42 23 U+306B 1054 1329 20 17 U+3078 658 1602 58 32,200003967_00041_1
U+9CE5 1366 1179 71 127 U+4E2D 1611 2270 61 75 U+56FD 1019 1535 71 92 U+4EBA 642 1256 92 144 U+5DDD 759 1422 83 109 U+7ADC 879 1866 81 110 U+57A2 876 1220 88 95 U+5229 412 2132 72 89 U+904A 1124 1931 95 108 U+3064 278 1151 84 55 U+4E0B 534 1833 61 86 U+51FA 273 1776 99 66 U+3093 1595 1733 104 74 U+3092 529 1715 80 109 U+306E 1131 1830 75 73 U+5BD2 1365 1961 77 145 U+306F 306 1028 45 86 U+6728 1128 1047 70 116 U+5730 399 2292 100 58 U+690B 1345 1047 94 115 U+306B 1623 1401 52 66 U+5BD2 871 1044 120 125 U+96E2 880 1341 89 124 U+6A4B 1000 1664 103 105 U+8336 1353 2448 113 109 U+3064 418 1250 77 67 U+307E 308 1511 53 101 U+6301 1237 1538 85 87 U+3082 784 1312 32 73 U+4E00 1356 2360 90 27 U+3084 273 1422 80 69 U+5C71 523 1606 76 70 U+3084 1108 1447 87 80 U+4E0B 1611 1488 71 93 U+3066 1596 2091 60 130 U+3066 296 1854 89 106 U+306E 428 2226 56 62 U+6587 1134 1713 72 61 U+5439 399 1696 92 84 U+62AB 862 2041 103 72 U+3089 1647 1576 29 95 U+4E21 1014 1422 75 73 U+9014 1568 2383 109 116 U+306E 894 1981 49 62 U+3092 776 1538 56 98 U+306E 896 1803 61 54 U+3068 1379 1324 41 85 U+6DF1 520 1493 80 76 U+540D 414 2040 70 80 U+306B 651 1752 55 70 U+8B77 1244 1399 77 114 U+539F 1233 1793 86 98 U+9662 1224 1666 107 99 U+54C9 875 2194 74 80 U+6771 1620 1244 65 122 U+51FA 1500 1449 81 72 U+3072 740 2288 74 87 U+3068 226 2116 45 97 U+3092 417 1603 69 83 U+4EA4 397 2414 90 100 U+3061 748 2115 57 93 U+3057 758 2388 83 125 U+306E 233 2050 54 66 U+304B 762 1258 95 43 U+306B 440 2354 41 54 U+9732 886 2120 60 75 U+308A 328 1685 27 85 U+56DB 1128 1641 70 51 U+306A 875 1634 79 86 U+306A 1359 2198 119 99 U+5EA6 648 2046 63 102 U+3057 523 2187 71 105 U+3057 554 1249 19 205 U+308A 563 1939 25 72 U+3080 421 1369 75 98 U+3072 640 1862 79 78 U+3068 770 2035 34 66 U+3068 668 1938 32 75 U+3042 647 1599 75 78 U+5C4B 1136 2169 94 79 U+309D 898 2529 38 24 U+305B 884 1545 66 79 U+309D 1140 2533 24 22 U+3057 1629 1924 23 153 U+3057 1141 1251 22 181 U+308B 1524 1613 35 78 U+304B 321 1609 32 82 U+306B 1490 1703 62 81 U+308B 401 2516 35 50 U+3089 1165 1221 31 94 U+3066 532 2014 44 119 U+308F 769 1668 61 59 U+304B 320 1234 21 58 U+9AEA 510 2397 78 133 U+6238 221 1949 66 113 U+304B 907 1732 27 51 U+3055 666 1399 44 99 U+6C5F 226 1877 69 83 U+305F 1518 1521 45 89 U+547C 1354 1666 103 93 U+308B 1394 1795 29 70 U+308A 459 1469 27 92 U+3089 788 1826 33 94 U+308B 319 2014 32 91 U+3068 324 1940 30 71 U+3089 544 2288 36 100 U+3057 233 2214 17 175 U+304B 1159 1153 26 66 U+3057 325 1291 14 116 U+3068 1629 1831 40 94 U+308C 434 1793 34 101 U+306B 941 1487 22 27 U+3078 646 1520 93 53 U+8FC4 1505 1239 68 136 U+308A 663 2347 27 66 U+304B 1385 2108 39 90 U+5973 1114 2058 108 64 U+5EFF 1134 1571 49 46 U+7BED 633 2197 70 126 U+3057 777 1888 12 133 U+5C0F 1129 2115 79 45 seg_fp 1333 1522 140 69 U+309D 1392 1861 19 61 U+308B 684 1675 23 50 U+305F 776 1738 41 84 U+3064 421 1893 48 84 U+304B 755 2210 38 76 U+309D 275 2544 37 30 U+306B 1418 1605 26 25 seg_fp 440 1983 17 34,200003967_00041_2
U+4F8B 254 659 116 168 U+4EBA 1441 1269 111 114 U+58F0 1574 1722 106 119 U+306E 1588 1621 82 88 U+5B50 1586 1364 97 89 U+6728 757 1252 76 103 U+5C0F 1445 1195 76 46 U+5176 1566 1015 85 105 U+6885 736 1039 113 118 U+306F 1595 1289 67 42 U+7BC0 1223 1430 88 158 U+306F 1002 1434 70 43 U+8DE1 1578 1148 89 106 U+9591 1436 1390 94 99 U+8272 964 2152 84 127 U+306E 744 1173 81 74 U+7BB1 743 1769 101 138 U+5FA1 747 1505 72 115 U+4E00 1119 1038 82 32 U+306E 396 1701 74 92 U+3092 747 1909 92 95 U+672D 852 1427 114 107 U+3084 741 1383 96 81 U+51AC 1332 1036 105 102 U+58F0 1104 1104 99 180 U+9905 384 1845 113 139 U+306E 1100 1660 81 72 U+306F 1117 1901 80 42 U+3092 532 1740 83 91 U+51B7 243 1728 107 116 U+9EA6 974 1971 97 121 U+4E16 1095 1551 93 88 U+9B3C 1576 1949 123 115 U+5712 417 889 85 112 U+6B63 992 1497 85 81 U+98EF 525 1608 102 118 U+9B3C 1103 1749 125 128 U+6417 368 1993 113 129 U+306E 979 2095 82 58 U+3084 1583 1861 92 72 U+9003 1084 1948 118 111 U+711A 510 1837 102 146 U+4E0D 1446 1815 91 69 U+3066 537 1457 66 128 U+309D 1106 2522 36 36 U+6771 508 2420 118 126 U+671D 530 991 101 127 U+7953 725 1645 114 111 U+6708 1005 1601 70 103 U+5206 1216 1606 95 112 U+309D 979 2528 38 28 U+308A 277 2217 33 105 U+55B0 1312 1825 113 133 U+8D77 507 1331 119 123 U+4E00 1572 2330 110 30 U+6210 1449 1673 106 128 U+305D 1000 1884 55 85 U+306F 271 1939 57 98 U+3092 1337 1952 70 83 U+309D 740 2516 35 37 U+8005 401 1563 71 100 U+65E5 1244 1343 39 55 U+8336 1568 2442 125 114 U+7269 1321 1724 114 85 U+3093 219 2460 133 76 U+6298 503 2176 110 102 U+6B64 1097 1461 92 66 U+304F 1366 1625 30 81 U+6765 287 1190 80 127 U+3066 256 1852 65 89 seg_fp 1357 1131 47 55 U+7D0D 866 1577 129 101 U+9580 430 1142 70 112 U+3068 427 1273 46 120 U+306F 398 2394 55 120 U+5206 1002 1722 68 136 U+3072 1601 2236 87 70 U+53F3 422 1023 79 103 U+3068 564 1130 41 89 U+306B 1111 1320 53 70 U+3082 1607 1512 41 71 U+306E 430 801 86 86 U+306A 235 2337 128 115 U+3051 528 1988 65 81 U+3089 706 2158 47 121 U+309D 1334 2520 34 32 U+304F 564 1215 32 96 U+308A 1343 2188 27 100 U+3089 555 2328 31 87 U+306A 1091 2206 137 110 U+4E00 1230 1287 76 25 U+5C45 1427 1502 97 130 U+306A 392 2143 73 110 U+3051 1009 1033 57 77 U+308B 542 2063 41 83 seg_fp 1341 2041 82 65 U+5EFF 1242 1196 49 61 U+308A 333 1036 25 105 U+901A 255 943 127 91 U+3075 955 1117 127 97 U+3075 380 1478 113 70 U+5584 1438 1927 100 112 U+308C 402 2265 56 132 U+308A 584 886 22 92 U+305F 307 1319 45 96 U+308A 1377 1370 22 74 U+60AA 1335 1493 90 99 U+4E4B 291 818 44 132 U+3084 1577 2068 99 99 U+3051 1333 2120 38 72 U+304B 276 2154 36 67 U+7BED 1333 1197 83 150 U+308B 304 1414 40 81 U+3088 1100 2114 59 94 seg_fp 239 1449 120 272 U+3044 407 1388 67 93 U+3089 1042 1285 29 86 U+8CA0 752 1991 67 138 U+304B 555 2274 29 56 U+306A 707 2027 48 108 U+308B 1150 2054 34 59 U+3089 1607 2166 52 77 U+3068 1616 1461 36 59 seg_fp 1365 2099 39 70 U+304B 1036 1207 33 77 U+3042 248 2060 86 77 U+574A 551 667 81 98 U+671D 637 1613 89 106 U+5B88 557 779 66 110 seg_fp 1484 1608 43 43 U+96A3 432 666 90 124 U+30F3 1029 1829 51 39,200003967_00042_1
U+9905 1412 1514 117 177 U+9905 1173 2101 137 155 U+4F53 372 2351 100 164 U+5019 750 2220 69 62 U+3031 1551 1256 69 219 U+5165 948 2217 121 86 U+9580 1167 1141 98 109 U+81EA 719 623 56 104 U+4ECF 506 2026 109 161 U+6E6F 1650 933 102 134 U+4ECF 238 720 77 79 U+3064 850 1327 93 77 U+306E 502 630 72 86 U+8336 1187 2388 134 116 U+8CDE 1662 1829 100 149 U+3031 1680 740 64 183 U+5411 975 1364 75 104 U+3031 990 969 48 175 U+306E 1404 822 76 66 U+6211 1176 973 83 142 U+5165 724 2078 132 107 U+3059 1307 1872 93 121 U+308A 1441 731 29 75 U+5730 702 821 108 78 U+3072 843 1430 105 92 U+4ED6 954 618 90 95 U+304A 368 1788 96 50 U+3046 1689 1584 34 110 U+3061 1681 1707 50 103 U+8F29 862 1052 102 191 U+6765 1311 1731 83 118 U+7ACB 1665 1429 71 116 U+306F 244 650 51 34 U+306C 1323 2297 105 108 U+529B 972 722 43 70 U+4E2D 726 1376 75 101 U+6765 1202 1322 78 113 U+529B 718 736 51 90 U+304A 725 1927 96 63 U+306B 267 1506 51 78 U+5019 872 985 72 64 U+307B 725 1553 90 105 U+3066 1550 2139 76 114 U+67D3 238 809 97 104 U+3064 1417 1761 90 77 U+529B 865 1725 59 95 U+306B 979 1477 52 63 U+51B7 1396 1173 108 141 U+3092 623 1639 79 102 U+4FE1 960 807 74 84 U+3066 384 1936 69 109 U+304A 500 2273 97 51 U+306F 1559 2430 66 39 U+91D1 609 2343 109 111 U+3044 383 1860 71 42 U+3059 250 1805 91 109 U+3055 1198 1442 60 98 U+914D 1173 1997 123 92 U+983C 834 624 83 102 U+819A 484 745 89 135 U+963F 487 1699 117 113 U+98EF 1545 2273 100 103 U+3068 745 1823 44 87 U+306E 732 1298 72 72 U+306F 867 1269 70 35 U+571F 621 1340 56 69 U+9640 499 1915 124 108 U+306E 732 1011 69 100 U+306B 870 1530 60 68 U+6C37 1372 612 110 96 U+4ED6 855 1627 94 101 U+306B 978 1761 50 70 U+4E00 1182 2292 103 32 U+306B 1562 1789 49 65 U+304D 614 902 70 120 U+8A82 341 645 114 95 U+306B 516 2187 53 67 U+592B 609 1522 95 108 U+3061 1553 2014 53 118 U+3078 389 765 82 34 U+306B 608 634 44 66 U+8A82 355 927 122 95 U+5F85 1541 1635 89 129 U+7E04 857 1816 124 107 U+308B 265 1727 46 63 U+529B 989 1660 48 57 U+3046 269 1396 31 104 U+6210 243 962 81 101 U+306B 1540 935 48 73 U+5F25 504 1812 81 126 U+3061 735 1992 71 83 U+306B 363 822 58 84 U+307B 1647 614 91 87 U+307E 245 1924 73 89 U+3078 1226 1271 59 37 U+306A 1319 2003 83 126 U+4E94 389 2272 51 56 U+306E 1674 1343 82 79 U+3092 962 2091 71 102 U+3072 1428 1864 81 86 U+306B 886 1952 48 65 U+9EC4 618 2209 70 106 U+4ECA 1529 1039 92 152 U+308C 886 2185 53 110 U+304F 492 1194 55 94 U+305F 254 1122 45 109 U+3068 534 1611 42 79 U+306F 1438 1701 58 34 U+306F 375 1048 59 120 U+3044 1514 610 84 53 U+3068 1003 1170 32 80 U+60AA 255 1590 90 97 U+307F 894 759 30 43 U+3089 1570 812 39 111 U+3084 1534 1192 78 72 U+51E1 621 1431 76 98 U+308C 516 1486 62 106 U+3055 503 1381 50 105 U+306B 377 1431 42 85 U+7344 707 903 110 104 U+3066 963 2341 60 153 U+3046 1220 1542 22 109 U+306A 503 994 75 96 U+305F 1192 1809 39 79 U+3082 270 2458 46 61 U+306A 384 1165 56 109 U+3084 372 2168 86 55 U+5FC3 960 914 102 42 U+306B 505 912 49 72 U+304D 629 1235 57 84 U+3064 614 1880 97 69 U+308A 1352 2135 35 133 U+4E00 972 1296 79 23 U+308A 1693 1240 30 99 U+3046 638 1761 37 115 U+7E1B 860 2038 97 119 U+307F 900 930 28 44 U+308B 273 1229 30 62 seg_fp 1677 730 29 49 U+308A 1202 1885 32 92 U+305B 1670 2144 80 91 U+4ED6 964 1580 101 92 U+7FEB 1648 2034 112 99 U+304F 1437 1048 33 103 U+3075 1631 1153 109 90 U+3084 237 1311 99 82 U+305F 625 1021 50 112 U+306F 397 2048 42 74 U+304B 604 719 72 45 U+6B21 721 2386 114 106 U+3088 1689 2238 47 73 U+307E 1552 1888 59 126 U+306B 1206 1658 48 68 U+306A 263 2262 77 103 U+3093 736 1726 93 86 U+3066 1399 1376 52 124 U+3089 1002 2006 29 88 U+304B 998 1931 33 75 U+3057 536 2349 16 173 U+8FBC 844 815 82 90 U+3068 1706 2337 57 134 U+304D 624 2116 53 74 U+306B 1438 1968 59 66 U+5176 729 2288 82 104 U+3057 605 1143 118 105 U+308A 290 1064 22 102 U+3057 409 1519 16 186 U+3078 774 1515 60 36 U+3051 1676 1070 49 83 U+305F 754 1654 45 78 U+304B 1567 736 30 75 U+308B 285 2372 35 77 U+3075 1505 662 108 75 U+3057 1247 1722 14 170 U+3066 360 1656 43 124 U+3057 541 1082 14 172 U+3057 292 2014 16 218 U+307F 299 924 21 36 U+308B 633 812 29 66 U+708E 729 1129 80 137 U+3078 1468 1320 48 91 U+3057 405 1273 11 143 U+3066 863 2344 56 134 U+3060 496 1293 45 87 U+3061 972 1846 65 85 U+3068 1563 1510 35 93 seg_fp 630 1931 49 198 U+309D 642 761 31 55,200003967_00042_2
U+3092 321 2540 149 140 U+3092 854 2214 148 148 U+5BF8 511 879 198 199 U+3059 871 2532 153 120 U+5BFA 1473 2442 140 200 U+3068 906 1774 72 162 U+3082 596 1459 113 154 U+4ECF 216 1351 253 347 U+8AE7 1419 2261 241 156 U+306A 1469 1555 136 165 U+843D 820 1320 207 271 U+5DFB 1421 801 231 274 U+3084 1414 1113 213 189 U+306A 839 2389 154 117 U+6B64 1382 393 288 171 U+8349 1104 1642 205 289 U+4FF3 1445 1985 213 210 U+7C6C 238 1671 217 271 U+5BA4 287 2240 235 277 U+6BEB 542 1113 200 310 U+3005 908 1100 71 98 U+3082 1137 1217 89 118 U+306B 1206 2207 52 118 U+3057 1406 1338 236 170 U+843D 548 1831 196 241 U+8336 1100 558 244 233 U+6D12 820 894 218 155 U+306E 1429 1746 179 195 U+7A3F 1078 1969 267 216 U+3082 287 635 99 241 U+6652 517 1636 247 142 U+3084 478 637 239 175 U+3005 921 1644 32 95 U+8ABF 777 630 276 209 U+306E 1133 1332 124 187 U+308B 1205 1065 54 121 U+7956 270 2002 215 168 U+306A 1114 873 182 184 U+3057 205 408 227 179 U+304F 303 1126 63 207 U+98A8 762 384 300 210 U+675C 775 2006 129 143 seg_fp 886 2008 121 118 U+3057 1214 2317 41 226 seg_fp 309 997 49 165 U+306B 618 2106 46 91 U+3089 611 2380 131 151 seg_fp 1182 2553 43 122 U+309D 1178 1515 29 67 seg_fp 341 940 47 47 U+3053 504 407 171 157 seg_fp 625 2234 107 149 U+3059 579 2514 133 135 U+4E00 1088 398 241 58 U+3066 1185 2516 67 93,200003967_00044_2
U+3046 1495 481 92 144 U+624B 547 443 165 210 U+624B 822 1124 201 177 U+3068 333 1201 83 168 U+308A 911 925 53 154 U+3066 252 1828 157 137 U+304B 1511 683 79 125 U+3092 266 866 173 155 U+3057 846 433 159 132 U+307F 313 694 91 113 U+4F11 1107 1666 256 200 U+5875 307 2232 191 291 U+767D 1171 1948 159 143 U+7D30 208 442 223 224 U+306E 630 2526 154 185 U+3084 1153 700 192 205 U+304B 937 2541 67 100 U+306F 1232 2371 78 123 U+308A 370 1365 58 153 U+6562 164 1578 287 202 U+308B 1534 1452 62 110 seg_fp 1465 1840 160 160 U+3072 1468 962 175 174 U+96A0 1128 2119 246 229 U+308A 666 872 56 169 U+304B 640 1963 88 83 seg_fp 661 1721 109 173 U+3042 1113 411 224 217 U+309E 1546 801 33 93 U+304A 805 1873 161 142 U+3092 305 2590 210 166 U+306B 624 1098 51 105 U+3059 1169 1191 186 228 U+7FC1 592 2185 225 274 seg_fp 872 1758 20 33 U+3075 500 695 239 179 U+6CD5 1417 1639 223 147 U+3055 1482 1230 147 151 seg_fp 965 1727 31 36 U+7336 1120 2502 235 217 U+305F 235 1094 232 110 U+306A 828 738 159 188 U+3057 648 1200 27 288 U+3066 622 1509 58 193 U+304B 886 626 56 86 U+3064 1448 2257 220 216 seg_fp 1513 2414 196 312 U+3075 843 1344 203 153 seg_fp 590 2115 191 152 U+304B 1519 2201 68 57 U+308C 897 2233 153 200 U+304B 1196 950 90 92 seg_fp 1494 404 64 33 seg_fp 1529 1989 74 200 seg_fp 1115 1455 258 140 U+4E16 174 2052 313 123 U+308A 950 1479 51 164 seg_fp 1217 960 88 242 U+306E 867 2115 170 126,200003967_00045_1
seg_fp 1071 1909 82 134 U+306F 1136 2474 120 116 U+4EA5 765 1818 155 246 U+5F7C 735 2325 221 183 U+60C5 1384 1230 207 184 U+306E 760 1682 171 100 U+6C38 768 754 244 282 U+60AA 1076 410 205 261 U+4F55 1169 1900 133 156 U+3059 1409 741 191 220 U+5C71 475 1849 202 138 U+4EBA 451 2023 248 195 U+4EF2 401 434 289 285 U+6625 702 2110 315 169 U+3059 489 2588 192 202 U+3080 1099 2612 160 165 U+5CB8 717 2517 215 262 U+3092 1117 2112 157 147 U+8F9B 776 1332 167 303 U+3084 1356 1894 231 191 U+4EBA 1338 1018 350 189 U+306B 1180 1714 65 102 U+65E5 524 750 90 104 U+53AD 1413 495 201 187 seg_fp 1416 408 148 46 U+56DB 450 1670 217 100 U+56DB 771 1126 218 133 U+3057 444 2275 211 170 U+754C 479 1307 162 213 U+308B 1499 2070 61 165 U+5916 1131 1316 169 358 U+307E 1436 1482 126 179 U+74E2 415 956 228 310 U+5609 742 423 223 270 U+6B64 1101 1095 226 169 seg_fp 299 2147 104 177 seg_fp 569 1513 32 81 seg_fp 1371 2260 213 165 U+304B 1198 2280 62 63 seg_fp 175 2216 49 65 U+305F 1440 1697 126 128 seg_fp 1486 2472 163 270 seg_fp 232 2214 46 68 U+308B 562 2442 73 137 U+6211 1067 744 223 458 seg_fp 1515 1652 46 94 U+3057 1593 2502 41 242 seg_fp 236 2260 36 65 seg_fp 1445 1774 46 50 seg_fp 1268 2370 41 38,200003967_00045_2
U+65E5 1054 1876 107 91 U+306E 1343 798 195 189 U+3089 1050 1425 131 177 seg_fp 1078 1990 107 98 U+304F 1001 1161 216 253 seg_fp 1074 1634 127 203 seg_fp 1709 1226 28 46 U+5CB8 1325 1120 209 340 seg_fp 1091 2085 64 110 U+3082 1381 1495 176 228 U+308A 668 2267 174 190 seg_fp 1688 1288 85 108 U+306A 610 1519 247 273 seg_fp 1692 1085 72 66 seg_fp 1741 1152 19 86 U+304B 1308 580 170 155 U+308A 725 1823 71 157 U+3051 656 2095 203 169 U+306B 731 1964 60 174 seg_fp 1705 2305 55 58 U+3055 999 906 197 295 seg_fp 1334 1029 224 172 seg_fp 1698 1871 68 67 seg_fp 1701 2387 54 68,200003967_00046_1
U+9996 567 1199 87 124 U+884C 1308 1344 117 111 U+5352 366 1784 95 126 U+5FE0 751 1200 97 109 seg_fp 362 614 108 109 U+4E2D 559 1934 99 121 U+6771 935 606 113 126 U+4ECA 1116 1782 117 124 U+5206 1318 762 118 110 U+5229 1117 910 103 106 U+4F55 550 622 113 104 U+98DF 922 459 130 124 U+5165 731 1654 121 85 U+4E0D 1512 618 94 93 U+4E2D 189 760 91 127 U+53C8 1316 619 112 94 U+6E67 185 1641 96 120 U+5728 561 908 96 105 U+884C 1498 2229 112 104 U+51A4 176 1356 107 121 U+5C0B 1507 1779 93 122 U+7336 168 1056 109 112 U+8ECD 371 1646 95 119 U+5FC3 1126 2252 101 63 U+541F 557 1491 114 126 U+52E2 357 904 114 127 U+672C 1306 1638 124 107 U+5E74 937 1488 97 125 U+65AC 744 1349 104 108 U+9154 1512 905 103 117 U+91D1 1110 1198 127 109 U+5E74 744 752 103 124 U+8840 743 318 103 97 U+90CE 1136 2521 97 118 U+4E0D 1308 1062 108 99 U+60F3 1508 1341 96 111 U+9663 746 1789 105 116 U+76F8 1116 618 113 93 U+70EE 169 318 111 115 U+5E2F 178 1201 107 129 U+8ECD 1131 1498 91 119 U+6642 362 1493 111 113 U+82E5 366 1050 96 123 U+885D 355 318 121 132 U+5F53 948 1341 91 123 U+541B 1127 2082 92 99 U+91CD 745 2225 97 112 U+7336 931 1052 111 119 U+8A9E 1132 458 97 108 U+82F1 743 2373 100 120 U+9759 1500 1929 104 122 U+8B58 1126 1926 99 119 U+6C88 563 1345 97 110 U+51E6 556 759 104 106 U+516B 1117 2386 121 77 U+914D 1126 1356 109 91 U+7121 1310 1787 106 109 U+8AB0 1503 2367 99 113 U+5F53 751 611 94 117 U+8DEF 1322 1489 113 101 U+5EDF 938 306 104 123 U+6101 1499 314 112 113 U+6975 1487 1492 131 98 U+58F0 171 1475 116 151 U+34DB 549 335 112 92 U+77E5 1310 1198 111 100 U+624B 1327 909 83 110 U+6D41 375 2087 97 112 U+6B53 1122 753 114 115 U+6226 742 462 104 111 U+7E3E 554 466 106 124 U+5FB3 938 1640 103 109 U+5C3D 371 1926 100 127 U+65AD 1127 1051 98 114 U+6CA2 946 1790 95 120 U+5CF6 179 613 105 124 U+887E 1313 460 117 118 U+5B64 551 1648 113 96 U+5DBC 938 915 98 101 U+9AA8 187 905 95 124 U+9063 1503 2515 107 108 U+6D77 945 753 100 113 U+7FA8 948 1196 101 130 U+56DE 559 1063 103 90 U+6F02 369 2230 97 114 U+FA55 372 464 97 115 U+5973 175 485 110 85 U+5225 1499 1195 105 111 U+540C 1321 322 98 96 U+51E6 1490 2060 114 130 U+5FCD 1522 756 81 110 U+5805 744 1498 111 101 U+9084 1498 1635 109 111 U+60C5 1318 1923 101 117 U+5230 1123 1646 88 98 U+5E7E 746 1930 95 123 U+4E3B 752 1048 89 105 U+6642 1505 1043 112 131 U+96C4 728 2527 115 106 U+5831 743 906 104 110 U+8261 356 761 112 107 U+591A 1517 454 77 122 U+7336 22 617 66 114 U+6190 357 2529 110 123 U+5CF6 555 1772 103 131 U+6F6E 365 1203 100 111 U+6012 178 1790 110 115 U+5343 740 2065 92 140 U+6FE4 187 1920 103 138 U+53EF 374 2387 84 99 U+5CF6 19 468 75 119 U+5B58 14 762 83 127 U+6DF1 945 1939 99 106 U+4E00 1128 338 99 16 U+5B64 19 320 73 106 seg_fp 1191 2181 34 38 U+4E00 361 1387 104 17 seg_fp 1198 2317 32 45 seg_fp 1178 376 11 53 seg_fp 413 1419 11 69 seg_fp 418 726 15 45 seg_fp 603 1453 22 41 U+6226 25 918 60 102 U+8840 9 1074 84 94 seg_fp 1368 1440 12 51 seg_fp 230 865 44 34 seg_fp 603 415 14 43 seg_fp 1 1534 88 114 U+5F53 0 1359 88 119 U+8C6A 8 1645 91 145 seg_fp 1402 992 32 38 seg_fp 829 1606 32 37 seg_fp 831 1748 48 23 seg_fp 789 2476 13 48 seg_fp 1405 1737 22 45 seg_fp 70 881 35 29 U+7D05 35 1242 60 60 seg_fp 3 1476 81 64 seg_fp 438 1298 45 40,200004148_00003_1
U+5E1D 937 464 105 135 U+98DF 1293 1200 144 128 U+5352 1127 470 107 124 U+65BC 354 312 128 108 U+8457 359 460 106 129 U+5E2F 1127 915 106 124 U+5316 543 474 123 98 U+4F5C 353 612 118 117 U+6765 1497 762 120 122 U+5343 1497 1062 114 115 U+7D71 926 1207 121 115 U+9577 1121 622 114 113 U+4E59 568 634 93 79 U+51E6 1306 902 123 119 U+5C06 1490 1346 126 124 U+4EAD 552 2080 105 139 U+5E74 559 908 111 128 U+6708 548 1499 90 121 U+4EF0 917 321 127 105 U+672C 921 1796 126 114 U+5411 1128 1649 99 113 U+4EBA 534 2382 130 116 U+5982 922 635 120 88 U+8B28 1499 2227 118 125 U+53F0 555 1799 93 117 U+592B 1114 2093 113 113 U+5357 1520 620 90 119 U+6587 552 320 116 113 U+7BAA 1311 1048 108 142 U+4E11 561 772 103 94 U+7FBD 1103 1066 126 105 U+66F2 556 1942 93 106 U+7684 1506 1796 104 117 seg_fp 1491 2388 127 102 U+8ECD 1505 1497 100 123 U+51AC 544 1061 118 115 U+98EF 532 1639 131 120 U+6D32 1125 2394 108 120 U+516C 1124 1505 112 99 U+8FCE 1310 760 115 117 U+51E6 1119 1796 109 121 U+76F8 1305 621 119 101 U+7AEF 1493 1641 113 120 U+5C06 1112 1946 113 119 U+6E80 1320 1643 99 116 U+6C11 1126 2542 117 117 U+5358 1516 309 96 138 U+58F7 1319 1348 101 118 U+7121 1310 312 123 112 U+6E6F 932 764 114 118 seg_fp 741 619 107 123 U+7403 924 1361 125 108 U+58EB 1121 327 110 86 U+34DB 1492 2103 120 90 U+963B 1322 474 111 95 U+4E3B 549 2241 93 106 U+5802 361 761 111 116 U+70BA 1109 1352 116 132 U+99C6 1128 769 111 110 U+91CC 1510 1207 102 100 U+6F3F 1312 1475 107 139 U+805E 944 1645 97 115 U+5EFA 1496 1928 125 129 U+9053 1318 1791 116 130 U+9A4D 1121 2235 116 128 U+96D5 1111 1210 119 116 U+5341 550 1208 106 114 U+5857 1316 1935 125 117 U+671D 924 1939 117 123 U+967D 939 1508 101 108 U+4EBA 1483 2537 127 104 U+9A0E 1516 476 101 107 U+79B9 940 908 98 120 U+66F8 547 2531 106 125 U+4E00 547 1394 107 14 U+4E00 1513 961 106 13 seg_fp 1554 2188 15 41 seg_fp 1598 2059 36 42 seg_fp 612 1908 41 34 U+4E00 933 1101 107 14 seg_fp 986 1123 11 61 seg_fp 1562 992 9 53 seg_fp 927 1092 118 92,200004148_00004_1
U+4E2D 739 1799 62 84 U+5341 284 767 80 66 U+4E03 1177 769 77 61 U+516B 868 757 93 57 U+5E02 133 1674 85 102 U+6CBB 1328 650 78 71 U+99AC 141 1900 81 92 U+7D00 1029 435 90 78 U+5317 128 2114 102 58 U+52A0 1027 1650 76 54 U+6CBB 1034 643 74 75 U+6CB3 728 1639 77 76 U+5E73 1329 542 86 90 U+5F53 433 1945 78 107 U+6D5C 139 2196 77 103 U+671D 130 572 91 95 U+4EE3 419 1620 105 84 U+767D 744 1543 56 74 U+753A 728 1961 81 61 U+53F8 743 1023 55 73 U+793A 731 1104 68 63 U+516B 436 1544 87 53 U+9663 440 653 90 102 U+5B9D 737 430 75 120 U+98DB 1030 958 86 85 U+958B 440 888 78 86 U+56BC 1022 2036 82 103 U+5BE7 1329 1540 77 112 U+91CE 430 440 90 86 U+8A08 1328 866 85 90 U+56DE 877 889 74 65 U+5E73 1029 540 85 77 U+8D70 139 937 90 100 U+5FA1 716 840 105 85 U+5C71 734 1727 70 63 U+4E16 1018 1733 86 58 U+7B2C 885 581 68 128 U+4E5D 581 756 86 69 U+5358 135 690 85 113 U+85E4 139 1544 88 110 U+98DB 428 2077 89 95 U+56DE 1482 907 74 69 U+516B 729 1904 84 42 U+7D00 1325 434 94 79 U+70BA 146 450 73 108 U+5230 132 2006 86 82 U+6BBF 421 1733 110 84 U+53B3 727 662 89 90 U+6CA1 438 782 93 79 U+7B2C 1179 583 74 135 U+7B2C 292 590 69 131 U+516D 1473 754 84 81 U+91CE 1014 1538 93 93 U+5730 1317 1077 92 67 U+792B 723 2037 86 89 U+828B 1331 1956 70 97 U+60B2 728 2140 85 92 U+66F9 740 918 57 91 U+9244 1021 1065 99 89 U+7B2C 1475 582 81 125 U+687F 1011 2165 98 97 U+738B 1330 1678 85 62 U+732E 1317 746 102 90 U+5DDE 142 1138 76 101 U+98A8 436 551 94 77 U+99ED 1015 1808 97 102 U+9662 734 755 79 77 U+4E38 1023 1163 101 78 U+5973 1333 1763 79 55 U+8A8D 121 1789 108 108 U+7406 1320 1161 93 72 U+56DE 1185 905 68 69 U+9010 1018 743 96 93 U+6226 414 1841 100 92 U+8239 1019 853 98 81 U+8358 727 556 86 96 U+6D3B 438 996 79 89 U+56DE 293 887 70 59 U+9A0E 135 826 89 96 U+7B2C 579 588 74 126 U+5225 726 2247 81 84 U+6C5F 141 1058 80 69 U+56DE 585 894 71 62 U+8AAC 1309 978 104 89 U+77E2 422 2205 101 91 U+5F37 725 1183 81 74 U+68D2 1017 2274 106 83 U+994B 1317 1835 93 120 U+544A 1327 2083 76 79 U+51A4 1329 2175 82 105 U+99AC 1026 1925 84 93 U+96E2 726 2348 86 86 U+5F13 746 1262 49 88 U+8DEF 426 1106 108 90 U+82E6 1326 2298 77 89 U+7B2C 12 588 53 140 U+56DE 16 906 52 67 U+5341 11 755 52 68,200004148_00005_1
U+5BFA 1414 1699 74 96 U+97F3 1411 1583 76 110 U+516D 211 1591 83 76 U+518A 218 599 92 88 U+5927 1119 1692 84 82 U+70BA 1119 383 82 119 U+56DE 378 1160 71 62 U+5341 380 969 69 74 U+70BA 821 1470 83 119 U+524D 219 238 81 100 U+5341 1270 687 68 65 U+767D 534 383 58 82 U+5973 1410 2069 77 53 U+5341 977 676 68 67 U+5F3E 1408 494 79 94 U+767D 1124 1480 66 90 U+671D 811 1603 85 87 U+56DE 1571 851 67 62 U+795E 1394 596 92 91 U+518A 210 1696 97 77 U+751F 524 1854 75 71 U+901A 370 667 81 99 U+6751 1402 1804 91 69 U+767D 1424 1877 51 76 U+516D 208 485 94 82 U+5927 1115 997 91 75 U+4F0A 1118 812 88 74 U+76EE 241 706 52 84 U+4E94 373 1072 82 57 U+7562 226 930 71 110 U+8C46 1124 895 78 80 U+65C5 1120 2115 89 89 U+4E09 1268 773 71 54 U+6500 515 1704 96 131 U+5341 679 682 71 75 U+56DE 981 847 66 64 U+9662 525 1594 91 87 U+9B54 511 1945 92 115 U+56DE 1271 854 69 58 U+8A08 373 791 83 94 U+754C 511 2076 92 103 U+85E4 1403 864 98 97 U+7434 1405 382 88 98 U+7B2C 1262 523 72 122 U+6B66 1413 779 82 81 U+914D 1119 717 87 67 U+5CF6 814 1820 84 99 U+7E2B 516 483 86 87 U+9332 214 819 102 93 U+7E2B 1408 1964 90 87 U+671D 1111 508 83 87 U+5F8C 197 1353 106 103 U+4E94 677 779 82 50 U+55E3 210 1997 81 85 U+5343 1115 1909 80 81 U+51FA 221 2106 68 84 U+6F6E 517 707 85 89 U+6C72 518 600 84 76 U+65B0 510 1483 99 94 U+6C5F 821 508 85 70 U+9599 1122 1793 75 92 U+914D 819 902 84 76 U+540F 823 2128 79 89 U+56DB 980 768 66 44 U+793E 1395 703 89 67 U+7B2C 965 528 75 120 U+6E21 521 937 88 87 U+7E2B 1117 1587 94 88 U+8ECD 820 991 78 100 U+56DE 683 867 68 57 U+5FD7 525 822 72 82 U+9818 809 1717 89 91 U+9177 814 2032 88 85 U+4E8C 1574 779 71 35 U+7DE8 216 1476 82 92 U+89B3 1401 1480 100 99 U+6190 813 781 92 110 U+7DE8 215 364 89 95 U+6E29 1714 1633 68 73 U+9928 1109 2219 94 91 U+5CF6 1113 1097 91 91 U+7F8E 1409 1144 73 102 U+5C71 1713 1559 64 54 U+88AB 1103 612 101 80 U+77F3 1702 1479 72 59 U+994B 815 590 89 98 U+8074 808 1930 94 83 U+7C13 819 380 76 112 U+7CE7 813 700 103 77 U+592A 1412 966 69 64 U+4EC7 1410 2248 92 67 U+8CAB 1117 2000 76 107 U+6BBA 1400 2142 99 93 U+7B2C 1561 526 74 126 U+6CC9 1712 1708 67 99 U+9022 1389 1048 106 105 U+4E00 376 922 70 12 U+7B2C 676 529 73 111 U+6B66 1716 1817 59 77 U+592A 1710 2001 66 62 U+53F8 1725 952 49 65 U+5341 1574 684 56 72 U+6BBA 1705 1032 73 94 U+66F9 1721 849 56 83 U+85E4 1710 1901 66 88 U+5C71 1720 1129 61 76 U+5FA1 1704 766 72 65 U+694A 1697 376 67 85 seg_fp 1695 1231 85 88 U+6885 1706 478 67 73 U+5E03 1720 672 58 70 U+7011 1721 569 63 80 U+58F2 1719 2086 51 94 U+65E7 1713 2191 56 92,200004148_00005_2
U+306E 692 1746 60 53 U+90CE 1144 1646 66 98 U+306E 240 677 47 51 U+306E 238 1606 54 48 U+5B50 1585 1622 65 70 U+306E 1286 1494 53 49 U+5FA1 683 1568 89 90 U+5B88 379 903 74 89 U+537F 380 278 95 89 U+306E 1584 1702 60 63 U+306E 1439 1274 53 52 U+4EBA 370 2273 104 74 U+3082 1297 2189 43 64 U+4E2D 1132 1442 66 85 U+4FE1 527 1971 79 76 U+308D 837 1526 58 71 U+990A 221 1665 97 115 U+5B50 230 1791 72 72 U+4EF0 826 890 83 92 U+6240 1428 1415 73 85 U+3092 544 587 58 69 U+8A31 972 1192 81 88 U+5FA1 1419 1334 96 77 U+3092 992 1280 54 65 U+65B0 1421 1090 88 95 U+306B 834 518 71 62 U+70BA 1276 855 76 120 U+6253 684 816 74 91 U+5FA1 686 1165 75 81 U+6240 683 1249 84 80 U+6C0F 235 1518 78 86 U+9AD8 233 1322 68 98 U+6D41 231 835 79 74 U+7FA9 1583 1430 72 111 U+5B87 390 1945 68 90 U+805E 1281 1400 70 87 U+4E16 379 426 90 57 U+97D3 1426 1817 80 108 U+5F93 689 275 78 78 U+6291 524 1066 86 84 U+4E09 1574 339 70 62 U+8A98 829 590 77 106 U+516B 1129 1601 87 45 U+3082 1154 1199 33 72 U+9032 382 2039 84 77 U+3044 234 1120 63 47 U+4FE1 1421 939 74 73 U+70BA 1586 1322 71 108 U+7D0D 1421 779 82 76 U+304D 1135 1871 71 64 U+3066 704 999 26 91 U+58EB 1579 837 64 53 U+5112 226 739 78 86 U+306A 243 1938 56 72 U+306A 703 449 47 69 U+5357 243 462 61 87 U+4E8B 1141 418 46 92 U+5165 518 1813 100 60 U+6709 1417 515 79 84 U+3092 233 2156 63 61 U+5B50 1135 1063 71 76 U+554F 980 281 76 80 U+3067 985 1530 92 67 U+306E 396 501 54 52 U+3066 1451 1724 29 90 U+3082 1298 1243 36 62 U+308D 536 501 59 73 U+5F8C 381 820 80 87 U+5B9F 387 2339 78 93 U+307E 842 277 53 66 U+5FA1 384 1860 87 83 U+539F 531 1494 66 94 U+4E95 538 2245 77 75 U+5FC3 1129 2022 82 62 U+6B66 1583 745 76 87 U+5B63 379 1002 74 109 U+306B 704 2336 39 46 U+5224 1573 1162 80 76 U+5BB6 241 558 62 103 U+8863 832 2176 77 79 U+4E94 1571 274 78 60 U+8F29 1574 408 70 103 U+626E 668 914 97 73 U+306F 1148 1749 51 32 U+305E 999 1023 64 76 U+6761 1573 1072 82 76 U+5B98 1591 1229 56 86 U+305B 974 635 73 69 U+304B 1124 277 79 58 U+5C71 540 2180 72 61 U+897F 543 2061 67 61 U+5B98 237 2376 69 74 U+517C 390 2435 76 86 U+516B 380 374 91 48 U+3066 1155 1931 25 88 U+306B 1599 525 30 44 U+70BA 1280 1557 69 96 U+3066 707 2134 25 87 U+3070 1149 2308 81 41 U+5FA1 973 1107 93 81 U+4EE5 226 2224 82 63 U+7B54 827 1985 87 81 U+306B 707 1333 36 51 U+52C7 1142 2094 56 104 U+58EB 383 2125 72 52 U+7D0D 529 1208 85 77 U+3031 1612 1959 32 120 U+53EC 984 1608 60 70 U+901A 524 1596 85 94 U+5F7C 675 1084 84 84 U+3078 228 1171 86 44 U+3072 528 831 74 80 U+805E 535 660 69 93 U+9065 673 2225 90 102 U+6170 1569 2266 88 95 U+3081 1592 2368 54 43 U+516D 1576 1009 70 60 U+306B 1442 440 38 65 U+306B 241 277 60 70 U+70BA 836 1170 75 113 U+308A 1007 1907 27 66 U+306B 1590 901 53 56 U+3090 688 2065 67 67 U+6298 1275 2042 87 80 U+968E 684 1659 78 77 U+5036 981 1683 78 78 U+8499 983 1349 67 114 U+308C 1133 2251 75 61 U+8AAC 536 277 80 80 U+3092 1431 2353 62 64 U+3082 248 1251 31 60 U+82E5 1285 2261 60 101 U+3042 1273 584 67 63 U+5B50 1434 1989 62 66 U+9053 532 1875 82 88 U+66F8 1424 2255 72 93 U+968E 228 1433 82 79 U+5C11 1432 707 62 72 U+308C 831 1061 87 71 U+53C2 1285 1726 64 108 U+81E3 1291 1174 58 67 U+975E 1428 1922 80 62 U+61B2 536 1690 75 118 U+3057 1427 276 67 71 U+306B 706 1893 36 48 U+306E 690 595 58 47 U+3044 1438 2156 58 45 U+5112 225 2291 89 76 U+3092 1590 1834 56 73 U+9CE5 386 1602 71 105 U+306B 1293 1656 45 62 U+4E09 537 2333 69 65 U+8D8A 380 734 90 86 U+3075 1426 2201 68 55 U+8074 1267 1309 95 83 U+306B 1158 1540 31 40 U+9662 380 1777 85 80 U+904E 1578 580 60 77 U+805E 1135 599 58 86 U+8A00 1431 853 57 76 U+53C2 690 1395 56 98 U+3066 258 347 25 99 U+3059 848 980 40 80 U+671D 826 1278 81 85 U+306F 846 1370 49 32 U+3070 1286 796 79 50 U+4E0B 689 1818 65 65 U+306F 1592 962 48 40 U+5B50 390 2572 78 69 U+53C2 1583 2082 64 106 U+983C 533 2566 85 77 U+9662 1433 1189 83 75 U+8005 695 355 70 80 U+548E 985 2403 64 79 U+4FE1 680 2394 77 76 U+5B6B 373 1235 89 73 U+308A 257 974 25 77 U+897F 1434 1023 63 55 U+7E55 831 2454 76 104 U+85E4 532 1380 92 106 U+8AAD 1427 2420 75 92 U+8535 385 2191 91 90 U+670D 835 2264 76 75 U+3082 995 2020 36 66 U+7FBD 374 1712 74 62 U+3092 986 367 60 58 U+7FA9 1269 972 90 112 U+3044 693 2012 59 50 U+3092 1133 525 55 69 U+4F4D 536 2406 79 65 U+3060 1144 2457 70 65 U+3068 256 1868 31 69 U+3048 835 1601 64 83 U+3078 823 771 87 49 U+671D 1273 1082 79 79 U+3044 1129 2360 79 41 U+305A 1130 984 99 74 U+7DB1 378 1115 81 69 U+897F 691 2485 68 62 U+5949 1593 2423 51 96 U+4F8D 822 1689 80 72 U+5C11 541 1142 62 62 U+56DE 837 1906 71 66 U+6BBF 1270 2368 102 78 U+8A00 544 1287 49 80 U+304A 1127 693 73 44 U+305A 996 707 72 79 U+6C38 531 2485 96 74 U+3064 686 1961 71 50 U+5F8C 373 567 87 91 U+3053 555 429 35 68 U+306E 1280 350 62 67 U+306B 1156 809 33 53 U+80E4 381 664 97 64 U+3088 1006 475 30 73 U+307F 1605 1765 30 62 U+3057 1130 870 68 74 U+7236 1582 1550 78 72 U+307E 1157 2398 29 67 U+304D 844 422 43 85 U+306F 552 2140 46 31 U+805E 1281 419 60 77 U+5FA1 982 2332 63 61 U+305F 1008 1847 29 62 U+3046 1010 548 19 87 U+308A 557 966 28 85 U+3068 855 806 28 72 U+3082 1000 2490 34 45 U+3066 859 2075 27 92 U+306E 681 2563 82 69 U+7D66 851 693 32 74 U+53C2 1432 1553 65 98 U+3068 258 1049 23 73 U+305A 1592 660 75 79 U+3070 994 426 62 41 U+7BC4 427 1537 59 64 U+3042 983 2540 66 48 U+305F 251 922 31 53 U+306B 1454 1506 30 38 U+3070 1299 2446 75 68 U+899A 977 864 70 106 U+5B66 1129 2530 74 104 U+3048 1278 498 61 70 U+3069 716 522 58 65 U+591A 1132 1275 65 103 U+308A 1310 1831 29 71 U+5B9F 428 1467 49 68 U+3068 1004 781 28 69 U+3053 849 1415 38 58 U+305D 1300 274 37 72 U+7D66 1299 1904 38 70 U+3044 825 2394 80 44 U+308A 251 2008 33 78 U+3058 861 347 54 76 U+308B 1442 386 32 57 U+65E5 1441 653 37 42 U+304C 415 2530 54 33 U+308A 862 1761 22 80 U+3069 1163 1144 55 61 U+3051 558 922 32 49 U+3072 842 2564 73 69 U+308A 1606 1909 27 83 U+4E00 1419 622 78 17 U+304F 1159 733 27 76 U+3051 1152 2199 43 49 U+304F 705 729 30 85 U+304C 405 1183 70 38 U+308A 713 1492 24 73 U+7D66 549 748 40 81 U+3055 999 2096 39 63 U+3068 1012 1971 21 54 U+3070 846 1128 81 35 U+307E 996 2160 41 61 U+3068 565 360 24 69 U+3069 259 1203 60 52 U+308A 1609 2526 25 50 U+308A 1608 2186 27 73 U+3057 1315 2107 15 82 U+4E91 365 1485 36 43 U+308F 1156 1794 29 72 U+3075 1272 1977 74 72 U+3057 1290 663 51 100 U+308B 1158 1395 31 49 U+306B 443 1422 26 35 U+3068 1459 2069 22 73 seg_fp 857 2345 26 50 U+304B 1453 351 24 41 U+3068 376 1437 18 43 U+308A 1455 1647 30 73 U+304C 376 1337 37 30 U+306F 1299 2597 49 31 U+308B 1002 972 31 54 U+6607 224 2498 79 89 U+3057 1018 1764 11 76 seg_fp 245 2587 43 50 U+5B6B 359 1375 63 59 U+3089 1306 2519 42 75 U+303B 375 1540 18 45 U+3057 258 2080 16 79 U+3068 861 1839 25 67 U+4EBA 1713 678 60 59 U+304B 1300 771 27 37 U+309D 862 1482 20 35 U+3057 1435 2540 49 97 U+308B 1154 358 29 46 U+3051 1606 2577 34 55 U+3089 998 1465 47 77 U+304B 1156 943 26 47 U+306B 252 2461 37 44 U+3075 1716 576 59 57 U+308B 1010 2591 30 38 U+308A 1299 647 32 59 U+537F 1722 1037 48 68 U+5B87 1722 1227 42 80 U+304B 1165 1361 21 43 U+306B 1727 1121 38 56 U+8AAC 428 1358 53 53 U+5DE6 1723 1377 41 70 seg_fp 1002 2229 21 89 U+3064 1725 471 49 67 U+3082 1740 737 20 67 U+516C 1730 966 36 67 seg_fp 1172 329 12 32 U+983C 1720 1592 34 67 U+53C2 1728 315 45 77 seg_fp 1763 1817 26 55 U+306A 1728 810 35 76 seg_fp 1725 1459 48 68 U+306F 1732 1174 32 55 U+6CBB 1726 1316 38 58,200004148_00011_2
U+4E2D 691 401 70 95 U+306E 111 1520 61 55 U+304B 836 441 75 53 U+306E 251 341 55 53 U+306E 399 713 63 58 U+3092 398 1784 68 74 U+306E 1436 2251 64 51 U+306E 404 1535 57 60 U+306E 1142 1734 57 51 U+306E 547 985 52 64 U+6CB3 689 1688 80 75 U+5FA1 698 322 63 74 U+7533 1149 1526 57 92 U+6765 543 426 71 97 U+307B 994 2145 70 75 U+76EE 562 2323 55 73 U+4E8C 1277 714 76 47 U+4E5F 1284 1075 69 61 U+306E 1139 318 62 66 U+304A 393 354 79 50 U+305B 1284 2274 77 61 U+9053 1436 1169 76 94 U+96C5 1425 1803 82 82 U+767D 707 1601 52 71 U+672C 252 1822 87 92 U+3092 1296 1780 60 69 U+884C 1281 2147 84 86 U+3092 1150 1877 57 69 U+304A 1285 1320 77 50 U+306E 842 1094 65 59 U+5FA1 539 2241 97 85 U+65AD 982 1499 88 90 U+5FC3 842 1657 76 64 U+6CD5 1135 1798 80 74 U+3084 529 1547 85 77 U+6B66 548 2027 75 86 U+3070 113 2416 83 43 U+52D5 982 616 88 86 U+554F 251 1069 75 81 U+5E73 534 1873 86 81 U+4E73 1424 2380 96 72 U+308C 1290 302 62 81 U+3084 247 1673 74 58 U+5B66 1438 545 67 96 U+3092 1143 2309 57 66 U+306E 259 2105 65 57 U+306E 994 2387 58 48 U+306B 1442 1270 62 49 U+897F 395 1223 80 61 U+5099 94 731 83 89 U+306B 1443 828 60 49 U+304A 989 2087 75 54 U+308C 979 790 83 75 U+305B 387 460 78 61 U+4E8B 549 888 53 81 U+7528 1140 1957 63 74 U+304C 422 590 64 47 U+3072 686 1007 81 77 U+8A87 837 868 89 104 U+59BB 1439 1643 72 98 U+65B0 831 2256 92 89 U+898B 1136 895 69 75 U+5E8F 399 2147 76 103 U+5FEB 683 503 97 93 U+306B 1013 1107 31 44 U+653F 1280 1711 93 73 U+3092 551 2397 63 63 U+97D3 1127 1624 85 104 U+3066 1306 1518 27 97 U+6E90 537 1781 82 83 U+53E4 244 251 73 69 U+56FD 405 2444 71 72 U+4E0A 1282 450 78 60 U+305A 682 698 101 79 U+91CD 987 341 73 95 U+3072 1136 2040 64 65 U+306E 1442 1581 56 58 U+306A 697 778 59 72 U+306B 1012 1588 36 51 U+4FE1 248 1327 78 80 U+305A 710 1516 74 81 U+79C1 980 1653 87 75 U+679C 393 929 72 100 U+5F8C 683 1174 84 96 U+4EBA 242 2171 101 90 U+3042 994 1727 65 74 U+306B 418 1296 37 49 U+3064 980 1167 74 58 U+5F37 242 413 78 81 U+5B9F 395 1677 77 103 U+671D 242 1922 88 92 U+4E8B 408 832 54 98 U+8CDE 1138 2200 74 110 U+4FE1 390 1131 79 77 U+306B 270 2246 41 52 U+306E 698 259 62 49 U+5C3E 95 906 86 88 U+53E4 385 1603 84 65 U+613D 1438 447 84 91 U+3070 1000 866 82 36 U+3082 1304 632 35 66 U+53C8 98 2480 89 77 U+308F 419 2319 36 68 U+3051 555 2534 68 82 U+306F 1447 1754 56 35 U+3059 538 1309 74 74 U+308C 98 2352 86 60 U+8AF8 1435 1076 79 85 U+304D 986 1223 74 77 U+3089 1154 1172 51 67 U+81E3 111 833 58 63 U+76FE 96 1092 73 102 U+4E8C 103 1593 79 45 U+306B 422 2254 35 49 U+306A 1292 769 55 82 U+8077 1118 383 98 98 U+5949 106 2250 60 99 U+9054 1433 1330 84 90 U+6C7A 991 1408 65 95 U+65B0 676 2453 100 92 U+306F 1300 2236 49 42 U+6BCD 1429 2463 83 43 U+6545 538 1393 72 84 U+3053 410 646 45 54 U+58EB 538 2125 70 58 U+671D 825 583 92 99 U+4EBA 97 1196 94 78 U+306E 554 1969 54 50 U+3059 1451 1423 39 78 U+897F 251 1424 75 56 U+3046 280 1728 23 86 U+306A 1148 1055 56 80 U+306A 851 1163 56 86 U+7D66 713 917 30 83 U+3093 96 2011 83 69 U+306B 1151 486 43 45 U+8D8A 96 997 88 84 U+582A 1129 536 86 85 U+304A 541 1054 69 49 U+3044 834 1408 78 51 U+671D 1275 1621 82 83 U+8EFD 1121 2376 94 83 U+7962 94 1363 90 76 U+5B8F 1439 655 62 86 U+3089 269 2561 45 66 U+5FA1 1442 2314 58 52 U+5409 98 644 67 79 U+3070 1296 388 89 45 U+7A0B 986 1955 89 67 U+3082 1302 943 33 72 U+738B 1430 1969 82 61 U+304C 420 2390 70 48 U+89AA 975 917 106 99 U+7980 250 1541 71 111 U+6587 392 1359 95 87 U+3066 711 1080 27 97 U+4EC1 1429 1903 85 59 U+4E0A 840 2092 77 60 U+758E 988 1016 90 81 U+611B 1287 1211 74 111 U+3066 1010 1300 28 98 U+306E 740 2013 40 34 U+3048 1138 974 73 73 U+3044 104 431 61 47 U+308A 1160 681 33 84 U+3069 865 1332 67 69 U+3066 1457 974 23 105 U+4E0D 108 1777 65 69 U+306E 1283 1013 57 62 U+60F9 845 249 65 109 U+3078 687 2116 101 39 U+5BBF 101 1277 75 83 U+3059 1003 708 38 81 U+9662 841 2354 88 81 U+3064 535 828 73 59 U+601D 539 538 76 58 U+307C 1287 1375 103 75 U+624D 1439 744 65 76 U+3053 119 1452 46 56 U+53EC 544 676 54 69 U+9662 692 2541 94 75 U+3042 851 1837 60 76 U+7687 1284 518 76 104 U+5FA1 739 2053 48 48 U+7B54 100 2147 80 92 U+3092 991 2533 78 83 U+6B66 399 1439 85 85 U+307C 252 2361 101 66 U+304F 863 487 24 86 U+308A 720 2256 32 83 U+65E5 561 371 34 48 U+308C 845 1248 58 82 U+3053 1454 253 48 47 U+5F13 260 509 45 98 U+4EBA 1431 379 86 77 U+307E 559 1246 38 63 U+306B 1013 2031 36 45 U+3082 712 1272 30 58 U+8AB0 239 672 82 92 U+6069 843 690 75 108 U+304C 279 1490 51 37 U+306F 412 421 42 44 U+6BBF 675 1764 96 83 U+306B 567 2190 34 43 U+9810 1278 1974 84 87 U+5F80 396 2540 89 79 U+5FA1 837 2432 91 78 U+3066 419 1035 23 86 U+305F 1154 625 37 61 U+304F 1014 442 26 71 U+3068 1307 1134 32 71 U+53C2 691 2151 73 107 U+304F 1014 2215 25 78 U+306B 564 1724 32 49 U+306B 853 801 50 56 U+305D 1157 245 40 73 U+662F 1409 2114 49 66 U+305D 273 2024 46 76 U+306F 255 624 49 28 U+6F5C 540 1637 78 80 U+306E 1449 317 49 44 U+3068 265 2307 47 53 U+6028 986 2445 75 91 U+6CB3 1483 2184 58 53 U+3066 418 253 27 88 U+3055 1301 1855 48 67 U+305A 115 252 80 87 U+306B 853 1741 56 44 U+7F70 1133 2537 77 82 U+305D 1457 1513 38 70 U+3092 1004 253 53 77 U+3070 265 1278 87 31 U+306A 257 772 60 86 U+3092 666 1935 41 55 U+554F 400 1873 72 72 U+9662 737 1939 54 60 U+308B 861 972 32 57 U+3078 246 1220 86 52 U+3082 1155 1245 35 67 U+304D 1297 852 44 79 U+308A 719 851 24 69 U+767D 1493 2120 34 49 U+306F 543 1119 60 38 U+308A 715 2383 32 71 U+3082 860 1030 33 65 U+65E5 413 775 33 40 U+306F 1146 846 52 37 U+3066 1164 2109 21 88 U+306B 128 1711 37 47 U+3068 270 989 25 69 U+3078 1289 1930 85 43 U+3093 249 927 78 72 U+306A 844 1527 59 68 U+3078 92 479 87 48 U+308B 863 1600 31 45 U+306F 121 1963 48 49 U+7687 842 2152 73 91 U+3082 116 578 29 54 U+3064 1137 1311 72 57 U+306B 552 1481 47 64 U+3051 1304 250 42 50 U+308A 865 360 28 74 U+9662 1413 2046 50 60 U+3064 551 2474 66 56 U+3068 131 2065 25 76 U+4E5F 1417 2183 36 45 U+3075 1275 2408 77 55 U+5F8C 1476 2043 73 70 U+7533 675 1994 27 58 U+308A 1461 2558 27 55 U+305F 564 758 25 65 U+5982 97 1862 85 51 U+308A 1020 1798 25 70 U+65B0 731 1861 65 72 U+3057 1021 509 13 107 U+306F 1159 1374 40 78 U+306A 1442 2513 52 46 U+304B 867 1461 31 66 U+7D66 270 1140 32 75 U+3088 1298 2500 47 49 U+3068 122 342 22 78 U+3075 390 2078 80 75 U+5019 121 1917 49 47 U+3057 1169 2459 13 77 U+3068 1165 766 24 74 U+3089 1163 1457 47 73 U+3057 571 1147 13 89 U+308A 872 1913 25 68 U+3057 1468 887 10 86 U+3093 843 2030 80 62 U+304C 1168 1126 59 46 U+304B 280 2523 27 41 U+3051 714 2349 39 37 U+6240 662 1862 56 71 U+306B 1306 2460 31 43 U+7D66 1316 2348 32 64 U+3048 688 1440 80 79 U+4ECA 95 2543 92 82 U+3057 1318 1440 16 79 U+308A 1315 2058 31 81 U+304B 869 1800 25 30 U+3089 283 860 34 72 U+7D66 423 1995 33 79 U+3051 865 1992 35 38 U+3059 671 2050 34 51 U+304B 723 586 21 48 U+3057 286 2433 11 84 U+305B 414 1949 41 44 U+3057 426 523 15 78 U+4EBA 971 2302 94 83 U+3069 128 513 58 69 U+305F 718 1344 24 80 seg_fp 99 1683 90 34 U+3089 717 633 42 70 U+304F 1307 2552 30 66 U+3057 1018 1886 14 68 U+7236 831 2506 102 71 U+306F 564 294 31 58 seg_fp 141 1645 22 26 seg_fp 577 601 12 66 U+5B50 845 2563 75 58 seg_fp 570 255 17 50 seg_fp 50 1798 21 30,200004148_00013_1
U+5341 738 549 74 70 U+306E 159 1520 61 58 U+306E 1496 1501 55 49 U+306E 751 1744 59 54 U+306E 1047 1428 59 47 U+4F46 1483 2107 83 68 U+5927 1040 1484 72 75 U+4E03 733 633 74 58 U+306E 1341 2280 69 62 U+53C8 1037 836 83 67 U+90FD 1033 1331 85 88 U+9577 149 764 68 87 U+508D 1476 699 87 92 U+3092 1048 1848 59 66 U+9632 888 1220 81 84 U+5341 1186 1675 68 58 U+3072 148 1276 73 67 U+6642 1034 1177 80 71 U+306E 898 2017 61 51 U+6068 1043 1919 77 74 U+306B 315 2351 44 53 U+3082 163 920 38 71 U+3044 1484 796 67 46 U+6298 139 273 89 86 U+8ECD 891 2393 77 85 U+3092 1042 535 67 63 U+4EF0 880 1454 79 83 U+5357 1042 1246 72 81 U+5E74 581 602 88 111 U+5C71 746 1133 70 61 U+304A 295 1273 84 56 U+3051 309 1013 67 62 U+6B73 1046 1009 63 108 U+9A0E 734 699 94 95 U+306E 1200 1858 52 58 U+52C5 1184 1987 85 81 U+554F 155 1586 71 73 U+9000 289 917 90 87 U+5144 591 1238 73 74 U+306B 611 271 38 50 U+7B54 144 1657 91 90 U+68F2 734 1074 89 58 U+3072 444 1985 65 63 U+3092 160 2282 52 69 U+53F1 294 2021 90 55 U+3088 457 2249 47 65 U+548E 1487 1555 75 88 U+308C 440 1018 77 75 U+3066 461 1252 31 92 U+5411 745 1332 70 78 U+3066 1336 1744 51 57 U+4EA1 1034 686 76 65 U+3072 747 1416 64 62 U+3066 763 869 27 90 U+8005 595 2566 72 71 U+3092 752 1958 57 62 U+3042 1042 2402 64 61 U+3061 312 1746 59 68 U+983C 139 676 82 89 U+4E0B 886 1548 63 68 U+516B 1014 967 99 50 U+6E05 1331 665 80 86 U+3092 164 1752 59 73 U+70BA 1193 1408 70 109 U+6642 1190 1914 71 67 U+653F 1487 2326 86 78 U+5343 741 1578 77 75 U+306B 1344 264 51 67 U+7269 446 1735 79 65 U+53CA 284 2418 87 68 U+3042 1192 263 69 70 U+308C 301 1907 80 63 U+671D 1327 1805 82 87 U+4E8B 1050 2299 52 95 U+3080 1190 642 71 70 U+306E 304 2601 63 43 U+308C 896 2258 59 79 U+8001 584 718 78 97 U+9A0E 736 1653 91 94 U+6817 736 974 82 91 U+5927 745 1807 76 69 U+7FA9 591 1312 76 110 U+611A 1189 1032 74 97 U+352B 141 508 88 78 U+738B 303 1582 72 65 U+306B 750 797 58 71 U+3066 1210 2312 29 84 U+3072 743 2120 79 72 U+8846 1034 1549 94 91 U+3092 1203 2070 53 68 U+3093 296 462 78 69 U+6587 1326 1194 89 79 U+5FC3 593 2315 83 69 U+7FA9 1031 342 87 110 U+9803 898 1938 68 82 U+3093 1327 599 85 74 U+3066 1514 1820 27 99 U+306B 1343 1607 60 53 U+3044 590 2204 77 42 U+805E 886 580 68 91 U+5341 1043 905 66 50 U+3072 883 1053 76 74 U+76DB 1338 752 69 89 U+306A 452 1585 58 73 U+3048 879 669 89 68 U+308A 312 2085 51 65 U+306A 1345 1039 57 72 U+671D 1027 1649 88 83 U+306B 605 980 48 54 U+56DB 1201 1745 58 42 U+304B 299 655 76 48 U+3092 451 1088 58 68 U+4FC4 884 1856 85 83 U+304A 1478 1041 71 61 U+5165 1315 410 85 54 U+3066 1041 2069 49 60 U+7269 1492 2446 77 66 U+6069 1345 1895 71 95 U+5F7C 433 1357 90 89 U+7D66 167 1206 39 70 U+653F 1479 258 97 73 U+3044 583 905 76 42 U+6574 737 265 79 101 U+308C 1191 898 81 64 U+653B 1028 604 91 78 U+6D74 1342 2058 79 82 U+306A 1496 1965 63 71 U+304B 1334 2417 80 53 U+99B3 736 1256 88 74 U+3093 588 1170 87 73 U+3066 1211 1267 26 83 U+7FA9 1185 1514 86 112 U+6570 737 1491 89 91 U+3082 171 431 29 64 U+3093 589 1560 79 70 U+3059 1355 2140 42 81 U+627F 1195 2143 71 99 U+3066 608 819 27 90 U+3042 452 1807 62 73 U+4F3C 1179 778 86 66 U+304D 14 2110 69 64 U+7FA9 443 648 84 98 U+305A 307 2486 79 65 U+3082 323 1511 32 58 U+983C 1478 2251 85 79 U+3082 1356 971 33 60 U+3066 465 2109 27 78 U+3066 913 1122 26 97 U+52E2 880 2481 99 87 U+6B66 1340 888 79 94 U+7F8E 1182 2405 85 88 U+306F 1491 1178 55 35 U+9000 281 2164 99 82 U+306B 1195 1207 58 57 U+306A 901 2187 57 73 U+3053 454 2198 52 49 U+305D 616 1730 34 70 U+5BA3 1483 492 67 108 U+3042 20 2514 57 57 U+671D 585 1419 77 76 U+5EA7 292 1653 89 87 U+5E78 1347 1501 61 99 U+5C0A 1202 529 46 106 U+5BB6 1046 1731 64 108 U+7236 1182 1135 83 75 U+306E 1050 1127 51 52 U+7F77 888 894 66 81 U+3092 1496 1654 59 76 U+671D 439 751 79 89 U+5F97 1486 1734 83 84 U+3068 606 1969 51 49 U+542B 150 2359 79 99 U+81F3 594 333 64 82 U+8846 738 1868 86 84 U+3066 1500 957 26 85 U+306F 904 2349 50 28 U+306B 1208 713 33 57 U+5F13 610 1810 42 77 U+516C 146 863 70 52 U+3053 167 1460 52 48 U+3092 1200 449 54 68 U+306F 460 915 50 33 U+4ECF 1178 387 90 62 U+3061 164 1898 54 81 U+5019 1197 1365 54 40 U+3053 609 1675 41 55 U+306A 1344 1340 56 72 U+304C 1213 335 67 37 U+3068 913 1367 23 72 U+7DB1 1030 455 90 76 U+98EF 1479 1417 98 77 U+306A 450 2319 56 76 U+304D 461 2395 38 74 U+5E9C 146 593 74 80 U+306F 1349 852 49 32 U+3068 1506 410 28 71 U+3068 319 1197 40 67 U+3084 455 2595 60 46 U+306F 603 567 49 32 U+4E0A 887 272 67 80 U+306B 32 2013 31 43 U+308C 891 1684 66 64 U+7B11 151 2175 68 103 U+3069 617 1618 68 51 U+3055 909 1627 33 52 U+624D 1198 1786 63 71 U+65AD 10 2334 79 78 U+304D 459 1656 40 76 U+3082 1499 1103 31 69 U+304C 1506 651 66 42 U+306F 314 1976 47 35 U+758E 16 1926 72 84 U+3055 318 410 36 52 U+3053 307 2558 51 39 U+3064 1038 2204 70 55 U+307C 302 1323 95 74 U+3053 311 772 49 58 U+798D 440 2473 88 71 U+5019 1498 1926 54 38 U+5411 889 979 74 78 U+308C 445 340 75 67 U+3084 11 1236 68 64 U+3052 894 1310 99 68 U+306A 601 1506 55 57 U+77E2 600 1893 60 77 U+306B 1359 1995 38 51 U+3053 464 958 40 57 U+4E5F 1496 336 48 71 U+5F15 296 269 79 86 U+5674 1482 1312 83 99 U+306F 606 2162 52 31 U+8FFD 741 2026 76 88 U+308A 1514 2034 27 70 U+53C2 151 1002 69 112 U+306F 1503 2409 49 29 U+3075 1477 600 71 58 U+304D 609 2495 44 66 U+3066 596 2098 50 51 U+3066 1042 2525 45 50 U+90CE 17 1515 75 99 U+3081 28 1181 40 45 U+81E3 465 841 50 63 U+3069 1214 959 69 71 U+6FC3 1190 2486 78 82 U+307E 1062 2136 34 64 U+53F8 1051 263 54 75 U+3066 593 491 49 60 U+3070 899 830 83 58 U+3066 168 2460 25 92 U+3082 907 2579 37 57 U+3092 454 2539 55 52 U+3082 1355 331 30 63 U+306F 1206 1633 45 29 U+307F 321 835 30 75 U+3082 1359 1273 29 54 U+51FA 302 351 79 52 U+304C 174 1400 69 60 U+653B 1033 2583 89 58 U+5019 600 1041 53 43 U+308A 177 1108 33 93 U+6570 1487 2564 87 64 U+3068 315 536 43 43 U+3068 769 2387 26 72 U+524D 1185 2566 77 67 U+5019 749 2347 55 42 U+3059 27 1026 38 83 U+306B 913 1802 38 43 U+306A 1344 532 50 66 U+8001 14 1707 71 86 U+3069 330 1458 63 56 U+304F 297 2253 67 42 U+3064 16 2063 55 47 U+308B 1364 2221 26 45 U+3046 176 1831 26 69 U+305B 303 1397 70 60 U+304F 319 579 28 75 U+304F 1358 1408 28 79 U+79C1 11 2458 75 57 U+306B 769 1207 32 37 U+3089 471 1884 43 61 U+6C7A 20 2241 58 88 U+306B 616 2386 39 53 U+3084 582 1086 80 40 U+805E 441 1164 77 94 U+308C 25 1384 46 61 U+3044 462 456 44 37 U+4FE1 19 687 61 79 U+3051 316 1858 53 45 U+3092 28 944 46 76 U+304F 1359 1107 29 77 U+307F 1365 2349 28 60 U+819D 23 843 70 99 U+3088 897 430 43 66 U+3075 446 495 65 50 U+305F 1058 1993 36 74 U+897F 27 776 58 65 U+308B 913 356 27 68 U+306A 448 269 64 67 U+3066 171 2080 26 86 U+306E 1502 2514 59 47 U+3068 474 400 22 45 U+53EA 743 472 65 70 U+305F 1498 840 36 52 U+304B 328 1072 26 41 U+3066 34 2173 24 72 U+70BA 448 550 68 98 U+89AA 5 1835 82 89 U+4E8B 910 2083 44 93 U+304C 465 1941 75 43 U+308A 35 2570 29 64 U+308A 1357 460 27 74 U+3092 28 1316 50 65 U+5C45 149 2570 74 73 U+3068 618 2241 26 66 U+611A 21 1610 60 90 U+3072 30 360 46 80 U+308A 1220 2243 28 72 U+3057 180 335 16 95 U+3078 755 2244 74 43 U+306B 33 2412 32 41 U+3057 332 1116 14 78 U+308A 1044 2466 44 70 U+309D 38 1108 18 65 U+305A 1501 1214 75 90 U+3089 625 1126 29 53 U+805E 154 1985 73 90 U+304B 328 1814 25 40 U+308A 611 2017 38 83 U+308B 314 2297 36 41 U+3057 1520 2171 13 76 U+305F 1215 837 32 69 U+3057 184 1341 14 73 U+3088 469 1440 27 69 U+305E 764 2454 76 82 U+516B 9 1462 73 57 U+304B 768 2199 27 47 U+3057 919 735 13 66 U+7D66 41 285 26 75 U+3057 476 1506 13 77 U+304B 906 804 32 47 U+304F 618 2437 26 60 U+304B 614 937 27 45 U+3057 477 2036 14 73 U+3051 40 447 28 47 U+306B 41 633 26 45 U+3057 921 1725 14 78 U+3057 1071 755 13 77 seg_fp 1063 2255 31 45 U+304F 1503 890 27 71 U+4ECA 734 2548 94 91 U+305A 760 372 85 88 U+3057 329 688 18 84 U+308B 38 491 28 57 U+6642 33 544 43 73 U+3057 771 2268 17 78 U+304F 1368 2463 21 54 U+3044 1335 2529 69 60 U+3057 1366 1657 15 84 U+304C 33 1798 55 27 U+308A 613 418 32 77 U+3057 918 490 11 86 U+3070 1353 2598 50 34,200004148_00014_1
U+306E 1266 438 61 56 U+306E 1264 1871 67 59 U+306E 1267 630 59 51 U+3092 533 833 67 73 U+4EBA 1252 562 96 77 U+306E 1122 1833 60 49 U+6240 1256 1428 90 87 U+3082 543 1191 36 77 U+308C 673 727 93 77 U+306E 977 1944 57 58 U+9CE5 1257 2188 84 104 U+306E 1423 1647 56 56 U+306E 1267 1205 62 57 U+3072 375 674 82 70 U+77E2 1405 2076 75 89 U+6CB3 1259 1034 78 80 U+53C8 220 2314 88 78 U+624B 1272 2006 59 98 U+306E 224 1728 71 65 U+7684 1258 1676 84 85 U+4E0A 1247 1934 96 77 U+6642 959 2001 88 91 U+307B 677 1168 70 70 U+70BA 379 744 78 108 U+5E9C 518 1692 88 98 U+306B 677 1423 68 48 U+306E 1571 1677 52 43 U+5F0F 1566 1001 75 77 U+306A 231 1842 65 71 U+4E5F 1270 2117 56 63 U+306E 678 2168 60 45 U+306A 682 1080 56 80 U+3082 543 2072 40 73 U+308C 1116 1191 86 81 U+306E 389 2088 54 45 U+6642 1109 1483 83 74 U+3066 986 969 32 91 U+306E 530 430 64 57 U+8A89 819 2218 83 116 U+3066 1135 2212 32 102 U+3081 1126 1074 64 54 U+5FA1 1564 2299 63 53 U+8005 1408 1859 72 89 U+5BB9 366 1067 87 102 U+304A 519 1270 82 62 U+306E 828 2347 56 62 U+4EBA 1556 1602 90 71 U+306B 845 1313 39 52 U+3073 373 1545 108 78 U+3066 1560 934 59 64 U+304A 821 453 82 55 U+6301 959 1077 86 76 U+5C0F 1411 1714 75 53 U+5F13 1269 1763 55 100 U+304C 248 2245 69 54 U+4E8B 1422 1425 50 86 U+672A 962 2452 82 77 U+5E74 665 458 87 117 U+3072 221 2099 83 71 U+7AE5 375 2144 75 111 U+671D 368 848 91 84 U+306E 1418 1371 53 53 U+9577 522 1890 86 94 U+308C 516 1462 87 74 U+5DF3 978 1865 64 62 U+3092 1124 1962 58 76 U+7531 833 1492 61 62 U+306E 1569 2461 55 49 U+3053 1425 1584 53 55 U+897F 230 668 74 60 U+306B 1262 1516 66 61 U+3088 977 1470 52 73 U+306C 1120 1277 74 60 U+5F62 361 989 94 84 U+4ECA 665 370 95 77 U+5C04 943 653 107 92 U+8001 669 588 89 82 U+3080 667 1246 87 60 U+304A 373 1327 83 58 U+898B 1401 927 78 88 U+4EF0 958 1633 91 79 U+70BA 679 1725 78 104 U+3069 701 790 73 62 U+529B 682 965 56 64 U+4ECA 518 2153 103 105 U+77E2 521 658 78 87 U+306B 1138 1009 38 50 U+539F 1257 869 75 82 U+3042 976 1708 62 74 U+3066 986 2349 29 91 U+3044 220 867 83 45 U+3092 1562 2061 60 63 U+983C 517 1792 84 86 U+3066 1430 1019 27 92 U+7FBD 1254 2297 78 65 U+3092 965 573 69 72 U+306B 239 742 52 66 U+308C 811 935 99 72 U+4E5F 385 2261 65 68 U+306B 989 2090 40 54 U+77E2 1558 1975 72 91 U+5BA3 221 1998 76 98 U+3066 1282 1578 26 100 U+3079 227 444 96 48 U+7B49 818 1627 77 123 U+308C 377 1689 91 69 U+5BFE 374 589 88 84 U+51A0 1408 1775 80 78 U+3079 527 1056 98 56 U+304A 967 754 74 47 U+6210 1560 1077 82 84 U+9662 1259 2373 88 81 U+306B 845 1572 42 51 U+8005 1260 1339 85 82 U+307B 1561 2514 72 55 U+306B 402 527 40 53 U+6EDD 1559 1730 82 78 U+7684 1112 1887 84 71 U+308C 814 1152 94 81 U+3066 838 677 37 97 U+3072 673 2012 77 75 U+5DE6 526 1610 83 83 U+4FE1 222 576 80 77 U+4FE1 1401 784 76 73 U+968E 1555 2371 80 82 U+990A 813 1375 101 114 U+306B 1435 1962 32 54 U+897F 387 456 64 56 U+5C3A 1114 1623 81 75 U+3066 989 1161 25 85 U+9662 1259 1116 84 80 U+307E 983 1259 45 77 U+671D 663 1832 91 79 U+643A 1543 2140 85 119 U+56DE 1567 695 68 60 U+6C17 681 856 84 97 U+306F 234 814 57 41 U+898B 517 2313 92 88 U+7B54 1546 760 101 87 U+3048 225 1464 78 77 U+6EDD 1108 851 87 87 U+304C 553 603 61 40 U+8131 528 915 87 76 U+5C04 804 370 102 77 U+308C 1108 2380 77 76 U+3053 1277 371 46 54 U+767D 1268 955 57 69 U+3066 842 1901 28 91 U+3046 549 1117 30 77 U+65E2 819 1236 86 74 U+897F 1412 863 70 55 U+3066 529 2644 59 55 U+6B66 1263 1262 89 83 U+304F 969 367 70 66 U+3064 219 1551 80 53 U+4E94 1110 1692 81 56 U+5F8C 1105 746 92 102 U+4F1D 1104 373 83 81 U+306D 526 2444 70 64 U+516D 674 2093 74 67 U+53E3 1133 956 46 39 U+308B 239 372 54 71 U+5247 1559 1164 82 89 U+3090 815 864 74 68 U+516C 513 2003 85 62 U+54E1 1559 1257 70 102 U+6EDD 1255 686 95 82 U+3072 1111 582 72 75 U+3082 545 369 41 62 U+306A 829 2135 56 79 U+3042 1121 1349 70 81 U+3044 381 1777 72 57 U+9EC4 374 1926 81 91 U+3042 672 2340 69 78 U+308D 965 438 69 68 U+3068 847 512 37 67 U+306A 237 1143 61 79 U+3082 243 1298 37 66 U+4FE1 371 372 78 74 U+306A 384 1470 63 77 U+9762 526 754 72 70 U+304B 1435 2208 28 51 U+6B64 1408 1183 78 51 U+7D66 987 2146 36 76 U+53E3 392 2029 52 41 U+306F 387 950 55 33 U+306B 1426 368 44 61 U+622F 372 2345 86 89 U+305A 543 1521 87 83 U+3068 255 916 24 63 U+3064 1557 577 71 43 U+306F 684 1043 54 33 U+7D66 1129 507 42 76 U+3042 1713 719 54 70 U+3064 1402 2170 71 35 U+306F 685 1520 57 43 U+306F 528 1411 60 46 U+3053 1125 2316 46 61 U+3075 1397 2255 79 54 U+308A 825 1014 54 68 U+53E3 1577 1825 45 36 U+3068 990 1541 26 78 U+7D66 1583 365 40 70 U+3044 1567 1432 67 51 U+3082 545 541 31 61 U+5F13 1575 1877 49 94 U+5BF8 1123 1748 57 72 U+306E 968 2550 56 47 U+3082 241 1663 41 71 U+3064 1708 502 60 55 U+4E09 1115 1560 84 58 U+3053 388 1173 49 64 U+3078 1106 464 89 48 U+4E8C 1260 513 82 44 U+4E5F 1419 1520 79 61 U+3055 1133 1130 45 62 U+307E 1426 2308 39 60 U+3078 1553 2271 89 27 U+3064 1405 2373 70 55 U+305F 693 670 37 56 U+4F3C 218 993 83 70 U+5982 1399 1123 90 53 U+3053 835 1095 50 53 U+308C 963 1403 88 70 U+3068 1587 2572 28 51 U+307E 827 789 60 74 U+7ACB 1709 638 59 84 U+4E8C 1557 1557 83 43 U+306F 540 2269 50 30 U+308A 845 2504 31 72 U+3075 1560 1485 71 61 U+306F 978 2224 53 45 U+306F 1273 823 55 29 U+7D66 1107 2044 99 86 U+305D 394 1242 40 73 U+3068 249 1914 28 75 U+81C2 664 2224 79 112 U+3066 1137 657 27 91 U+306F 1571 437 51 47 U+3068 989 803 30 77 U+308B 252 1604 33 56 U+3070 1418 728 80 48 U+4F4D 1245 2527 88 75 U+306E 680 2654 63 44 U+3090 964 1338 72 57 U+308A 850 2622 27 69 U+304B 248 1798 28 41 U+3068 1732 555 24 77 U+3068 1589 1357 28 64 U+3051 841 2579 38 42 U+3068 1582 619 29 67 U+304F 254 1213 31 85 U+304B 552 2398 29 46 U+308A 1576 483 38 90 U+308B 555 999 27 58 U+7E26 670 1927 84 79 U+306F 392 1839 48 40 U+308A 1587 2622 28 56 U+3052 237 1063 92 84 U+308A 993 1780 29 80 U+3069 557 488 62 57 U+631F 1695 1820 64 81 U+303B 1435 1300 20 55 U+3068 835 1833 46 65 U+308A 991 2271 28 73 U+3072 526 2578 69 68 U+305F 399 1622 39 66 U+3092 1708 1648 49 70 U+3082 540 1330 37 84 U+7B2C 1115 2495 68 113 U+309E 412 1873 56 42 U+77E2 1709 1568 49 79 U+5FA1 1266 2461 60 51 U+6642 961 2599 70 54 U+624B 1717 1721 35 87 U+308A 1728 834 23 81 U+3057 257 2163 15 82 U+308A 1142 2127 27 86 U+4E00 1405 2043 80 16 U+5019 1412 2503 56 41 U+3057 1440 615 13 85 U+3066 1720 1909 21 90 U+53E3 1278 778 42 33 U+4F8D 1694 1158 71 80 U+7D66 546 2515 36 64 U+3068 1717 2276 20 71 U+308A 1426 2423 37 80 U+5F13 1718 1484 36 83 U+3070 1707 2522 42 36 U+3092 1261 2607 74 79 U+308A 693 2417 34 80 U+70BA 230 2387 68 95 U+5019 1707 2195 40 44 U+3078 1697 2241 65 43 U+3066 1724 916 26 85 U+3068 1710 1333 42 55 U+303B 1439 1246 20 46 U+3046 1709 2557 30 52 U+3093 1709 421 67 71 U+304B 698 1479 31 40 U+308A 1438 548 27 70 U+308B 1135 1427 41 59 U+307F 991 505 26 64 U+3057 855 1748 13 85 U+53C2 1414 442 63 107 U+304F 1721 1387 20 94 U+3051 1704 2606 42 70 U+3057 1000 878 12 79 U+3068 399 1391 35 80 U+4EBA 816 2002 93 81 U+3089 704 1565 43 65 U+305A 688 1625 74 97 seg_fp 1731 791 22 45 U+3075 1691 1282 69 46 U+306E 1123 2653 57 42 U+308C 1701 2449 44 70 U+4E91 1414 2639 61 53 U+3051 1728 376 37 45 U+3078 1405 2547 91 32 U+306B 252 2609 25 85 U+3088 393 2636 43 65 U+307F 844 2066 25 66 U+4EBA 360 2536 104 59 U+304C 1136 2447 64 42 U+7FA9 217 2497 78 95 U+3068 699 2492 22 62 U+898B 216 1379 79 81 U+8AB0 1704 1018 65 86 U+3057 1598 847 11 69 U+304B 705 1304 21 42 U+304B 1725 1115 25 36 U+3057 708 1337 14 68 U+4E8C 1105 2615 88 39 seg_fp 1765 2597 28 57 U+304B 1427 705 30 38 U+3068 1432 2566 21 62 seg_fp 1768 2286 30 56 U+3057 258 476 14 70 U+306B 395 2582 31 52 U+308A 1716 2111 28 85 seg_fp 1752 2546 49 52 seg_fp 847 2411 23 95 seg_fp 1763 2343 36 58 seg_fp 1762 2475 38 78 U+3057 858 578 8 82 U+53C2 1703 2003 51 104 U+306B 985 2651 35 40 U+3082 394 2435 35 91 seg_fp 1772 2146 29 47 seg_fp 685 2560 49 89 seg_fp 1761 2655 40 58 seg_fp 1762 2199 39 79 seg_fp 1780 1724 21 46 seg_fp 1768 1774 33 84 seg_fp 1764 2109 37 33 seg_fp 1783 1246 18 67 seg_fp 1774 1910 27 51 seg_fp 1766 1854 35 65,200004148_00015_2
U+306E 227 927 55 57 U+306E 1568 1005 52 60 U+306E 1125 1894 62 56 U+306E 976 2072 57 56 U+4ECA 799 355 100 92 U+53D7 369 948 72 104 U+4ECA 1097 1066 105 95 U+5F15 208 1861 82 89 U+306E 826 457 54 50 U+3057 1404 1967 88 72 U+8E8A 1255 1526 85 105 U+70BA 815 512 77 111 U+3084 214 743 81 64 U+306E 1568 515 56 49 U+3080 968 1318 74 58 U+306A 1123 1458 63 85 U+306B 1571 2467 60 57 U+5F0F 662 753 83 75 U+3082 829 1650 40 72 U+5149 1559 1070 81 84 U+6C57 964 2436 77 79 U+3092 369 1821 69 71 U+9593 221 2471 76 71 U+3092 1411 1279 62 76 U+6D45 1560 1914 74 83 U+70BA 521 357 74 115 U+673D 352 1737 87 82 U+307B 818 1813 67 70 U+306A 817 1727 62 83 U+3061 1278 2090 60 84 U+6589 209 1626 95 96 U+3092 377 360 60 67 U+3057 213 2151 79 69 U+4EBA 1393 1209 96 82 U+3092 671 2082 59 66 U+5C04 1393 1369 100 82 U+3070 969 447 87 47 U+671D 804 613 88 91 U+77E2 966 501 66 96 U+5F04 1389 790 98 93 U+541B 966 1526 66 87 U+3092 1267 1741 63 76 U+4EBA 1102 914 95 82 U+3082 1135 986 31 66 U+3066 1583 1436 29 101 U+34DB 1551 453 81 58 U+5F15 659 1651 80 85 U+5C04 357 2217 92 78 U+77E2 668 1057 66 86 U+3066 1139 1720 27 105 U+6D88 809 1890 77 86 U+4FC3 1105 669 88 88 U+4FE1 1261 1828 80 83 U+547D 800 770 102 104 U+4E8C 1115 1834 88 48 U+3070 979 1481 86 35 U+80F8 519 2095 79 76 U+7ACB 961 1228 78 86 U+5EA6 210 992 91 91 U+306E 1573 2240 55 46 U+5C04 345 1421 101 87 U+900F 211 2370 95 99 U+624B 976 837 45 101 U+5175 1394 522 79 86 U+308C 968 352 54 95 U+5247 510 1578 79 77 U+3061 531 2255 60 67 U+5EA7 955 1976 86 87 U+4E5F 969 1806 71 62 U+3057 665 1728 72 66 U+305B 1105 1201 83 67 U+7ACB 1263 2306 73 81 U+60AA 1258 357 81 86 U+884C 1241 616 99 87 U+6210 669 823 73 84 U+4E0B 519 2174 76 71 U+3089 237 1208 45 75 U+6BBA 1398 1454 91 95 U+8001 1554 351 80 92 U+3059 1130 749 36 99 U+306A 1565 748 57 74 U+666F 1559 1165 69 97 U+6761 954 654 81 93 U+6240 1563 2378 83 83 U+50AC 1097 574 85 84 U+77E2 524 2015 66 81 U+308C 216 1281 85 64 U+304C 841 714 61 42 U+4F55 1248 1193 82 74 U+5F53 964 1872 76 99 U+6E80 665 1300 84 89 U+631F 950 945 90 88 U+3042 1405 1000 64 80 U+5207 660 2338 89 60 U+305B 510 1431 72 59 U+5F71 804 982 79 103 U+3082 234 661 34 72 U+96C4 365 692 83 88 U+3092 232 2541 50 55 U+5FA1 1258 536 63 67 U+662F 372 439 82 109 U+3093 1111 1266 100 84 U+4E01 506 823 76 74 U+3072 662 1229 80 74 U+306B 533 754 37 48 U+308B 538 1066 33 56 U+306B 1273 787 46 73 U+3053 230 865 46 53 U+77E2 1123 1962 73 105 U+3088 380 2056 43 67 U+3079 1116 2183 95 53 U+304F 1286 2220 27 75 U+306F 529 1793 48 73 U+7687 1418 2522 69 93 U+308C 1254 1042 75 66 U+3081 375 1105 55 61 U+3070 1573 896 84 42 U+65E5 830 929 38 47 U+3066 980 1116 29 108 U+5FA1 1557 2294 93 91 U+3066 1287 2458 28 103 U+306F 374 1369 57 42 U+52DD 1250 947 87 89 U+308C 1552 832 84 68 U+3093 1257 1400 89 82 U+4E8C 963 609 65 38 U+3079 1115 1416 105 50 U+304B 663 554 77 51 U+4E8C 1112 861 81 45 U+304D 1273 445 39 87 U+306B 387 889 38 50 U+53D6 210 1136 94 76 U+897F 1269 1920 73 63 U+5EAD 1698 822 70 87 U+70C8 1418 2357 76 92 U+624B 379 782 50 103 U+306F 1572 1872 55 42 U+5668 1401 619 79 82 U+305B 1256 1343 77 63 U+96CC 511 555 83 86 U+3084 808 1986 77 74 U+3082 535 1204 34 73 U+8E87 1249 1637 90 94 U+3042 1124 2053 63 81 U+3064 668 2582 67 56 U+4E88 1107 1615 90 99 U+3064 513 1961 69 51 U+671D 506 466 88 74 U+3042 521 1284 67 79 U+3064 659 1144 74 46 U+3072 1252 705 81 71 U+3078 971 1432 72 50 U+3092 1413 709 57 69 U+3053 1571 950 50 51 U+307E 1580 1998 38 66 U+3053 1577 1810 49 58 U+7D66 1431 2044 39 78 U+58F0 665 1993 65 91 U+5929 1419 2462 71 63 U+6708 671 1387 56 75 U+3066 1592 2525 22 83 U+3092 1569 1273 56 65 U+3079 808 2228 101 51 U+306F 1717 1584 36 67 U+7A0B 507 1127 99 81 U+81F3 218 364 71 89 U+305B 1399 1606 84 78 U+9732 805 1397 84 105 U+4E8B 1428 2181 49 86 U+3092 977 2516 51 72 U+3078 1401 956 78 46 U+4EBA 958 2133 91 79 U+640D 351 1509 88 83 U+306F 826 878 49 38 U+7E26 362 2131 91 86 U+624B 525 648 52 96 U+3059 1133 1333 44 82 U+53D6 505 986 85 72 U+3072 815 2481 69 68 U+3055 1425 1547 45 60 U+9662 1560 2152 84 74 U+7AEF 1263 1992 83 97 U+306B 682 997 43 51 U+697D 1406 1783 80 108 U+4E21 215 1478 69 78 U+306E 1558 668 64 69 U+3092 969 756 60 77 U+306F 234 820 47 33 U+767A 669 2482 81 93 U+306E 668 1463 58 50 U+98DB 527 2442 75 85 U+77E2 666 1927 71 68 U+308B 687 484 32 59 U+306F 1130 1165 50 30 U+6545 1574 2624 81 77 U+51FA 1267 2393 79 57 U+305A 231 524 77 77 U+3066 1432 1685 25 100 U+3068 242 1404 26 72 U+5F13 679 904 47 94 U+3068 1281 2583 45 50 U+308A 682 364 48 68 U+3068 1143 2305 29 69 U+3068 535 904 27 75 U+54E1 515 1650 70 98 U+3068 1287 1266 31 66 U+306B 1422 1130 36 68 U+305C 354 1593 113 58 U+306F 231 1091 52 33 U+3051 679 2195 56 56 U+3068 1115 361 50 54 U+3059 827 2059 43 77 U+601D 815 2418 71 64 U+307C 220 2001 108 77 U+3088 835 1504 36 73 U+304C 538 1747 68 43 U+3075 1405 2121 76 59 U+6B66 1417 2265 79 90 U+3066 693 2395 24 84 U+898B 1558 1342 75 88 U+3053 378 1305 49 58 U+5B9A 1117 2377 78 97 U+3057 217 1942 68 66 U+3057 805 1234 76 83 U+308D 371 2361 70 75 U+3082 1575 579 39 85 U+308A 1727 1984 21 74 U+8D70 1706 972 53 82 U+3055 1417 887 44 62 U+308C 821 2639 80 55 U+304F 546 2365 21 72 U+3068 1286 1461 29 63 U+3084 1557 1677 75 48 U+306B 984 2379 39 44 U+306A 1415 354 54 79 U+3068 1130 484 26 76 U+3067 374 2585 96 68 U+306E 1416 2623 73 73 U+3068 383 1047 42 55 U+5C45 815 2554 68 80 U+3053 387 2297 42 61 U+304F 1426 432 24 84 U+307C 671 1792 105 58 U+307E 834 1084 36 72 U+624B 983 2268 44 103 U+3046 1586 1723 23 79 U+3051 1711 564 46 69 U+3068 840 2344 27 65 U+3082 1268 861 40 84 U+3066 696 2249 20 79 U+601D 1565 1548 64 69 U+6765 527 2528 63 111 U+3055 378 1983 54 73 U+3064 814 1159 66 71 U+3070 234 2220 85 62 U+3066 693 661 22 88 U+306B 1722 916 30 46 U+3082 392 617 30 59 U+7ABA 220 2601 89 106 U+4EBA 207 1563 92 79 U+308A 386 1221 33 86 U+3059 387 2425 37 86 U+3089 539 1363 53 72 U+308A 1723 1691 23 63 U+3055 974 1655 40 77 U+308B 836 2176 33 55 U+306B 1715 362 44 66 U+3051 690 444 32 42 U+306A 520 1878 60 79 U+305F 1140 2644 33 60 U+303B 994 2198 26 61 U+3075 1556 1621 72 59 U+306F 976 1622 51 32 U+3058 248 1321 59 85 U+3068 1436 1888 25 69 U+308C 1114 2581 79 61 U+3068 250 602 18 64 U+304F 1132 411 31 73 U+5E83 1699 723 68 100 U+307E 390 2523 42 68 U+3089 252 454 36 72 U+3081 1129 2469 53 44 U+304F 684 1582 30 74 U+308B 1425 1076 33 53 U+305F 385 1165 33 58 U+304B 552 2323 21 39 U+3092 1713 1505 40 77 U+304C 687 1187 74 41 U+3092 381 543 59 71 U+308A 698 1847 22 64 U+304F 1294 2641 23 59 U+3066 1722 1753 21 87 U+308A 1284 1102 29 89 U+3082 1721 435 27 73 U+304B 990 1383 23 50 U+5F7C 1702 2196 64 82 U+308A 837 1582 30 71 U+3089 824 1323 66 68 U+304B 843 2136 25 45 U+308A 247 2073 27 75 U+305A 527 1492 79 81 U+308B 1726 2141 22 45 U+304B 1295 2176 24 41 U+4E0B 1711 1141 50 80 seg_fp 1708 2062 47 37 U+3057 1596 2062 13 89 U+308D 1702 1444 56 66 U+304B 688 2150 27 47 U+3089 988 1734 32 75 U+3054 1717 1389 36 48 U+305A 1714 630 36 85 U+3057 847 2261 13 83 U+63E1 960 2591 76 60 seg_fp 1725 2100 30 41 U+3057 252 2281 12 73 U+304F 1140 1539 27 84 U+308B 1142 2136 33 49 U+304B 1727 1655 18 38 U+304F 238 1800 22 73 U+307F 983 1040 27 75 U+306B 390 2661 52 41 U+3057 1151 2215 14 91 U+308A 1726 1051 26 83 U+5F0F 1703 2277 63 64 U+308A 1725 1221 23 85 U+3057 397 1650 12 85 U+3057 247 1712 16 100 U+3089 1136 2517 48 69 U+3092 684 2636 46 63 U+308B 552 2643 24 61 U+305F 1728 1935 23 50 U+304B 1722 513 25 49 U+3057 395 1890 21 96 U+304F 700 591 24 66 seg_fp 1713 1850 45 59 U+77E2 1708 1312 54 79 U+308A 998 2653 21 42 seg_fp 687 1503 81 63 seg_fp 1702 1915 63 22 U+6210 1708 2346 58 76 U+54E1 1729 2516 30 75 U+5247 1709 2435 56 68 U+306F 1728 2624 23 52,200004148_00016_2
U+306E 889 1651 63 58 U+3092 1033 395 64 64 U+306E 1484 1289 53 54 U+306E 1487 1620 52 56 U+53F3 1474 2261 69 68 U+72CE 578 1043 81 85 U+6069 1032 655 73 93 U+70BA 145 1605 77 102 U+6311 1310 789 102 66 U+352B 1474 2179 80 76 U+5165 1455 303 96 57 U+4F55 285 1654 78 65 U+306E 444 2005 59 56 U+3092 1341 1691 58 64 U+306E 734 609 63 67 U+3044 582 914 67 46 U+306E 1174 831 63 60 U+4F0F 1019 1987 94 69 U+306D 1475 904 72 70 U+3082 459 1637 35 69 U+8033 579 575 71 90 U+5F7C 1472 1123 76 80 U+6389 563 465 93 101 U+306E 735 1074 62 58 U+6015 133 893 84 66 U+3072 1332 1924 72 72 U+611F 1029 1896 89 83 U+5341 284 899 81 67 U+3092 1036 761 60 68 U+9805 722 2100 87 82 U+306A 592 1447 57 60 U+72FC 1475 1354 78 78 U+3072 730 1585 74 73 U+3084 580 1693 80 50 U+308C 1482 2086 61 78 U+FA3F 720 747 84 80 U+3061 1196 1419 55 72 U+666F 884 1780 67 100 U+524D 581 1898 78 102 U+3042 740 399 60 65 U+3093 1318 1019 89 84 U+308C 1484 355 50 82 U+307B 1177 2092 79 84 U+8272 585 1355 66 80 U+7269 133 748 89 70 U+3080 733 836 73 56 U+3053 898 1598 54 43 U+70BA 440 1457 74 92 U+6756 1469 1773 95 86 U+3079 729 894 96 48 U+4E94 279 973 84 63 U+898B 432 709 83 76 U+6C17 589 1249 90 101 U+308F 1051 1604 34 60 U+6BD4 884 1363 83 59 U+516D 281 1043 81 56 U+4F4E 575 736 86 70 U+306B 1204 2043 36 47 U+753A 286 1109 82 73 U+3066 1048 548 29 98 U+3042 734 1185 67 80 U+4FE1 726 310 79 81 U+5978 880 583 71 63 U+306B 1496 1858 40 48 U+5149 885 1710 81 74 U+898B 1024 1270 81 78 U+3078 1475 1040 79 51 U+53CD 1486 591 62 74 U+5730 1471 2462 87 60 U+3092 596 667 46 62 U+306A 890 305 54 74 U+306B 164 831 35 47 U+3057 432 456 75 65 U+72FC 281 306 84 81 U+4ECA 861 1507 116 82 U+4EBA 880 506 76 65 U+4E14 1173 460 78 61 U+308C 880 2051 92 71 U+3057 292 1821 78 64 U+3066 161 312 25 92 U+5730 1322 2177 86 67 U+5F7C 875 2161 91 82 U+864E 867 1125 96 92 U+90F7 428 1028 96 86 U+3059 900 1420 41 79 U+72FC 875 1223 85 81 U+982D 1022 304 77 89 U+6226 1318 934 96 100 U+3082 1204 1965 33 65 U+81E5 1325 299 74 100 U+3092 887 1893 58 60 U+51FA 439 390 67 48 U+671D 1171 1084 80 86 U+96C4 871 656 83 75 U+3073 291 1321 95 74 U+305A 1328 1272 98 77 U+5C3E 579 312 80 75 U+5F7C 289 1984 88 86 U+3066 170 2129 27 92 U+3046 1201 1349 31 77 U+7D66 1494 974 33 65 U+3072 140 2323 81 65 U+602A 142 1992 82 74 U+4E8C 1475 1207 74 36 U+72FC 295 2079 84 81 U+306B 311 1184 42 44 U+5C0E 432 1111 78 127 U+982D 442 2542 74 65 U+8840 1321 1631 87 59 U+671D 135 1710 87 75 U+5DFB 292 2577 85 81 U+671D 430 1550 84 82 U+306B 292 390 65 45 U+6D41 1329 1352 76 83 U+308B 164 985 43 56 U+652F 1474 1915 80 103 U+53CA 290 1240 71 80 U+719F 1177 1252 85 98 U+7B49 884 2241 70 55 U+308C 293 566 57 80 U+5927 1471 1481 88 62 U+3066 757 2001 28 85 U+3092 160 2397 47 64 U+306F 1040 1562 53 38 U+306B 902 1310 35 43 U+5C3E 283 2434 95 82 U+3092 589 391 51 61 U+3066 1204 1667 24 94 U+3042 1342 1847 56 78 U+72FC 1172 903 83 78 U+308A 1204 368 25 83 U+3086 1027 1355 74 59 U+8210 1323 1761 91 77 U+5C0E 284 451 72 106 U+3066 587 2216 58 61 U+3073 1323 701 110 74 U+3082 1348 1131 34 63 U+5374 880 2306 86 84 U+3092 303 2523 57 50 U+3086 288 664 68 60 U+308A 609 1508 29 79 U+308B 1042 1004 38 49 U+4F4E 1018 470 93 72 U+4E01 1474 679 70 70 U+3066 608 1796 23 88 U+8B1D 1019 843 90 82 U+5411 157 2239 66 77 U+304C 609 1648 49 35 U+3092 889 1056 56 64 U+3059 1046 925 41 76 U+3070 156 1553 81 47 U+3066 604 813 24 87 U+4FC4 292 2209 84 80 U+305F 1200 303 34 68 U+9803 300 2294 65 73 U+3092 1186 1172 59 66 U+306B 607 2000 43 49 U+4F76 140 2471 78 69 U+9BAE 1321 1539 85 92 U+3092 444 1372 60 68 U+3092 740 1862 63 57 U+3048 142 1385 73 70 U+5BA3 737 1480 59 101 U+30C3 1507 1250 33 33 U+6B69 595 2581 64 71 U+7766 1318 2246 86 72 U+306B 1052 1847 35 45 U+308D 289 1567 77 76 U+3082 1206 1767 33 81 U+3078 1481 2345 81 27 U+64B2 1467 2379 104 84 U+308C 868 991 88 78 U+7FA9 877 2464 87 92 U+5FFD 1335 2085 71 82 U+306E 452 2615 51 42 U+3084 434 1798 77 53 U+306F 1490 1441 48 34 U+548C 1022 2225 88 63 U+7D66 314 1394 34 69 U+3075 141 1796 67 73 U+985B 1471 2570 82 73 U+898B 880 1962 78 84 U+305B 1323 1208 80 63 U+529B 1488 1548 52 65 U+3070 891 884 83 37 U+5F13 1496 1681 39 83 U+7766 1026 2284 87 72 U+70BA 1180 984 78 106 U+3053 1193 780 44 47 U+308C 873 811 86 74 U+3057 1031 2366 74 71 U+3061 601 2136 53 83 U+3066 1028 1495 57 63 U+3075 283 1461 77 58 U+3066 1194 680 27 87 U+3082 757 1926 35 75 U+3059 453 1249 42 72 U+3066 1497 441 23 97 U+3066 1056 2133 25 80 U+308B 607 1188 30 48 U+306E 1041 2596 55 49 U+306A 884 737 54 71 U+306F 1489 1080 49 33 U+8D70 146 423 65 76 U+6765 1181 2481 67 99 U+306B 312 2380 41 44 U+77BB 1174 1494 83 103 U+8A00 1038 1757 57 82 U+64AB 726 2266 88 72 U+3068 1495 759 32 69 U+3055 750 541 39 65 U+72FC 731 2499 84 82 U+3066 457 940 27 85 U+3092 744 2192 59 59 U+305A 742 1330 78 75 U+304D 746 930 42 78 U+305F 609 1132 25 57 U+3093 872 437 75 70 U+304B 322 1776 29 36 U+3068 756 1407 30 74 U+308A 1207 2234 33 82 U+306B 755 1133 35 46 U+8FD1 1178 2317 79 86 U+3082 750 1013 36 63 U+304F 463 1849 23 75 U+304C 613 1745 62 53 U+305F 605 2060 39 74 U+624B 750 1752 50 101 U+3068 607 958 27 68 U+3093 294 1925 80 62 U+305D 462 1933 36 73 U+3070 454 528 68 64 U+3089 1503 2025 43 65 U+304F 1200 520 23 70 U+3053 892 932 46 53 U+307F 175 2072 33 50 U+304F 309 723 25 73 U+306F 1490 835 37 66 U+3068 328 1714 28 57 U+304C 1054 1672 45 39 U+3055 1044 1423 42 67 U+3078 137 622 76 42 U+308D 1183 1850 69 62 U+3053 310 1518 38 48 U+3057 585 2294 72 66 U+3066 1357 1994 23 81 U+306F 312 2171 47 28 U+7D66 755 2346 33 62 U+307F 463 312 25 57 U+304F 1048 1184 27 78 U+308D 443 2168 66 58 U+306F 458 1719 36 76 U+304F 173 1911 23 72 U+3068 1502 2519 30 44 U+307F 1354 872 26 56 U+3068 1217 2175 21 61 U+308B 463 1320 29 48 U+304C 1352 458 59 42 U+3057 592 1547 47 91 U+3064 1184 2587 66 55 U+307F 753 679 26 60 U+898B 149 2595 77 68 U+3089 756 1266 40 69 U+4E8C 443 2491 69 38 U+3064 729 1666 70 45 U+304B 169 1871 30 41 U+3032 462 586 36 108 U+304C 1051 1055 62 48 U+3066 903 2388 30 70 U+7D66 33 325 22 76 U+308A 166 666 28 72 U+305F 1345 605 33 61 U+4E00 1025 1731 81 16 U+3057 1063 2049 15 84 U+3065 586 2370 71 53 U+304F 162 1219 25 73 U+898B 1331 2484 73 81 U+308A 1210 1596 30 72 U+308A 464 853 28 74 U+3046 1210 2407 22 70 U+3078 19 404 60 48 U+3053 458 2075 39 53 U+3070 901 2116 80 36 U+304C 165 1076 63 42 U+3064 1034 2447 67 47 U+3075 1320 513 71 91 U+3089 913 381 29 56 U+308A 167 498 25 74 U+308A 760 463 24 76 U+308B 1364 1437 21 56 U+308B 1058 2493 29 40 U+306B 610 2515 32 52 U+5F97 440 2313 74 72 U+306F 31 446 32 29 U+3051 319 1885 35 44 U+3078 439 821 66 34 seg_fp 1 1441 72 94 U+3070 754 2456 61 25 U+3057 1209 590 13 92 seg_fp 1356 2573 27 39 U+3078 731 2410 89 39 U+3052 34 886 62 61 U+3082 1056 2535 23 56 U+3068 175 2543 20 52 U+3042 890 2562 55 39 U+306E 27 753 41 50 U+3068 1216 1912 15 60 U+4E00 1477 560 70 11 U+304B 463 784 23 36 U+306E 39 1382 33 59 U+304B 163 585 23 37 U+306F 754 2611 39 34 U+3057 180 1454 13 72 U+308A 911 2600 26 45 U+3092 454 2234 54 70 U+3046 1356 2393 20 74 U+3057 1363 2314 12 84 U+304D 36 946 32 68 U+898B 133 1303 78 78 U+3068 1357 1075 18 58 U+4EBA 16 1313 73 74 seg_fp 1340 2613 62 31 seg_fp 0 1531 74 83 U+308A 45 1183 17 84 U+309D 1364 1491 14 44 U+3057 1362 373 12 88 U+304B 169 1524 24 41 seg_fp 5 1896 43 59 U+3066 467 2387 25 91 U+3084 591 2441 69 62 U+3088 41 1120 19 64 U+8292 27 659 44 79 U+309D 769 1709 14 35 seg_fp 26 2459 60 83 U+53E2 19 536 50 104 U+3089 48 1610 22 57 seg_fp 13 2293 68 81 seg_fp 314 811 26 71 seg_fp 0 1642 30 76 seg_fp 21 2529 59 123 seg_fp 9 1808 30 78 U+309D 466 2127 19 44 U+309D 1340 669 26 37 U+308C 45 1710 30 54 seg_fp 156 1132 73 28 U+4E00 17 500 54 26 seg_fp 0 962 30 51 seg_fp 0 1166 30 75 seg_fp 1 1725 45 77 seg_fp 0 1006 27 77 U+3057 31 812 39 75 seg_fp 5 1357 17 94 seg_fp 1 798 20 85 seg_fp 3 2036 75 150 seg_fp 0 1102 27 53 U+51FA 50 1785 31 41 seg_fp 169 1160 19 61 U+4E2D 34 1020 35 87 seg_fp 6 1953 67 91 seg_fp 0 893 13 67 U+626E 51 2173 30 75 seg_fp 6 1591 30 37,200004148_00022_1
U+306E 153 1175 62 52 U+306E 599 1925 52 48 U+3092 1203 1143 63 65 U+4E2D 1043 1092 69 78 U+306E 1498 1660 54 46 U+70BA 1500 532 65 86 U+306B 158 1333 60 51 U+306E 1497 1392 53 47 U+72FC 585 1979 82 77 U+65B9 596 1489 67 79 U+306E 450 950 59 47 U+306E 1040 1477 68 57 U+5927 440 1607 78 85 U+306E 1347 652 59 61 U+306A 895 549 67 68 U+898B 1184 761 83 81 U+5207 572 2402 94 53 U+4E89 889 1532 87 107 U+4EE3 433 1072 94 81 U+8A31 1491 688 83 87 U+5C71 1332 2267 74 59 U+3073 588 2225 92 67 U+307B 745 1050 70 71 U+9580 590 1413 72 75 U+306E 157 2438 48 40 U+865A 1484 1442 77 93 U+304A 1345 1088 74 52 U+304D 1189 1076 80 70 U+982D 587 1852 78 63 U+7269 291 686 78 65 U+96C6 1489 1015 74 105 U+3092 457 1335 52 64 U+3066 1514 1130 28 88 U+751F 1034 2178 76 73 U+8FD1 1182 1463 96 84 U+5E8F 149 1229 79 98 U+83D3 1332 714 91 91 U+6015 437 1967 80 67 U+5C71 1041 1024 81 63 U+516B 143 886 86 48 U+308C 1034 1915 74 62 U+8A71 140 1086 85 75 U+6C72 1186 1918 88 78 U+6301 1175 2080 95 83 U+6295 432 511 95 74 U+8535 1481 2307 83 95 U+3092 1335 2336 64 64 U+306E 1350 1465 49 48 U+306E 155 1032 57 55 U+53E4 1478 1229 74 63 U+306A 750 965 60 81 U+5F85 881 1886 89 79 U+52E7 739 1366 85 82 U+306E 1178 400 80 83 U+3057 146 1391 80 73 U+304B 886 1648 80 57 U+306B 1047 1175 64 61 U+6089 1315 820 108 85 U+5BB6 1332 2404 77 99 U+3073 287 2470 103 70 U+3042 744 2501 52 69 U+304A 1478 2460 73 47 U+80A1 435 345 87 76 U+7D00 431 2236 90 73 U+898B 1191 1636 78 81 U+3070 891 2479 92 36 U+51FA 1193 1722 79 51 U+3066 1190 1857 54 61 U+6CBB 296 2185 75 66 U+3072 589 1049 84 76 U+306E 597 2640 52 42 U+306B 895 1969 65 49 U+306A 1199 997 66 75 U+308C 439 1270 95 69 U+308C 886 793 95 65 U+8868 144 788 94 82 U+9152 1335 1380 83 87 U+576A 739 599 79 73 U+3057 735 1121 85 75 U+90FD 1025 2040 97 85 U+3084 301 1184 77 65 U+308C 1193 1284 85 65 U+306B 1498 2242 40 55 U+516B 439 1018 83 43 U+5175 144 1623 88 88 U+308D 293 1437 84 77 U+3092 166 1795 55 67 U+70BA 151 2247 73 104 U+306A 598 641 56 70 U+3059 889 1226 72 78 U+8CAF 1494 329 80 90 U+5DCC 1482 1543 95 105 U+306F 901 1497 56 32 U+3066 169 643 27 86 U+5E73 285 2112 92 71 U+4E8C 589 1791 68 41 U+59BB 439 848 84 80 U+3066 766 859 23 92 U+306F 1206 721 52 35 U+6708 1483 2613 56 64 U+5FD8 741 2008 79 84 U+308D 1482 2029 69 67 U+306E 302 2636 52 44 U+6F70 1336 991 83 90 U+308C 1333 2103 78 57 U+3042 1042 1536 68 82 U+3092 1356 326 51 62 U+308B 1062 1347 41 51 U+3078 879 2435 85 42 U+3081 757 1461 47 50 U+7D00 288 2039 97 70 U+3066 1334 1894 66 64 U+308C 1024 2418 81 62 U+306F 897 1373 62 41 U+3092 288 612 66 64 U+3055 905 1143 49 75 U+3061 1048 944 61 69 U+3061 451 2521 52 60 U+306B 1347 1671 65 56 U+306E 1353 1152 54 54 U+308C 740 1945 84 66 U+9E7F 578 2560 92 75 U+306B 764 681 34 46 U+3061 595 1324 58 76 U+6728 1491 1302 88 73 U+5E73 433 2313 82 69 U+3059 1326 2568 69 64 U+304B 291 1821 84 54 U+8868 150 927 68 93 U+306B 1512 633 33 46 U+51FA 588 1640 82 51 U+3072 1038 504 76 76 U+3057 1332 2005 73 67 U+3093 1489 415 78 76 U+70BA 1184 2518 74 91 U+6CD5 148 1715 86 75 U+898B 1022 2519 83 70 U+3066 1066 577 24 95 U+7B49 591 344 64 71 U+306A 1346 1735 63 85 U+7D4C 1337 404 80 78 U+306A 1487 1793 66 67 U+5E73 875 2602 83 79 U+66FD 1198 1540 65 91 U+3092 597 2066 62 67 U+3075 877 2103 74 57 U+3084 288 1058 88 55 U+3082 1214 467 30 60 U+3070 167 1467 79 65 U+308B 762 2229 30 53 U+306B 465 1692 35 46 U+5165 734 737 80 55 U+51F9 1490 1722 73 50 U+3082 1062 1404 35 75 U+6CBB 439 2387 78 66 U+5835 298 1592 80 79 U+7BA1 891 1783 76 98 U+547C 588 2140 75 84 U+305F 609 2457 32 59 U+671D 142 2348 86 83 U+3066 1208 1995 26 81 U+9913 579 718 90 91 U+305A 908 1415 78 77 U+3042 893 2025 58 77 U+5BA3 878 2338 75 93 U+7E01 286 442 74 93 U+671D 1178 2612 81 70 U+3092 1054 797 59 69 U+308C 741 2091 63 76 U+305E 318 968 69 79 U+5B89 297 1519 79 70 U+306F 455 1157 53 32 U+3055 1058 1277 48 69 U+306B 612 1582 31 42 U+805E 1038 1769 68 90 U+4E8B 748 2282 55 86 U+65E7 294 2538 64 96 U+308B 316 848 32 49 U+51E6 147 343 74 59 U+3092 450 442 56 60 U+3092 443 2157 61 70 U+306B 295 911 69 58 U+6CBB 744 342 73 68 U+306B 908 1084 48 52 U+898B 440 1413 79 96 U+3064 588 2305 67 48 U+591A 1490 770 65 120 U+3089 919 1301 37 64 U+7B11 442 2585 68 89 U+3066 472 1513 22 85 U+7D00 874 2533 86 67 U+3078 884 510 87 51 U+304C 1516 491 66 35 U+7531 293 548 61 52 U+3069 1062 1969 71 60 U+3053 314 1327 45 62 U+9032 734 1515 83 100 U+5F7C 734 2617 78 64 U+305D 1365 582 39 67 U+3053 463 1199 44 68 U+3075 1175 2477 75 47 U+8AAC 135 2484 98 76 U+3066 322 1940 26 93 U+304F 1216 642 30 74 U+3053 906 972 48 63 U+638C 1040 674 84 121 U+305D 1208 1215 48 69 U+3075 280 2326 82 58 U+304F 325 1248 22 80 U+3064 596 812 62 51 U+304D 462 1882 38 79 U+80B2 1039 2253 58 96 U+3082 611 417 25 72 U+5019 1196 2325 54 42 U+3055 601 501 48 66 U+3068 1502 881 52 54 U+308B 468 2048 26 55 U+5019 1348 1959 52 39 U+308B 1510 1862 29 42 U+3081 1495 2410 43 40 U+3046 1061 870 33 78 U+3032 762 1232 51 129 U+4E0E 442 589 72 81 U+3068 1062 1686 31 75 U+306B 1058 2127 30 43 U+305D 612 571 33 70 U+306F 1056 1239 49 34 U+305B 739 1687 69 59 U+3068 1503 1914 41 52 U+8A0E 148 1873 97 85 U+306B 1496 2562 38 41 U+304F 1361 908 26 84 U+308C 733 2570 84 49 U+3075 434 672 76 59 U+305B 158 2062 65 58 U+3046 461 2451 24 71 U+3065 1338 1195 95 63 U+3069 1511 2172 56 67 U+7D66 168 2562 33 65 U+3082 910 841 38 70 U+3081 606 926 46 48 U+805E 1045 330 72 96 U+3070 1045 2479 86 32 U+3046 327 1110 22 63 U+304B 322 757 26 44 U+3089 1347 1307 58 74 U+304D 899 2189 42 68 U+3066 309 353 24 76 U+3079 879 2160 90 43 U+3066 1366 485 22 86 U+305D 753 2427 42 68 U+308A 615 1185 31 76 U+3068 613 974 25 70 U+3051 326 1681 34 43 U+308B 1208 842 44 46 U+3064 1039 1865 61 48 U+3066 613 1693 26 87 U+3068 906 2262 30 70 U+308A 1066 1615 29 72 U+3053 1500 1967 38 58 U+308B 605 2517 31 35 U+308C 446 731 59 72 U+3055 907 435 34 73 U+308B 1348 2634 38 41 U+305F 313 801 32 51 U+305F 307 2384 39 58 U+308A 1514 934 33 76 U+308F 913 721 28 73 U+308A 325 1725 35 82 U+3068 623 1122 22 63 U+7D66 1058 423 40 80 U+8AD6 155 1967 80 84 U+308F 762 1874 28 69 U+4E8B 902 336 59 97 U+591A 1187 544 74 117 U+53C2 154 473 62 99 U+3082 765 415 26 60 U+306A 1490 2099 60 69 U+304C 172 2189 64 51 U+306F 314 2262 47 27 U+3070 758 1192 80 64 U+3075 140 2631 78 55 U+3082 1213 336 35 70 U+7B11 747 490 66 96 U+3089 620 862 38 67 U+304F 1504 2506 27 54 U+308A 772 790 28 70 U+306E 32 1239 46 61 U+304C 763 1813 70 41 U+306B 174 410 26 42 U+305F 758 2167 29 62 U+56DB 148 744 76 39 U+3069 1364 2153 57 53 U+304F 1363 1601 28 68 U+308B 912 1733 33 41 U+305F 1049 2360 31 58 U+304F 331 1860 25 79 U+305F 43 1503 25 62 U+304B 1366 1258 26 46 U+7D66 42 1811 25 74 U+624D 38 1305 39 66 U+308A 1210 2236 36 89 U+3089 759 1619 47 66 U+308A 174 570 28 72 U+3044 1185 2433 70 41 U+3082 1349 2200 34 57 U+3078 1186 2198 71 40 U+3057 1225 1370 15 93 U+50BE 36 2134 51 80 U+3070 456 803 86 37 U+304C 44 609 52 42 U+3068 1210 2366 26 74 U+3057 920 614 16 107 U+3068 1361 2505 18 58 U+308B 44 813 22 47 U+6240 40 350 56 85 U+304C 49 1459 44 43 U+51FA 36 1010 53 54 U+3057 1214 1771 20 85 U+305D 41 1164 30 70 U+6E2C 37 1380 54 77 U+305F 1059 2591 33 43 U+51E6 33 872 49 65 U+304F 44 1560 22 60 U+3092 42 2056 35 66 U+3054 603 1266 73 54 U+304B 1356 2071 26 39 U+306B 40 944 34 54 U+309D 618 2357 18 25 U+9A5A 439 1750 74 119 U+309D 334 1390 19 40 U+3057 927 898 13 71 U+308B 1053 2636 32 40 U+308A 1351 1818 41 85 U+3070 40 1930 32 34 U+304B 1211 2163 23 37 U+5FC3 33 1978 58 63 U+4F0F 35 2408 52 71 U+3057 181 2119 12 76 U+3057 188 1534 9 62 seg_fp 757 2375 22 55 U+3057 775 1746 10 75 U+6089 39 437 44 74 U+3056 40 751 56 59 U+304C 1221 1336 62 36 U+3078 31 1889 62 38 U+3066 42 1071 16 88 U+309D 922 1038 22 41 U+309D 467 2107 20 40 U+3048 36 1733 46 71 seg_fp 315 2294 19 30 U+611F 33 2318 50 79 U+308F 45 544 25 61 U+309D 929 1701 15 34 U+898B 34 1641 48 83 U+805E 39 661 39 81 U+309D 314 2447 20 32 seg_fp 0 1436 29 83 seg_fp 49 2224 17 46 U+3057 46 2468 12 70 seg_fp 0 1209 18 38 U+3066 47 2258 16 66 seg_fp 0 1069 28 55 seg_fp 1 1757 17 52,200004148_00025_1
U+306E 598 792 61 57 U+5149 590 866 79 86 U+306E 903 657 56 51 U+306E 160 1177 60 60 U+306E 1340 455 66 61 U+5FC3 1186 729 81 58 U+306E 595 1923 69 74 U+304D 591 1629 72 67 U+5927 585 1350 81 87 U+666F 597 957 65 101 U+508D 155 1241 77 85 U+8EAB 1485 1800 64 81 U+3092 1346 603 53 65 U+660E 1038 1662 77 71 U+306B 608 1432 38 51 U+898B 1029 1015 83 77 U+306E 303 2427 55 49 U+7269 447 1587 73 66 U+554F 590 2159 78 75 U+9808 1187 1591 80 75 U+3092 314 1060 57 61 U+304B 1485 786 74 46 U+306E 759 473 52 45 U+306B 1497 1600 52 46 U+306C 1491 1532 66 56 U+86C7 583 708 89 68 U+3092 165 1536 60 65 U+4E94 442 1320 89 64 U+524D 889 477 78 89 U+6CBB 752 683 69 66 U+66F4 1191 805 73 89 U+96F7 600 254 76 80 U+52C7 1496 1085 53 106 U+5F8C 1184 326 82 88 U+5F7C 1039 544 83 88 U+96F7 1487 1893 70 80 U+3092 311 1583 59 72 U+5C71 158 1367 66 67 U+6708 1045 1740 60 74 U+3092 459 1509 60 67 U+3092 603 2079 56 65 U+3066 1058 1561 34 100 U+85FA 1338 946 73 100 U+5C71 305 1403 69 73 U+3066 765 1606 28 86 U+516B 737 248 88 50 U+53F8 756 1224 52 77 U+5E73 749 607 73 72 U+7D00 742 528 85 69 U+308C 744 1751 71 56 U+307C 1185 2373 94 67 U+5B63 299 778 87 109 U+5FE0 1339 1243 85 74 U+3092 1051 727 55 73 U+3092 602 1069 57 67 U+53C8 302 1320 91 74 U+304C 326 896 65 47 U+306B 1187 2066 67 62 U+60DC 297 1774 82 84 U+76F8 1326 1058 91 65 U+6D69 890 251 74 75 U+753A 742 313 81 74 U+5FD9 740 1868 88 69 U+5D16 885 717 76 101 U+5FD7 1187 1825 83 84 U+880E 582 613 90 88 U+3075 297 478 73 69 U+3092 1343 2268 56 60 U+5168 1326 682 98 86 U+6FE1 893 1249 76 88 U+52DD 1325 1474 100 85 U+542B 449 1113 82 93 U+73E0 1036 631 86 91 U+6700 298 1668 80 97 U+306E 896 1741 61 52 U+51E6 894 342 70 62 U+54C0 306 1130 72 99 U+57CB 149 1615 85 69 U+70BA 454 254 80 111 U+3092 1197 1918 58 68 U+5C71 599 455 67 54 U+4ED6 1176 1994 93 75 U+57CB 146 955 82 72 U+3092 456 1029 59 73 U+3081 170 1036 51 58 U+6D99 451 939 85 87 U+3066 145 1944 63 62 U+3066 473 845 26 90 U+5B63 157 606 78 113 U+6094 1183 420 89 67 U+304F 326 590 29 70 U+96C4 153 1443 79 84 U+3092 169 864 54 74 U+96C4 294 1484 88 86 U+308C 1341 1564 60 77 U+85E4 1188 1677 86 89 U+308C 898 1348 52 76 U+3066 325 380 26 88 U+3092 162 2111 53 68 U+3057 1334 2339 70 70 U+5F7C 1331 852 86 83 U+5FA1 750 1064 66 52 U+8005 1489 1199 62 78 U+7D00 442 2090 97 75 U+6A19 144 2229 82 79 U+3066 914 1438 28 92 U+3078 160 1334 80 37 U+3055 1508 368 32 72 U+3065 592 1769 95 79 U+6280 1326 2182 89 76 U+540D 1040 2371 60 60 U+3093 153 2417 67 58 U+3090 597 2298 65 54 U+4E16 1033 2026 79 51 U+6643 1051 1290 69 86 U+307E 610 1701 43 73 U+6B7B 598 356 79 78 U+305A 1199 1339 81 74 U+73E0 1334 520 83 81 U+5F7C 748 911 71 78 U+306A 1344 2017 59 74 U+5341 448 1432 62 66 U+306E 1486 1738 70 61 U+7D66 909 2370 34 60 U+3066 1340 1795 53 71 U+9053 883 827 91 93 U+6545 590 1994 85 81 U+6100 454 511 80 70 U+516C 1483 1986 70 48 U+9762 902 575 60 69 U+3082 767 1003 31 54 U+6B7B 303 950 68 95 U+5982 1334 1140 87 50 U+305D 176 1094 38 69 U+898B 589 1141 76 90 U+305D 910 2155 40 61 U+305B 1178 2137 72 51 U+792B 737 387 85 73 U+6765 1491 633 67 89 U+306B 916 415 31 45 U+7D66 465 1808 32 74 U+3092 296 2546 64 63 U+306A 746 1306 63 64 U+6960 283 2338 92 84 U+308A 920 981 26 85 U+671D 446 366 85 77 U+306B 447 1947 68 60 U+5C4D 149 773 86 85 U+3088 917 918 33 63 U+3082 1508 1335 32 69 U+306B 1506 2043 39 49 U+91CD 309 677 69 94 U+3066 613 1237 26 93 U+96C4 585 528 93 71 U+7136 452 593 74 87 U+3078 1482 540 87 48 U+3066 1065 454 25 83 U+985E 1035 2138 77 95 U+91CD 158 516 67 83 U+304B 1185 1425 82 46 U+304B 300 2039 79 55 U+306F 1198 1292 57 49 U+7A7F 160 328 67 94 U+3070 1505 910 72 58 U+306E 1044 1823 51 56 U+3066 1067 252 28 85 U+3044 892 1074 70 44 U+305B 152 2365 74 51 U+9A5A 583 1495 82 125 U+66F9 756 1123 54 89 U+899A 1487 1414 69 105 U+3082 1352 1397 39 68 U+3042 1197 496 60 70 U+306B 1354 1332 46 64 U+304F 768 2014 21 72 U+306B 1056 2086 35 42 U+3044 1487 2407 54 50 U+6CBB 449 2230 73 71 U+3044 1494 495 57 41 U+6483 1481 2103 83 104 U+306F 467 466 45 28 U+3066 173 1758 27 98 U+306F 1201 1547 49 30 U+307F 326 1231 28 75 U+307F 471 1219 30 52 U+8AB0 889 2071 80 76 U+306F 1503 735 44 29 U+304C 1362 1198 55 36 U+7D66 1205 1217 38 75 U+9808 742 2424 71 79 U+3088 1355 243 45 73 U+3069 1508 2496 55 43 U+305E 465 2009 72 73 U+304F 1359 318 29 70 U+3042 900 1798 64 69 U+308A 770 1371 25 69 U+3059 1354 769 36 75 U+303B 1061 1388 37 59 U+306B 1203 891 43 56 U+3044 163 2508 57 50 U+308A 468 1737 32 78 U+3066 1041 941 52 57 U+306F 460 2317 48 25 U+6398 151 246 83 64 U+308A 770 827 31 83 U+306F 1504 441 44 34 U+3081 169 1697 47 58 U+3078 890 2433 86 35 U+3084 1039 355 75 45 U+3082 915 1672 32 70 U+3075 436 1881 71 64 U+3068 1056 815 48 52 U+305D 1362 391 31 63 U+304D 1351 2092 43 77 U+305D 1505 1665 40 74 U+3068 1501 1290 45 44 U+3070 761 1814 76 36 U+308A 1510 1005 30 77 U+3066 320 2243 25 88 U+85E4 748 2498 69 73 U+3064 299 1867 73 60 U+3068 1219 252 23 60 U+304A 1188 2323 69 49 U+3088 1353 1870 43 67 U+308B 1508 2220 28 54 U+306B 1055 1235 38 46 U+6765 749 2267 63 86 U+304C 1212 1776 58 31 U+7D66 1057 1094 33 74 U+8D70 748 2103 69 71 U+3078 1474 2461 84 36 U+305D 616 1855 34 67 U+3068 1053 1450 43 42 U+308C 596 2501 67 69 U+307E 619 2229 34 64 U+73E0 1034 2434 81 65 U+3059 611 2427 33 72 U+304C 1073 401 58 51 U+6839 288 2476 89 69 U+3066 181 431 21 83 U+3059 441 2419 69 62 U+3070 904 2470 80 31 U+307E 461 2350 41 64 U+6765 898 1541 63 82 U+304C 181 725 56 42 U+306A 754 758 58 69 U+3066 1212 639 20 75 U+306B 174 2320 29 39 U+5E73 447 2169 69 63 U+304D 1053 2299 41 70 U+3057 1177 2530 82 75 U+4F55 137 2032 79 75 U+3068 916 2216 28 66 U+3068 1197 2265 41 42 U+304B 335 552 24 35 U+3064 747 2354 62 66 U+304F 331 2082 26 74 U+304F 1515 833 22 68 U+308B 915 1617 38 49 U+305F 913 1118 33 55 U+3075 1027 1165 72 71 U+308A 1213 565 28 76 U+307F 1211 1159 31 55 U+3068 476 689 25 66 U+3051 763 1702 33 47 U+308A 911 1998 32 75 U+3031 466 2456 50 153 U+3055 169 1868 38 75 U+304C 475 1652 67 38 U+308A 1359 1641 33 92 U+3055 1355 1731 33 63 U+304B 1354 2502 33 54 U+4E00 445 1289 82 16 U+3058 1215 2193 56 72 U+308A 1062 2551 35 58 U+3064 1330 2412 72 46 U+304F 1214 1464 31 67 U+9A5A 299 246 87 119 U+3068 174 2456 27 50 seg_fp 889 2565 83 48 U+3051 917 1956 33 41 U+306A 1344 2553 57 51 U+308A 770 2176 31 82 U+304B 177 2190 27 37 U+308A 923 1867 27 78 U+305F 466 1688 30 48 U+3082 1499 2540 32 61 U+3057 1073 1491 15 73 U+3057 485 754 13 92 U+3057 1218 2435 14 72 U+898B 741 1526 70 71 U+3057 778 1927 13 83 U+306A 1050 2499 50 49 U+65E5 1510 589 33 42 U+304F 1064 1951 25 69 U+308A 1057 868 38 76 U+4E00 453 1403 70 16 U+3057 328 2159 18 84 U+3068 313 1976 47 61 U+304F 918 1168 24 77 U+304B 1209 2502 27 47 seg_fp 909 2514 40 43 U+898B 894 2294 54 71 U+304C 765 2576 62 33 U+3075 162 2562 68 50 U+306E 1190 1008 55 64 U+3070 614 2575 51 33 U+308B 1360 2453 29 37 U+3089 614 2347 49 76 U+3065 67 579 46 54 U+304B 1519 973 19 36 U+3068 1505 2330 25 69 U+3057 1525 257 12 88 seg_fp 1 1507 42 71 U+3092 59 1221 29 68 U+309D 1513 2276 16 43 U+8EFD 63 1438 31 75 seg_fp 1369 1936 16 78 U+306A 1042 2234 59 63 U+3084 56 1528 36 46 U+306A 65 837 30 66 seg_fp 0 1580 46 70 seg_fp 9 1654 32 56 seg_fp 1 1426 37 77 U+309D 329 1926 19 33 U+305F 1209 950 30 62 U+6301 58 1719 37 86 seg_fp 0 1332 42 41 U+3057 1217 1070 19 90 seg_fp 7 583 50 69 U+6765 58 1831 26 67 seg_fp 19 1710 17 64 seg_fp 14 491 41 69 U+3068 64 1357 14 70 seg_fp 5 2399 23 48 seg_fp 7 1872 28 55 seg_fp 6 406 44 79 seg_fp 0 2335 33 61 U+306B 60 1636 20 65 U+624B 72 521 22 60 U+3068 772 1436 17 65 U+304B 62 1579 19 61 seg_fp 11 1770 21 92 seg_fp 2 1141 42 90 seg_fp 23 1044 18 87 seg_fp 3 2262 26 67 U+5927 64 764 38 78 seg_fp 1 2525 27 67 seg_fp 5 759 46 85 seg_fp 0 2453 37 74 U+304B 74 633 14 49 seg_fp 4 881 46 46 seg_fp 13 1363 23 56 seg_fp 20 1226 14 102 seg_fp 13 319 46 77 U+7D66 55 1900 17 73 seg_fp 11 2170 21 69 seg_fp 74 485 22 49 U+3072 54 1984 24 63 U+306E 58 1056 32 67 seg_fp 2 994 45 40 U+671D 81 418 21 67 U+5893 52 2163 31 86 seg_fp 4 2018 35 78,200004148_00032_1
U+516B 980 448 89 48 U+6253 688 1256 83 96 U+90CE 1144 942 77 111 U+5927 1428 649 84 84 U+6771 538 830 80 112 U+624B 989 262 63 86 U+306E 1286 863 61 62 U+306E 390 1608 64 59 U+3092 1296 1732 61 71 U+5343 978 1584 88 82 U+97F3 379 878 85 94 U+306E 1000 1686 52 59 U+306E 1137 466 62 43 U+540C 990 883 76 84 U+3072 689 959 76 61 U+5FE0 1435 259 80 76 U+306B 554 1031 43 52 U+706B 546 1616 70 82 U+3061 853 1000 57 76 U+90CE 998 776 74 97 U+90CE 1150 1386 77 106 U+306E 1431 1484 78 68 U+7269 1431 2033 81 76 U+5EAD 980 2283 83 91 U+4EBA 972 1399 103 73 U+56FD 1438 350 71 74 U+5FE0 835 708 87 83 U+306E 549 2302 59 49 U+3066 1454 534 30 96 U+90CE 1147 2116 78 98 U+9580 985 2388 77 78 U+3092 235 346 64 71 U+592A 1140 1789 84 69 U+6708 239 1732 58 85 U+6355 680 1038 94 96 U+4E09 982 701 80 67 U+306B 249 1939 43 51 U+306E 400 1858 60 63 U+3032 864 1619 73 131 U+56DB 988 985 75 45 U+3066 716 1141 28 100 U+4EF0 687 2175 85 92 U+900F 226 2000 88 109 U+65E8 1291 1641 67 84 U+9593 987 616 81 84 U+306A 1595 2190 64 72 U+4E0E 1131 526 78 76 U+3066 537 760 57 60 U+4E0E 1136 775 77 81 U+6E90 1143 1699 78 78 U+4E0E 235 1550 71 86 U+3070 845 444 96 49 U+5BB6 991 1746 92 110 U+306A 1001 2192 52 83 U+90CE 996 1044 73 90 U+308C 534 1416 92 71 U+3066 1604 535 25 95 U+5927 1127 1056 93 86 U+56FD 839 812 73 80 U+8D8A 219 427 104 95 U+306E 1286 1576 69 63 U+306E 229 967 73 68 U+7334 1573 645 82 89 U+6642 833 631 87 77 U+897F 538 957 70 58 U+9AD8 990 515 76 97 U+7269 1580 2363 84 67 U+4E09 1135 874 79 64 U+6642 1280 2276 82 98 U+6728 830 2031 89 75 U+897F 387 1523 81 66 U+9003 220 652 87 80 U+3044 688 1655 81 47 U+3066 252 534 28 98 U+304D 686 1855 87 70 U+306E 387 804 65 60 U+305B 376 1137 83 71 U+624B 244 1345 58 114 U+8549 536 1494 79 114 U+3079 1423 1281 93 60 U+3092 844 2418 72 71 U+6B21 229 1641 81 81 U+3042 240 1044 61 83 U+306B 400 1444 47 59 U+6B64 842 1563 81 58 U+7D00 978 364 91 69 U+9580 393 1766 73 94 U+4EBA 1272 787 99 71 U+53D6 222 1473 90 78 U+3066 384 2352 67 64 U+65B0 1133 1230 89 92 U+9928 526 2202 95 86 U+96B7 981 1868 96 90 U+5F7C 680 574 81 85 U+582A 1571 261 85 80 U+5F53 995 1483 70 85 U+624B 1150 262 49 105 U+3082 1454 1417 38 67 U+7ACB 837 1213 75 84 U+6DEB 1580 1080 76 82 U+4F10 834 2219 79 78 U+77E2 1139 1608 82 77 U+8349 836 2309 76 99 U+306B 381 1054 77 70 U+4E09 1137 1330 78 52 U+306B 1440 731 52 50 U+305A 1288 2580 94 64 U+306E 848 1767 57 60 U+8D70 526 1099 86 91 U+306E 839 568 64 67 U+4E8C 1143 2067 66 38 U+7334 676 672 83 85 U+53D6 1126 382 96 65 U+3070 1291 693 81 38 U+8D8A 1130 1505 98 89 U+5F71 222 1826 84 97 U+3042 697 1924 63 81 U+71E5 1275 591 85 83 U+8A31 1423 1114 81 85 U+3042 394 2123 64 86 U+5973 1276 948 86 50 U+677E 1124 1886 98 66 U+77E2 1146 1140 75 76 U+6D66 1141 1960 84 88 U+624B 245 2278 49 93 U+805E 1430 442 68 87 U+8FFD 678 853 88 88 U+3072 685 342 72 65 U+3066 1283 1420 58 69 U+8D70 1277 1098 78 93 U+6B21 1129 605 87 77 U+843D 1588 1997 75 104 U+544A 1286 1819 66 88 U+308C 1584 2522 89 69 U+306B 1453 1550 41 61 U+7B54 518 570 96 83 U+7530 1144 2328 63 52 U+56DE 534 501 77 60 U+3042 1440 1618 68 93 U+7126 1286 484 68 90 U+540C 1142 688 78 83 U+90CE 1436 2453 80 79 U+3092 841 2128 70 86 U+82E5 1588 791 56 84 U+305B 1283 339 72 57 U+6BBA 671 1354 100 86 U+9685 538 2419 78 76 U+5FC3 1431 2183 85 73 U+3066 402 618 25 103 U+3064 534 2097 79 51 U+3081 1602 1773 47 57 U+3069 1014 1277 67 64 U+3075 538 1700 69 78 U+3088 1002 2451 38 56 U+306B 1606 1002 36 62 U+5409 1137 2223 67 88 U+3082 253 884 42 82 U+8449 1575 889 84 109 U+306F 853 2579 37 61 U+306F 1604 1623 39 66 U+53EC 1300 262 48 70 U+82C5 839 2495 75 100 U+308C 828 374 83 69 U+308F 555 1289 37 68 U+3066 682 419 60 64 U+3093 1583 1258 76 80 U+306B 1306 2200 37 61 U+4F7F 1274 1008 97 86 U+51FA 838 1313 84 58 U+308A 1613 1902 27 84 U+304F 711 2068 27 91 U+3066 545 1858 60 70 U+3082 706 484 35 81 U+5F97 1425 2256 88 76 U+8861 373 1675 105 86 U+304F 1609 2259 28 83 U+308B 1609 1548 28 62 U+5982 827 1496 95 55 U+305D 400 725 48 76 U+7AEF 829 900 87 89 U+885B 1135 2486 82 72 U+56DB 550 2362 64 39 U+3059 1304 2052 39 82 U+51FA 234 746 77 76 U+305A 1447 1783 77 79 U+307E 707 1790 50 66 U+3057 1280 1920 85 72 U+3068 1450 1883 48 55 U+3068 1611 1327 27 64 U+3088 703 1501 46 73 U+3093 978 1216 86 72 U+3092 696 765 57 75 U+4E5F 852 1944 58 74 U+308A 258 1251 33 94 U+3088 1611 1839 28 65 U+3086 1281 1274 76 65 U+621F 226 2376 85 87 U+6765 839 258 62 111 U+3059 1450 1198 41 85 U+3089 703 260 42 83 U+57A3 214 266 92 68 U+898B 241 2114 58 72 U+3093 234 2589 85 54 U+3092 241 2453 51 55 U+308B 1307 2132 33 66 U+306B 1453 2120 31 50 U+79FB 1277 2443 82 92 U+5175 1135 2403 75 64 U+304D 708 1703 47 75 U+304B 863 1080 32 44 U+3068 1308 397 25 75 U+3068 713 1578 27 71 U+3064 1585 1494 63 57 U+7BC9 388 2554 85 87 U+305B 698 1449 53 51 U+306F 1444 1055 53 41 U+308C 1596 1176 53 83 U+8D70 980 2567 89 74 U+3082 1607 2116 33 57 U+308B 1457 2389 30 46 U+53EA 384 2423 79 61 U+306A 1001 1138 52 78 U+3053 397 1319 53 60 U+304C 1605 740 55 36 U+305D 1305 1502 41 74 U+304D 1447 1322 49 84 U+304F 1460 1940 28 81 U+4ECA 373 2480 113 73 U+3064 536 353 65 49 U+3068 559 418 24 71 U+3082 1008 2034 33 63 U+6012 1424 797 84 83 U+308A 256 1123 32 91 U+3066 863 1383 23 79 U+306B 408 2046 40 59 U+6253 1139 2574 81 69 U+305A 1597 354 69 74 U+3059 711 2267 36 75 U+3082 1304 2379 35 51 U+307F 1014 2113 25 68 U+308B 394 264 61 81 U+306B 400 350 45 65 U+3092 548 2504 58 64 U+3057 555 1982 64 96 U+3058 1616 1685 53 88 U+3089 573 1933 35 75 U+308C 689 2348 68 62 U+3046 867 1126 21 73 U+3092 1444 2588 54 52 U+308A 1311 1192 26 73 U+305D 855 505 44 63 U+305A 399 1211 76 88 U+304D 1299 1340 44 69 U+308A 1457 879 33 76 U+308A 550 1771 48 92 U+308B 260 822 28 55 U+3057 1613 429 16 106 U+305F 412 2208 32 65 U+305F 1462 2334 26 53 U+3066 259 2201 25 67 U+4E00 984 1365 83 16 U+308A 545 264 55 85 U+627F 689 2560 83 83 U+304B 417 1925 31 53 U+304C 1611 2436 58 39 U+3089 1456 1711 49 83 U+305F 1609 2473 28 51 U+3051 256 1210 39 43 U+305F 408 428 25 85 U+3055 1307 2541 31 47 U+308A 564 1187 30 92 U+3060 407 971 73 79 U+7D22 548 2572 61 74 U+3064 233 2514 74 45 U+305F 411 1973 37 69 U+3070 701 2422 81 28 U+3069 1022 1969 56 69 U+3070 1600 2590 80 40 U+4E00 1279 755 79 16 U+308A 1009 2510 29 61 U+304B 560 1363 29 57 U+7B49 1446 2533 49 44 U+4E8B 849 1839 56 105 U+3089 725 2003 36 66 U+305D 1448 975 38 72 U+3048 383 518 75 98 U+7686 695 2470 71 64 U+308A 399 2276 43 89 U+3089 1320 1997 34 60 U+309D 576 2149 15 39 U+3057 1611 1390 19 100 U+3051 261 2550 31 44 U+309D 413 1382 31 57 U+3053 1721 812 28 65 seg_fp 564 656 19 98 U+306E 1712 891 29 66 seg_fp 1719 731 40 82 seg_fp 1715 654 41 75 U+767D 1717 2179 29 75 U+56FD 1711 1311 41 80 U+7E2B 1703 2264 37 89 U+61A4 1707 2411 37 86,200004148_00039_2
U+306B 270 548 49 60 U+306E 405 980 64 52 U+6597 996 467 91 116 U+3070 1164 593 69 43 U+306E 1003 591 74 71 U+4F1A 540 1792 98 113 U+516B 1149 747 92 59 U+306E 121 1947 63 59 U+3064 1154 1716 77 90 U+306B 264 2245 69 50 U+5BFA 1304 1848 74 107 U+306E 1005 1417 62 49 U+62BC 1138 1391 97 100 U+306E 1311 2048 64 71 U+306B 549 1607 67 46 U+4EBA 99 1232 93 99 U+9580 700 872 79 88 U+5E74 844 1734 96 133 U+306E 265 1309 58 61 U+306E 412 530 67 69 U+5185 553 1512 65 86 U+306B 1469 2176 49 58 U+3066 870 874 28 111 U+767D 861 506 58 68 U+3092 854 689 73 87 U+306B 1464 1104 46 51 U+306E 119 437 58 47 U+3066 1325 1744 33 93 U+8B00 1447 1496 89 96 U+3082 1479 1602 35 66 U+3092 1156 1296 64 84 U+3092 267 1973 64 70 U+56FD 257 454 73 85 U+963F 250 1107 81 89 U+90CE 417 2438 74 81 U+3092 1313 475 66 87 U+306A 1457 1676 73 84 U+307B 121 504 67 64 U+56FD 855 2567 74 73 U+5230 246 621 90 93 U+61A4 1448 2063 89 107 U+3064 111 1597 74 104 U+7269 394 881 102 84 U+3061 1319 575 62 92 U+66F8 1293 1491 79 105 U+5150 847 414 96 77 U+3082 423 1718 37 67 U+629C 1140 2350 94 89 U+305B 688 1197 80 77 U+516B 401 2390 92 47 U+7B46 1143 2130 85 137 U+3082 423 2321 37 63 U+91CC 702 1408 68 79 U+3069 581 2056 63 76 U+99B3 107 1426 85 87 U+3066 277 991 28 112 U+7D19 1145 1203 94 98 U+304B 700 2216 80 53 U+6771 550 585 78 111 U+3078 257 1471 92 35 U+7740 243 712 92 110 U+70BA 257 1670 85 110 U+7528 402 1042 70 84 U+306B 419 1142 47 57 U+3042 854 1094 68 95 U+306F 1177 795 33 92 U+4F1D 690 2576 90 70 U+3066 728 1962 27 99 U+306E 402 1574 69 77 U+7B49 708 1582 61 57 U+7F75 1458 507 69 105 U+3092 1005 784 70 70 U+306E 1008 2278 56 56 U+3066 426 766 24 100 U+6298 399 2170 92 88 U+58A8 1001 664 83 106 U+308C 695 1718 96 82 U+8CBC 1302 2283 82 80 U+6708 854 1943 69 91 U+963F 852 2116 82 83 U+3066 723 757 28 102 U+7BA1 1456 1942 74 110 U+898B 703 1870 82 88 U+4EF0 1141 341 94 87 U+4EBA 688 1500 105 76 U+5BFF 843 1525 86 125 U+6587 998 965 85 91 U+625B 245 2316 95 68 U+9580 550 1427 76 83 U+308C 1141 517 94 82 U+3082 868 787 39 88 U+3031 1329 1289 49 141 U+5C04 988 1676 101 94 U+9580 1307 1961 75 83 U+306B 724 2158 40 50 U+3050 436 424 64 101 U+3093 997 2140 103 84 U+9DB4 256 1871 92 101 U+7B87 1303 1098 72 102 U+516B 1299 408 89 67 U+3079 1437 1357 107 61 U+9813 1437 1002 85 92 U+9580 121 1856 73 92 U+308A 574 2617 47 70 U+8CBC 692 1114 86 77 U+5854 988 1254 109 90 U+308C 544 1988 102 83 U+67D3 995 862 96 96 U+7F75 561 2513 76 98 U+5F7C 248 1778 94 85 U+5F53 253 337 77 99 U+3079 837 1319 108 52 U+9662 995 1153 101 85 U+6C5D 1303 1012 88 71 U+3051 1310 1665 76 80 U+843D 997 1773 96 104 U+65BD 1441 1172 93 85 U+904E 107 827 86 84 U+96C6 547 1668 77 114 U+7334 995 1494 86 94 U+7D00 1146 657 94 84 U+5F7C 693 2067 97 83 U+70BA 412 2516 76 80 U+306F 852 1196 65 42 U+3082 1028 2214 31 68 U+3092 709 1797 72 71 U+3082 421 1505 39 70 U+4E0A 996 1350 83 52 U+3092 114 742 86 98 U+6B8A 987 1057 98 84 U+305A 1474 2338 64 88 U+59BB 838 994 93 100 U+3042 114 1521 70 79 U+308A 577 479 27 100 U+9662 115 340 81 81 U+67F1 112 2010 80 80 U+8607 249 1196 93 104 U+306B 1319 1433 46 52 U+3066 1163 2593 63 91 U+7E2B 841 587 98 92 U+306B 1323 2216 41 53 U+306B 703 964 68 60 U+306A 549 1333 68 84 U+5F93 254 2057 95 94 U+8005 255 2139 83 89 U+3092 113 2634 79 74 U+304D 1169 1621 46 86 U+69D8 1289 1211 100 92 U+304D 419 1405 46 93 U+304F 1478 1762 26 96 U+3093 256 1602 82 73 U+306B 126 1170 40 54 U+3042 260 837 62 78 U+308C 700 2464 71 68 U+304F 1327 712 28 84 U+3042 412 1795 64 98 U+6765 550 1067 73 114 U+5925 107 1324 74 93 U+3059 864 1232 44 91 U+306E 115 2481 57 66 U+67F1 1291 2123 96 80 U+5143 844 1654 90 73 U+582A 1443 2247 89 88 U+65E5 875 2043 39 45 U+5FE0 855 2482 83 73 U+6700 991 2387 93 101 U+53EA 1458 1869 74 70 U+308A 730 2310 29 97 U+7D00 1291 334 98 71 U+304D 1464 1405 51 87 U+897F 555 339 81 58 U+62DB 1276 812 106 86 U+308A 124 927 50 75 U+3068 866 2647 51 45 U+3072 1154 1485 74 72 U+307E 1470 336 45 78 U+304D 1472 413 44 89 U+5BAE 255 1372 75 80 U+3044 1457 787 62 42 U+308B 726 1338 28 62 U+9A12 388 336 109 90 U+3066 1471 2478 28 81 U+58A8 1002 344 83 109 U+671D 404 2591 85 70 U+308A 136 1747 33 120 U+306B 417 1646 49 71 U+51FA 1162 2435 71 63 U+3079 390 1359 120 50 U+305A 417 1949 86 88 U+4E09 850 2306 81 67 U+3092 1151 2262 70 75 U+3088 577 711 28 74 U+308A 573 780 26 107 U+3081 718 569 50 58 U+8A63 252 1509 84 91 U+3092 1005 1590 64 73 U+306E 997 2612 80 77 U+3064 1301 1608 71 56 U+306E 407 2103 56 62 U+3051 719 1284 39 54 U+308C 554 2209 75 86 U+3068 715 452 51 48 U+8D70 545 889 79 86 U+66FD 862 2195 62 98 U+3057 1454 2384 60 83 U+304C 725 688 66 68 U+304A 1309 2367 69 64 U+4E45 835 1454 108 86 U+5973 846 342 87 56 U+305F 1019 1975 62 93 U+305F 420 1204 36 84 U+307E 131 1670 42 79 U+304D 1172 2046 46 81 U+66F8 699 331 74 102 U+306F 425 2662 48 33 U+308A 280 911 32 84 U+306F 568 2377 52 43 U+307F 1171 1842 41 70 U+4E09 843 1877 88 63 U+62C5 247 2396 77 96 U+306B 716 2529 40 45 U+305B 252 2499 77 52 U+3082 1468 918 35 65 U+304B 1175 1795 35 47 U+6587 249 2563 91 77 U+308D 1152 1118 72 87 U+306F 1013 2340 52 32 U+3088 572 402 34 76 U+3032 134 2332 73 130 U+7D66 130 1006 35 85 U+305F 568 1909 38 78 U+3058 1190 1910 52 85 U+3084 696 629 86 62 U+3059 1173 428 39 85 U+3053 719 1657 48 57 U+90CE 854 2386 83 100 U+3075 1142 895 86 76 U+3078 1443 834 88 56 U+306B 129 2105 47 58 U+305F 730 2262 34 48 U+3078 703 2652 88 38 U+304D 1315 899 47 101 U+3053 422 2050 42 50 U+304B 1180 1996 35 54 U+3068 144 585 21 64 U+3068 1180 971 33 78 U+3053 575 2145 42 56 U+3064 395 1296 74 69 U+53EA 558 2433 72 68 U+6B8A 256 2642 93 65 U+309E 728 501 73 59 U+611B 1002 2515 70 91 U+308A 576 974 35 91 U+306B 403 681 70 83 U+3053 716 2410 42 49 U+308B 1480 628 30 60 U+3059 1470 1269 35 87 U+304B 1330 665 32 45 U+305E 724 1014 72 93 U+6253 1450 2559 75 63 U+3075 99 1095 72 71 U+624B 1463 2612 50 72 U+308A 136 648 30 103 U+3064 560 1181 55 65 U+3057 112 2236 75 67 U+3057 1186 2499 16 93 U+8DA3 105 2551 76 77 U+3079 1313 2500 63 67 U+3068 1474 689 32 91 U+3057 1038 1878 19 105 U+306F 123 2169 55 45 U+304F 1331 2430 26 65 U+307F 571 1253 31 77 U+3053 1169 1063 42 49 U+3057 438 2236 16 85 U+3089 1187 1557 38 73 U+3057 883 1354 16 96 U+3089 436 1895 39 65 U+3089 581 2296 40 82 U+3068 1331 2634 27 51 U+307F 435 602 25 73 U+304B 137 2317 26 35 seg_fp 1 1682 49 130 U+3057 1311 2551 42 83 U+3089 1041 2071 35 76 seg_fp 20 1017 56 55 seg_fp 13 1445 31 80 U+3069 1475 863 71 63 seg_fp 0 1533 48 91 seg_fp 0 1617 35 65 seg_fp 17 1261 48 50 seg_fp 11 1151 48 48 seg_fp 7 1337 45 112,200004148_00041_1
U+6253 694 1999 85 86 U+306E 1000 1223 59 55 U+6253 1435 402 85 96 U+306E 1000 1060 57 54 U+3072 691 820 77 63 U+753A 1584 1130 81 79 U+307B 992 1298 76 75 U+70BA 393 1520 83 124 U+3092 703 1920 61 69 U+7528 700 1457 66 85 U+653E 992 1716 89 97 U+3092 1597 2345 62 74 U+306E 1296 1623 60 63 U+3092 1441 1614 71 71 U+306B 1307 1788 44 61 U+4E2D 1293 1686 66 92 U+8ACB 392 2152 84 97 U+3092 700 1374 65 72 U+306B 720 660 36 58 U+5E78 534 2004 86 110 U+7528 392 725 66 72 U+56FD 1442 1527 76 83 U+5F13 700 1183 62 97 U+5E73 1591 1419 74 91 U+3092 240 292 68 75 U+671D 380 1646 88 84 U+56FD 695 580 78 76 U+3066 1145 2060 61 59 U+3057 1141 290 73 76 U+843D 1435 503 82 111 U+963F 991 851 78 93 U+3057 383 915 85 69 U+7948 382 2054 95 94 U+3073 541 1127 99 74 U+306E 403 2537 55 52 U+306E 998 2406 54 49 U+304B 1286 516 81 53 U+5BFE 682 724 90 87 U+3070 1162 1426 77 47 U+5F7C 1579 967 86 99 U+659C 530 679 89 93 U+6681 1138 2381 95 94 U+4E8B 853 819 55 109 U+60A6 532 1035 99 80 U+70BA 1145 1483 82 107 U+610F 381 801 87 96 U+306E 242 2226 56 49 U+516B 1581 1070 86 49 U+3066 840 2299 58 66 U+306B 996 1535 69 72 U+7334 690 1825 80 94 U+3066 998 1811 62 67 U+306B 562 2246 40 52 U+304B 838 1203 81 64 U+4E8B 1446 723 54 102 U+3089 410 294 49 67 U+3031 416 583 41 127 U+3073 1142 2301 98 76 U+8DB3 233 1897 84 90 U+7B54 385 1254 91 106 U+56FD 545 595 68 70 U+9694 1437 1695 87 85 U+653E 222 1336 92 95 U+306B 560 1396 38 49 U+7528 1593 2425 64 84 U+308C 690 963 96 74 U+6CBB 1602 1523 69 75 U+3066 1011 738 27 103 U+5FE0 691 493 88 72 U+3072 1434 2273 74 70 U+306A 543 779 76 86 U+308C 539 2183 80 72 U+9DB4 1282 1419 89 100 U+6C17 1157 1068 84 102 U+305B 385 1368 77 61 U+3042 1596 1793 63 89 U+3070 555 456 95 39 U+3070 1609 301 60 76 U+65E7 233 2100 71 116 U+5BAE 998 1115 63 92 U+305A 710 1540 77 85 U+843D 692 2096 83 102 U+306B 1312 2294 35 54 U+6DF1 843 1447 83 82 U+306B 849 1938 68 54 U+601D 232 1560 79 70 U+91CD 689 295 78 90 U+308C 1433 2087 90 76 U+3066 719 1716 27 100 U+792B 1575 1221 90 89 U+5FE0 554 494 70 82 U+5F13 1606 2162 46 89 U+3066 567 1205 25 98 U+7FBD 1279 2357 85 68 U+305B 1587 390 65 66 U+5F97 1140 2480 90 84 U+3042 557 2603 61 64 U+5F7C 1278 1329 88 89 U+306B 1015 566 40 51 U+5BA3 546 289 74 108 U+4E8B 991 2458 67 106 U+3082 1459 2144 39 70 U+305A 835 2167 108 68 U+308C 843 1307 66 84 U+306B 256 764 37 62 U+308C 228 1774 90 70 U+4E88 222 836 95 102 U+9580 396 2599 71 67 U+306A 1151 1855 71 69 U+5C48 1289 967 79 81 U+56DE 391 1179 76 66 U+77E2 694 1285 75 99 U+5F7C 833 289 103 94 U+671D 1137 1591 95 87 U+3042 851 2004 65 92 U+3066 256 1236 29 96 U+3042 1446 1096 64 81 U+3088 1016 1881 46 72 U+307E 1304 428 50 72 U+5922 996 434 67 127 U+3042 846 942 69 81 U+3072 1591 2511 67 70 U+3065 836 445 106 56 U+3066 717 393 24 91 U+3066 259 947 26 96 U+3066 1463 297 30 98 U+7B4E 386 2440 87 81 U+5BA3 543 1453 72 105 U+3072 996 2094 73 68 U+306B 236 1984 69 61 U+544A 990 633 75 102 U+308C 1438 1867 85 75 U+592A 837 2490 87 71 U+3079 847 1799 88 41 U+7D00 1588 1327 86 78 U+9803 1290 2205 76 88 U+3078 541 406 83 51 U+77E2 1590 2267 70 81 U+308C 1144 1352 84 80 U+3069 1465 1443 73 75 U+3079 685 2457 98 56 U+3042 1293 1860 63 79 U+3066 1310 2016 25 94 U+306E 1156 2624 62 48 U+3079 839 1064 95 53 U+306F 404 1741 53 34 U+9DB4 985 291 91 96 U+3066 1017 1608 25 95 U+3070 1153 364 90 63 U+3032 1167 404 52 159 U+306F 1458 1955 53 31 U+306E 540 2544 74 54 U+3046 1322 560 21 81 U+7B4E 1279 1520 84 84 U+3075 1142 2134 82 71 U+FA68 1428 828 93 99 U+306A 549 1812 61 83 U+7740 239 2576 86 91 U+304D 861 1832 49 98 U+307E 1298 714 74 83 U+308D 385 1902 84 92 U+307E 562 2312 43 80 U+304F 867 1530 28 73 U+3072 238 372 82 81 U+304B 867 506 33 57 U+3068 1018 1957 39 79 U+3079 1579 611 94 55 U+306A 1438 2344 64 79 U+3072 1285 896 77 66 U+8272 1150 1176 63 77 U+3078 375 1057 104 58 U+3070 256 1849 77 34 U+6B32 1134 850 89 85 U+3068 1173 774 36 65 U+3053 1158 2562 44 48 U+3068 1305 293 53 52 U+4FC4 1275 2117 92 84 U+9032 683 2210 85 103 U+8607 981 941 89 104 U+3089 865 563 47 68 U+3093 1594 453 83 75 U+306F 1156 1936 57 34 U+308A 1020 1439 26 82 U+65E2 544 1307 90 78 U+306B 1455 1019 43 71 U+304D 1304 2533 46 74 U+306B 235 1168 70 67 U+3066 992 2624 60 47 U+3059 859 722 43 88 U+3093 1147 719 79 67 U+3059 1164 929 44 78 U+3055 1306 356 51 68 U+98DB 1150 568 78 86 U+304D 252 526 46 77 U+304C 1017 383 68 38 U+80C6 832 2379 83 99 U+3070 1597 2107 89 50 U+898B 1146 1689 80 77 U+3068 414 1104 28 63 U+3079 232 1432 101 37 U+3092 240 2513 62 68 U+3059 706 2376 42 76 U+601D 1289 808 74 86 U+305A 556 939 76 82 U+3082 1614 806 34 74 U+3044 998 2043 73 49 U+3053 409 1788 43 61 U+3089 1461 1177 50 74 U+306F 241 2050 54 42 U+308C 1433 1391 90 70 U+3075 980 2337 74 66 U+3070 552 1950 86 49 U+306B 1313 1273 37 47 U+7D66 410 989 31 66 U+7591 842 1608 85 101 U+304F 264 1468 20 79 U+7D66 1311 1144 37 69 U+308B 1171 1009 31 46 U+3075 1281 1221 74 56 U+308A 1313 1934 31 84 U+3064 384 2352 71 56 U+305D 1461 2005 45 80 U+3059 562 2394 41 91 U+51FA 1149 662 78 58 U+306B 419 1995 31 39 U+306F 1003 2242 56 38 U+3057 268 1635 15 83 U+305F 1457 1785 35 82 U+3068 1024 1377 23 63 U+724C 220 2432 97 73 U+3081 1449 1327 53 59 U+3068 721 2592 27 73 U+306A 844 638 67 84 U+3070 857 1399 90 34 U+304F 566 1718 27 80 U+3053 558 2125 49 54 U+305D 1167 1776 40 72 U+7D66 259 612 35 86 U+306B 1605 1705 44 74 U+305F 1309 2421 29 60 U+3055 1302 660 51 56 U+3057 728 1069 14 102 U+306B 996 2581 59 36 U+308A 421 1425 24 82 U+3059 1604 529 43 81 U+305D 714 893 45 66 U+3075 226 703 79 63 U+3068 402 479 54 56 U+3069 1461 2603 60 65 U+3053 250 1052 44 60 U+3059 1456 612 38 101 U+3075 535 1563 78 68 U+3089 563 868 44 80 U+3060 1618 1607 54 93 U+3051 254 1719 39 52 U+304C 722 1026 74 42 U+3075 844 1711 74 79 U+304D 1457 927 45 89 U+3089 711 2315 51 69 U+304F 869 2556 30 68 U+3057 1325 1044 12 94 U+306A 1150 1266 65 82 U+306A 1440 2526 68 74 U+3082 865 2630 39 40 U+305F 1174 2209 31 60 U+3082 563 2490 37 57 U+3056 1455 1245 77 79 U+304B 1456 2227 38 44 U+3051 1015 2282 33 55 U+308B 1615 1881 28 73 U+3089 867 2096 46 79 U+3057 1629 873 14 79 U+308B 862 1018 37 47 U+3057 875 1100 12 102 U+304F 262 2350 22 68 U+307F 869 381 21 63 U+3089 258 456 51 77 U+3057 730 1628 14 86 seg_fp 425 365 10 95 U+3057 727 2496 12 94 U+304F 419 531 30 72 U+3044 1717 1946 48 46 U+3068 867 2220 20 76 U+306F 1730 1898 31 34 U+4E8B 1728 2380 31 64 U+306A 1595 1961 63 75 U+3057 1173 1965 22 92 U+3051 1734 2163 24 50 U+6613 1724 2064 40 66 U+305A 1609 2586 71 48 U+3092 1726 1549 38 78 U+3089 561 1897 49 67 U+3089 1613 2049 47 64 U+309D 875 1263 19 38 U+3057 1599 699 42 103 U+7334 1716 1454 49 83 U+3057 1317 2610 21 65 U+4E2D 1723 303 44 104 U+3057 1015 2154 28 84 U+309D 419 1847 26 48 U+4E8B 1733 1813 30 73 seg_fp 418 2245 19 102 U+3057 1471 2438 12 67 U+308C 1720 2217 41 63 U+304B 1737 2452 17 42 U+308F 1737 1196 20 72 U+3093 1733 1716 29 73 U+306A 1596 662 59 53 U+309D 258 1118 27 47 U+309D 1320 2481 18 52 U+671B 1730 634 36 63 U+3068 1741 1989 16 64 U+309D 1171 2271 23 34 U+306A 1730 1024 30 69 U+306D 1728 2603 34 53 U+309D 424 2408 16 22 U+3072 1723 1120 39 73 seg_fp 254 2289 75 55 U+306A 1727 2491 33 45 U+3075 1719 422 44 68 U+4ECA 1714 1352 51 84 U+308C 1720 1269 43 81 U+5C04 1715 1633 49 85 seg_fp 1727 749 32 44 U+306F 1729 2575 31 31 seg_fp 1740 698 18 41,200004148_00042_2
U+56FD 699 1403 62 76 U+70BA 699 1517 68 106 U+767D 107 1076 48 84 U+3072 995 472 70 67 U+671D 689 1622 77 86 U+306C 1432 1312 65 60 U+306E 1143 2083 54 56 U+4EBA 1281 299 87 72 U+98A8 93 1328 94 74 U+5FE0 691 1323 73 76 U+306E 394 446 60 56 U+305B 528 2055 91 57 U+5E0C 984 1284 74 94 U+7DE0 1134 2290 77 94 U+306E 850 1854 52 46 U+306A 1146 1685 65 73 U+4F34 687 1786 88 83 U+305B 1430 2025 62 58 U+6D41 101 1431 84 73 U+3092 1148 2218 53 65 U+306E 1441 1569 48 48 U+9580 395 1849 70 71 U+3072 700 1869 63 67 U+72AF 539 1717 86 68 U+306E 241 476 60 53 U+3092 246 891 61 76 U+5F7C 543 875 74 79 U+3072 385 2398 68 63 U+6301 527 521 96 84 U+7E2B 92 1199 84 88 U+91CF 1427 2333 70 90 U+5973 97 1539 83 52 U+3072 1134 725 69 67 U+7E2B 1131 1236 81 88 U+5F13 1294 2081 55 78 U+308C 1281 1529 84 65 U+7F6A 542 1626 71 84 U+4F5C 243 977 75 63 U+4E07 697 567 62 63 U+6B73 686 637 87 91 U+5175 107 1621 69 80 U+5F1F 998 1803 54 80 U+3092 112 1719 51 68 U+3092 557 1186 54 69 U+306B 410 2068 40 49 U+7334 242 1417 82 81 U+3044 993 817 58 50 U+3092 1145 1328 62 67 U+89AA 978 1638 86 86 U+304B 686 1115 77 53 U+8A08 841 853 80 75 U+308C 236 599 79 66 U+3066 1142 1627 60 50 U+FA31 536 751 84 78 U+540D 246 1122 67 85 U+70BA 993 947 75 97 U+671D 984 1041 79 84 U+306E 547 607 56 48 U+305A 1291 474 96 71 U+8EAB 843 297 56 68 U+9032 1134 1407 78 93 U+963F 838 1695 79 77 U+306A 696 298 63 62 U+306E 1293 2416 49 60 U+983C 985 2323 78 72 U+9042 385 574 83 100 U+7891 235 818 84 84 U+4E8B 244 300 52 97 U+5728 1433 1950 69 76 U+306B 846 1550 61 62 U+5C71 392 1776 72 63 U+7334 538 962 82 86 U+3068 1303 547 52 48 U+66FD 850 1761 56 85 U+3057 1283 1276 69 68 U+5F97 387 882 84 71 U+6E90 1429 1377 69 78 U+308C 530 337 81 65 U+5BB6 844 1902 62 88 U+5BFA 543 2282 63 96 U+306A 704 493 54 68 U+4E94 28 688 68 58 U+3066 396 1531 61 70 U+3082 1299 2015 38 52 U+597D 1130 2144 90 67 U+3042 544 1790 61 75 U+3044 392 1174 74 46 U+6765 536 2565 72 81 U+79E6 1136 1966 85 103 U+3066 1433 1881 58 62 U+308C 1429 355 83 67 U+5C4D 388 1606 81 78 U+5916 383 1983 88 80 U+5150 1145 1095 76 73 U+3066 987 2262 60 58 U+3072 401 815 66 59 U+56DE 33 779 56 61 U+5C06 687 2141 85 77 U+308A 255 1053 50 69 U+54C0 547 1261 74 95 U+5893 237 706 91 100 U+767D 1150 1169 50 66 U+3042 845 470 56 69 U+3092 393 2517 55 61 U+3072 1430 1068 67 68 U+3092 707 1714 49 68 U+3068 1013 748 37 68 U+3078 837 1298 83 43 U+3082 1005 1127 34 59 U+664B 1134 1877 81 82 U+9AA8 1426 2428 69 83 U+305B 1136 1560 75 58 U+3082 1008 1938 30 64 U+306B 1437 1826 55 50 U+3053 1002 1191 45 56 U+3092 702 2077 56 67 U+306B 993 1886 63 53 U+58EB 701 1944 61 46 U+5144 985 1729 76 71 U+3056 1002 2102 83 60 U+64CD 98 1813 74 85 U+306B 555 2383 38 46 U+307F 569 1358 30 55 U+308F 557 2184 37 57 U+5E73 1423 2584 79 61 U+5668 1434 2264 67 65 U+597D 382 2587 87 63 U+304C 260 661 71 43 U+304D 708 957 42 65 U+3078 988 870 79 41 U+8EAB 1284 2345 63 78 U+4E5F 983 1573 74 64 U+679C 1284 1037 74 87 U+306A 1435 2191 56 68 U+5973 1132 1037 83 60 U+306A 1002 387 55 84 U+306F 1149 858 51 45 U+5BB6 1438 1458 62 98 U+5165 1129 306 78 42 U+7D66 864 1063 33 70 U+8AFE 989 296 81 88 U+77E2 1291 2157 65 82 U+306B 1143 2603 70 45 U+62A6 1414 2518 84 62 U+6551 380 733 94 82 U+306A 1293 1854 55 64 U+3092 397 1695 51 69 U+3092 407 499 48 66 U+585A 240 1503 84 80 U+3088 557 2114 40 61 U+3053 1441 871 47 62 U+3068 274 1588 36 65 U+7B2C 30 552 55 117 U+3080 990 2402 68 55 U+9060 982 2010 86 95 U+306E 406 1916 49 66 U+4E0D 1281 1710 76 64 U+308C 844 541 57 74 U+7D66 403 2327 39 72 U+3044 1425 636 70 54 U+307E 1303 683 42 70 U+3082 546 1984 45 64 U+306F 554 836 49 36 U+306A 247 2003 75 77 U+304D 992 2592 70 53 U+5ACC 1129 627 80 95 U+308C 1144 352 55 71 U+306F 992 1247 57 42 U+3066 713 1229 26 87 U+96B7 835 1993 91 86 U+5352 695 1994 70 89 U+305B 386 2258 65 67 U+7D66 1155 791 36 68 U+3066 268 1330 27 73 U+57CB 375 2126 95 70 U+306B 413 683 39 43 U+305E 711 796 71 78 U+306A 554 1505 51 65 U+306F 707 1486 47 26 U+5BA3 849 1394 59 87 U+3051 257 1268 63 67 U+53F8 1444 1758 51 68 U+3053 251 538 46 57 U+4F4F 530 448 90 70 U+306B 550 1919 48 65 U+306F 1150 992 52 27 U+898B 1285 606 84 81 U+306A 1003 2531 51 61 U+6B7B 538 1095 84 91 U+8056 536 661 79 89 U+3070 552 402 80 34 U+308B 113 1923 58 78 U+5019 854 1249 47 45 U+3044 534 1411 77 51 U+3090 1282 754 71 69 U+304D 855 722 47 69 U+9650 830 2527 86 73 U+624D 1289 1778 61 66 U+3093 996 651 61 59 U+7ACB 687 2542 79 69 U+3044 1136 2522 70 44 U+3066 1288 1207 57 60 U+308F 713 2301 33 60 U+304C 421 1125 69 43 U+3093 247 2072 87 82 U+7D66 1014 540 34 71 U+795D 679 877 82 70 U+3073 247 1733 85 72 U+306F 857 1131 46 43 U+3082 1296 2597 46 53 U+9003 529 2440 86 70 U+306B 707 2494 35 42 U+3070 851 618 87 40 U+308B 1309 2288 32 57 U+306B 861 803 30 42 U+3068 867 1323 32 66 U+3075 838 1481 70 63 U+308A 856 2599 30 55 U+304B 1013 704 30 46 U+308A 1305 1380 28 81 U+3056 419 949 69 55 U+304C 564 1053 65 36 U+6570 1272 2478 88 84 U+3051 261 1810 43 48 U+66F9 1438 1669 51 79 U+308B 273 1859 29 63 U+3068 269 1921 29 78 U+308B 566 1571 29 45 U+308A 1162 422 29 65 U+3082 260 403 31 73 U+305E 860 1608 77 76 U+308A 868 1173 28 72 U+306F 1006 611 45 40 U+305A 1151 902 77 80 U+601D 1432 978 67 85 U+308B 713 1068 34 46 U+3079 1151 2427 69 40 U+308A 870 916 26 66 U+3082 859 2128 29 58 U+308D 840 2259 59 69 U+3092 393 1293 69 80 U+3070 1004 909 83 33 U+9928 686 2406 81 85 U+3088 268 1654 35 75 U+306B 1290 2554 59 44 U+3075 1426 694 66 58 U+304B 710 2606 32 40 U+304C 1305 991 70 46 U+3051 1440 1243 60 70 U+3068 422 1218 31 69 U+5019 1155 2388 41 42 U+3046 1453 301 31 56 U+308C 1284 1919 75 62 U+304C 1309 1588 65 46 U+305D 1301 1461 41 70 U+3078 532 301 72 33 U+3088 862 2191 26 66 U+3068 1316 2227 28 62 U+3066 1446 542 29 90 U+3066 717 2215 23 74 U+304C 562 2239 68 43 U+3084 1424 749 69 44 U+3088 865 650 34 71 U+306F 1442 937 49 39 U+306A 1303 358 52 63 U+308C 542 2507 59 57 U+3066 868 987 21 66 U+307F 1455 477 27 64 U+3069 870 2079 60 56 U+3053 857 2332 38 56 U+3065 252 1214 100 52 U+3055 409 2194 39 64 U+304B 568 1457 24 42 U+304F 716 358 27 69 U+3051 716 1031 32 38 U+3082 420 372 25 72 U+3046 1444 789 30 82 U+3068 423 1452 25 73 U+308D 988 1511 59 58 U+4E8B 849 2446 42 75 U+3069 1310 1961 64 60 U+3089 1168 1504 38 55 U+3082 1153 499 34 65 U+308B 566 1866 31 51 U+304C 715 2361 63 43 U+5FA1 1442 1620 53 48 U+308A 1008 2198 30 67 U+3068 1009 1388 28 62 U+308A 425 1002 25 85 U+3057 842 376 61 89 U+304B 1308 1343 25 40 U+3076 828 2390 108 61 U+3068 719 725 25 68 U+3057 1461 2083 13 68 U+3089 1303 827 49 86 U+304B 1015 2163 22 37 U+3057 1293 1603 55 92 U+3057 417 2455 13 65 U+3082 1448 1135 32 60 U+3057 1284 896 69 92 U+304B 1451 2149 23 46 U+304C 1169 1753 58 40 U+3057 1165 2454 15 83 U+3057 1460 390 17 87 U+307F 717 434 20 58 U+304B 1166 2568 21 37 U+3053 1003 1447 36 64 U+3057 432 1371 11 82 U+3057 428 305 10 67 U+3089 1323 427 31 59 U+305F 1007 2471 37 59 U+304F 1166 1793 20 52 U+5DDE 12 1625 31 76 U+4E5D 11 1538 39 80 U+304F 721 1154 25 72 seg_fp 1310 1128 17 78 U+6562 5 1423 43 100 U+4F0F 12 1808 40 94 U+3092 14 1713 34 80 U+671D 7 1192 34 89 seg_fp 1166 555 12 54 seg_fp 2 1298 33 126 U+70BA 7 1081 35 103 U+304B 1456 1193 24 53 U+304B 1015 2454 22 31,200004148_00045_1
U+306E 1142 891 56 63 U+306E 847 1139 53 70 U+5B88 529 783 81 101 U+5343 1581 1646 74 87 U+306E 1436 1605 65 51 U+5411 1587 1010 68 90 U+306B 409 1662 44 59 U+306E 248 1885 54 67 U+306E 1591 1826 55 64 U+5FE0 539 1691 82 76 U+5927 384 1243 78 85 U+56FD 834 1053 73 93 U+66FD 546 1590 62 93 U+305B 974 1049 92 71 U+306E 240 718 53 64 U+3092 695 2019 68 80 U+304A 686 1804 80 62 U+6253 1582 2595 84 64 U+53C8 686 836 77 76 U+3066 708 1431 30 102 U+4F7F 378 1730 91 96 U+9060 524 1005 100 101 U+6642 223 1954 103 99 U+901A 375 700 96 97 U+8EE2 1578 2024 84 98 U+5F15 1580 1737 73 80 U+306E 993 1600 60 55 U+3082 1157 1868 41 70 U+80E1 685 1545 82 90 U+306B 256 449 41 55 U+6D45 1131 1073 92 97 U+306E 1435 459 61 54 U+76F4 378 1572 94 93 U+7BA1 984 834 76 113 U+3072 1287 2258 74 75 U+56FD 545 1783 71 85 U+56AE 223 328 96 114 U+306E 697 1728 50 78 U+5A7F 532 1919 94 87 U+306B 555 1444 45 53 U+70BA 533 1146 76 109 U+3066 1582 1570 64 66 U+81E5 1283 1891 82 88 U+753A 233 2109 88 76 U+3092 397 1820 65 80 U+3082 705 575 34 75 U+3072 1276 646 71 77 U+539A 217 795 90 104 U+3066 849 819 33 105 U+306D 1573 545 83 87 U+671D 1572 793 96 91 U+306C 1291 2339 77 56 U+80CC 1582 900 79 109 U+70BA 982 1394 85 117 U+96A3 830 927 86 120 U+304C 567 1869 65 48 U+6D45 1431 2027 86 79 U+3066 412 1975 30 101 U+52C7 691 1136 63 113 U+8A98 1278 2151 89 110 U+3086 1431 2484 69 59 U+306E 841 1595 67 60 U+6A29 528 687 89 94 U+3066 1291 2524 68 66 U+307B 1428 1095 74 89 U+52E2 980 1755 95 106 U+306A 1288 1725 67 77 U+7A0B 977 1236 102 87 U+6B66 835 1211 86 99 U+5B50 1437 1512 67 78 U+3072 688 1944 78 79 U+3092 231 1295 72 73 U+516B 232 2043 91 52 U+77F3 1560 1898 90 74 U+4E0B 841 1669 70 77 U+306B 858 1846 47 54 U+901A 675 330 104 98 U+623F 1281 1977 79 104 U+305A 1444 1261 81 88 U+667A 674 1039 86 91 U+671D 522 1249 92 102 U+963F 533 1510 83 79 U+7B11 1278 544 71 103 U+306B 1605 1104 39 55 U+304D 385 1494 80 81 U+306F 1447 2116 50 80 U+305A 1135 1282 104 74 U+306F 544 1111 60 35 U+5F85 222 630 95 94 U+3042 1430 640 71 79 U+306B 1302 2090 47 53 U+8D8A 684 1637 100 92 U+4E16 1420 520 88 54 U+306A 842 1437 71 79 U+659C 1124 1947 105 100 U+56FD 1142 1784 73 84 U+5973 1418 1444 101 63 U+5B63 531 889 78 118 U+8ECD 1429 1664 75 95 U+5F85 969 955 100 91 U+3066 565 2256 26 95 U+306A 1146 2048 67 86 U+5055 1121 699 99 81 U+5FE0 1142 1693 81 87 U+8001 1126 789 87 94 U+898B 1582 1168 73 89 U+306A 548 2098 63 78 U+308C 1131 2368 96 75 U+4F7F 1269 1027 97 83 U+597D 383 549 94 71 U+306A 398 2338 67 71 U+6CC1 1426 1357 87 73 U+3092 1596 2532 59 59 U+306A 1591 1345 62 89 U+3053 252 1829 55 51 U+99AC 389 2240 86 91 U+592A 390 2084 90 71 U+98A8 839 1752 91 85 U+306E 986 2341 86 73 U+308A 260 1109 31 89 U+898B 1427 2405 74 75 U+304F 1009 2084 26 87 U+306F 1440 1846 56 36 U+671D 978 1499 89 90 U+306E 695 978 49 60 U+914D 1423 1767 94 66 U+306D 835 2249 87 80 U+304A 1428 964 75 54 U+8A71 228 1468 87 84 U+3092 843 665 58 73 U+5E73 240 2367 78 83 U+306B 1005 1327 44 56 U+671D 975 2181 87 96 U+966A 232 1374 80 86 U+3092 396 622 57 70 U+5A66 1120 325 91 107 U+306E 699 2355 60 64 U+3048 1422 1180 89 79 U+3082 408 1899 40 79 U+304F 1006 742 27 77 U+3066 1278 1484 66 61 U+7ACB 1279 1250 78 85 U+96A3 538 2358 80 98 U+3053 833 540 73 77 U+731C 680 1328 85 89 U+70BA 1581 671 81 127 U+597D 838 2532 88 66 U+7BA1 239 507 68 119 U+792B 222 2184 98 88 U+305D 708 907 37 72 U+3092 849 2601 58 63 U+304B 1284 2405 79 52 U+3070 1150 1649 80 45 U+FA3F 1568 323 82 84 U+308A 1304 1629 34 88 U+3048 1139 1444 81 78 U+3082 857 743 31 76 U+306A 395 459 60 82 U+306B 1445 586 42 48 U+3088 1308 1332 35 68 U+3044 1433 1896 71 45 U+3084 978 2007 89 74 U+306E 553 2558 47 49 U+6607 993 2423 73 114 U+6CBB 237 2461 81 67 U+3082 1297 1172 38 68 U+5951 1123 965 93 107 U+3093 1416 320 99 83 U+306F 1596 1445 51 37 U+3092 693 1258 57 67 U+308B 261 1757 33 65 U+3082 711 2420 40 66 U+3084 980 1878 85 54 U+592B 1291 2593 82 77 U+7D00 233 2278 97 73 U+306A 1286 366 68 88 U+65E2 531 1358 88 79 U+5A01 978 1654 90 98 U+308B 709 510 32 65 U+307E 1004 324 43 78 U+7ACB 844 1909 65 83 U+3059 1599 2112 46 82 U+9A5A 383 1374 82 117 U+3082 1445 890 36 69 U+3066 405 1140 28 86 U+898B 1137 1360 78 81 U+306B 560 618 40 65 U+3082 1600 2258 40 72 U+3092 1284 880 62 81 U+308F 1308 1548 31 85 U+58EB 834 1307 77 61 U+3082 713 2285 38 73 U+5200 405 2168 53 57 U+3066 1168 2581 23 88 U+306B 409 1316 40 56 U+306B 1441 2250 56 72 U+3093 841 1989 85 72 U+3092 847 2156 58 84 U+3042 696 660 57 84 U+308A 571 2175 26 88 U+3089 230 961 73 93 U+305D 854 1528 53 66 U+308B 399 889 36 59 U+307F 1164 2508 35 71 U+3079 1417 768 114 50 U+539A 980 622 79 114 U+306F 250 2549 58 29 U+305A 1152 2212 78 88 U+3082 1449 397 35 65 U+6B66 545 2607 83 69 U+304F 1150 595 26 85 U+305A 706 436 84 78 U+3070 1591 625 83 45 U+305F 263 1547 28 66 U+7766 1118 433 101 77 U+3072 837 2365 72 73 U+3089 1600 460 42 79 U+3068 1460 1939 30 78 U+3042 702 2501 60 83 U+305A 399 801 84 88 U+58EB 392 330 64 54 U+3068 568 2007 34 81 U+3075 1262 810 81 76 U+3056 237 1044 99 66 U+308A 710 741 34 93 U+70BA 1592 2340 67 97 U+3051 253 1705 43 52 U+91CE 238 2594 91 77 U+3082 1443 2323 38 73 U+304B 257 903 28 56 U+306F 1597 1984 54 33 U+5973 1271 969 90 66 U+308A 257 1611 34 95 U+3068 1304 461 35 76 U+4E8B 854 2059 51 100 U+3082 709 1861 39 89 U+671D 1585 2440 80 88 U+3066 862 2440 26 88 U+308A 719 2584 29 81 U+7D66 1295 723 36 90 U+3059 999 405 49 101 U+65E5 1010 2283 36 49 U+308B 1454 2547 31 35 U+304B 1608 408 24 49 U+3031 1007 494 42 89 U+306A 698 2100 44 85 U+3082 1448 1018 34 84 U+3059 706 2187 44 95 U+304C 861 2319 72 44 U+308A 564 406 26 103 U+304B 1162 1158 29 54 U+3053 554 510 47 61 U+3057 1017 1121 12 117 U+3046 1157 2308 33 70 U+56FD 547 2477 64 68 U+304C 1009 2623 48 47 U+308B 1450 719 36 52 U+3068 409 947 34 88 U+FA65 389 2547 78 83 U+3046 1459 820 22 72 U+306E 1440 2629 60 44 U+306A 1717 1651 38 81 U+3051 546 329 56 72 U+3057 1163 502 17 95 U+307F 413 393 25 65 U+304B 1461 2198 27 54 U+3075 1714 1458 46 80 U+3046 1010 1928 25 83 U+308B 1012 2555 31 63 U+3092 398 2474 56 66 U+3089 1163 2135 51 84 U+304B 1163 1603 27 55 U+3057 265 1196 15 99 U+304F 1309 1798 42 88 U+304B 1306 322 28 48 U+805E 385 1036 72 104 seg_fp 1163 1211 40 79 U+602A 1707 1735 56 73 U+3082 1451 2589 36 46 U+3069 416 2406 66 70 U+308A 1298 1396 35 87 U+3069 1308 1107 56 75 U+3057 1169 2415 20 97 U+307F 862 1373 28 61 U+308A 420 2619 30 55 U+304F 1734 1579 16 72 U+3057 862 427 13 108 U+305D 1604 1268 39 69 U+306A 1720 1282 37 69 U+3057 1171 1518 12 85 U+304F 1308 2444 32 82 U+3072 1709 1958 47 85 U+304B 1735 1538 17 44 U+308A 1734 1352 18 91 U+3068 1615 2191 25 49 seg_fp 1716 712 43 54 U+307F 1731 1817 18 54 U+306E 1719 1121 35 65 U+3068 1733 2125 17 71 U+904E 1704 1195 58 81 seg_fp 1728 660 29 51 U+8CE0 1708 2202 52 82 U+3057 1610 1470 18 98 seg_fp 853 330 80 54 U+8EAB 1713 1024 49 96 U+7D66 1730 1871 21 88 U+309D 567 571 26 46 U+53C8 1707 2573 57 77 seg_fp 855 613 35 56 U+307F 1733 774 19 64 U+305D 1727 2052 26 72 U+305B 1708 486 45 64 U+3090 1712 331 45 65 U+543E 1716 930 40 68 seg_fp 859 385 29 45,200004148_00047_2
U+5341 707 533 82 75 U+6253 1153 2229 83 90 U+306E 1313 656 60 62 U+3072 262 657 77 74 U+3092 422 1892 64 70 U+65E9 1306 435 74 92 U+306E 126 2054 56 68 U+306C 411 1444 77 67 U+306B 869 875 60 48 U+306E 280 1521 49 61 U+3061 425 2256 59 78 U+3092 1316 1812 63 76 U+4F55 114 1682 81 84 U+6B69 1458 1099 79 94 U+7AE5 415 609 79 108 U+5C4F 1294 1606 95 110 U+306E 1315 1538 61 51 U+4EBA 410 1623 102 74 U+624B 1314 720 67 104 U+5165 839 938 96 66 U+304F 1327 1281 34 101 U+3066 736 2118 30 101 U+8033 867 764 64 100 U+3066 1032 372 29 96 U+8E30 1302 1995 96 100 U+7149 1304 923 91 92 U+3093 117 1909 87 89 U+3092 128 1152 56 71 U+3066 1484 989 28 101 U+3079 120 1539 93 60 U+56F3 865 670 70 90 U+672C 258 970 88 91 U+4E0E 267 2025 77 81 U+4EBA 258 1070 94 88 U+306E 1019 1152 60 45 U+3092 424 455 58 65 U+4E0D 855 592 83 69 U+3084 256 745 85 67 U+3092 1462 1714 68 75 U+4E03 1301 1388 80 59 U+306B 264 485 67 55 U+305B 119 1337 67 57 U+5C3A 1300 1458 88 93 U+306F 1313 385 59 38 U+9000 404 1347 97 92 U+5A66 401 1518 98 93 U+3092 729 1889 58 71 U+843D 1159 1389 85 117 U+70BA 1452 2043 80 113 U+306F 429 738 55 36 U+53D6 707 1976 81 70 U+5973 417 542 83 54 U+5BFE 256 556 86 91 U+4EBA 701 379 96 77 U+6C17 568 283 59 119 U+306F 431 1705 55 38 U+4E03 857 2451 70 56 U+7E01 115 942 83 101 U+304C 1029 1628 65 46 U+5012 993 281 97 86 U+306B 1312 1024 65 72 U+304B 1154 674 80 62 U+3066 1326 1099 31 102 U+70BA 263 284 80 110 U+306A 867 2554 57 59 U+4F8D 114 1404 78 86 U+306E 1461 1529 62 70 U+7AE5 702 1081 86 112 U+5E74 846 2129 89 113 U+3053 130 1988 57 59 U+671D 257 392 86 86 U+3053 1467 1457 52 57 U+8EAB 864 1215 75 107 U+5973 705 1008 87 66 U+4E8B 1466 1599 49 106 U+306B 1009 775 68 52 U+306E 275 1816 56 62 U+8535 564 1654 89 114 U+5973 998 1006 92 58 U+898B 851 1685 83 83 U+308F 735 1284 35 67 U+7D66 584 2455 36 85 U+3072 1157 1132 81 76 U+308C 411 1812 94 79 U+3092 875 1331 58 66 U+3053 281 1745 52 57 U+3092 1159 2135 63 82 U+308B 1151 790 85 88 U+61D0 708 1406 94 96 U+8FD4 406 785 94 80 U+3070 1467 1392 85 52 U+6545 114 1059 82 83 U+98DB 1304 1900 86 86 U+306E 127 2528 56 45 U+3088 279 827 44 64 U+5B50 1009 1068 77 70 U+524D 1449 649 84 108 U+3072 412 2448 79 69 U+3082 138 508 38 66 U+308F 1023 2281 37 65 U+4ECA 1286 2319 103 83 U+306B 1462 759 69 55 U+306A 578 1977 60 74 U+306B 1163 1852 62 47 U+8D70 417 1167 77 99 U+56FD 122 2455 65 74 U+5728 1005 475 81 87 U+9858 260 1228 82 93 U+3088 1315 1210 53 70 U+3088 287 1157 44 61 U+3053 282 1457 49 55 U+73E0 1000 1675 97 86 U+304C 584 1518 74 41 U+308C 1156 1267 99 77 U+8272 565 411 62 86 U+308F 1029 1561 37 66 seg_fp 1154 892 91 82 U+4F3C 996 1831 80 58 U+5FD9 558 723 89 77 U+3070 575 659 88 42 U+5A66 692 287 95 88 U+3092 280 1670 56 63 U+3088 585 1160 39 64 U+3044 859 441 68 46 U+5C11 123 2128 71 72 U+3057 1441 1801 91 83 U+65AF 268 2269 70 96 U+3053 431 1754 53 57 U+5BA3 414 283 70 100 U+3066 877 1579 29 99 U+3064 422 2526 67 87 U+6B73 710 755 88 111 U+306A 719 864 61 81 U+304C 737 1351 73 52 U+3066 412 1093 65 65 U+79D8 559 1570 94 77 U+6CBB 1458 279 83 78 U+306A 275 2524 55 67 U+304D 1155 1667 83 79 U+308F 588 1446 32 65 U+5B50 270 1880 74 69 U+5730 996 936 107 67 U+3046 436 2177 27 75 U+306B 1159 593 76 64 U+56DB 717 620 74 43 U+308C 555 593 94 75 U+3088 1014 2137 46 63 U+7B11 417 2343 76 106 U+73E0 262 1583 89 84 U+4E94 704 682 82 61 U+306F 280 1408 51 37 seg_fp 1149 2022 85 96 U+5668 1447 2301 86 94 U+68B0 1444 2398 95 90 U+308B 1027 700 33 62 U+306B 276 1960 62 46 U+307B 282 2598 60 61 U+8D77 858 1407 88 98 U+682A 1147 1751 94 92 U+3078 562 2542 84 52 U+73E0 1003 2395 93 85 U+805E 124 1237 68 97 U+602A 116 285 86 72 U+8D70 558 982 78 93 U+3070 875 1169 73 46 U+304C 1030 2347 65 41 U+306B 1028 1777 36 42 U+304F 585 887 22 86 U+306E 123 2382 63 65 U+305B 566 1773 67 58 U+671D 1442 2150 90 86 U+306F 1016 1511 61 45 U+73E0 708 1793 99 79 U+696D 1302 529 80 120 U+3075 842 2007 79 66 U+5FFD 1007 839 75 92 U+3066 1178 1914 27 101 U+3046 732 2343 29 79 U+306F 1013 2093 55 48 U+3044 703 2217 82 50 U+65E5 279 904 45 59 U+308C 711 2416 88 59 U+3078 269 2120 80 37 U+304D 1173 364 41 87 U+306B 858 2073 69 50 U+7D00 849 2242 90 75 U+7D66 875 1923 37 84 U+516B 859 2515 85 50 U+3070 1178 1337 86 42 U+7146 1302 838 102 86 U+3061 1472 899 58 90 U+3068 592 2572 35 77 U+3057 1156 977 79 72 U+3055 431 874 43 64 U+306B 720 1519 65 56 U+308C 116 665 70 67 U+898B 409 1974 78 94 U+73E0 559 1890 98 85 U+308A 572 1222 49 87 U+3066 1030 1356 34 84 U+3093 122 724 94 76 U+3053 1466 490 57 55 U+306F 1473 362 56 30 U+3066 437 2073 24 97 U+306B 1028 2490 35 41 U+3075 401 386 75 62 U+5973 109 2205 85 59 U+98A8 1303 1722 102 74 U+306F 1466 2246 47 37 U+7D66 1327 2092 33 76 U+304F 294 1325 27 73 U+304C 884 532 65 40 U+3053 1024 1448 43 57 U+305F 738 1661 32 72 U+308A 743 2051 30 71 U+4F3C 999 2540 95 64 U+308B 1186 1515 27 62 U+3065 123 866 97 76 U+5341 850 2382 73 56 U+601D 122 588 67 72 U+306E 6 2360 40 60 U+304F 1026 2201 27 72 U+3059 1469 404 50 82 U+308B 139 1486 39 58 U+3081 722 2553 57 55 U+3053 1016 2026 40 62 U+3044 268 2368 69 61 U+306E 13 593 38 75 U+306F 578 1398 49 33 U+304B 143 1767 28 35 U+3070 1174 2406 68 66 U+305A 1471 1951 81 86 U+308B 738 1734 31 51 U+308A 876 284 41 77 U+306F 136 2275 43 34 U+308A 591 2049 35 74 U+3066 1328 278 30 91 U+3078 267 2226 81 43 U+7D66 1177 1048 40 83 U+3068 739 1197 27 75 U+3082 1320 2257 38 52 U+8FD4 556 2272 86 87 U+3057 1149 2321 78 83 U+3068 741 449 28 66 U+306A 571 510 54 81 U+3053 134 2326 39 53 U+3075 854 487 76 52 U+3051 1182 1214 34 47 U+308A 588 1075 33 76 U+308A 882 1847 30 78 U+7D66 289 2146 34 75 U+305F 1031 2599 36 56 U+305F 1482 816 33 75 U+308B 588 1831 34 47 U+305F 1028 1885 29 63 U+3078 1299 2170 92 52 U+3066 19 1453 22 104 U+5FD9 1292 2580 99 70 U+3068 882 357 33 72 U+58F0 1016 1207 62 98 U+308A 1028 1946 30 76 U+3057 877 1027 42 101 U+304B 593 2122 30 45 U+533F 122 1820 70 87 U+3051 1026 645 40 52 U+3078 851 1810 79 37 U+3057 596 2351 14 103 U+3068 737 2272 27 68 U+4E3B 114 2576 75 80 U+5973 9 1308 57 65 U+3057 1040 554 13 83 U+307E 1174 464 47 68 U+304B 879 1769 26 39 U+308B 736 943 35 48 U+304A 5 1555 51 59 U+660F 1164 2556 77 100 U+305D 580 1314 45 80 U+3068 151 442 16 69 U+3069 1335 2202 62 56 U+308B 735 2606 35 44 U+738B 10 2431 43 65 U+5C1A 9 286 52 96 U+3058 447 937 53 75 U+5BE7 9 386 53 118 U+3089 1482 1888 43 68 U+308A 446 1265 27 80 U+3057 1492 1264 13 90 U+3057 888 1496 15 83 U+308F 16 1907 24 85 U+3053 1322 2417 40 55 U+306F 282 2435 46 39 U+308A 1480 2558 27 89 U+304B 885 1136 28 43 U+304B 1482 1354 27 52 U+4E2D 10 667 45 89 U+306F 7 2081 40 49 U+3057 601 2167 12 101 U+3057 742 2453 16 100 U+3059 11 1808 31 94 U+308B 881 2611 34 42 U+3057 1492 545 12 104 U+3068 1488 2490 20 64 U+3057 152 354 10 86 U+306E 36 1032 36 42 U+5BE7 7 1089 51 118 U+5973 5 2502 52 65 U+307E 15 1734 29 72 U+3057 598 800 12 90 U+309E 302 2472 59 38 U+306F 11 1621 35 39 U+307E 136 796 40 71 U+306F 13 2123 28 83 U+306B 13 1381 37 71 U+3092 5 2573 57 77 U+3057 152 1576 14 113 U+3053 9 2299 31 53 U+6625 24 860 55 82 U+3057 752 1572 11 94 U+309D 1180 741 32 38 U+3057 1188 278 16 85 U+3068 1185 1576 22 86 U+738B 9 516 51 70 U+3068 442 1010 23 76 U+308D 1305 2499 65 76 U+738B 9 1226 53 76 U+5BAE 23 955 49 62 U+4E09 859 2324 69 57 U+57CE 10 758 52 90 U+307F 1477 1196 28 66 U+309D 451 2614 20 33 U+5247 6 2211 45 82 U+309D 1183 533 27 63 U+3057 1189 2481 12 70 U+3057 22 1656 12 79 U+3089 18 2000 29 79,200004148_00058_1
U+306E 387 1116 61 55 U+306E 536 955 74 58 U+306E 239 1214 60 55 U+306E 238 350 62 57 U+6D2A 1131 438 87 80 U+306E 386 1937 64 59 U+306E 688 1063 60 64 U+3092 542 1857 58 69 U+306E 837 437 63 51 U+3092 542 1108 60 64 U+306E 1583 2221 57 58 U+306E 236 1378 82 64 U+306B 1281 1667 65 52 U+3092 1141 1515 63 73 U+306B 841 704 56 57 U+306E 683 428 65 52 U+304A 224 1989 82 54 U+5E2B 1576 1318 78 90 U+7948 983 868 94 97 U+306E 840 1112 65 53 U+56FD 237 1283 70 75 U+3092 700 585 53 66 U+3092 542 349 64 69 U+306E 1292 1331 60 54 U+5270 1572 910 83 93 U+306E 1287 1823 52 52 U+306E 391 1614 58 49 U+5C71 828 349 80 67 U+6D32 1129 1327 89 82 U+866C 1274 1895 89 66 U+4EE3 369 1777 100 90 U+4E2D 379 2362 76 76 U+56FD 1582 1222 74 81 U+3092 1152 1065 56 68 U+308C 534 754 91 82 U+305B 1421 1687 79 62 U+3053 549 889 58 52 U+56FD 533 1028 79 77 U+4E8B 1147 1844 49 117 U+3092 993 2083 55 71 U+738B 1422 1984 88 71 U+306E 690 1748 62 57 U+98A8 235 1452 98 81 U+3066 1013 527 26 98 U+308D 1435 2328 65 76 U+6D41 531 1184 92 87 U+738B 1574 2294 82 62 U+5143 231 954 90 81 U+3053 1589 2153 50 46 U+866C 525 1771 94 69 U+4E8C 377 958 81 44 U+306B 386 2083 62 48 U+81F4 1137 693 80 97 U+6D78 982 1609 81 94 U+524D 1282 1399 74 99 U+3092 392 1276 66 67 U+53E4 1276 987 77 74 U+866C 973 2002 100 74 U+56FD 1427 1119 79 84 U+306E 1288 1513 53 60 U+5207 522 1945 90 63 U+53C8 674 2469 100 69 U+6CE2 1128 519 96 92 U+3082 1449 2062 42 62 U+6771 823 492 99 101 U+7403 376 428 101 77 U+3092 698 1225 56 67 U+306B 994 796 66 54 U+5C71 833 1375 80 63 U+738B 819 2024 97 65 U+3042 1290 1973 66 72 U+4F1D 365 2148 91 81 U+5F97 680 1311 85 68 U+7389 236 422 80 61 U+3057 1577 345 71 76 U+5FA1 1434 2140 70 55 U+5929 981 639 91 73 U+5BB3 1131 1599 77 96 U+3072 231 687 80 74 U+74BD 234 493 73 101 U+3072 991 457 68 70 U+66DA 1565 1012 95 96 U+8B92 1573 597 87 101 U+3092 993 2452 56 61 U+73E0 668 1811 100 92 U+4E94 1131 884 87 62 U+306B 243 612 64 52 U+3092 1151 619 52 69 U+5F7C 368 848 101 98 U+866C 523 1282 105 63 U+3072 683 2387 77 71 U+8868 375 1349 94 98 U+5F80 1272 897 89 76 U+6C11 1138 1424 81 94 U+4E71 1416 1214 105 76 U+3092 698 2051 55 70 U+5730 976 722 104 62 U+866C 825 1305 99 69 U+306B 1437 1909 66 57 U+6765 229 1035 91 92 U+4E45 1433 633 85 87 U+306B 1589 2445 50 59 U+9846 666 961 93 86 U+816E 674 495 105 74 U+4E8C 684 900 75 40 U+308C 228 2362 94 79 U+5F7C 969 1899 93 90 U+4FD7 221 1545 104 80 U+5148 1126 2359 93 85 U+738B 224 2500 90 68 U+3072 679 1458 78 69 U+58EB 1578 1712 71 59 U+3078 376 2229 85 54 U+8D77 521 2418 92 90 U+3070 1143 2308 86 39 U+306B 234 1638 65 64 U+65E7 834 1177 74 116 U+308C 1123 2244 79 63 U+76F8 1562 1869 93 70 U+3066 1600 2044 29 93 U+7409 372 346 102 80 U+4F1D 369 2525 87 83 U+540D 516 1422 84 75 U+5E38 1282 2210 77 102 U+5E73 1273 1155 85 87 U+6D77 1273 1573 86 86 U+738B 376 2009 80 58 U+3044 540 583 64 54 U+5973 1561 2371 101 63 U+9846 365 1014 96 89 U+3053 249 1138 42 56 U+306B 1005 1554 36 49 U+66F8 376 586 83 95 U+3092 846 2174 53 68 U+3092 1597 1782 48 76 U+866C 823 2099 98 70 U+3066 256 1704 25 96 U+6D41 534 2020 89 83 U+738B 1123 2446 89 63 U+3066 710 778 26 109 U+306A 1432 1368 63 70 U+304C 712 1601 65 49 U+7409 671 2136 104 88 U+7977 977 964 94 110 U+662F 841 1450 65 92 U+8A00 1586 707 58 97 U+4ECA 816 1009 113 95 U+6101 983 347 84 93 U+73E0 370 1677 104 87 U+306A 1439 863 63 78 U+96F2 1582 1115 73 97 U+7403 526 424 102 76 U+3044 687 2317 69 64 U+5148 832 1921 88 87 U+3044 1426 1573 83 61 U+3051 540 1566 64 62 U+305D 701 1663 51 84 U+3065 981 1252 95 63 U+9053 1572 1603 81 102 U+5B50 223 1901 88 79 U+57CB 821 777 93 70 U+3070 246 2433 82 49 U+3075 533 639 73 59 U+3066 1303 2115 28 82 U+6F6E 980 1454 87 88 U+3092 1302 2527 50 68 U+73E0 667 1130 108 83 U+53C8 542 2606 71 71 U+4F1D 1420 345 86 79 U+5C71 1286 1255 74 63 U+306F 556 837 50 32 U+3053 397 1547 51 49 U+96E8 1290 2459 76 64 U+308C 1439 1291 50 70 U+5F8C 1423 723 101 88 U+591A 1122 1965 76 131 U+3068 411 509 26 74 U+6BBA 968 2164 94 81 U+662F 984 2340 75 98 U+306F 1290 512 58 51 U+308A 856 1630 35 94 U+305A 1444 1017 84 92 U+3057 1274 665 83 73 U+58D1 823 606 98 90 U+73E0 366 1183 109 84 U+3059 401 1455 43 78 U+8A9E 1572 1951 79 85 U+5973 216 2574 97 59 U+7D66 1452 462 37 82 U+306B 834 1847 67 56 U+640D 1122 1147 90 95 U+3064 528 1515 70 52 U+3075 1131 2512 73 61 U+306F 547 1717 45 39 U+83EF 378 2439 75 83 U+6BBA 825 2254 101 88 U+4E8B 397 695 54 100 U+9846 667 1962 94 82 U+7A0B 1428 1836 94 69 U+3066 402 2271 25 87 U+738B 223 1819 88 71 U+3075 523 2283 80 79 U+306B 1282 827 73 60 U+3068 708 2233 26 77 U+7A40 1129 956 100 98 U+3068 1454 1497 27 67 U+7D66 848 857 45 77 U+88C2 674 659 94 108 U+307E 250 2170 36 78 U+592A 1286 1074 72 64 U+9846 677 2598 93 84 U+3072 1136 1243 74 67 U+3068 1608 1399 26 74 U+308A 1153 2118 31 79 U+306F 1445 1637 54 39 U+3089 1001 1377 50 71 U+3059 1148 1706 43 73 U+3075 820 937 83 79 U+3066 1002 1788 28 110 U+4F4D 1574 2520 86 77 U+3078 1428 424 90 48 U+98A8 1292 2377 95 83 U+305D 704 352 37 75 U+7D66 549 2197 41 87 U+3057 568 2102 15 98 U+7591 1424 2416 91 88 U+306F 240 2058 56 35 U+8D77 1284 2603 94 85 U+306F 1446 544 48 44 U+306A 841 1558 61 73 U+3044 1586 1485 65 55 U+3068 561 1346 31 69 U+3093 1429 1433 76 74 U+74F6 968 2526 105 74 U+307E 1729 459 37 76 U+308A 996 1709 47 68 U+304B 1455 812 33 55 U+7D66 707 1384 37 75 U+3066 1451 2510 28 95 U+3057 1018 1066 16 112 U+305B 1711 686 57 67 U+56FD 390 2614 60 66 U+7D66 1298 422 40 89 U+3070 1593 421 61 69 U+6C7A 1435 2605 74 81 U+3075 1574 1540 70 63 U+309E 1465 579 51 52 U+3055 562 697 34 60 U+304D 837 2625 76 59 U+3053 1444 2206 45 57 U+308B 1157 1780 32 61 U+3053 845 1732 46 64 U+7523 1718 350 58 103 U+308A 1311 2043 29 72 U+3031 1604 477 40 125 U+3090 1721 537 55 57 U+306B 556 2361 33 52 U+3057 1158 344 21 89 U+304B 1008 1324 29 51 U+308A 542 2517 52 71 U+3075 826 2494 79 64 U+4E00 1274 1743 76 17 U+308B 1301 765 37 58 U+4EBA 1712 1056 62 75 U+3055 246 2252 40 65 U+306B 1309 2311 26 53 U+3051 1143 2194 45 46 U+303B 412 1859 23 60 U+306F 401 800 48 38 U+3068 561 498 30 76 U+5EC9 1709 854 65 110 U+3057 267 844 15 92 U+306E 1722 1392 47 52 U+306A 1718 1463 41 74 U+3057 1310 337 19 86 U+4E00 681 1926 79 15 U+592B 1712 973 63 84 U+3089 1463 943 38 77 U+3068 257 763 37 81 U+3057 1612 806 14 100 U+7D66 854 2423 31 66 U+305A 1296 564 75 94 U+3044 1717 1201 57 50 U+3057 719 1520 15 85 U+4E00 679 2562 83 16 U+3057 266 2086 13 75 U+3057 871 2339 12 79 U+3057 1166 781 15 92 U+3068 1739 1126 20 63 U+304F 1161 2601 26 80 U+3057 562 1623 17 91 U+30C3 1314 1772 33 27 U+307F 1011 1183 21 77 U+3057 1017 2241 13 86 U+3092 1594 2619 56 60 U+3057 1452 1751 22 79 U+304B 1158 2076 24 48 U+3075 1712 1260 56 62 U+309E 252 2315 64 53 U+306B 238 2639 52 42 U+3082 1738 1319 24 73 U+67B6 985 2616 78 65 U+4E2D 1717 1645 46 80 U+3068 855 2556 28 64 U+308B 1730 1534 26 51 U+304C 1731 1597 21 34 U+304B 1163 2573 24 35 U+304B 1313 736 26 34 U+3089 1741 611 29 77 U+306E 1720 2151 45 66 U+3057 1745 752 10 93 U+304B 1741 2386 18 43 U+309D 1454 2272 28 49 U+309D 856 1801 26 43 U+3075 1713 2339 50 46 U+3082 1734 2053 28 97 U+5A66 1710 1736 59 71,200004148_00058_2
U+306B 515 551 68 59 U+624B 1555 1298 67 93 U+306E 1562 2336 60 52 U+306E 1113 400 57 58 U+306B 965 485 65 55 U+4E2D 1561 2392 62 74 U+306E 820 2088 54 54 U+306E 1556 1099 58 53 U+4EBA 343 314 111 74 U+3073 801 1479 103 89 U+306E 222 1134 60 47 U+3092 1121 2184 55 65 U+56FD 221 1043 69 83 U+56FD 216 395 74 78 U+3082 826 468 38 67 U+4E38 1537 499 97 71 U+6C34 501 1254 93 73 U+306E 522 909 57 51 U+306C 367 1858 73 55 U+99AC 508 471 83 87 U+4E57 501 620 94 106 U+304B 954 1549 76 53 U+820C 654 1833 82 92 U+3092 1564 576 50 69 U+3066 1413 2536 57 54 U+306E 675 2453 56 50 U+306A 811 1104 61 73 U+672C 212 2101 90 67 U+9996 1557 1397 67 97 U+3042 365 1292 70 70 U+6C34 498 2199 102 76 U+8239 949 555 90 76 U+624B 1410 1390 52 101 U+4E8B 822 2151 57 90 U+3092 675 1936 49 68 U+897F 510 736 79 64 U+4EBA 644 886 104 76 U+4EA4 206 1196 93 94 U+4E14 1251 1887 84 66 U+9244 1540 398 89 95 U+306A 369 1217 66 69 U+5F85 362 1763 87 86 U+7269 806 2445 85 68 U+51E1 670 2195 72 81 U+5DF2 963 1122 64 67 U+53CA 355 809 85 86 U+3081 1414 1092 55 61 U+6D77 512 814 82 84 U+6CBB 666 1451 69 75 U+6CBB 1414 2121 74 68 U+306E 669 824 56 54 U+4EBA 206 2184 97 81 U+5207 1687 1798 65 60 U+5F8C 798 1979 90 104 U+5F7C 1547 302 87 87 U+3092 820 2372 58 65 U+4EBA 647 2521 102 76 U+3044 359 447 82 50 U+306B 1274 541 36 46 U+3092 957 1301 65 67 U+8DF3 1248 602 93 67 U+3066 235 851 30 98 U+305A 376 895 77 82 U+5165 1381 303 95 68 U+306B 239 654 38 50 U+306B 667 1769 61 54 U+304B 505 1898 79 52 U+904E 1546 2062 86 93 U+3072 663 2107 72 76 U+7AEF 1547 1158 80 97 U+306E 968 640 54 58 U+70BA 1263 898 76 117 U+7D00 654 1291 90 77 U+5C71 807 1757 75 69 U+4E38 1566 1944 77 66 U+5E73 656 1370 76 79 U+3081 229 1537 51 44 U+753A 1260 2594 78 62 U+3082 829 2301 34 62 U+5E73 1406 2038 76 82 U+3066 1273 350 28 91 U+5317 663 2295 86 63 U+8239 1240 456 91 72 U+306B 1563 1503 61 51 U+3057 358 1927 77 62 U+5F62 652 1578 83 78 U+6E21 214 2325 88 92 U+3061 231 1916 48 66 U+4FC4 948 299 85 87 U+9803 956 388 73 82 U+4E71 204 573 102 73 U+306A 362 2433 68 62 U+866C 800 1690 95 71 U+3048 969 2269 57 61 U+7403 200 313 101 74 U+305B 1415 2335 56 56 U+3044 512 1720 66 52 U+671D 1249 1009 89 84 U+516B 1250 2536 90 53 U+3082 974 924 37 79 U+3092 231 1405 53 61 U+52E2 659 1658 91 105 U+7DBD 1104 460 77 96 U+3066 979 1006 27 106 U+306B 980 2119 34 44 U+5E73 794 306 84 85 U+6613 224 1293 66 101 U+798D 198 482 92 80 U+70BA 1401 540 79 112 U+304F 536 382 32 82 U+308D 1248 1504 82 91 U+6CBB 803 394 76 67 U+6D77 215 2414 86 76 U+611F 1258 1951 87 93 U+52B4 1408 2232 74 93 U+7BA1 369 1645 66 110 U+5B89 1252 1609 83 78 U+306F 1571 2017 45 33 U+304F 532 1152 36 87 U+8AF8 205 954 92 82 U+3078 508 1775 88 54 U+7DD2 1543 998 79 91 U+306F 520 1660 56 46 U+3088 524 312 50 72 U+306E 1698 746 47 53 U+306B 530 1342 49 49 U+9DB4 1096 2086 97 100 U+5BC6 956 2013 72 89 U+6B62 207 1478 83 55 U+65E7 808 1566 66 118 U+306A 665 1068 59 81 U+6389 648 2012 95 96 U+3066 384 1045 28 100 U+5F7C 1095 1997 90 87 U+3066 1283 1785 26 88 U+306E 216 1808 66 56 U+308D 799 1323 82 98 U+51FA 1696 1138 58 62 U+5F97 944 1372 87 95 U+9593 1695 813 57 74 U+8239 648 666 98 75 U+622F 497 2289 95 91 U+306F 375 395 52 31 U+53F7 1111 558 58 109 U+9650 805 941 79 86 U+4E2D 665 737 68 75 U+622F 489 1398 101 95 U+306F 1276 1095 39 73 U+3084 1413 2602 70 49 U+4E57 1261 681 62 109 U+5835 1249 1691 92 82 U+865A 1102 677 78 93 U+60A6 1255 2210 89 75 U+3092 1407 457 55 76 U+53D7 1403 880 79 110 U+306A 957 1847 65 87 U+3057 1095 1173 81 74 U+6295 1537 658 96 88 U+5999 498 2449 98 79 U+7D00 1400 1957 90 76 U+56FD 670 2365 66 73 U+3092 1115 1098 52 71 U+6D6A 1693 1627 56 88 U+306F 1563 1261 52 31 U+308B 684 368 34 63 U+306B 1560 926 58 57 U+805E 962 2173 68 95 U+65E5 235 2036 41 55 U+629C 1689 1047 67 88 U+3065 1394 1228 106 64 U+5F97 1110 2259 75 74 U+3058 1285 2050 62 96 U+3082 382 2361 36 55 U+671D 1393 645 84 92 U+898B 801 739 79 97 U+308C 1252 793 83 74 U+306A 522 2540 58 71 U+306F 230 1994 49 32 U+9244 1546 1843 89 91 U+5DE6 1689 1293 60 74 U+4E14 1253 2146 84 59 U+8239 1544 2251 92 72 U+4EBA 498 961 95 91 U+305A 973 1467 83 74 U+306B 1697 1464 45 63 U+3092 1702 1729 41 57 U+53C8 1101 2594 101 65 U+3044 363 2159 73 40 U+306B 1410 1885 61 62 U+3070 676 603 88 50 U+3070 225 1703 75 40 U+3068 374 984 54 56 U+3042 1110 1757 64 70 U+3066 686 1184 23 103 U+7A0B 361 2286 80 69 U+9DB4 810 538 77 105 U+3053 229 1751 53 45 U+306B 538 2387 31 44 U+3069 538 1816 77 68 U+3092 960 842 66 78 U+3066 833 842 24 100 U+307E 379 497 42 66 U+3088 243 711 32 66 U+3082 234 2262 38 50 U+305A 379 1560 82 86 U+306B 1422 1331 38 47 U+7409 350 2597 100 69 U+307E 1568 1680 45 67 U+3081 1271 1240 48 58 U+308A 1577 1745 30 92 U+305B 1410 1680 60 62 U+7E70 1393 1497 85 92 U+3078 652 1152 92 49 U+305E 979 2532 62 62 U+3078 1557 2477 77 33 U+308B 217 2591 77 74 U+3060 376 561 79 77 U+792B 1096 296 82 84 U+3066 1130 1904 26 87 U+304F 382 2499 31 77 U+3088 830 1253 33 67 U+308C 671 516 48 90 U+308A 836 1900 27 76 seg_fp 1540 2512 108 80 U+3064 1555 756 63 51 U+306F 1269 864 54 31 U+3092 819 655 55 77 U+624B 1701 1367 38 84 U+3057 1399 1157 72 68 U+5606 1106 1544 72 95 U+3068 1420 996 44 48 U+306F 674 1020 51 43 U+3088 837 1832 28 70 U+3066 1282 1298 21 94 U+3067 535 2091 71 91 U+3053 1269 1397 43 61 U+304F 538 1940 27 66 U+3088 526 1083 49 71 U+72A2 1681 444 71 103 U+4ECA 1252 2348 84 76 U+308A 239 772 33 81 U+3056 1116 972 84 68 U+3068 1569 1570 44 57 U+3068 1433 805 27 67 U+3073 1263 2289 78 59 U+308B 536 1494 31 53 U+308A 836 2594 28 56 U+3051 680 312 41 56 U+3064 1102 1334 69 53 U+3057 395 1358 16 81 U+7D66 1431 1744 29 71 U+308A 1705 958 34 90 U+306B 385 2083 36 60 U+305B 945 1725 78 73 U+4E01 1403 739 68 68 U+304F 388 2207 26 64 U+3088 1713 885 25 76 U+306F 1427 2199 44 31 U+308B 389 2026 31 52 U+3066 1707 1525 22 87 U+306F 969 1674 48 38 U+3088 1426 1589 35 88 U+3089 1704 361 36 83 U+3055 680 452 34 60 U+304B 391 1440 29 52 U+3069 980 1930 72 75 U+3075 1399 1814 77 79 U+51FA 957 698 85 68 U+307F 384 1154 33 60 U+890C 1692 654 58 85 U+304C 686 1525 77 50 U+3053 823 1423 40 58 U+3068 525 1604 44 52 U+305A 1428 2394 73 70 U+306B 975 2475 32 52 U+306F 691 2590 31 67 U+8CDE 1108 1637 74 115 U+308B 1126 1038 32 57 U+304C 1274 297 73 52 U+306F 528 1047 49 33 U+3069 843 2248 65 57 U+3075 946 2415 77 64 U+304B 236 1661 31 46 U+3055 1718 2359 25 59 U+308B 537 2617 36 46 U+304F 1556 808 60 53 U+305F 1141 2326 24 59 U+3058 1287 1168 61 73 U+305F 830 2549 35 46 U+304F 831 1174 24 69 U+3082 376 726 46 73 U+308C 1106 1387 56 81 U+3068 1586 2610 32 38 U+307E 534 2018 39 74 U+309E 1429 1043 63 51 U+304B 1428 1290 27 42 U+304F 977 1594 30 81 U+308A 1137 1826 27 83 U+304F 1720 2272 19 79 U+3089 385 1494 50 77 U+3057 250 1581 12 79 U+4E8B 1125 2508 48 81 U+7D00 956 2599 90 60 U+7D66 980 2340 36 72 U+304B 834 2515 30 35 U+3089 1130 909 43 73 U+308A 836 1027 30 71 U+303B 685 959 24 59 U+304B 1131 852 30 56 U+3059 230 2502 44 74 U+308B 1426 375 31 73 U+308A 1140 2388 29 83 U+9F3B 1693 540 59 104 U+3068 1126 1472 29 68 U+308B 1574 862 34 62 U+308A 1717 1863 18 67 U+3057 1725 2419 12 84 U+3057 1441 2462 15 72 U+624B 1706 2017 36 82 U+308A 1122 1245 37 93 U+304B 391 1991 27 34 U+9AD8 1702 2180 57 94 U+305D 1276 2428 40 93 seg_fp 1578 1628 32 48 U+3057 1140 764 12 90 U+63DA 1698 2505 60 79 U+309D 542 1551 17 38 U+53F3 1692 1932 56 87 U+3092 1707 2118 33 50 U+309D 240 1867 28 35 U+304C 1714 306 44 51 U+3057 1719 1199 9 81 U+308B 977 766 43 74 U+805E 359 644 74 52 U+305A 1574 2161 69 79 U+3066 1715 2588 35 51 seg_fp 364 689 56 52 seg_fp 1270 1462 33 50 seg_fp 972 1259 33 44 seg_fp 979 1201 29 53,200004148_00067_2
U+3084 1580 750 72 75 U+306E 840 568 60 53 U+306E 992 389 54 53 U+306E 987 1811 62 52 U+4EBA 1575 1924 94 78 U+3093 220 1425 94 83 U+3072 224 1922 82 74 U+306E 233 964 59 49 U+306A 532 554 67 67 U+3066 1153 1000 29 97 U+99AC 373 614 87 89 U+898B 528 1945 75 80 U+306A 1281 1285 68 75 U+6C34 1117 292 98 78 U+304B 827 1171 76 52 U+3092 540 1367 60 69 U+306E 535 1295 60 58 U+306A 1583 1723 67 84 U+3064 982 1656 70 68 U+5B50 686 1369 69 82 U+3092 992 917 59 64 U+9AD8 1585 650 72 99 U+306E 392 2504 53 56 U+3082 544 1863 50 69 U+306E 534 2198 68 55 U+592B 235 873 74 78 U+4EBA 978 1730 93 71 U+306C 226 543 74 62 U+5475 684 681 80 81 U+65AD 1579 1415 86 87 U+8896 1119 1112 101 69 U+6D1B 984 1358 83 84 U+70BA 680 478 78 107 U+3092 693 2355 57 67 U+306A 537 1724 65 66 U+3072 1279 948 75 69 U+306A 1589 2069 60 74 U+306B 554 999 43 50 U+3092 1594 2263 52 66 U+767D 1443 1998 56 76 U+306B 250 1294 41 50 U+3064 989 2515 69 88 U+306E 1435 1541 63 54 U+8EAB 818 469 79 90 U+9065 977 451 77 100 U+6D77 976 286 91 88 U+96C4 1269 273 90 92 U+3082 247 1119 40 65 U+3092 689 1777 57 77 U+306F 545 864 52 35 U+8178 1570 1219 86 93 U+3072 675 1177 85 66 U+8332 227 1192 79 92 U+3092 1594 1329 49 73 U+9593 1289 2520 79 70 U+798D 519 669 91 77 U+5FD7 1129 1860 88 85 U+3044 528 1444 77 41 U+3061 689 985 61 71 U+6301 1122 847 92 80 U+7537 690 1250 62 103 U+306A 1288 1832 67 72 U+7559 1289 1507 58 87 U+53BB 683 1866 71 78 U+3061 387 840 58 80 U+3092 396 1223 54 74 U+591C 827 1417 86 86 U+3070 1596 1512 75 75 U+3092 1144 385 57 67 U+306A 830 289 68 87 U+307C 992 2432 96 84 U+58F0 1569 1109 72 106 U+3086 982 1880 75 59 U+306B 226 1709 74 66 U+4E8B 1442 927 57 115 U+308C 223 2151 89 73 U+66F4 986 2204 68 93 U+983B 1578 2345 77 85 U+4EE3 1430 2325 90 76 U+3086 538 2028 62 56 U+3044 1576 524 78 50 U+6FE1 1131 1188 84 90 U+5929 529 917 86 77 U+52B1 1113 2011 99 89 U+306B 1584 881 67 59 U+304A 1280 1772 77 53 U+5F8C 216 1611 103 92 U+7126 984 992 77 98 U+3082 1298 1425 36 70 U+306D 1129 598 76 69 U+3042 833 826 63 73 U+5BB6 672 1654 87 109 U+516B 1437 2266 81 45 U+7709 1569 2154 76 91 U+306F 854 1508 32 87 U+3066 385 1531 54 56 U+306A 387 2182 53 68 U+3082 846 1288 41 67 U+3044 533 445 69 51 U+5408 226 2004 96 84 U+3044 1130 1506 77 46 U+6D1B 1429 355 78 83 U+5B50 682 2256 71 82 U+3042 1436 443 61 71 U+3072 534 2499 70 61 U+3051 989 562 65 71 U+3042 1431 1038 70 73 U+9A0E 363 924 97 90 U+51FA 385 1602 81 50 U+884C 383 2569 79 78 U+3048 1293 2287 68 75 U+3053 395 2439 46 49 U+306B 1006 2305 38 52 U+3070 1602 1875 79 45 U+671D 678 587 83 85 U+308A 1604 1630 33 78 U+3089 1305 874 52 64 U+547C 374 1898 95 71 U+306F 1146 1958 57 33 U+65C5 984 1497 86 83 U+9583 376 394 80 80 U+3073 676 1568 109 78 U+304D 1599 338 33 80 U+3089 400 1397 45 64 U+3073 1128 1774 97 76 U+3082 545 1227 40 70 U+5951 224 1021 86 94 U+5830 1115 456 97 80 U+304A 984 2377 78 52 U+80F8 835 2127 74 78 U+3068 843 1050 50 53 U+308A 1457 1753 30 88 U+55DA 379 1796 82 96 U+306B 403 703 35 52 U+3082 848 1108 38 58 U+5F97 1268 1601 89 78 U+308A 1304 1201 33 74 U+61F2 534 2554 83 90 U+3044 539 2443 67 51 U+4FC2 517 1059 88 99 U+6065 1271 807 90 68 U+60B2 381 1978 82 83 U+798F 517 761 95 83 U+7D76 217 1347 95 78 U+7D66 402 1653 39 80 U+9CF4 382 1306 83 93 U+3078 988 1462 69 30 U+97AD 370 1119 95 95 U+306A 536 2299 64 70 U+304F 557 1782 27 82 U+3088 845 634 44 68 U+3059 983 2031 69 75 U+303B 707 757 32 62 U+305E 248 1774 66 71 U+3093 1280 1069 78 68 U+3082 1452 2175 41 71 U+3092 1298 2064 52 70 U+5F93 224 706 92 81 U+3091 987 2108 68 80 U+306B 1282 649 65 65 U+306F 244 1556 52 44 U+5357 1137 2559 69 88 U+3075 524 497 77 55 U+601D 225 1858 76 63 U+59BB 685 2146 80 100 U+306B 1437 643 60 52 U+5CA9 1276 2431 77 85 U+7B11 681 1063 78 112 U+3066 250 297 26 94 U+3044 1291 2154 58 46 U+306F 999 1310 53 36 U+3068 1455 1250 26 70 U+308B 1153 735 32 49 U+3070 685 431 74 45 U+3066 680 2033 58 65 U+4E0A 1432 287 68 62 U+3084 384 2368 73 65 U+3064 376 1024 70 49 U+898B 828 2541 81 58 U+306B 832 1730 70 57 U+5FC3 1275 1984 85 77 U+3068 1605 571 30 69 U+59B9 229 794 85 80 U+308C 1575 1806 86 71 U+304F 837 2214 65 49 U+305D 1155 1639 38 67 U+3068 849 1807 46 51 U+305A 1300 1678 66 78 U+3058 1446 1162 74 87 U+306B 856 2480 42 49 U+306E 1298 2597 57 52 U+5FC3 1126 798 84 47 U+306B 844 2055 56 56 U+306E 1141 2397 47 52 U+3064 1580 285 68 51 U+305E 549 360 82 74 U+306F 697 2108 54 33 U+3076 1570 1033 109 80 U+305B 1150 2113 39 48 U+3068 553 1482 28 71 U+591A 1427 1613 71 114 U+601D 1442 1338 56 70 U+3084 1280 718 70 77 U+306B 1005 704 35 55 U+3068 706 822 34 84 U+308B 557 1155 31 67 U+3072 985 844 76 66 U+7E2B 1432 2082 78 85 U+662F 390 2261 66 99 U+306F 1145 2516 53 45 U+3058 1167 1340 50 84 U+308A 1458 1899 30 86 U+304D 1145 2294 39 88 U+3052 840 2391 111 85 U+601D 985 772 73 68 U+3068 1156 1421 33 70 U+65E5 1456 2482 39 54 U+304F 1156 1551 28 77 U+3093 1430 567 82 70 U+3075 1424 1410 76 68 U+304D 1294 534 37 93 U+304F 1009 1938 24 80 U+305F 1002 1590 34 65 U+3078 218 430 80 44 U+3052 1590 2453 78 57 U+5FD8 682 2431 80 86 U+308B 261 2267 32 62 U+3055 253 2094 34 52 U+3069 1164 2166 62 65 U+3058 1318 1900 57 73 U+304D 1447 836 39 84 U+306F 844 999 52 37 U+3055 553 1643 35 70 U+3082 1453 1465 31 73 U+3082 1151 2224 37 61 U+3075 973 1247 78 64 U+3068 559 2377 30 59 U+3089 250 475 46 68 U+3082 548 2141 38 55 U+308A 855 1972 35 86 U+3068 402 536 29 67 U+304F 1305 1354 28 74 U+3051 1452 1851 40 50 U+53EB 1578 952 70 85 U+307E 535 1564 71 80 U+304D 399 2068 37 72 U+3075 373 1735 77 73 U+304F 857 1223 22 69 U+3055 1153 1284 35 59 U+3051 254 2222 42 44 U+3048 849 2599 50 51 U+308F 1302 1139 32 64 U+3064 1580 434 68 43 U+3070 1299 2251 88 32 U+3088 1457 751 27 85 U+3053 842 1612 45 56 U+306F 1445 700 56 39 U+303B 1308 378 21 51 U+3051 1304 1026 32 49 U+304B 1605 1593 30 41 U+304D 845 379 34 82 U+3068 560 288 20 69 U+3089 1462 1111 33 71 U+304B 554 2262 33 38 U+3057 1311 437 15 94 U+4E3B 235 613 67 86 U+3046 399 766 27 77 U+3057 709 287 17 99 U+3070 849 1859 74 107 U+3078 1281 2203 100 46 U+307F 1608 2003 24 63 U+3057 411 293 12 95 U+306B 1308 2365 34 55 U+308B 559 2084 29 56 U+3051 1002 1190 43 56 U+305F 1157 676 26 58 U+3046 698 913 31 78 U+305F 1149 1706 36 68 U+306B 1601 2524 47 57 U+304B 248 394 25 38 U+3075 1117 2453 83 63 U+304B 1608 837 27 46 U+308B 553 622 33 36 U+3068 256 1491 25 65 U+304B 1458 1714 26 44 U+304B 404 2144 28 40 U+304B 700 390 32 48 U+308B 858 2258 37 47 U+304B 1152 548 25 54 U+308A 406 473 28 65 U+3082 1601 2586 43 59 U+3057 864 703 13 113 U+304D 1002 627 33 78 U+3057 1164 919 15 80 U+3082 1451 2403 41 54 U+4E00 682 1469 74 18 U+3057 1016 1089 12 95 U+308B 717 2528 21 58 U+304B 1014 2604 33 40 U+4E00 835 1380 68 14 U+8012 1438 2552 80 72 U+3089 1463 520 40 58 U+3057 864 2307 21 91 U+305F 697 1494 33 76 U+308A 707 1949 29 80 U+3057 861 899 15 96 U+3057 408 1459 17 71 U+3057 1714 642 49 81 U+309D 1619 480 11 32 seg_fp 857 1670 25 59 U+309D 716 2591 17 51 U+9000 1717 1902 53 77 U+3082 1731 464 25 65 seg_fp 410 1074 40 35 U+3092 1728 384 27 64 U+3070 1727 725 36 41 U+68D2 1710 287 50 79 U+3066 1730 535 18 104 U+8FFD 1712 887 51 75 seg_fp 1441 2604 82 30,200004148_00071_2
U+3086 807 1282 73 62 U+306E 365 492 70 54 U+306E 514 1611 60 69 U+5341 353 1395 79 74 U+306E 675 2473 58 59 U+90CE 1408 1242 81 108 U+3092 667 1081 66 76 U+306E 217 822 63 60 U+3092 814 1580 61 69 U+4E0E 1550 603 77 91 U+884C 653 478 93 83 U+4E0A 653 1504 80 74 U+6D66 1405 1758 89 87 U+306E 670 1680 56 52 U+3066 807 769 63 64 U+3072 958 1143 70 68 U+3067 952 2193 100 67 U+306B 965 821 65 47 U+843D 808 1164 75 112 U+306B 1564 1139 58 52 U+9632 1098 1696 87 84 U+9996 1558 2458 77 99 U+5341 362 786 65 72 U+666F 211 2339 75 108 U+3092 218 1653 61 68 U+306F 1565 763 59 39 U+306A 1261 930 64 71 U+3082 1417 835 43 75 U+658E 1560 1999 73 99 U+5FC3 797 839 93 66 U+3066 1122 1576 29 116 U+90CE 1557 1040 73 90 U+5341 362 2011 67 73 U+4ED9 1545 815 91 72 U+307B 1406 498 71 71 U+53C8 645 917 100 79 U+3072 653 714 76 77 U+60AA 1559 1606 75 82 U+306E 217 1456 63 68 U+9580 514 1524 69 76 U+6CBB 1261 2160 79 75 U+5927 209 2133 87 85 U+77E2 361 1765 79 85 U+306A 1409 431 63 65 U+3042 819 2370 61 65 U+306E 519 1461 60 68 U+5927 1398 923 91 75 U+307E 821 329 47 79 U+306B 1412 766 54 68 U+306B 232 676 41 70 U+5C53 207 326 76 97 U+56DB 361 869 68 44 U+8A0E 1244 1225 93 88 U+4E03 1550 981 70 54 U+3053 1414 578 50 48 U+3061 228 973 60 89 U+515C 200 1357 98 95 U+5EF6 642 566 99 74 U+4ECA 1103 2595 90 92 U+90CE 1418 1916 75 105 U+306B 518 1763 57 46 U+5C04 200 1730 95 96 U+5C53 1105 662 78 108 U+4F38 950 997 84 82 U+77E2 360 1146 74 79 U+5E73 1245 2078 96 80 U+3092 1270 331 56 77 U+7FA9 206 1067 95 122 U+592A 1406 1609 80 69 U+5225 1554 1770 81 81 U+6226 1099 1875 89 88 U+306E 222 1298 57 58 U+516B 1404 2642 76 46 U+5834 203 2232 95 102 U+671D 202 1190 94 97 U+3092 1576 2558 61 59 U+4E03 1551 1704 71 54 U+5FA1 952 2265 94 83 U+6575 805 2272 85 86 U+304C 234 2546 65 42 U+3072 209 509 75 80 U+5F53 1559 1845 72 100 U+661F 203 1529 83 114 U+8A0E 1550 1287 88 86 U+524A 204 1843 93 103 U+305B 1692 751 62 66 U+306B 681 417 37 45 U+516B 1258 1760 80 47 U+6240 1109 485 92 93 U+4E0E 1411 2195 70 70 U+3079 943 2019 94 59 U+6761 657 1961 90 95 U+93D1 645 1738 99 97 U+3092 974 2444 58 50 U+6E90 1403 1520 84 89 U+5DEE 350 1543 93 97 U+85E4 1560 2094 68 88 U+3072 804 1766 78 76 U+6B21 1407 1849 77 67 U+308C 1567 330 55 78 U+7D66 980 1076 35 62 U+306B 367 657 64 58 U+77E2 1400 996 76 93 U+592A 1699 1091 64 71 U+308B 381 1700 34 55 U+4E09 1415 2280 59 51 U+671D 1103 2215 82 82 U+99AC 660 995 80 86 U+8ECD 362 557 75 99 U+53EA 659 1838 79 70 U+3064 962 1217 63 45 U+77E2 655 1589 88 77 U+90CE 1418 2339 72 105 U+4EBA 648 2543 106 74 U+5B9F 1558 2192 77 103 U+306B 1255 1681 75 56 U+304C 681 863 59 41 U+624B 1417 2021 47 89 U+4E8C 357 732 76 41 U+3093 808 624 81 81 U+306B 980 1377 37 48 U+5B9D 508 1038 73 120 U+3053 226 758 50 56 U+53B3 497 1262 93 97 U+3090 805 410 73 75 U+3066 682 1402 24 98 U+306B 681 2628 48 52 U+99B3 645 1167 106 73 U+8358 498 1167 97 91 U+6291 506 2523 92 83 U+4E3B 1107 868 76 86 U+3084 504 574 82 71 U+7B87 1114 365 71 106 U+70BA 1106 2102 84 117 U+65E2 651 332 89 73 U+8170 354 1300 95 83 U+3092 674 2322 55 68 U+6089 1248 1007 85 114 U+677E 1395 1692 86 68 U+516B 359 1483 92 51 U+306E 677 2063 53 60 U+308C 1566 1518 56 70 U+6B7B 1251 1317 95 76 U+4E16 661 2404 78 56 U+3093 811 2015 83 69 U+6CE2 1555 884 83 90 U+3042 957 1909 67 66 U+7D44 1548 1203 84 73 U+3053 375 425 47 51 U+3059 818 2133 50 82 U+305A 1121 775 84 87 U+306B 1582 2403 40 47 U+671D 351 325 85 83 U+898B 506 330 84 82 U+9065 959 710 86 102 U+3082 979 461 36 75 U+308A 1279 1514 35 83 U+3082 1136 580 32 68 U+3064 958 1483 64 57 U+306E 1415 636 52 57 U+308A 1126 1503 33 76 U+8E0F 1103 1229 88 85 U+77E2 361 2370 82 77 U+3068 239 2057 28 66 U+7D66 233 424 41 83 U+3081 1263 553 58 55 U+5916 1400 689 81 80 U+529B 1711 1529 45 68 U+308C 658 2186 78 73 U+65B0 1392 1081 91 86 U+8D8A 1398 1350 98 88 U+3057 798 916 79 72 U+70BA 516 2602 78 83 U+5C04 502 1988 91 84 U+304F 1429 329 32 98 U+3072 966 2615 71 62 U+305B 1552 1381 67 66 U+7D00 1398 2571 84 70 U+819D 201 2593 110 89 seg_fp 509 1822 80 86 U+80FD 208 2454 96 85 U+306F 1272 412 51 63 U+76DB 1560 2297 79 91 U+4E8C 357 1244 72 45 U+3081 823 1961 52 56 U+77E2 1403 1436 75 90 U+3066 1274 758 30 94 U+306F 1274 2245 50 36 U+304B 949 1706 84 49 U+3090 1698 611 58 59 U+3066 1115 2535 49 58 U+7236 955 551 85 83 U+304D 968 2069 42 82 U+3082 1123 1088 39 75 U+307E 1119 1445 41 58 U+5200 1713 1180 37 59 U+306F 1576 1954 47 34 U+541B 958 374 63 91 U+53D6 1399 2120 89 74 U+7D66 677 639 39 77 U+8DE1 959 2348 77 89 U+3066 531 2202 26 104 U+67F1 493 1683 101 77 U+9AD8 1703 1866 61 96 U+304E 1120 1787 73 82 U+7D00 1249 1992 93 75 U+308B 231 1999 39 51 U+9010 797 1662 89 100 U+6388 1555 2619 102 71 U+4E8C 1551 704 80 46 U+306B 824 1098 41 56 U+3044 1264 2295 76 54 U+304F 1276 1120 31 96 U+4E09 1402 1172 77 66 U+3044 958 2154 65 40 U+3075 783 1510 89 73 U+306B 1124 1174 36 47 U+4E09 356 1864 81 55 U+792B 1251 1888 93 95 U+5DEE 348 927 84 104 U+753A 1256 1819 86 70 U+304D 827 1348 40 80 U+8170 358 1926 88 78 U+3065 803 987 109 63 U+3092 1120 2028 48 64 U+9662 510 1367 88 90 U+5DEE 365 2158 67 92 U+7A76 1700 1608 64 84 U+6155 956 2503 91 111 U+3044 966 1436 55 44 U+75CD 1256 2603 87 89 U+7D66 829 1433 37 76 U+3081 522 2146 53 56 U+6253 1407 2431 72 59 U+516D 356 2089 77 61 U+8170 358 2531 86 79 U+843D 955 888 85 107 U+624B 1567 418 48 108 U+3078 650 1289 86 55 U+904E 515 2311 65 73 U+3066 976 1815 31 85 U+308C 808 2566 91 82 U+3067 973 1606 81 95 U+304A 507 723 75 53 U+53D6 1543 523 91 67 U+3075 1100 1963 72 66 U+3068 536 1910 31 73 U+3093 955 1319 98 65 U+7D66 535 2388 34 66 U+4E09 355 2458 74 55 U+5341 1708 2414 53 58 U+305B 802 568 72 60 U+308B 383 2310 28 47 U+3082 979 627 39 69 U+5B50 1707 2341 56 64 U+307E 1714 539 36 71 U+8584 1261 2494 89 109 U+3058 1289 479 48 74 U+308B 830 2216 34 42 U+305B 525 432 48 60 U+3068 825 1849 46 55 U+9593 1703 1966 58 74 U+309E 838 1909 65 45 U+3093 512 956 83 77 U+306F 964 330 61 35 U+3070 829 2643 67 38 U+3046 232 892 36 92 U+3068 1282 611 29 65 U+308B 383 1083 28 50 U+308C 1706 1334 49 71 U+309E 1128 1385 68 57 U+624B 1421 2490 46 81 U+3056 829 2507 68 56 U+3092 380 2627 51 53 U+305F 236 1930 32 70 U+305F 388 1641 25 58 U+3068 1125 1327 43 57 U+308B 972 1974 37 51 U+3053 680 2125 42 57 U+6298 1694 1250 77 82 U+305F 1283 1459 29 59 U+307E 1279 2351 40 68 U+3075 503 2455 78 66 U+3057 690 780 15 86 U+304C 1721 889 44 41 U+306B 1719 1035 33 47 U+898B 1114 2301 70 82 U+307E 977 1540 39 66 U+3078 1108 2430 69 39 U+3070 527 495 72 77 U+306F 1720 2207 39 33 U+308A 1137 2468 27 67 U+304B 833 1055 31 47 U+3068 1139 959 23 67 U+306B 1726 2557 29 49 U+3089 833 2437 47 73 U+307C 517 778 61 76 U+4E00 661 1932 79 18 U+3060 1273 2420 66 66 U+3068 532 650 28 71 U+3051 529 919 41 42 U+3057 1293 1382 17 84 U+7D42 1698 934 69 63 U+52E2 1691 1418 77 84 U+308A 1706 1699 43 69 U+3057 1290 669 17 91 U+3057 249 584 13 90 U+3089 834 492 41 79 U+307F 1280 855 31 73 U+304B 1137 2388 23 44 U+304F 982 1745 24 71 U+3066 1719 1780 20 84 U+3068 544 2073 19 71 U+3089 1719 679 34 72 U+308B 689 2260 25 61 U+3057 542 838 14 77 U+843D 1703 336 62 98 U+4E00 1114 333 83 15 U+3068 837 2065 26 65 U+90CE 1711 2108 49 89 U+3089 994 1263 41 63 U+304B 685 1246 25 47 U+90CE 1714 2479 48 67 U+305F 383 2251 29 59 U+305F 390 1034 26 51 U+3089 1583 1450 39 71 U+3057 1286 1594 17 87 U+91D1 1689 2242 79 90 U+4E09 1706 2059 56 43 U+3068 827 688 34 92 U+3057 1726 435 11 93 U+3057 691 1324 16 79 U+3057 1728 816 9 78 U+8A0E 1706 2615 55 65 U+309D 1137 1028 21 61 seg_fp 1715 1476 36 48 seg_fp 1702 986 61 37,200004148_00075_2
U+306E 1173 2328 59 61 U+306E 441 1230 54 58 U+306E 1184 429 59 59 U+306E 136 1968 60 69 U+3082 1041 1460 41 63 U+306B 872 491 72 53 U+306E 878 736 65 58 U+3092 289 1394 64 75 U+3092 583 865 61 65 U+5F15 1322 1081 79 89 U+5FC3 1165 2246 83 67 U+3092 884 1470 56 63 U+5207 1467 632 96 66 U+304C 751 652 69 45 U+306F 1479 1826 59 39 U+4EBA 1005 709 109 84 U+3092 1485 450 63 69 U+5207 1310 1659 95 62 U+306B 1042 527 42 50 U+306A 733 1366 63 73 U+4E03 122 1797 70 63 U+5C0B 425 525 79 122 U+6CBB 277 2202 79 70 U+544A 277 1482 77 82 U+70BA 1011 1954 87 110 U+6CBB 870 1888 74 74 U+767D 883 556 58 82 U+306E 132 1538 70 59 U+6C5F 1012 2297 83 77 U+6CB3 871 641 76 81 U+3092 736 1685 57 67 U+306A 1471 1581 62 72 U+5EFF 134 1717 69 58 U+99AC 872 1369 82 87 U+666F 431 1382 76 101 U+3092 737 803 57 65 U+306B 890 1965 39 58 U+5C04 1447 2439 105 92 U+4E8C 1470 939 87 43 U+5916 1156 2398 85 75 U+306E 287 1226 64 58 U+3064 1463 2540 75 56 U+5C45 711 1276 89 85 U+305B 421 973 80 72 U+5BB3 575 1947 69 104 U+6216 1462 1730 98 92 U+3066 301 582 25 96 U+306E 1177 1534 59 71 U+3072 1024 1377 70 75 U+3082 141 615 41 65 U+5730 714 2372 97 64 U+5C04 1461 524 107 91 U+304B 1012 1730 87 53 U+8B00 719 703 85 88 U+3092 1025 2381 56 63 U+306E 586 629 49 47 U+3042 569 2336 66 68 U+306B 578 1787 71 48 U+3072 726 963 76 74 U+5C06 1173 491 92 92 U+3066 454 1048 25 100 U+306D 574 1246 78 61 U+4E09 1453 2264 94 61 U+306B 1181 2477 41 43 U+805E 276 2280 74 95 U+9A0E 123 1868 95 100 U+76F4 574 1692 82 87 U+7BC0 1476 321 90 119 U+3066 1024 2540 53 59 U+8FD1 1323 644 89 81 U+304F 1197 1293 35 91 U+8ECD 722 2447 68 94 U+9A0E 1446 2339 109 99 U+4E16 420 1160 91 58 U+306A 138 1638 59 69 U+306A 1023 846 70 84 U+5316 1456 1420 109 75 U+9996 1315 1389 83 94 U+7ACB 276 338 85 87 U+3088 293 1573 50 66 U+3053 295 1157 51 56 U+5149 431 1292 87 83 U+6728 1163 1438 99 86 U+81EA 589 1841 45 99 U+3093 426 1726 89 83 U+306C 1319 2440 65 61 U+9577 719 425 82 86 U+306F 1034 2152 55 37 U+670B 118 2038 88 86 U+3082 449 1561 40 80 U+767D 293 849 55 74 U+5C71 875 796 76 62 U+3081 885 1641 51 53 U+6761 1463 996 107 95 U+3072 125 538 75 76 U+8F29 124 2127 87 112 U+306B 1186 582 67 50 U+306B 444 466 39 47 U+306B 572 2271 63 49 U+5E73 858 1801 95 84 U+3082 142 2322 45 71 U+3061 741 1841 50 77 U+7D42 1015 424 99 86 U+9022 422 653 94 98 U+306F 1483 1356 61 45 U+5317 1162 2620 91 66 U+65B9 578 760 69 86 U+3072 1313 2365 75 67 U+3082 295 2368 38 66 U+3066 1039 1854 27 97 U+308C 1164 2117 96 75 U+308C 1308 2505 96 65 U+3070 1180 2189 83 41 U+4E8B 291 1283 55 108 U+3066 596 328 27 102 U+3092 1334 955 59 69 U+541B 574 442 68 89 U+306C 127 808 76 63 U+3090 427 831 66 60 U+7D00 863 1707 90 86 U+99D0 862 1547 96 86 U+7528 733 877 65 84 U+3057 870 1134 80 75 U+306C 1318 326 75 79 U+6575 1317 859 90 88 U+63B4 1308 1804 97 74 U+3092 141 990 59 69 U+843D 1025 590 88 113 U+4E2D 875 866 74 91 U+6575 719 1578 89 102 U+3067 1468 1283 104 70 U+306B 132 2254 64 65 U+3079 562 2138 101 57 U+5FE0 277 680 88 79 U+56FD 287 768 74 76 U+8FD1 1006 2200 88 89 U+7D00 269 2037 97 79 U+5EC8 1170 328 95 101 U+5E73 271 2121 84 79 U+3053 1034 1146 49 61 U+983C 714 330 87 90 U+4E8C 1466 2099 75 45 U+306F 433 333 55 33 U+5FFD 719 2269 90 95 U+308F 746 593 33 57 U+3042 1169 1899 72 77 U+3092 1333 1487 55 59 U+5F8C 122 2401 84 89 U+6295 1006 2458 92 82 U+7D66 149 1210 41 78 U+9A0E 1449 2156 103 97 U+304D 590 2186 34 78 U+3066 1345 1300 25 88 U+3088 1187 1218 51 71 U+3066 898 1024 27 105 U+6216 1321 514 92 92 U+77E2 1469 1487 79 100 U+305D 1041 1208 46 80 U+7B51 406 2448 105 97 U+3092 441 1492 62 69 U+62C4 1151 1598 98 77 U+306A 1025 1532 69 85 U+6557 712 2545 86 78 U+308C 1189 730 50 76 U+305A 577 2474 82 85 U+58CA 1166 637 96 91 U+305A 741 1178 75 87 U+3078 269 2539 84 61 U+5BA3 284 1845 63 96 U+5927 1318 2624 75 59 U+6C5D 421 2074 93 80 U+308C 139 2486 47 76 U+7E2B 275 923 87 95 U+3066 1333 1883 39 107 U+3042 277 2444 66 93 U+7D66 1041 1001 42 80 seg_fp 1305 1554 95 93 U+7236 411 381 92 82 U+304F 1348 782 28 76 U+3089 1485 2594 48 83 U+306A 1476 1099 69 92 U+3070 735 2062 90 41 U+306B 1171 1820 66 64 U+6761 1452 1920 110 98 U+306F 133 401 56 47 U+308B 1191 1003 40 55 U+5BA3 867 2034 70 109 U+3051 141 1138 60 69 U+308B 1491 773 43 57 U+5148 22 1134 57 89 U+7D2B 418 2541 84 109 U+3046 894 2264 26 84 U+3057 571 1095 76 80 U+308C 557 2634 86 61 U+4E8B 139 883 57 112 U+6557 1159 2532 86 78 U+3059 1188 922 45 81 U+4E5F 436 2005 63 61 U+3068 454 1791 33 62 U+3078 275 1942 87 49 U+3069 1345 2560 71 55 U+304D 1174 1145 82 79 U+307E 744 1761 39 78 U+308A 1048 927 36 73 U+7D66 744 1040 36 87 U+3068 1499 839 35 78 U+3059 591 2055 41 83 U+3089 741 1494 56 77 U+3069 588 1466 88 60 U+306F 1334 608 58 33 U+308D 1313 2130 72 65 U+307E 444 756 42 72 U+3066 579 1615 50 65 U+5019 140 1417 62 46 U+671D 1008 2058 91 86 U+70BA 19 1897 47 108 U+6068 865 2358 82 87 U+3053 737 2122 45 56 U+304F 1043 1767 28 86 U+7236 566 547 90 75 U+3070 1337 1029 87 41 U+7B49 286 1028 66 60 U+601D 125 463 75 67 U+3055 596 1322 38 60 U+516C 723 519 69 63 U+308C 731 2625 49 68 U+3075 1010 1084 82 68 U+5F80 563 684 84 77 U+305A 289 2594 68 96 U+305F 1502 704 32 71 U+898B 439 1650 62 80 U+3084 860 2212 85 52 U+9014 17 1223 55 87 U+63BB 1307 1724 102 72 U+308A 147 1332 47 85 U+843D 1020 2604 86 86 U+304B 302 1644 35 46 U+3089 450 896 47 76 U+308C 121 2626 92 64 U+305B 1320 1224 76 76 U+3093 1168 806 91 65 U+6295 1297 1983 112 93 U+3051 138 728 65 81 U+306F 735 1129 54 49 U+304C 752 1441 72 54 U+3053 1333 2071 45 55 U+3088 1348 1157 34 70 U+308C 717 1995 93 70 U+305C 1013 1296 106 79 U+3070 886 1212 88 68 U+3090 21 788 43 65 U+306F 141 1289 61 47 U+306F 436 2156 58 35 U+3068 302 1763 27 69 U+3070 293 1985 78 33 U+898B 19 1393 45 77 U+304F 1495 1647 30 79 U+3078 430 2650 81 37 U+308C 585 1385 48 90 U+3053 437 2204 49 56 U+4E00 1468 1889 79 15 U+304F 892 2527 32 73 U+306B 883 955 60 69 U+3053 141 2571 44 49 U+306B 1491 2022 39 57 U+3088 445 2311 36 66 U+3068 1047 781 33 61 U+3046 152 1062 35 80 U+306B 303 1091 40 55 U+3060 596 937 81 85 U+3089 1188 1978 63 79 U+3082 150 1460 42 77 U+6DFB 23 629 50 87 U+306F 892 2601 34 87 U+306B 599 1020 36 59 U+4EF0 11 2326 48 78 U+601D 430 1867 74 67 U+3065 1328 737 95 39 U+305D 741 2177 34 87 U+3056 1186 2053 83 65 U+308A 440 2374 35 75 U+7D66 894 323 34 81 U+3089 1487 1193 59 89 U+3075 855 2146 77 64 U+3093 17 1837 66 70 U+308A 304 510 30 76 U+308F 585 2569 32 67 U+3059 18 2402 31 72 U+3089 590 2406 50 69 U+3089 603 1178 42 71 U+3068 1202 859 27 64 U+3053 139 334 40 61 U+305B 23 934 32 66 U+304D 1333 411 41 97 U+3092 26 1310 39 72 U+304B 154 1596 33 44 U+3089 26 855 36 85 U+5949 20 1665 46 101 U+308B 21 2474 23 46 U+3078 271 473 82 37 U+308A 26 2079 24 82 U+304B 299 433 29 43 U+3075 416 1942 80 68 U+3057 312 1686 16 79 U+307E 29 718 24 71 U+304B 150 683 31 45 U+3057 1056 332 14 94 U+306B 22 2261 22 53 U+305F 744 1915 32 77 U+3057 1348 2186 14 94 U+3057 905 1273 15 89 U+3044 17 2173 40 46 U+3089 31 1770 27 70 U+306F 24 1094 36 37 U+3068 604 1514 24 92 U+3089 889 2453 51 77 U+3068 23 2524 17 70 U+3075 858 436 81 53 U+3051 27 1590 35 74 U+4E00 1175 1404 75 13 U+3079 1167 1688 97 50 U+3068 1203 1063 28 77 U+304B 25 2220 18 45 U+3068 36 1471 19 68 U+4ED8 27 531 33 91 U+309E 28 1538 62 53 U+304D 1192 1752 34 67 U+304D 1035 1614 41 103 U+307E 34 348 24 70 U+306A 21 2004 34 69 U+3057 31 1002 16 91 U+3067 33 420 48 111 U+3082 20 2603 27 77 U+309D 456 2263 24 42 U+7D66 1335 2288 39 73,200004148_00077_1
U+3082 1220 1367 45 72 U+306E 466 1290 56 52 U+306E 327 1559 55 49 U+306E 1358 976 54 49 U+90CE 916 1445 78 103 U+547D 311 1925 85 109 U+306E 309 404 63 48 U+306E 1209 1543 56 58 U+5FA1 439 1003 110 92 U+306E 1362 2327 59 49 U+70BA 306 553 77 88 U+795E 459 2041 88 87 U+5B87 912 1107 68 100 U+306A 174 1447 64 74 U+706B 1353 888 80 78 U+6240 303 459 85 95 U+539F 321 1391 72 85 U+65B0 1343 2134 95 99 U+3092 769 1027 60 75 U+3082 172 575 40 68 U+306E 913 468 57 47 U+7530 320 1485 68 61 U+751F 751 1113 86 80 U+306B 1372 1129 36 51 U+306A 1061 657 60 62 U+99AC 1351 1194 79 87 U+5411 764 1885 73 73 U+9593 606 1308 78 77 U+306A 316 635 56 67 U+66F9 469 1095 59 97 U+91E7 166 1981 86 94 U+306E 1507 1234 52 48 U+3072 318 2442 61 72 U+306B 469 1520 62 48 U+4E5F 918 1842 64 62 U+52C5 308 1831 89 86 U+6B66 1355 435 85 89 U+687E 1492 981 85 78 U+3079 164 1027 81 91 U+304B 1048 1836 86 63 U+591C 454 1582 97 94 U+4F0F 294 314 93 76 U+306B 1217 1775 61 49 U+8005 1347 519 80 95 U+8DB3 1052 513 84 88 U+52C7 472 504 60 104 U+4E09 904 1377 78 64 U+6C0F 768 642 72 99 U+6240 1203 1686 87 81 U+308C 163 1573 94 72 U+3061 626 1872 51 73 U+56DB 614 1395 65 43 U+899A 1202 306 82 104 U+62D8 750 1203 90 84 U+6C60 310 1315 91 74 U+76EE 1516 312 48 77 U+306E 918 1788 50 55 U+3082 1074 592 37 58 U+7B27 1348 785 92 98 U+3092 330 2051 58 70 U+306B 1063 311 65 59 U+308B 1518 834 35 63 U+3092 913 2535 57 54 U+7269 154 1226 90 74 U+99AC 1499 517 77 84 U+4E3B 904 2028 84 74 U+7E04 1493 1068 96 78 U+70BA 1201 1168 84 106 U+6253 1051 802 80 77 U+96B7 899 640 91 87 U+308C 153 805 87 82 U+6DF1 152 659 84 78 U+304C 1079 2481 63 44 U+5FA1 1197 1605 95 80 U+3044 915 1610 67 59 U+5C53 1045 881 74 98 U+3072 612 2056 78 69 U+6B7B 467 1946 80 94 U+3092 625 2407 53 61 U+8CCA 467 2546 82 73 U+3082 1070 1218 41 61 U+5411 320 2365 68 77 U+6253 1507 1640 71 87 U+306E 1208 913 57 66 U+9AD8 607 1195 73 102 U+306B 927 2291 35 44 U+80B1 1044 2616 89 67 U+3092 1509 1934 58 67 U+5E73 897 1287 86 82 U+9928 456 1420 88 89 U+5FA1 470 1355 60 52 U+5149 1348 1035 87 86 U+3093 752 1608 95 89 U+90CE 616 1447 80 103 U+76EE 1517 1148 44 72 U+70BA 762 403 77 102 U+4E5D 604 2131 91 58 U+8345 596 994 91 81 U+305E 1075 1759 72 77 U+4F46 162 1660 96 68 U+5F81 163 2192 92 72 U+83CA 319 1191 63 116 U+308A 767 316 56 79 U+591C 148 484 93 93 U+7E1B 601 402 96 90 U+8179 903 308 88 88 U+3044 1064 1970 68 51 U+515C 1492 1832 87 91 U+6BDB 1514 2306 62 63 U+306A 1058 1521 65 69 U+541B 1203 695 66 79 U+9AD8 1505 1434 70 104 U+3088 614 681 49 68 U+306A 1508 395 51 61 U+4E3B 1207 606 69 78 U+65CF 750 737 89 83 U+8A0E 462 1682 81 83 U+306F 1359 2090 57 33 U+6B7B 1047 1156 92 72 U+83CA 1068 2127 69 106 U+308B 483 2427 36 56 U+671D 750 508 90 88 U+3072 309 968 72 65 U+304C 1225 2129 64 54 U+7528 173 2476 65 75 U+3066 481 317 29 85 U+306B 1523 1378 34 47 U+5BB6 909 527 67 104 U+53D7 604 578 82 104 U+571F 908 1217 82 60 U+306E 1199 2528 95 58 U+53F8 472 1206 60 84 U+3092 624 499 48 68 U+56FD 612 2315 72 77 U+4F0F 751 2417 87 64 U+592A 902 940 83 63 U+6C5D 1350 1555 84 68 U+540D 890 861 84 70 U+6D77 459 615 84 83 U+4E57 1503 667 70 118 U+56DE 611 915 73 70 U+5341 1204 2387 61 55 U+751F 1054 1077 75 73 U+304C 935 1973 62 50 U+6234 1497 2010 83 104 U+3093 306 758 81 66 U+4FC4 900 2109 84 74 U+5185 468 697 55 80 U+89AA 746 834 98 86 U+6D1B 1349 1934 84 82 U+306B 326 1122 44 59 U+9662 1201 1446 93 84 U+3066 783 1284 26 89 U+305D 181 1365 41 78 U+8A98 462 2199 86 92 U+3044 1210 2190 64 65 U+306A 1507 2375 54 72 U+3092 782 2339 43 65 U+65CF 751 931 94 86 U+8B00 1344 2447 92 82 U+5BA3 908 2350 71 86 U+308B 149 314 76 94 U+7BA1 611 2474 72 99 U+70BA 754 1680 89 110 U+5F85 154 937 85 92 U+5FA1 1357 2390 62 45 U+9662 1352 2240 90 75 U+308B 482 930 31 62 U+3044 178 2653 65 46 U+5F13 778 2235 46 98 U+6C5D 1207 425 85 62 seg_fp 20 1721 67 85 U+9E7F 1494 2209 87 91 U+6B66 466 417 77 84 U+93A7 1485 1285 89 86 U+3090 1205 1910 71 61 U+3066 342 2253 24 108 U+89D2 1512 1539 59 98 U+3075 1048 2022 81 61 U+77E2 165 2271 84 77 U+671D 1196 1273 85 90 U+306B 926 737 36 42 U+3066 1075 980 28 86 U+7389 24 2153 73 62 U+93C3 157 1745 92 82 U+306B 1373 2028 34 48 U+9803 911 2196 73 85 U+90CE 28 2372 73 98 U+306C 1205 2262 67 66 U+306B 1525 611 36 45 U+7530 1060 2422 64 48 seg_fp 600 1552 94 82 U+3066 1525 2114 23 89 U+3081 1365 1486 46 52 U+9A0E 1349 687 92 93 U+91CE 458 2623 85 70 U+305E 618 824 84 80 U+53CD 1359 2536 74 59 U+308F 932 1913 31 62 U+8F1D 445 846 91 77 U+306B 491 2147 31 45 U+3057 1052 1290 71 74 U+3057 1349 1633 68 75 U+767A 750 1780 99 105 U+3066 628 313 30 86 U+80A1 1048 2534 89 76 U+7389 906 794 81 59 U+767A 1346 2598 93 82 U+5C71 461 2491 78 51 U+5F15 19 1623 60 82 U+305B 768 1962 56 50 U+3068 937 1533 24 75 U+3059 479 1765 41 74 U+3064 1048 445 70 55 U+5FC3 902 404 87 45 U+77E2 23 2057 67 80 U+53D7 24 618 65 107 U+6226 1194 2609 94 75 U+3070 173 883 74 42 U+3064 23 1551 52 68 U+610F 167 2554 81 90 U+7B11 614 1951 67 104 U+3092 1361 1283 53 67 U+99AC 1495 2499 85 75 U+3064 22 2000 62 51 U+3068 1523 898 28 75 U+3088 192 1833 41 64 U+3059 1366 1363 45 72 U+308A 1229 1970 31 78 U+305A 32 1392 68 84 U+7B49 1214 494 57 53 U+308C 1047 1366 84 71 U+306F 1073 2084 48 35 U+3AD6 914 2442 55 83 U+3088 177 404 37 66 U+306A 326 2629 53 64 U+90CE 914 1011 78 97 U+308C 474 2298 56 76 U+4E8C 1351 629 77 39 U+306E 177 2352 56 58 U+7D66 40 906 28 71 U+601D 317 876 67 89 U+308B 483 1839 37 68 U+3092 765 2576 54 53 U+307E 1223 1836 42 72 U+3084 1343 1851 85 77 U+3044 25 1084 60 57 U+5185 30 2507 62 83 U+308B 1226 1109 35 49 U+308B 1376 374 29 49 U+515C 746 2493 95 87 U+9032 751 1373 85 99 U+304C 50 2468 58 39 U+3068 47 1806 22 70 U+304F 197 1904 26 75 U+6B74 300 1628 85 93 U+6562 14 1294 79 90 U+308B 1520 2445 35 48 U+307F 1226 978 34 69 U+592A 28 2307 65 60 U+305B 754 1552 72 60 U+3078 20 978 80 57 U+306B 481 786 34 41 U+65E5 1224 2475 35 45 U+3066 42 724 22 83 U+305A 1071 1433 79 82 U+308B 1524 460 30 41 U+308B 194 2129 34 52 U+305F 1381 308 29 68 U+7980 321 2130 66 120 U+3053 181 1310 39 54 U+8131 744 2629 101 67 U+539F 1047 2323 78 85 U+3088 42 1479 26 70 U+898B 27 816 63 87 U+308B 1526 1776 30 45 U+540D 19 2218 64 73 U+3046 629 1795 31 84 U+767A 19 1887 72 103 U+7136 612 1638 73 91 U+4E57 1494 2605 87 74 U+3082 38 1217 33 66 U+306F 477 1907 53 39 U+304F 784 2147 27 76 U+6C60 1057 2241 72 73 U+3068 772 2101 53 48 U+3068 1236 773 28 71 U+305B 17 400 54 60 U+8499 900 2594 82 94 U+304C 1227 555 59 39 U+305A 1364 1774 73 85 U+304D 182 1128 35 87 U+3072 25 1142 60 76 U+7B87 616 2195 71 101 U+306B 40 548 23 54 U+305F 177 742 32 63 U+7D66 333 2507 35 65 U+304C 783 602 63 30 U+308A 1080 1589 35 82 U+3089 1372 1709 47 67 U+308A 785 2011 30 79 U+3068 42 1011 25 70 U+305F 1229 841 28 65 U+3068 641 1725 27 68 U+307F 195 2410 26 63 U+9818 613 2581 78 77 U+308B 629 1128 34 46 U+305F 1079 375 29 69 U+3057 1238 2044 13 93 U+304C 341 1790 58 38 U+304F 1078 727 26 68 U+305F 1232 1048 27 60 U+3051 627 1090 40 38 U+3082 929 1721 35 70 U+3051 188 1523 41 48 U+3075 903 1669 74 66 U+308B 1229 2327 26 46 U+3089 347 699 30 65 U+3075 300 2572 78 56 U+305F 1532 1728 25 47 U+304F 1085 1882 26 81 U+305F 493 2375 24 52 U+308B 1078 1713 35 52 U+3051 1076 1677 41 39 U+3068 335 810 24 64 U+305F 201 2057 29 75 U+305F 35 333 23 68 U+3068 633 752 23 65 U+305F 1520 786 33 50 U+3057 342 1028 13 92 U+3057 45 459 12 90 U+303B 347 1722 15 62 U+306B 1522 2562 32 39 U+309D 1376 1438 22 44 U+4E00 1189 2455 84 13 U+515C 16 2597 89 96 U+3089 789 1476 41 77 U+4E00 1209 2592 64 12,200004148_00083_1
U+3082 599 741 41 71 U+306E 589 1467 54 51 U+306E 742 1179 58 63 U+3082 306 1470 40 79 U+5DDE 736 529 77 83 U+306E 1493 2040 61 62 U+3092 1196 2534 60 67 U+306E 441 951 62 52 U+306E 298 1230 61 52 U+3078 436 815 84 44 U+306E 150 2095 56 55 U+306E 1488 1113 57 48 U+3082 748 383 42 69 U+306E 1195 2379 54 48 U+3044 581 501 69 52 U+5B50 135 844 79 76 U+6B7B 1181 1217 79 86 U+673D 570 824 89 87 U+306E 890 844 52 54 U+306E 1046 664 54 59 U+66F9 742 982 63 105 U+5730 1027 1184 89 72 U+8EAB 140 996 63 77 U+70BA 136 1891 83 113 U+306A 1037 2374 58 65 U+3044 1487 692 72 63 U+6C17 1496 2198 84 107 U+3082 902 1812 44 77 U+306B 442 1399 66 50 U+3070 1198 1073 80 45 U+304B 572 1528 82 58 U+3084 883 287 76 73 U+3057 1331 1798 79 64 U+9593 434 1310 82 98 U+3092 744 1445 65 72 U+4E8E 879 2115 79 74 U+6575 428 856 87 87 U+3092 589 915 61 69 U+524D 1180 2280 74 88 U+8A0E 1180 1132 84 87 U+3092 895 992 53 64 U+306E 1192 657 57 49 U+5168 1322 437 107 90 U+9580 435 720 82 84 U+8EAB 417 1534 85 90 U+809A 580 2231 90 72 U+5BB9 286 1289 84 97 U+843D 432 1870 80 114 U+306E 153 1505 49 57 U+52C7 1343 2216 64 106 U+3092 1044 2008 53 69 U+5FA1 438 1466 70 57 U+306E 141 935 58 50 U+306A 1488 1351 61 73 U+5099 1327 2433 86 95 U+99AC 1183 2195 78 93 U+3082 308 824 35 88 U+56FD 1039 577 76 80 U+4ECA 1023 937 100 85 U+4ECA 1473 1885 97 88 U+76F8 728 2149 82 71 U+3042 1336 950 65 72 U+4E8C 873 1254 80 44 U+507D 1321 611 91 93 U+5408 269 1058 107 79 U+3093 579 682 93 78 U+9A0E 871 1151 89 97 U+5175 877 901 77 89 U+9632 736 2418 76 81 U+3057 1178 1351 77 66 U+4E5D 726 463 87 54 U+5C45 715 1254 91 91 U+306A 1036 1562 63 79 U+308C 1031 2485 83 64 U+3092 299 1391 66 75 U+3066 1360 2580 28 83 U+307E 451 2624 48 58 U+308A 309 1733 32 79 U+6575 1026 1393 91 102 U+306B 140 1077 67 62 U+6226 1478 290 100 97 U+3092 1490 2562 69 49 U+5BC4 873 634 89 102 U+3057 1182 1620 72 60 U+7269 286 1564 83 72 U+306B 456 2345 38 55 U+53F8 745 1098 58 80 U+3042 1488 383 65 76 U+82F1 1487 2107 76 91 U+751A 1475 2306 85 92 U+826F 1193 726 66 93 U+6575 1472 1003 93 99 U+5C06 1173 822 93 92 U+308C 580 1157 86 66 U+6D41 1480 1177 89 82 U+4E07 1186 288 73 99 U+3069 1208 1900 64 71 U+3066 1059 1722 25 95 U+306A 890 2472 66 61 U+5FFD 1037 1086 73 89 U+624B 895 736 50 100 U+5207 576 2456 94 66 U+304F 128 299 79 55 U+5927 1032 721 85 80 U+767D 295 2289 60 74 U+3082 1345 862 43 80 U+5FA1 1339 1404 65 68 U+3082 1352 2045 37 65 U+6765 1185 2038 75 104 U+5317 1332 1736 93 57 U+5FD7 281 653 81 85 U+667A 1328 2118 86 91 U+4EF0 280 2001 89 83 U+3066 761 2321 20 85 U+9A0E 870 1390 91 95 U+3082 1056 868 42 63 U+306F 1198 2150 50 31 U+7E2B 279 2373 92 95 U+3069 602 426 68 68 U+59BB 142 2150 77 101 U+3069 169 1361 72 62 U+305B 274 458 81 54 U+7B49 881 519 66 55 U+5875 1175 2432 88 96 U+6483 881 1482 87 127 U+308C 1334 288 67 87 U+3070 1046 2549 87 45 U+5F8C 1027 1817 84 101 U+3092 447 1793 56 68 U+767E 877 1072 78 73 U+77E2 569 1279 88 95 U+5B50 148 1564 61 78 U+308A 1362 2530 28 50 U+308F 307 525 32 66 U+308A 608 1659 31 88 U+306F 595 566 48 48 U+3092 1485 919 62 74 U+3066 163 1791 23 96 U+3042 1191 1770 60 73 U+306E 145 2583 50 49 U+3075 1469 756 86 61 U+308C 137 1304 91 75 U+3078 277 1879 97 64 U+671D 133 1994 84 95 U+66F9 1336 1465 66 103 U+5F8C 415 628 96 91 U+304C 901 586 55 41 U+79A6 729 2505 87 97 U+308C 1177 996 106 78 U+3072 1484 1677 71 67 U+517C 1341 2326 70 102 U+3068 597 2627 53 47 U+592B 137 2498 86 87 U+306A 440 424 60 73 U+3055 897 2616 42 54 U+7A2E 568 1375 96 81 U+5085 278 921 94 84 U+898B 1482 2615 93 56 U+4FBF 1026 2280 93 94 U+6226 581 1751 93 90 U+5F53 1184 556 73 91 U+5973 725 1841 94 60 U+4ECA 129 2413 96 86 U+3075 419 370 83 62 U+306F 142 728 55 43 U+7D66 1200 1419 33 68 U+6D99 282 2471 87 81 U+92ED 1468 2405 104 82 U+306F 1190 1727 61 38 U+66F9 440 2151 66 104 U+3090 290 295 64 74 U+57CE 724 1351 97 85 U+308C 280 2165 106 78 U+308C 1178 1846 88 69 U+3093 1480 1484 87 73 U+306B 746 614 60 47 U+3079 1317 1185 96 65 U+5973 125 779 95 54 U+601D 1485 1608 77 68 U+306B 742 1768 65 59 U+3068 892 1754 62 57 U+305D 1505 1971 45 66 U+8A70 1024 1919 84 84 U+307E 1054 2083 37 71 U+540D 1027 794 77 73 U+3092 749 2064 52 63 U+6F54 585 2026 74 87 U+6557 1321 1648 105 90 U+308C 877 1975 102 80 U+3070 1349 373 82 45 U+6226 285 1141 90 90 U+306F 595 1236 52 33 U+3092 294 753 63 71 U+8A9E 729 2233 83 83 U+3066 462 1989 19 95 U+306F 1197 1310 46 32 U+5FA1 438 2093 71 56 U+3089 754 1601 49 72 U+653B 726 1523 99 77 U+601D 433 294 75 77 U+5019 301 1825 49 52 U+8A00 1482 1262 70 85 U+4F1A 433 2517 85 100 U+308B 1350 1143 36 53 U+7236 135 1430 80 75 U+3078 291 1009 79 53 U+3093 1033 2210 82 63 U+6562 873 2278 95 100 U+3068 1512 616 31 83 U+3066 607 1923 22 96 U+306B 150 1656 56 55 U+7E26 1318 1315 94 87 U+306A 1190 911 59 86 U+3093 576 359 93 85 U+3075 573 1842 79 83 U+308C 426 502 93 73 U+5FA1 735 923 63 57 U+4E0D 1183 484 70 57 U+306B 908 2044 29 53 U+306B 1504 1827 37 50 U+3093 575 2573 100 59 U+308C 577 614 71 76 U+76CA 878 2383 91 90 U+306A 581 289 71 69 U+3068 1512 1535 27 70 U+304C 309 590 59 46 U+5EFB 426 1012 88 79 U+3056 1355 1088 63 55 U+767E 872 1319 85 64 U+3042 150 1231 54 68 U+53C8 21 812 52 74 U+306B 1333 792 69 69 U+308B 905 1689 33 63 U+304D 1502 2493 38 70 U+3059 306 2085 41 75 U+304F 607 2129 26 86 U+308B 459 1239 27 57 U+7D66 1359 1862 32 72 U+308A 163 2317 28 95 U+53D6 1194 2608 54 62 U+3089 455 1093 44 82 U+4E5D 1028 395 87 61 U+65E5 1201 1984 38 49 U+304D 603 2358 37 88 U+3068 1061 1497 26 61 U+306F 449 1634 48 28 U+306F 1189 1485 60 41 U+751F 135 2629 83 61 U+74B0 426 2415 96 89 U+3066 154 430 29 116 U+65E5 1055 1027 34 54 U+308A 1513 454 26 80 U+3092 20 1263 40 65 U+3068 1368 1987 23 65 U+53F8 1346 1580 56 71 U+308F 604 1084 31 71 U+305F 1054 2156 30 54 U+308A 1061 1639 28 83 U+3075 1315 1935 90 72 U+304F 1357 525 30 82 U+304B 610 2309 30 49 U+5916 13 1326 58 92 U+592B 1179 387 82 82 U+3070 449 568 82 43 U+8A0E 21 891 56 78 U+8B90 1032 1259 75 127 U+8EAB 869 448 71 69 U+3068 916 1618 22 71 U+3057 757 2601 47 73 U+3057 1518 1739 17 88 U+3088 1050 2587 45 61 U+305F 162 2249 31 69 U+3056 456 1176 76 64 U+3057 17 1061 50 64 U+3068 314 1909 25 72 U+3053 450 1681 42 53 U+3089 618 2526 40 54 U+3057 294 2579 60 100 U+304B 1204 1681 33 49 U+305F 307 1678 33 56 U+308F 154 562 35 89 U+7B87 1040 470 65 94 U+3051 1054 2441 35 40 U+540D 735 672 66 86 U+304B 317 1641 26 38 U+53F8 450 2267 57 78 U+3057 1518 527 14 91 U+3057 174 1133 12 95 U+3070 303 2239 87 40 U+3066 15 1771 33 64 U+3089 1519 1425 34 68 U+3089 162 653 37 74 U+6B7B 19 965 56 95 U+843D 2 1836 68 102 U+304C 18 1722 68 56 U+3086 18 1943 40 83 U+3057 909 2534 20 83 U+7D66 30 1126 24 78 U+3089 309 379 40 82 U+307F 161 367 29 59 U+306B 25 1419 28 51 U+308F 907 1898 31 73 U+3057 613 983 12 97 U+7236 17 724 55 90 U+308A 1346 708 52 82 U+308B 764 1670 30 53 U+3057 767 288 12 89 U+305A 24 637 58 80 U+308B 752 851 33 58 U+3055 307 2562 32 67 U+3089 32 565 27 75 U+3057 1072 302 10 85 U+3057 27 487 36 77 U+3057 175 1707 14 86 U+5FA1 885 375 62 55 U+3075 19 1204 43 52 U+3089 1366 1021 39 74 U+4F8D 11 2112 54 84 U+304D 16 2026 25 84 U+3058 1219 1514 49 96 U+3057 1356 1217 60 93 U+305F 755 761 31 74 U+3092 28 406 28 68 U+3070 758 1905 41 76 U+304D 15 2289 27 80 U+6B8A 16 2378 48 80 U+3066 910 2199 19 62 U+3089 760 1990 36 74 U+308B 20 2195 26 63 U+6B7B 26 301 45 95 U+309D 762 1723 21 42 U+304E 602 1584 68 76 U+3066 25 1574 16 105 U+898B 20 1478 40 91 seg_fp 21 2576 40 55 U+3044 13 1660 51 66 seg_fp 458 1736 29 54 seg_fp 14 2252 67 51,200004148_00085_1
U+306E 526 2325 63 60 U+306A 672 1178 66 70 U+306E 229 944 58 48 U+306E 969 2045 58 55 U+306E 969 1356 54 56 U+306A 1417 1792 60 73 U+306E 1271 985 57 51 U+3082 1420 798 46 80 U+306E 826 796 52 57 U+5F15 1258 2239 76 81 U+4ECA 1102 927 101 89 U+306E 1124 1087 55 52 U+306A 1413 653 65 77 U+306E 1565 1332 64 59 U+53E5 1122 1187 67 93 U+4EF0 1252 1047 94 90 U+306E 675 1112 62 58 U+306E 1267 1907 63 52 U+3092 1424 418 53 64 U+4EF0 1403 1331 87 88 U+90F7 1549 749 101 96 U+306E 525 1223 58 56 U+5DDD 1555 1396 77 84 U+304A 1259 502 83 55 U+306E 527 1665 59 63 U+3082 1131 2111 42 59 U+5B58 1410 2108 79 89 U+3082 978 262 38 69 U+307C 1271 562 95 81 U+843D 1410 887 78 106 U+307B 669 2232 73 69 U+671B 217 1816 65 98 U+5730 814 264 91 65 U+306B 1122 1288 67 56 U+3093 959 1603 95 84 U+306E 1120 611 56 59 U+5B55 820 417 71 99 U+3082 691 675 35 77 U+306A 676 2160 62 62 U+306B 843 347 36 52 U+51FA 1562 612 81 66 U+306E 678 1753 57 51 U+306B 379 2155 58 47 U+3082 242 427 37 73 U+3075 1408 259 75 67 U+3061 977 507 51 72 U+308D 1115 2047 64 57 U+306E 674 2361 59 58 U+3092 830 1084 52 69 U+3066 1140 1638 28 100 U+9CE5 675 1873 72 99 U+8278 1562 1866 80 88 U+306E 823 1468 63 64 U+904E 361 1983 86 91 U+5B50 818 1541 82 80 U+306E 1572 692 49 46 U+52C7 1124 1745 68 103 U+5929 810 2336 81 79 U+5473 1406 1604 88 80 U+3092 828 2031 54 66 U+4E8B 679 1000 55 99 U+5730 661 263 92 75 U+9577 360 1608 95 94 U+306B 826 934 53 41 U+3092 687 346 53 65 U+3072 214 2281 71 61 U+7570 657 763 86 103 U+306A 676 867 61 73 U+3066 239 1702 27 107 U+60B2 964 2218 78 84 U+8AA0 952 1424 96 89 U+53CA 367 1773 78 81 U+7236 1267 887 70 79 U+308C 1110 1570 89 73 U+308C 511 737 100 77 U+5E74 509 2131 88 100 U+9014 1548 1222 93 101 U+4E16 804 861 88 57 U+80B2 366 1390 87 109 U+304C 540 2077 71 43 U+5F53 370 1004 77 98 U+6148 961 2110 76 97 U+751F 814 992 73 79 U+4E16 360 2089 89 50 U+57CB 1555 1783 86 79 U+52A9 958 1524 93 74 U+7DE0 357 2442 93 96 U+3082 232 2410 45 56 U+306C 213 2072 76 60 U+5411 966 690 71 72 U+3051 1270 2165 69 74 U+990A 359 1259 100 124 U+3082 388 921 37 73 U+547D 1396 2203 99 108 U+5B50 518 876 82 81 U+308C 662 1308 90 77 U+3080 1266 1253 73 60 U+308C 513 486 99 77 U+306B 542 812 36 49 U+3044 971 972 63 56 U+3044 1121 264 62 45 U+3044 520 1041 73 54 U+662F 1271 1792 63 105 U+5BB6 220 819 83 104 U+306F 1270 2043 59 48 U+5C71 673 1674 74 58 U+6B7B 959 769 78 83 U+306B 370 2315 74 46 U+3092 825 1638 57 66 U+3088 1422 998 42 69 U+3072 819 1843 72 68 U+305B 1567 266 64 67 U+3092 230 1268 62 67 U+3093 964 843 85 67 U+3046 1280 2090 37 70 U+6D3B 1406 1075 80 86 U+6210 369 1513 86 89 U+80CC 956 588 81 108 U+3042 379 508 65 74 U+5F01 1245 1514 97 99 U+9854 951 338 84 93 U+6E90 218 727 83 87 U+305B 1697 1042 68 67 U+3082 538 1157 40 66 U+3084 1257 413 77 78 U+5B50 960 1141 86 83 U+3068 1285 1435 33 67 U+6D6A 515 2233 85 78 U+3068 236 2138 32 66 U+306B 378 852 54 67 U+308F 539 2015 38 61 U+662F 510 1413 87 93 U+306B 383 1708 56 48 U+5207 1103 678 93 62 U+3075 508 1095 80 60 U+3088 1283 257 41 75 U+89AA 807 1923 96 94 U+3059 980 1750 50 85 U+7980 819 1161 66 117 U+3093 1552 2408 86 70 U+4E09 1558 1132 76 81 U+8EAB 512 1572 73 85 U+3042 1118 1359 71 75 U+601D 212 2212 76 65 U+4F8D 1260 2483 88 69 U+308C 513 1892 91 75 U+66F9 226 1063 66 104 U+8EAB 1414 332 64 83 U+308B 985 1284 33 57 U+306F 386 363 51 43 U+5225 666 2430 72 79 U+3082 1580 1996 39 58 U+306F 1126 890 54 32 U+6210 216 2479 76 87 U+601D 222 262 78 90 U+306F 529 1293 52 32 U+7363 660 585 98 88 U+6069 1110 374 82 95 U+306A 1125 740 55 78 U+3093 1252 807 92 73 U+306F 382 1933 50 41 U+5FA1 527 1516 61 55 U+7E01 361 2218 99 92 U+5F8C 1702 635 74 99 U+8005 218 2561 74 84 U+9CE5 812 2559 78 91 U+305D 974 2476 52 60 U+3053 831 729 43 50 U+4F8D 1561 2210 81 66 U+3086 1114 2381 77 55 U+3058 1293 1357 54 76 U+306F 1419 1563 49 31 U+5FA1 1715 502 51 66 U+3093 373 2582 84 64 U+306A 1572 2063 53 64 U+6C17 1421 1689 84 100 U+6CC1 514 581 93 72 U+306A 1266 1608 63 72 U+53AD 355 263 110 86 U+3068 991 894 28 76 U+308F 1435 491 30 74 U+3076 806 2487 102 71 U+3066 1431 2310 23 99 U+3075 1106 312 76 56 U+306E 1568 1483 56 55 U+306F 1272 1140 56 32 U+306E 1715 1208 45 49 U+306B 1417 2036 64 58 U+5FA1 224 1011 67 54 U+304B 1285 1315 31 41 U+3075 954 1031 76 60 U+307F 544 353 30 60 U+4E16 1415 1974 71 59 U+5A7F 205 1353 105 84 U+3066 1588 405 22 86 U+304D 1424 1873 41 89 U+306F 974 1091 46 39 U+3082 1584 1707 28 61 U+3088 543 2388 38 71 U+3068 545 959 27 74 U+306A 522 1808 65 77 U+611B 1113 484 82 114 U+3066 370 1869 58 60 U+60B2 517 262 85 77 U+305A 389 406 64 88 U+98A8 366 759 110 83 U+305A 237 634 81 82 U+6BCD 1697 436 79 57 U+3053 1129 1026 46 45 U+308B 843 1340 28 51 U+56FD 1119 2585 72 63 U+306A 1711 1692 48 81 U+6853 658 1583 103 83 U+3072 221 353 71 75 U+884C 1702 2197 73 83 U+6148 1711 1267 62 99 U+3088 1731 271 25 69 U+8DB3 223 1921 61 81 U+305D 690 1493 38 79 U+305D 690 2300 40 63 U+7236 1698 1116 67 80 U+3070 530 2600 77 41 U+3059 1430 1420 39 72 U+3066 842 625 22 95 U+56DB 678 1823 68 46 U+3070 536 1960 91 41 U+96E2 662 2509 89 88 U+3053 1136 1941 37 61 U+304B 1559 2467 67 51 U+3088 1141 2176 34 68 U+3088 1420 1162 47 74 U+306B 1720 571 43 62 U+305D 1279 1179 46 68 U+308B 1425 1493 34 48 U+3059 1277 642 40 90 U+308B 984 1838 39 53 U+308A 984 2382 30 83 U+3053 686 1422 41 66 U+3092 531 2526 54 71 U+611B 1709 1378 62 112 U+306F 1125 2244 57 46 U+3068 992 1673 24 73 U+8D70 678 425 64 96 U+308A 1138 2291 33 76 U+3066 1581 1031 22 90 U+3081 1579 336 44 67 U+3070 682 1383 93 40 U+7236 952 1959 96 75 U+6155 804 2105 93 117 U+5B5D 1700 2089 73 99 U+3092 1423 2535 49 46 U+305F 540 426 30 60 U+306A 978 2317 51 65 U+898B 1403 2589 82 60 U+3051 226 560 70 73 U+6182 1413 2416 70 109 U+5FE0 1109 2518 87 68 U+5C0E 1557 849 75 97 U+3051 387 2539 40 44 U+5929 968 2596 65 55 U+308C 827 529 49 92 U+308B 1137 814 37 66 U+305B 1700 1962 65 64 U+3058 404 1099 45 83 U+308A 1728 341 26 88 U+304A 820 1716 80 50 U+306F 1126 1525 55 43 U+3082 838 1395 32 73 U+305F 1277 2350 38 57 U+3059 688 1972 42 81 U+304F 1282 2413 27 65 U+3082 972 2537 43 53 U+53EA 510 1344 86 69 U+3090 1711 895 54 59 U+308C 1710 734 56 80 U+3068 1274 2600 55 49 U+306F 974 1896 49 38 U+3066 1572 2359 48 50 U+3075 805 2229 74 56 U+3089 1286 1722 42 69 U+307E 1721 817 40 75 U+3092 687 2594 43 53 U+308C 1709 1778 68 67 U+3068 1591 1641 23 66 U+3068 241 1555 32 65 U+3068 1427 1236 30 76 U+306F 829 2284 43 39 U+308B 540 2459 36 52 U+3068 1728 1618 27 73 U+304F 1436 729 24 69 U+307F 545 1730 30 65 U+308A 1589 2276 30 77 U+305F 845 1287 25 56 U+308A 1433 563 29 89 U+3089 1134 1441 63 75 U+307F 1285 1974 32 67 U+53F8 228 1183 63 83 U+6B7B 1562 516 82 100 U+308B 692 514 44 57 U+3082 837 1768 35 76 U+3068 394 1178 33 67 U+308A 1588 2123 34 82 U+3046 981 438 28 72 U+308F 546 662 24 73 U+3089 681 2063 50 90 U+306B 1727 1499 31 55 U+308B 1292 2555 34 45 U+3051 691 1257 36 43 U+304C 1291 1673 59 52 U+7B4F 1550 1543 96 113 U+304F 1137 2433 29 77 U+308A 237 2000 32 76 U+308B 696 938 32 58 U+305F 992 1222 25 63 U+304F 1588 2516 24 69 U+3068 843 2408 19 74 U+4EBA 1698 1559 80 80 U+304C 1288 2313 82 38 U+3055 1727 1895 23 60 U+308B 1730 2026 25 47 U+3057 404 2368 11 72 U+3057 252 1618 14 84 U+306D 217 1474 77 82 U+304D 1134 1859 37 82 U+3068 1291 332 25 76 U+3089 1286 734 33 81 U+4E00 1110 1159 82 15 U+3089 1733 962 29 86 U+7AED 1703 2322 70 81 U+304B 249 510 30 48 U+3057 254 2346 11 65 U+306F 1717 2284 44 34 U+3068 1594 1937 21 37 U+3070 1723 1849 42 32 U+304D 390 663 34 85 U+3089 398 585 43 77 U+309D 1145 2004 22 30 seg_fp 1574 945 36 86 U+304B 245 1444 34 41 U+601D 1572 2591 54 52,200004148_00085_2
U+306E 820 422 60 69 U+4E03 959 1358 92 62 U+306E 976 1605 61 64 U+3092 682 1410 63 82 U+3031 1433 1040 50 170 U+306E 226 2320 57 52 U+5148 214 312 78 85 U+306E 378 1362 60 54 U+5CB3 802 304 92 98 U+306A 1270 1303 65 83 U+820C 1257 1817 78 101 U+4EBA 188 1059 109 83 U+3092 1273 1934 61 55 U+6253 214 1393 80 85 U+5341 212 2153 76 66 U+5200 1576 1670 61 66 U+306B 374 611 64 51 U+3092 383 1944 62 68 U+6C34 1562 1852 90 80 U+51E6 368 527 83 74 U+6483 514 2250 88 117 U+98DB 380 2024 81 92 U+99AC 812 1179 88 96 U+592A 506 920 95 77 U+4E94 1392 405 91 64 U+90CE 1126 2272 85 108 U+516B 962 1439 80 49 U+3082 1138 1976 44 74 U+5207 1402 1427 93 64 U+3072 1268 2120 77 73 U+5730 1406 1326 95 74 U+3092 1575 1268 59 67 U+5C4F 806 2018 96 119 U+4E0A 810 497 90 67 U+9053 359 1154 94 114 U+306E 680 2537 49 53 U+306E 1126 901 62 63 U+70BA 1113 685 81 118 U+3092 1575 1762 61 71 U+306F 1588 307 35 89 U+9A0E 953 1500 97 100 U+534A 212 2393 80 81 U+306E 1573 2059 61 60 U+7F75 965 1050 79 111 U+4E8B 379 2231 61 119 U+7ACB 211 1143 79 86 U+3082 685 485 43 65 U+8490 1411 799 83 114 U+3044 1121 1524 71 50 U+3092 829 2247 63 72 U+4EF0 1252 1401 95 85 U+6728 949 2396 101 88 U+3066 990 1228 28 111 U+8ECA 1564 1940 85 109 U+306E 971 2507 57 56 U+81E5 665 1315 90 89 U+3092 522 503 55 60 U+5185 1120 968 74 88 U+306A 1127 1174 66 91 U+9577 1559 1553 90 98 U+5BA4 1116 1068 88 100 U+8ECD 969 1673 82 107 U+304F 684 308 34 78 U+5175 965 1790 88 84 U+3082 1275 769 46 81 U+306E 1423 2058 62 69 U+5F13 532 306 43 96 U+9A0E 205 2044 97 96 U+77E2 513 410 80 78 U+592A 813 1336 94 83 U+7ACB 1558 410 85 87 U+4E3B 666 394 82 93 U+5165 1388 919 98 72 U+308C 958 2325 105 67 U+3066 845 1901 24 111 U+53EA 949 516 89 65 U+5200 529 1009 51 69 U+8179 809 1431 93 104 U+985B 663 1199 87 106 U+3066 1587 1052 28 83 U+6B64 965 1994 89 61 U+5730 209 1248 97 66 U+843D 674 1702 83 108 U+4E08 1262 2526 80 77 U+5C04 800 1641 99 91 U+306C 672 1908 70 70 U+5F7C 963 1885 94 95 U+898B 1558 953 86 91 U+3092 828 1548 62 75 U+6B21 362 1274 83 79 U+68C4 508 783 95 119 U+4E94 208 1973 84 60 U+5FFD 1415 1220 78 90 U+3042 1264 860 75 82 U+305A 365 1076 107 74 U+9063 508 663 90 114 U+767D 537 2063 52 79 U+77E2 815 1007 85 92 U+3066 1289 1695 27 106 U+3059 1434 1880 46 87 U+662F 1260 2207 90 103 U+8AB0 359 673 90 89 U+306B 234 407 36 50 U+3059 391 2132 44 86 U+8131 509 1085 100 86 U+5012 1410 1787 86 85 U+9A0E 1398 478 96 108 U+304F 1144 2172 27 85 U+3057 360 908 81 88 U+3046 1288 697 26 75 U+8599 1406 1665 93 115 U+6765 522 1702 71 114 U+306B 837 1104 38 59 U+7ACB 966 2131 80 80 U+9A0E 203 2218 90 94 U+308C 211 1768 113 86 U+7D9A 1116 2060 85 103 U+5F7C 1121 1413 80 99 U+8996 1243 1596 110 88 U+3066 544 1390 24 100 U+308B 239 1632 35 60 U+306B 1584 894 39 48 U+852D 962 2563 84 96 U+6389 1262 2004 89 110 U+306B 1118 1629 77 63 U+3064 521 1825 76 64 U+671D 1105 804 89 91 U+3082 1135 2444 40 67 U+3073 664 2291 111 82 U+5C04 935 592 108 81 U+843D 964 782 90 117 U+3048 1116 479 68 66 U+304E 1286 1490 70 92 U+5C04 795 757 106 86 U+5410 519 1893 85 59 U+4F0F 1402 1506 96 74 U+8ECD 209 779 79 96 U+6B66 218 2483 83 92 U+9419 1554 1155 98 101 U+308A 839 636 30 112 U+5175 209 888 81 86 U+5A01 1408 2127 91 110 U+5012 207 1490 95 86 U+306F 832 1278 49 36 U+98A8 824 2152 99 80 U+3059 225 468 51 93 U+7E2B 514 2151 92 95 U+3048 369 308 71 89 U+306B 689 873 31 49 U+805E 1105 384 74 90 U+3042 1565 1352 75 82 U+5C04 645 1510 112 91 U+6562 1111 1829 96 91 U+63BB 497 577 110 79 U+305B 1429 1600 50 48 U+5730 657 1038 103 71 U+4E2D 1413 624 72 97 U+5F53 1259 480 81 108 U+852D 371 1552 79 110 U+3075 1564 2308 80 76 U+306A 1277 2313 54 77 U+9065 1557 779 86 105 U+64B2 650 938 98 94 U+7B49 1124 2378 61 66 U+52E2 1404 2235 92 120 U+308B 1137 612 32 60 U+308F 992 2220 33 65 U+306B 993 2063 34 53 U+3066 697 1602 22 98 U+8F2A 1560 2465 90 93 U+3068 696 1109 33 75 U+306B 239 1324 36 52 U+3081 1130 1341 59 56 U+3042 1121 2528 69 68 U+85AE 364 1432 98 105 U+3088 399 1673 36 75 U+308B 386 457 33 52 U+52C7 1131 1703 64 115 U+306F 230 1923 52 40 U+77F3 354 1855 98 71 U+5973 1254 2464 97 62 U+308B 987 367 29 63 U+3079 523 2474 94 39 U+306B 984 429 36 67 U+308D 659 649 88 86 U+306F 1278 1183 55 31 U+306F 1579 1436 49 50 U+3066 1262 402 54 61 U+5012 809 2339 96 71 U+308B 517 2382 80 90 U+3078 1564 542 83 46 U+3056 988 310 67 57 U+3055 243 1582 35 49 U+8005 213 2573 78 92 U+3066 992 676 22 92 U+8D70 517 1502 78 102 U+55DF 524 1966 76 93 U+3066 1434 301 26 89 U+3088 845 570 30 68 U+96F9 372 2349 80 107 U+304A 662 2474 86 54 U+305D 1436 1978 42 73 U+596E 1408 2362 86 129 U+3031 694 2560 54 107 U+3079 1250 644 114 55 U+4E09 211 977 82 76 U+308A 992 1158 32 71 U+308C 1256 1098 91 79 U+305B 1581 1489 40 53 U+306E 382 2465 61 55 U+304F 816 890 74 50 U+3064 1562 687 68 61 U+7B49 228 1853 62 59 U+308A 548 1604 32 91 U+304B 1149 1578 27 53 U+307F 235 612 36 66 U+308D 665 2146 86 87 U+3059 839 2421 37 81 U+307F 1292 1229 27 66 U+3093 1263 2381 83 75 U+306F 377 862 50 32 U+305B 982 901 46 54 U+305B 812 1816 73 82 U+304C 842 2504 64 48 U+304B 846 844 26 41 U+592B 1274 2595 70 69 U+308A 382 1745 48 105 U+3053 234 1702 47 62 U+3056 539 1224 75 66 U+304C 1428 585 64 40 U+3068 701 1986 25 73 U+3082 681 791 46 66 U+306B 1434 717 35 67 U+304F 1594 2221 25 94 U+898B 523 2580 79 79 U+3053 686 2238 40 55 U+3089 1154 1268 35 73 U+3068 1154 1917 19 61 U+308B 846 941 33 48 U+305F 1137 544 27 69 U+3068 1142 306 22 69 U+3068 991 955 31 87 U+3088 695 2071 30 72 U+3068 1436 2601 27 62 U+308B 1290 587 32 56 U+305F 393 397 30 62 U+304B 1593 501 25 41 U+3082 683 558 45 99 U+304B 546 1174 28 53 U+3057 711 1812 14 95 U+3068 698 736 22 55 U+7136 1418 2504 79 81 U+308A 1596 2381 28 85 U+3089 390 999 35 79 U+3055 841 1734 32 70 U+3057 1600 2564 13 96 U+304F 548 2511 24 64 U+308A 1436 987 35 104 U+304B 990 2285 26 43 U+3056 1284 1017 70 73 U+3068 394 771 21 76 U+3057 553 1288 14 101 U+3057 249 679 11 86 U+3089 1296 945 39 79 U+3061 1715 1524 36 65 U+3089 1141 2597 38 61 U+304F 394 2596 29 68 U+3066 692 2386 23 81 U+3057 1293 300 18 92 U+308A 1594 590 30 96 U+3072 1708 2313 56 63 U+3066 1725 1632 19 83 U+309D 242 564 19 44 U+3092 1714 1832 43 75 seg_fp 843 2595 26 66 U+9996 1707 1720 51 94 U+7AF6 1696 2202 53 95 seg_fp 1720 1915 41 72 seg_fp 1709 2584 69 71 U+309D 1594 746 15 27 seg_fp 399 2528 66 63 U+305F 1729 1451 19 74 U+767D 1715 2521 50 68 seg_fp 1424 2574 67 25,200004148_00089_2
U+5341 1234 1347 86 92 U+306E 1258 2270 58 50 U+306E 1244 642 62 58 U+306E 1113 2314 58 56 U+3092 1250 1453 65 76 U+306E 512 1360 56 58 U+516B 180 1673 105 62 U+306A 206 1116 69 76 U+306E 803 707 60 60 U+4E5F 959 1883 65 73 U+4E5F 363 1414 68 67 U+306E 1558 2074 57 52 U+3082 220 1283 40 77 U+3042 809 1827 68 77 U+306A 1540 545 69 79 U+8EAB 936 983 81 95 U+305B 348 474 83 63 U+5C11 1097 826 80 80 U+3066 680 1811 28 116 U+5016 1232 806 90 115 U+62DD 1399 2340 79 117 U+3092 1397 1475 63 72 U+70BA 1255 2046 75 125 U+306B 1384 298 72 61 U+306A 1105 1564 62 80 U+767D 1256 1805 58 80 U+306B 206 304 72 69 U+308C 1098 1288 99 77 U+4E8B 808 784 52 104 U+3082 364 641 48 69 U+91CE 643 1053 96 101 U+3044 662 2461 75 55 U+7D00 349 1965 101 76 U+307B 1540 637 68 77 U+3053 811 646 54 54 U+304B 645 1626 90 61 U+306F 1256 2007 58 40 U+6059 1399 1737 80 89 U+5F7C 782 886 98 90 U+91CE 941 1688 92 105 U+306A 798 304 66 66 U+50E5 1231 710 96 95 U+9762 205 1022 73 87 U+306B 1569 2240 47 51 U+4E0A 506 1786 85 70 U+304C 1259 484 58 48 U+843D 795 1606 95 108 U+662F 1249 298 64 96 U+51FA 804 1367 80 59 U+304C 974 927 67 45 U+5B89 1091 1025 86 85 U+3092 211 1981 61 60 U+524D 346 1169 90 110 U+308C 197 612 88 84 U+66F9 1111 1716 64 111 U+6D99 800 1725 91 90 U+5BB5 356 2372 87 104 U+3092 1390 1013 65 72 U+6642 500 2205 90 76 U+4E8B 667 2162 60 114 U+4EBA 1540 1791 101 68 U+6CBB 355 2145 81 73 U+5FA1 1110 1655 65 57 U+4E16 644 2381 100 63 U+3042 951 718 65 72 U+8FF0 1232 1542 95 95 U+3082 827 2452 38 58 U+6C17 954 1359 99 102 U+306A 1244 919 66 80 U+3072 942 634 80 81 U+3070 210 869 92 55 U+9A5A 1522 293 88 121 U+96C4 643 718 95 97 U+5F15 347 1745 84 98 U+53EA 186 937 97 72 U+3079 345 871 93 63 U+4E94 1237 1214 84 64 U+671D 1246 2162 81 101 U+306B 1569 1857 37 48 U+6298 1535 1287 77 90 U+5E73 797 2288 91 93 U+5371 1386 364 81 95 U+308F 966 850 40 70 U+5E73 351 2053 90 86 U+4EC7 1377 1396 106 71 U+306E 357 1095 67 65 U+3070 813 2132 89 51 U+3092 1413 2256 56 66 U+307B 1099 2154 76 93 U+9038 1525 712 94 100 U+306E 366 2474 66 50 U+6F2B 802 1435 88 101 U+7D66 529 2041 36 87 U+306B 225 1594 38 61 U+308C 1547 1651 84 72 U+3042 1562 1587 49 63 U+8D70 1527 1029 97 99 U+3051 1409 1656 58 68 U+4ECA 351 2272 102 101 U+6B7B 656 1930 90 101 U+3072 647 960 88 76 U+304B 346 721 89 56 U+308C 489 809 102 86 U+306A 671 2558 63 71 U+3066 818 533 26 110 U+3092 806 1099 62 76 U+4E8B 808 985 58 119 U+3044 950 1968 77 51 U+6D1B 504 1865 95 88 U+5F8C 201 508 79 99 U+3066 1406 1278 28 113 U+5951 495 304 96 97 U+3092 511 883 61 73 U+308C 1549 2521 90 63 U+9010 1539 2304 98 83 U+3075 502 2133 79 66 U+5065 943 1254 94 95 U+8A0E 195 2443 95 87 U+3048 356 1883 79 75 U+7D00 797 2199 100 87 U+3053 1120 2250 51 47 U+805E 1096 620 74 96 U+4EE3 192 1740 101 97 U+98A8 643 1157 106 80 U+3072 200 1442 79 74 U+7E2B 1237 1888 94 100 U+306B 1113 2441 66 60 U+3090 353 304 70 75 U+3082 1557 1374 41 67 U+53BB 514 1155 65 78 U+306B 1105 1930 66 70 U+3068 680 815 28 78 U+541B 508 1677 73 91 U+306F 1559 1921 51 33 U+3048 1383 663 82 80 U+306A 1403 1843 62 81 U+3070 1255 1767 60 35 U+3059 676 2025 42 75 U+3072 1087 381 82 73 U+60DC 945 2103 82 95 U+3057 646 303 83 74 U+3066 228 2143 28 109 U+306F 367 2230 59 36 U+308F 1256 408 41 72 U+308C 1529 461 99 80 U+3066 1116 720 28 99 U+3046 1119 1215 39 81 U+5E74 492 1236 97 121 U+6765 1542 1130 71 105 U+98A8 946 1796 106 79 U+4E8B 1413 2579 54 89 U+6575 1539 2133 90 89 U+6575 192 1868 96 96 U+53F8 1119 1842 61 83 U+5C71 652 657 78 57 U+306A 1101 2064 67 87 U+904E 648 2283 92 94 U+590F 501 1427 91 106 U+3070 661 379 80 47 U+9000 1383 1560 93 92 U+8C61 354 1281 97 118 U+62D2 500 2513 91 77 U+5408 354 2518 94 69 U+3042 503 454 77 85 U+308A 825 367 30 83 U+3070 521 1101 89 41 U+305D 377 1497 47 75 U+77F3 1370 924 87 75 U+516B 946 2359 92 62 U+98A8 510 2388 98 69 U+3078 201 457 79 54 U+8F19 1243 2334 96 91 U+308A 972 1152 34 104 U+3044 656 1316 70 60 U+306B 375 1667 46 65 U+306F 673 1687 52 47 U+98DB 1381 1098 90 92 U+305D 1563 1505 45 77 U+6CBB 805 2380 77 75 U+601D 197 1371 82 69 U+3072 651 1379 81 92 U+6F54 197 2259 90 90 U+306B 822 1540 30 55 U+5925 1530 1965 90 101 U+304F 1411 464 27 88 U+9854 1385 2149 82 87 U+306F 1556 814 39 74 U+5835 1091 1114 84 88 U+308B 678 2098 37 64 U+3092 822 2600 62 65 U+592B 1559 1715 57 71 U+3088 972 1080 36 76 U+7D66 1399 743 38 74 U+8EAB 1229 534 86 106 U+307E 526 2595 45 74 U+308C 368 1574 58 91 U+7D66 1110 297 35 80 U+62C4 189 2050 100 90 U+3044 657 901 74 56 U+8A9E 788 1194 87 83 U+91CE 498 2289 92 94 U+4EE3 945 2429 91 86 U+4E16 1094 2384 91 52 U+601D 502 972 72 80 U+304F 229 2356 27 90 U+3078 502 1054 90 57 U+306A 956 1475 65 82 U+3059 1410 2446 55 72 U+6226 346 2592 100 80 U+308F 525 1542 38 67 U+3068 977 2015 33 79 U+306F 1113 2002 58 50 U+306F 964 1628 52 46 U+305F 669 432 39 54 U+843D 1252 2497 87 96 U+3093 502 674 90 75 U+5C0A 1409 2028 51 104 U+6B7B 210 2524 78 84 U+304F 1565 940 25 95 U+4E00 1241 1173 83 17 U+6D3B 939 433 83 85 U+3084 1533 893 84 49 U+3068 682 1238 26 72 U+308A 686 1733 31 82 U+308A 833 1897 30 80 U+3051 967 306 42 54 U+304F 229 1187 29 92 U+306F 962 2298 58 50 U+305F 223 686 36 72 U+4E86 1263 1651 44 96 U+3068 1120 536 25 72 U+304C 534 2466 58 31 U+3068 1263 1070 33 81 U+308B 972 1555 35 72 U+77BC 808 2511 87 86 U+308A 1264 996 35 80 U+3070 1394 872 93 37 U+308C 212 761 57 107 U+308A 825 1276 31 89 U+3057 1130 907 14 112 U+3055 225 379 34 70 U+898B 1375 562 86 99 U+4E3B 652 1472 84 89 U+304C 526 1613 60 41 U+308B 1420 2518 33 59 U+3053 1557 1451 44 51 U+3053 517 748 50 57 U+304B 379 1838 29 46 U+3068 381 1014 28 78 U+3089 382 383 39 83 U+3057 842 1989 13 102 U+65E2 1558 2594 87 68 U+3068 828 452 24 78 U+304B 688 2516 26 36 U+4E00 1238 1312 92 17 U+3057 544 1948 13 91 U+7559 1562 2404 60 76 U+4F38 1252 2592 86 78 U+3078 1372 818 99 61 U+304B 827 2094 31 49 U+308B 970 786 34 48 U+308A 526 536 38 100 U+3051 521 631 42 50 U+304B 526 409 32 36 U+308B 1559 1230 39 49 U+306B 674 1561 46 56 U+304C 977 2516 67 40 U+3057 387 906 15 106 U+3057 1127 442 15 93 U+3057 1420 1180 14 100 U+304D 670 546 39 82 U+304B 1558 415 31 45 U+308B 968 516 37 51 U+304B 1124 1522 33 45 U+304B 968 582 37 54 U+3057 237 1505 18 90 U+306B 1700 1697 29 64 U+3057 387 535 18 107 U+308B 974 361 26 57 U+308B 681 2632 37 37 U+304D 1411 1928 41 92 U+308B 378 811 34 60 U+3053 963 2566 53 46 U+304D 1119 1431 41 88 U+3057 202 2595 83 72 U+3057 1128 1338 21 89 U+309D 685 485 16 48 U+304D 972 2210 37 84 U+304F 1277 2418 26 80 U+5728 1100 2524 83 128 U+706B 1693 2211 36 70 U+304C 229 1827 64 36 U+5F53 1685 1769 48 96 U+306B 1702 2150 28 55 U+8D70 1676 841 59 83 U+306E 1692 1529 40 59 U+3089 1587 2477 37 45 U+305F 1698 1637 32 60 U+308A 1707 1867 21 63 U+57CE 1672 1433 61 89 U+3068 977 2620 28 49 U+309D 391 776 18 41 U+591C 1676 305 55 89 U+304B 1704 1590 26 44 U+9065 1676 2078 52 63 U+4E0B 1681 938 51 74 U+3066 1705 1946 19 112 U+5149 1698 2293 35 76 seg_fp 1698 2365 54 61,200004148_00091_2
U+3082 1009 1024 84 136 U+3082 1516 1385 84 132 U+3064 1224 1140 147 175 U+306E 1007 1432 112 172 U+306E 706 538 119 120 U+306E 1495 2038 127 163 U+3066 203 997 118 177 U+3082 500 1798 91 139 U+3059 470 1654 120 122 U+306B 1032 1843 57 99 U+3092 741 942 110 175 U+6C5F 1484 1733 130 148 U+306B 272 2022 61 110 U+5C45 959 1947 173 199 U+3092 478 1053 99 161 U+6728 1479 801 133 167 U+306A 984 2127 127 121 U+624B 485 1951 104 177 U+305A 217 540 145 188 U+8328 1452 551 151 234 U+5927 1479 1563 150 132 U+50BE 398 548 190 234 U+96DB 959 774 194 244 U+4E8B 1249 1532 119 239 U+65B0 212 2391 172 197 U+306B 488 2132 117 109 U+3092 1259 1757 109 155 U+624B 1253 848 84 150 U+3082 746 1387 95 175 U+4F55 200 1174 154 291 U+624B 994 2412 101 142 U+5B9D 988 1162 123 252 U+7406 698 1590 181 190 U+7D19 942 551 191 217 U+5C71 1476 1921 179 100 U+9AA8 1473 2186 155 195 U+4ECA 211 2139 144 233 U+306C 1215 1391 164 128 U+8535 984 1618 169 215 U+3042 490 2244 123 139 U+6545 209 1845 203 187 U+3053 460 1216 127 180 U+5834 1189 533 184 191 U+57CE 441 783 180 251 U+3067 1227 748 173 87 U+7A7A 686 718 185 203 U+308D 443 1406 170 240 U+308C 695 2297 168 206 U+724C 1491 2374 189 211 U+306E 1227 1014 124 114 U+305E 254 1472 119 133 U+3089 1058 2309 46 147 U+54C0 685 1148 169 234 U+3084 196 1587 170 249 U+3089 510 2405 86 201 U+7AE5 1503 986 92 224 U+3057 1307 2307 24 256 U+5B50 1498 1219 113 156 U+304B 789 2005 40 78 U+305E 747 1791 156 215 U+304C 1051 2242 100 77 U+3057 264 737 23 250 U+304B 1280 1299 45 81 U+3057 798 2084 27 238 U+5606 1283 1921 83 222 U+3055 756 2233 51 89 U+3057 1331 2151 23 210 U+3070 773 2501 136 65 U+3088 1304 2210 23 141 seg_fp 545 2367 49 105,200005598_00003_1
U+624B 1283 968 99 213 U+306E 212 789 164 176 U+306B 1051 2323 84 246 U+3066 1514 1566 100 159 U+3092 1549 2209 88 155 U+9E75 1013 2089 131 200 U+624B 228 1746 113 192 U+3068 1314 1184 43 168 U+6211 729 1180 187 250 U+624B 1021 1115 93 200 U+984C 1517 2006 136 192 U+516B 1254 852 144 69 U+5341 233 1172 132 286 U+6388 699 540 203 241 U+306A 466 525 146 215 U+306B 797 1417 63 128 U+4F55 458 1280 191 299 U+5176 1530 1745 100 154 U+518A 171 549 226 220 U+3088 513 2041 98 176 U+306E 1002 1623 135 209 U+305B 491 1911 160 121 U+3068 784 989 59 157 U+8AB0 739 2408 183 186 U+3066 1281 2423 130 154 U+6B64 448 2257 217 193 U+624B 1497 519 112 218 U+3042 752 1557 146 173 U+3082 529 1725 141 163 U+3092 1284 2070 116 200 U+3088 1313 1373 38 105 U+7121 986 809 170 158 U+5C3D 1490 1005 155 225 U+3092 1524 752 135 222 U+56DB 202 1025 187 119 U+611A 1013 1843 128 159 U+5341 1273 525 93 289 U+3088 772 808 88 185 seg_fp 1175 1186 36 128 U+304C 181 1989 240 118 U+56DB 1501 2395 182 118 U+4EE5 1249 2278 181 157 U+305F 772 1728 104 184 U+306B 499 1561 108 185 U+3057 813 2104 37 230 U+308B 504 829 138 127 U+662F 1238 1770 172 302 U+3076 1210 1542 231 191 seg_fp 1066 964 41 134 seg_fp 1156 1089 92 95 U+4E00 499 2481 157 39 U+5247 993 535 177 226 seg_fp 1520 1912 130 49 U+305E 476 1007 172 193 U+3057 1560 1275 41 273 U+3093 223 2273 191 229 U+303D 222 1503 194 196 U+3048 770 1967 136 127 seg_fp 539 1106 63 168 seg_fp 1018 1329 110 111 seg_fp 511 757 70 84 U+3066 230 2081 141 163 U+5BA2 1007 1425 128 210 U+306F 785 2345 90 57 seg_fp 1009 1995 157 67 seg_fp 802 1919 55 93 seg_fp 1176 1325 42 87 seg_fp 1165 1412 68 150,200005598_00003_2
U+5916 1355 2227 110 154 U+4E8B 1528 1525 86 164 U+4E8B 1144 1379 86 165 U+306E 928 633 94 88 U+306E 542 1219 103 85 U+3082 366 1655 58 119 U+304B 775 1951 52 83 U+306E 1523 1966 99 87 U+3082 177 977 66 123 U+3066 355 1551 77 103 U+3066 1349 2108 88 132 U+3092 934 950 110 99 U+304C 1155 1294 79 77 U+304C 377 2239 79 76 U+30B5 1551 2060 80 102 U+307B 1502 566 115 104 U+306F 1527 1697 92 68 U+306F 1519 1184 92 74 U+306A 746 904 105 118 U+5E74 542 458 88 182 U+305F 1129 835 112 106 U+306E 1311 682 134 114 U+3046 1538 670 55 129 U+306A 1527 804 79 146 U+306B 1333 1428 116 122 U+3092 344 1014 96 98 U+3067 549 778 76 120 U+305F 338 596 86 109 U+3061 1141 1170 85 109 U+3090 553 1603 88 101 U+306E 1500 460 114 97 U+306E 1333 1062 98 89 U+308C 1352 1637 68 132 U+3059 766 1578 76 139 U+53BB 766 2515 75 101 U+3082 780 1719 44 138 U+3082 193 1921 49 128 U+3066 969 1584 52 176 U+306B 567 1503 65 91 U+308D 342 905 94 113 U+3084 748 2385 109 112 U+305A 1157 2131 84 157 U+306A 360 2511 106 108 U+306E 752 1857 97 88 U+6B64 562 2022 96 122 U+307E 1333 774 74 155 U+3066 563 1900 83 119 U+3046 373 2399 52 111 U+308D 938 824 89 120 U+3066 173 1224 76 103 U+304D 1134 540 82 121 U+5BEE 548 1310 110 191 U+304D 1537 2167 79 126 U+306E 154 577 95 90 U+306D 1521 1766 105 125 U+304A 1145 2522 111 92 U+3084 347 2317 116 82 U+3093 749 1471 111 112 U+3089 586 2363 54 109 U+3068 972 1285 50 123 U+3061 1341 932 86 125 U+3042 1344 1867 91 133 U+306F 167 675 88 62 U+3082 183 454 47 125 U+308F 568 1112 53 87 U+304C 1362 1787 81 81 U+306D 1522 2416 112 114 U+3044 940 733 91 85 U+3044 1145 1911 97 83 U+3089 391 2113 36 113 U+305F 344 1228 78 90 U+306F 1159 1995 70 133 U+3061 362 2008 82 106 U+305B 950 1986 87 114 U+3057 334 1119 95 108 U+304B 589 2291 53 73 U+3088 1537 2299 70 102 U+30CA 1007 2114 61 100 U+3064 1329 1555 107 86 U+305F 1519 1399 76 115 U+3082 1169 2405 56 98 U+3064 1347 1999 100 115 U+3093 739 794 109 111 U+3044 1120 452 96 83 U+3064 950 1172 97 112 U+3084 1117 670 110 70 U+304F 349 1331 79 107 U+304D 1520 1263 78 141 U+304B 1358 1159 46 92 U+3078 915 565 131 83 U+307E 560 648 54 128 U+3078 1500 1102 120 88 U+305B 175 1716 85 95 U+308A 1346 571 49 132 U+3064 1132 1060 100 99 U+3064 348 1887 105 103 U+3070 1153 1550 73 138 U+308A 1359 1319 49 113 U+3093 173 1806 81 117 U+3093 554 1700 91 103 U+3075 948 2505 109 110 U+3044 349 815 84 83 U+3061 958 1054 81 123 U+3061 775 2278 69 115 U+306E 171 2047 92 90 U+30E8 387 727 53 58 U+3064 759 2165 100 113 U+3078 1346 2401 116 33 U+3064 347 1438 92 103 U+3067 576 2464 86 86 U+306E 539 994 99 103 U+5EA6 1350 2516 105 105 U+3093 558 2545 125 77 U+308C 146 871 131 114 U+3081 939 455 70 101 U+3066 743 564 86 115 U+3068 1175 2298 49 107 U+304C 768 1182 89 92 U+305E 1534 949 86 147 U+3078 1515 1892 124 71 U+3054 761 1276 91 90 U+3092 171 2131 91 103 U+3093 158 1582 100 114 U+305D 762 685 55 113 U+4E8B 752 1020 91 158 U+304F 177 1344 81 99 U+308F 371 1781 51 108 U+308C 176 1447 67 139 U+3069 984 2404 77 99 U+4E00 1354 2468 102 18 U+3068 1346 451 48 119 U+5484 938 1428 130 92 U+308F 774 2050 50 116 U+304D 965 1757 69 128 U+3060 169 736 93 121 U+30B9 195 2301 61 60 U+304B 976 1881 45 106 U+3056 764 1371 88 106 U+3057 378 464 19 124 U+308F 1157 947 49 109 U+30E0 200 2243 60 58 U+3093 1517 2527 124 87 U+3057 1166 737 19 100 U+3078 1314 1250 115 76 U+3057 1181 1779 29 136 U+6625 560 2122 92 165 U+304F 204 2528 39 86 U+3057 759 451 32 109 U+3057 197 1101 23 122 U+304B 1167 1687 50 96 U+307F 561 903 57 77 U+3057 584 1793 27 106 U+5973 976 2259 61 60 U+3057 1022 1515 25 122 U+90CE 982 2299 52 70 U+3088 199 2425 59 104 U+30B3 204 2355 46 46,200005598_00010_1
U+3059 995 1338 68 140 U+5E2B 1179 1916 93 128 U+304C 618 2163 90 83 U+3061 1391 1440 81 124 U+3089 595 499 74 122 U+4F55 1565 1743 101 122 U+3089 1584 524 66 120 U+3089 805 1392 74 148 U+5451 390 1143 94 140 U+30E4 207 1803 87 91 U+57CE 176 564 122 136 U+304A 1557 853 114 103 U+306A 780 659 91 113 U+3066 387 698 81 123 U+30A6 990 2067 55 104 U+3046 1201 2197 42 122 U+51FA 1574 961 101 101 U+304F 624 2463 50 116 U+3061 1582 2378 82 109 U+304C 211 702 77 87 U+306E 1365 1071 98 84 U+306A 984 1102 76 133 U+307F 1407 1887 52 84 U+304C 1199 1725 76 79 U+304C 989 816 81 79 U+307B 216 2119 98 99 U+3060 797 1536 93 110 U+306A 1356 643 103 102 U+304A 1170 1812 113 93 U+30A6 567 819 59 114 U+6804 995 2189 94 143 U+30A2 824 1650 60 100 U+3042 224 1906 82 110 U+3089 1407 2468 72 107 U+306C 1167 1535 115 88 U+306B 1389 2300 99 78 U+3061 606 1834 87 137 U+306D 798 2312 101 111 U+3055 1380 1161 69 101 U+3084 1341 528 110 102 U+304C 1602 2500 75 68 U+304A 763 415 103 86 U+3066 1570 748 85 107 U+304F 1394 2385 82 83 U+3089 992 516 90 141 U+50BE 179 436 119 133 U+306A 197 901 102 112 U+3093 1183 2388 110 95 U+306A 1574 1071 80 139 U+30E2 571 739 76 75 U+306A 384 420 84 152 U+3093 977 998 114 106 U+3042 1352 408 85 128 U+3055 994 1711 75 111 U+304B 405 2012 103 88 U+3056 782 782 91 89 U+304B 803 1311 57 79 U+3060 1194 2474 79 94 U+3059 1580 1294 69 124 U+305A 799 1764 81 141 U+82B1 222 2316 110 141 U+306D 189 1018 101 104 U+306A 1400 1982 72 115 U+30A2 619 620 51 106 U+3093 584 1173 120 119 U+3044 596 1728 92 101 U+304A 799 2479 106 92 U+306D 391 1775 117 137 U+3068 417 1298 37 118 U+30F2 262 1702 51 92 U+3060 216 1397 79 106 U+3042 985 899 80 106 U+304B 992 412 45 100 U+3068 1415 1769 47 112 U+30B3 1050 2023 53 43 U+306F 994 1471 56 123 U+3089 438 2096 44 121 U+30A2 826 878 50 86 U+3058 1544 408 119 115 U+3068 427 1654 50 121 U+3084 407 2462 98 91 U+3044 559 424 105 72 U+308B 627 2368 50 91 U+3057 187 791 98 109 U+3060 596 1516 99 117 U+3055 1191 2313 71 79 U+3093 981 1229 108 101 U+3060 596 1274 94 125 U+3093 598 2041 124 107 U+3044 783 978 98 82 U+3081 778 511 72 85 U+3044 800 2236 97 69 U+5EA7 1009 1892 60 92 U+30B3 1592 1657 46 41 U+308B 432 1909 55 87 U+3050 398 1432 96 113 U+308C 215 2018 119 102 U+304A 571 932 119 98 U+3078 790 2427 116 58 U+3069 247 2215 73 89 U+308C 395 2298 132 105 U+3055 1017 2353 60 87 U+305C 582 1398 107 116 U+3093 999 2441 124 108 U+3092 1131 815 75 79 U+5973 1394 1286 66 66 U+30C8 1231 603 34 91 U+3093 1570 1955 114 99 U+3064 789 1192 100 99 U+3064 1386 1667 97 98 U+3093 797 2058 107 103 U+3078 192 1127 111 71 U+3057 1211 1412 22 120 U+3064 1574 2268 99 104 U+306F 212 1181 58 120 U+3088 1580 1419 66 114 U+3044 593 1635 97 81 U+307E 799 1057 65 135 U+3064 399 1546 102 105 U+308C 1350 849 110 116 U+3044 1159 520 92 64 U+3055 1366 753 68 91 U+3065 970 1591 102 126 U+3088 1407 1567 50 103 U+307E 1150 607 45 107 U+3066 1138 999 65 94 U+3057 1426 2170 20 124 U+3057 1165 1210 103 108 U+304B 817 2160 50 79 U+3044 791 1903 94 70 U+3064 386 582 95 112 U+30B9 1584 1599 66 54 U+83CA 219 2445 93 138 U+3093 1564 1194 91 96 U+3067 1220 971 59 84 U+3076 793 1967 115 100 U+306A 1582 2051 90 109 U+3065 202 1293 104 108 U+308B 1224 886 41 79 U+3044 400 1041 100 84 U+3084 1169 2132 98 67 U+3057 1219 1620 15 103 U+3053 611 1973 65 67 U+306D 1134 719 71 77 U+305B 1212 801 62 86 U+624B 989 659 61 146 U+3064 1214 1126 71 72 U+3053 431 2222 63 70 U+3076 1209 1053 84 77 U+4E00 385 845 104 22 U+307F 1591 1885 48 73 U+3093 1384 2091 114 99 U+3058 447 2368 48 106 U+3071 403 901 72 133 U+308F 623 2263 53 111 U+3053 1586 2177 66 83 U+304D 1220 707 45 92 U+304B 1195 1319 57 87 U+3044 593 1035 85 74 U+308B 1389 960 53 94 U+3078 761 599 111 55 U+30A2 488 2516 54 65 U+90CE 1399 1338 59 76 U+3057 1210 2028 19 105 U+30E0 1591 1558 55 41 U+3057 1156 895 19 107 U+30C3 453 871 45 59 U+5973 232 1540 57 60 U+90CE 226 1571 64 97 U+3053 601 1107 61 67 U+3057 1590 651 25 100 U+3057 1183 403 27 114 U+4E00 1007 1860 58 12,200005598_00012_2
U+304F 1123 1960 50 134 U+306B 896 1059 109 90 U+306F 1106 1340 84 69 U+83CA 314 917 90 166 U+3059 723 1125 72 146 U+3082 141 961 63 129 U+6240 123 824 101 130 U+3089 1129 2280 74 112 U+306A 1296 427 101 131 U+304B 917 676 65 86 U+82B1 310 776 101 144 U+308A 1506 539 60 134 U+3068 534 795 47 135 U+304A 1466 1096 122 110 U+304A 1478 695 109 83 U+30E4 119 1947 86 89 U+3059 1499 2086 74 140 U+306A 1311 1853 80 137 U+3042 1495 1953 91 108 U+304C 1118 933 85 93 U+306B 1318 2503 74 84 U+304C 934 2489 85 92 U+3088 911 1162 75 109 U+3056 1116 2400 111 98 U+3044 1477 789 104 88 U+304C 329 1301 81 78 U+3046 926 886 47 167 U+30A4 970 2396 35 84 U+306A 1482 2355 112 111 U+3084 1283 1053 110 99 U+3057 301 1481 106 107 U+304D 1303 2404 108 105 U+3055 921 1717 73 107 U+306A 516 1401 85 141 U+3059 325 430 73 149 U+3075 108 555 114 102 U+3089 1108 542 82 118 U+3060 322 2121 93 111 U+3044 1100 762 97 89 U+304A 311 1389 103 90 U+3075 685 553 116 104 U+304A 1094 1030 116 106 U+3059 331 1983 69 141 U+4F11 1458 1233 124 142 U+3068 1128 1687 43 132 U+3084 763 1690 71 79 U+306D 124 1087 99 123 U+65E9 1112 1839 78 120 U+3057 503 1865 105 88 U+3093 502 1536 103 123 U+308A 734 868 57 153 U+3089 338 2236 67 95 U+3044 1295 768 95 87 U+30A2 1145 661 50 95 U+306E 186 1745 56 62 U+3076 1279 1390 114 109 U+3046 153 2342 42 76 U+3093 312 1881 89 110 U+305B 1481 2455 96 95 U+30F2 174 1836 59 96 U+304A 1084 424 120 116 U+3089 693 2161 53 78 U+306A 685 1993 62 104 U+51FA 118 1749 60 58 U+3089 915 777 72 110 U+3055 140 1438 72 116 U+3051 1115 2129 91 118 U+305D 919 1483 66 126 U+3046 342 2329 44 107 U+304A 506 923 110 100 U+306A 317 1753 77 132 U+30A2 1136 2505 76 78 U+304A 508 2140 111 93 U+3075 115 727 108 92 U+306A 519 1755 88 99 U+306D 1288 1488 118 150 U+3061 1103 1432 84 130 U+3093 308 1665 103 99 U+3073 1483 2232 120 119 U+5EA7 1305 636 62 95 U+6B21 180 1669 66 60 U+305D 138 426 69 131 U+3082 942 2160 63 111 U+3089 1501 867 63 118 U+3068 700 1704 32 79 U+306B 1316 957 54 97 U+3082 531 435 51 140 U+3084 697 1023 123 101 U+3044 129 656 81 75 U+305F 1491 436 81 106 U+3075 889 1605 110 113 U+3093 1303 851 102 105 U+3064 921 1943 99 96 U+65E9 928 2280 77 113 U+3067 1300 1182 88 117 U+3088 715 428 62 128 U+70B9 125 1261 93 171 U+3093 1473 977 108 107 U+3055 319 1089 69 100 U+30A2 1492 1838 67 116 U+30E8 1361 2222 46 62 U+308B 928 543 50 112 U+308F 929 429 51 122 U+3061 921 1828 85 118 U+3055 142 2438 66 71 U+3060 679 1626 75 72 U+306A 518 1161 108 116 U+3072 678 1899 73 92 U+306F 528 1023 57 137 U+3075 1283 1643 105 101 U+3031 775 1925 49 122 U+3081 1105 1143 84 106 U+30B3 933 1409 51 41 U+3078 118 1660 52 63 U+304B 538 1964 47 69 U+3086 767 2058 66 80 U+3093 304 1181 87 114 U+3078 1117 2242 101 57 U+3057 556 1277 20 119 U+308C 751 1536 79 83 U+5EA7 337 2514 56 69 U+30D8 686 2508 108 47 U+3078 121 1208 111 66 U+3064 519 699 91 85 U+601D 672 1802 79 95 U+3068 1320 2302 48 97 U+3081 518 2349 96 83 U+3064 1102 1557 104 117 U+3084 763 1791 68 53 U+3068 152 2238 47 101 U+305F 1305 2099 76 97 U+3093 130 2158 86 100 U+7533 538 2446 57 126 U+3070 148 2051 63 112 U+3078 1088 1252 123 74 U+3068 945 2065 54 97 U+304C 700 2094 52 68 U+304F 781 2133 34 92 U+304B 334 1601 43 69 U+3093 124 2507 88 83 U+3061 521 579 77 129 U+3046 775 1845 38 93 U+30E0 1507 1579 47 50 U+30C8 204 1577 25 75 U+30B9 923 1345 53 53 U+9593 130 1576 39 84 U+3054 718 660 102 90 U+30B7 732 2402 84 80 U+3056 715 755 101 115 U+3064 1304 1989 91 111 U+3081 320 582 83 112 U+305D 692 1456 44 89 U+3046 770 1449 38 87 U+30E2 752 2284 75 96 U+30E0 923 1301 53 47 U+7ACB 1454 1419 63 116 U+30B9 1501 1625 54 42 U+30C8 1543 1422 36 108 U+304F 1320 1728 53 120 U+3075 669 1544 74 77 U+3078 324 691 91 85 U+30DE 1528 1765 76 55 U+5973 737 1296 62 58 seg_fp 1302 586 65 28 U+30B3 1506 1666 49 43 U+3078 1281 1307 111 71 U+3057 535 1616 31 139 seg_fp 1142 845 28 67 U+3057 552 2029 24 108 U+90CE 741 1346 53 73 U+3078 1485 2551 105 41 U+3057 790 1604 14 89 seg_fp 352 2478 40 33 U+30F3 564 2542 74 48 U+3068 550 2244 35 106 seg_fp 565 2215 22 70,200005598_00014_1
U+7BC0 1143 1115 97 189 U+306E 754 1606 102 83 U+4ECA 1348 1389 109 156 U+3072 741 570 103 138 U+306E 1361 1925 94 83 U+5FC3 1526 798 111 136 U+306F 762 1393 92 69 U+3066 592 2496 78 113 U+51FA 364 818 119 113 U+6C17 384 2018 81 196 U+3042 576 1347 89 104 U+3072 578 2379 93 112 U+53E5 1151 1300 88 124 U+306B 1368 2304 64 81 U+3046 1368 916 58 132 U+3092 1137 1425 115 94 U+306B 377 1778 103 89 U+3031 1145 579 74 212 U+306B 767 1839 107 111 U+304C 1372 1288 84 81 U+3042 1369 1796 93 106 U+3031 196 724 94 212 U+3064 582 2290 92 77 U+3066 1540 1618 82 124 U+7D42 541 583 111 148 U+3046 776 1035 51 118 U+3066 977 1787 85 110 U+306B 578 1946 110 115 U+3066 1157 995 70 115 U+3082 1560 2000 51 128 U+3066 781 2367 88 121 U+6B21 751 1470 110 109 U+9593 769 1699 77 131 U+805E 541 736 108 146 U+306F 1366 1725 89 61 U+308A 1561 1239 53 115 U+3070 374 1476 104 75 U+304A 1148 1519 105 96 U+8033 559 885 90 134 U+308A 604 2158 56 107 U+308A 1565 2351 50 125 U+306A 1536 2225 97 131 seg_fp 1343 1543 101 169 U+672B 179 1761 100 125 U+5C45 1536 1751 99 144 U+308C 369 1332 87 130 U+4E91 954 1266 87 112 U+306E 555 1464 108 112 U+59CB 768 2492 123 105 U+306A 180 939 88 143 U+3068 405 1878 40 130 U+3092 377 2218 109 109 U+3070 1551 1046 68 110 U+3070 766 718 66 114 U+308C 978 1644 80 134 U+306F 394 2554 100 63 U+3066 785 2083 74 129 U+53C8 1540 2488 106 103 U+306A 573 1702 99 117 U+5973 1341 1070 112 99 U+3068 1190 2276 42 128 U+5C45 769 2210 102 154 U+5973 739 1165 119 116 U+3093 1340 693 113 118 U+306A 1158 1933 87 129 U+3072 352 690 102 130 U+307E 984 2485 59 126 U+305F 1150 1614 86 111 U+3044 974 1907 84 80 U+3082 202 2095 55 124 U+306E 1533 2129 102 90 U+3057 615 1805 23 147 U+306B 981 2253 64 97 U+306D 767 1955 100 118 U+3082 407 2324 51 120 U+3073 961 1519 104 134 U+5BA2 1361 2025 87 162 U+3092 926 580 108 103 U+3044 952 1181 91 72 U+305F 189 1892 77 106 U+3080 384 2445 119 108 U+3064 1543 1498 97 109 U+3067 1542 937 81 115 U+3093 745 828 94 115 U+305A 984 2121 87 130 U+3044 1167 2405 85 105 U+3082 963 956 65 129 U+307F 1173 1835 53 88 U+304B 1567 1162 43 82 U+5EA6 167 581 108 166 U+3072 1167 2516 96 100 U+3057 975 2360 88 123 U+3093 1162 2057 91 111 U+308C 167 2443 117 108 U+3070 188 2563 106 60 U+306E 1143 1721 97 113 U+3070 1352 568 73 126 U+7ACB 563 1025 105 148 U+3064 941 1089 98 96 U+3044 1139 796 90 95 U+3044 369 1679 102 83 U+3082 1541 675 67 117 U+3051 189 2342 68 100 U+3075 1347 2493 106 109 U+3068 609 2042 43 114 U+3057 1199 2151 21 110 U+3079 165 1202 127 86 U+3088 386 1552 61 130 U+3055 378 946 64 96 U+3066 1522 559 81 120 U+3057 168 1431 108 113 U+306E 176 2000 92 89 U+3057 217 1625 22 127 U+3068 1364 792 57 118 U+601D 1535 1377 97 122 U+306F 580 1568 64 126 U+308B 1568 1892 50 94 U+3066 942 855 76 109 U+3044 348 585 102 101 U+3064 365 1042 107 94 U+308B 199 1079 56 123 U+3057 225 1258 22 155 U+305D 970 1385 64 129 U+30A2 609 1183 63 97 U+3084 354 1253 106 83 U+3053 1368 2399 68 93 U+90CE 1391 1162 54 109 U+3064 1148 888 97 88 U+306F 983 1987 62 129 U+4EBA 1350 2187 105 109 U+3068 776 919 44 111 U+90CE 785 1276 59 98 U+304B 198 1546 62 77 U+3057 211 2204 35 126 U+3057 971 682 36 117 U+3057 407 1138 18 115 U+3078 926 800 120 52 seg_fp 599 1279 26 49 seg_fp 0 2391 46 94 seg_fp 0 2494 39 99 seg_fp 931 464 106 59,200005598_00015_1
U+306E 509 1516 94 82 U+3082 1502 1414 46 120 U+306F 1305 729 91 63 U+3042 515 1379 89 118 U+304B 930 2414 48 64 U+3082 537 2086 60 118 U+3084 689 1148 103 131 U+6885 900 413 105 121 U+3066 119 1484 92 115 U+306E 1078 2517 98 68 U+3093 318 1918 108 104 U+304B 725 414 50 75 U+54B2 1083 2240 105 128 U+5B50 512 1612 96 138 U+306E 1299 2128 102 92 U+307E 1484 411 68 127 U+3066 1106 2126 71 105 U+304A 897 662 108 84 U+3070 1479 1143 72 118 U+306B 717 707 70 84 U+304B 1276 411 99 93 U+3060 320 1543 74 104 U+306E 498 1741 114 118 U+306E 491 2393 101 87 U+3044 1475 1836 87 74 U+3059 1314 1973 71 130 U+3060 1101 1683 115 106 U+3068 1492 544 49 117 U+93E1 1095 886 117 146 U+3055 920 552 60 102 U+306A 1476 2203 91 99 U+3067 315 752 74 117 U+306B 136 1118 75 96 U+3042 322 1821 74 109 U+3092 295 405 100 102 U+3053 504 2494 75 73 U+306F 678 1304 61 43 U+308C 1089 2016 112 105 U+3042 1107 500 82 116 U+306A 1304 1762 87 127 U+304A 116 879 118 95 U+5BA4 1090 2369 100 133 U+306A 128 759 94 113 U+3044 1099 420 98 68 U+3093 702 605 122 109 U+3073 307 1425 107 130 U+304D 1297 600 95 113 U+3089 1484 769 64 126 U+3059 907 842 74 131 U+306A 1468 905 83 146 U+3093 888 1195 115 121 U+304B 158 2507 49 72 U+3059 140 1800 64 131 U+3084 876 759 121 88 U+3093 1298 1883 118 105 U+307F 885 980 109 106 U+3044 907 2477 84 59 U+3059 133 615 81 141 U+308C 1464 1048 122 110 U+3072 1301 1637 94 119 U+307E 1121 1789 68 125 U+306B 566 411 73 62 U+308A 340 2134 55 113 U+306A 118 410 87 124 U+5C0F 757 1398 70 64 U+3090 120 1593 97 107 U+307E 330 1998 57 136 U+3044 767 1697 57 67 U+307E 314 2363 100 106 U+3082 586 628 33 92 U+3067 757 1619 66 78 U+3055 326 2269 67 93 U+306F 579 996 58 44 U+3078 121 1065 129 82 U+3082 1106 1555 67 118 U+304D 1485 1916 66 109 U+3073 508 1961 94 130 U+3057 705 799 93 110 U+3052 712 501 106 110 U+308C 711 1003 67 138 U+305F 911 2307 81 97 U+305F 308 959 75 97 U+3065 506 2290 109 99 U+30C4 1493 1730 66 87 U+304B 493 2199 111 94 U+3055 1108 1924 68 95 U+304A 564 576 71 62 U+3060 1302 1300 90 115 U+3059 1479 2487 85 108 U+305B 1101 761 76 116 U+3078 1076 1388 131 95 U+58F0 758 1482 72 127 U+3055 130 2055 77 117 U+308F 1304 974 79 97 U+304D 1300 2343 75 137 U+3068 1330 1409 40 132 U+308F 487 968 53 53 U+307B 125 1224 88 133 U+3064 1282 2484 100 83 U+3081 138 972 77 95 U+3075 298 1236 119 88 U+3044 1302 1540 87 94 U+3061 1314 1190 84 111 U+3057 909 2097 92 119 U+308A 677 1451 55 102 U+304F 485 410 58 66 U+3093 119 1699 105 110 U+308C 117 1366 106 112 U+3082 690 1713 33 83 U+306B 306 868 93 92 U+306A 908 1094 68 107 U+307F 680 2526 38 62 U+601D 1099 1265 88 122 U+304F 510 1842 72 109 U+3068 1119 1046 45 113 U+3057 926 1286 19 154 U+5EA7 757 2404 61 103 U+308D 1313 873 60 68 U+304F 319 1316 75 99 U+306F 1103 1162 89 86 U+307E 960 1723 68 94 U+4E00 1474 1678 98 18 U+3046 1497 1532 42 137 U+306D 1465 2031 94 119 U+3044 309 1170 86 69 U+3066 573 723 48 87 U+3046 682 1617 36 92 U+91CC 1486 1292 76 104 U+304D 680 1355 48 94 U+3064 572 1130 65 75 U+3078 1473 2150 104 86 U+3089 927 1985 66 77 U+3057 350 2479 20 105 U+306A 762 2209 53 90 U+3081 1477 2304 79 80 U+3069 1119 1451 78 108 U+3080 569 815 77 81 U+304F 495 546 33 92 U+3068 146 1934 49 119 U+3055 309 525 75 96 U+3056 1486 2385 90 98 U+3057 484 644 55 75 U+3084 1449 673 117 102 U+3064 1299 1071 87 114 U+6577 752 2510 83 91 U+3084 695 913 104 99 U+3044 770 1847 56 60 U+308A 780 2296 38 98 U+305F 1304 494 63 105 U+3086 302 624 96 120 U+3093 122 523 94 100 U+304B 1327 2223 47 81 U+304F 328 1666 63 62 U+30C8 973 1445 33 94 U+3059 961 1623 52 99 U+306D 667 2438 72 78 U+308B 492 1018 44 54 U+3064 912 2215 94 94 U+305F 892 1449 41 85 U+3078 1291 2297 125 84 U+307B 666 1893 72 93 U+3046 589 1045 32 86 U+3044 759 2056 73 59 U+305D 687 2358 41 80 U+3088 684 2085 32 90 U+3064 762 1910 67 64 U+306F 488 801 53 34 U+3075 756 1764 74 65 U+304F 937 1929 52 53 U+3057 507 1079 13 129 U+3075 945 1539 75 87 U+3044 1308 811 62 58 U+3068 333 1058 43 105 U+3086 664 2238 75 66 U+91CC 136 2196 76 89 U+3093 483 720 60 59 U+306F 1114 613 54 143 U+3084 667 1551 67 66 U+3078 667 2310 77 68 U+91CC 523 1246 64 93 U+3044 674 2177 66 54 U+3066 887 1533 48 103 U+3088 686 1805 32 83 U+305F 765 1975 51 75 U+3089 333 1726 67 78 U+30C8 784 1295 29 92 U+304D 883 1640 53 93 U+3068 780 2116 29 90 U+3066 584 489 33 83 U+304D 581 893 43 91 U+3092 961 1825 63 81 U+6C17 136 2319 79 154 U+309D 944 2537 25 55 U+308B 887 1731 43 91 U+4E2D 480 846 63 96 U+3057 508 474 21 73 U+3069 692 1982 43 91 seg_fp 0 2420 51 113 seg_fp 0 1844 26 78,200005598_00023_1
U+306E 413 747 92 80 U+3082 821 1164 65 114 U+3046 1227 955 45 130 U+3067 1006 1594 77 116 U+3082 1421 1978 66 102 U+306E 1210 1908 87 78 U+304B 1426 1649 52 70 U+3044 422 2119 83 72 U+306E 410 1606 103 74 U+306E 1204 2373 97 75 U+3066 1602 1585 68 106 U+3044 607 1042 87 85 U+52A9 418 1696 97 115 U+3042 406 625 103 105 U+4F55 1584 1220 102 117 U+306E 1206 1480 90 84 U+304D 1415 1511 66 122 U+3092 805 2130 101 101 U+3066 608 473 78 115 U+307B 1205 2001 93 93 U+3066 1400 511 54 152 U+3059 1207 607 69 136 U+308D 216 1638 93 104 U+3072 617 2406 87 128 U+30A6 442 471 45 126 U+3089 1217 852 68 106 U+3092 996 1982 100 110 U+846C 981 477 105 184 U+3082 813 2451 67 97 U+308D 427 2201 84 84 U+30A2 1050 2279 46 72 U+3090 1395 662 88 112 U+304A 1409 1734 98 72 U+3060 1601 1089 81 114 U+306A 1204 1252 90 123 U+3084 1396 898 99 117 U+3072 609 1142 83 115 U+305D 1610 820 52 124 U+5834 996 1446 108 135 U+3060 1608 2136 63 96 U+5375 996 1178 102 140 U+304C 1015 1064 81 84 U+306E 984 656 115 111 U+306B 827 1778 59 87 U+3059 1413 1370 59 139 U+3055 607 1739 76 98 U+3060 1201 741 83 101 U+3084 994 2180 101 107 U+3066 212 377 82 120 U+5C0F 1000 1721 102 101 U+571F 984 375 102 103 U+3042 609 1846 85 119 U+3082 1618 1941 45 100 U+308A 828 2340 57 103 U+3067 812 1070 70 100 U+3066 1400 2285 62 109 U+308C 237 881 71 137 U+5C0F 430 1062 84 107 U+305F 1595 705 73 107 U+308C 1588 1475 85 103 U+307B 1397 2087 94 101 U+307B 1590 1374 93 102 U+307E 607 2149 91 94 U+83CA 811 1435 89 152 U+3092 427 2312 85 98 U+3093 811 1672 116 106 U+3068 442 2003 34 110 U+308C 1401 382 70 130 U+3078 787 471 113 77 U+3057 212 494 96 119 U+5C45 1595 1701 90 141 U+5C4B 409 1459 105 130 U+3089 245 749 62 135 U+306D 1211 2199 86 109 U+308C 1379 2190 114 97 U+308C 792 962 103 108 U+308C 1200 2094 99 97 U+306E 393 381 104 84 U+304A 805 1874 110 86 U+3042 233 2324 83 129 U+3061 1591 395 83 110 U+305F 1215 1803 72 95 U+3093 1594 2039 89 95 U+3051 239 2188 81 113 U+305F 232 1953 70 112 U+3046 1617 945 41 142 U+30A2 1436 1009 53 96 U+307B 1217 1574 69 118 U+65BD 983 770 114 151 U+305F 222 1017 79 114 U+3064 228 1847 85 97 U+3057 829 528 19 127 U+5854 994 1322 114 127 U+304B 627 2070 39 83 U+3068 1238 2435 39 118 U+305F 607 1467 70 119 U+3044 1007 2100 81 71 U+307B 1596 2428 97 115 U+3081 1416 1823 76 91 U+6642 216 1136 106 109 U+308D 609 799 87 109 U+3078 1400 1914 113 72 U+307C 1403 1239 88 129 U+308A 1423 773 48 132 U+3055 830 1586 61 85 U+306A 1198 383 72 113 U+91CC 1209 1117 71 96 U+3078 1203 2314 115 69 U+3068 1417 1128 47 110 U+8A00 1009 1841 64 138 U+304F 611 587 69 102 U+3093 596 1249 107 128 U+5B50 401 830 103 137 U+3068 823 2229 52 111 U+304B 246 1757 51 92 U+304C 428 979 66 75 U+3064 599 380 87 94 U+7269 405 1346 112 112 U+3093 1213 1367 87 104 U+3070 239 613 56 134 U+9593 423 1183 64 160 U+3068 625 923 42 115 U+3068 630 1595 42 140 U+3093 1192 495 81 108 U+5C45 1385 2465 100 82 U+3064 220 2067 93 121 U+3093 229 2450 108 96 U+304A 216 1349 101 96 U+4E3B 1017 921 59 136 U+3081 802 380 73 93 U+308C 1202 1696 96 106 U+3064 1589 594 89 111 U+3055 432 1830 55 73 U+308B 1627 1841 45 85 U+306F 243 1249 74 85 U+3057 1036 2379 20 128 U+3093 419 1906 86 97 U+308C 593 686 97 108 U+3064 602 1971 97 79 U+305D 818 844 60 119 U+3057 642 2246 23 152 U+304C 1610 502 73 95 U+3078 798 2066 100 54 U+3081 818 1964 87 98 U+3057 461 2410 26 124 U+304F 818 691 58 56 U+7CF8 816 1289 89 148 U+3082 237 1436 58 111 U+3089 817 751 66 65 U+3057 637 1352 32 114 seg_fp 1613 2261 60 130 U+3057 249 1535 27 91 seg_fp 1421 2411 44 64 seg_fp 1777 2203 37 54 seg_fp 1792 1943 22 107 seg_fp 1777 2065 37 114 seg_fp 1777 2252 36 61 seg_fp 1794 2328 19 67,200005598_00023_2
U+3031 1515 1745 70 188 U+306E 130 604 114 119 U+4ECA 136 455 101 145 U+4E8B 1121 1887 75 158 U+306B 711 463 106 90 U+30B5 561 813 80 104 U+3089 343 2205 72 114 U+30E4 317 1827 97 89 U+306E 132 1504 97 84 U+305F 127 2138 77 108 U+307B 916 1763 104 93 U+30A6 1328 2122 58 106 U+3089 935 638 75 103 U+3060 133 2467 88 116 U+3081 533 702 83 91 U+30A6 728 881 53 79 U+3089 1330 1636 67 111 U+306A 524 1294 88 121 U+306B 1074 463 76 69 U+304E 148 919 87 143 U+3042 1502 1109 89 121 U+3067 147 1074 81 104 U+30F2 375 1701 54 98 U+307C 530 462 118 106 U+4EBA 1299 1367 109 140 U+8F2A 120 1598 103 146 U+3084 911 867 102 121 U+304A 119 1874 116 69 U+3075 512 1999 112 105 U+3059 540 2094 66 135 U+3090 514 1560 90 106 U+3089 556 1418 35 116 U+304B 713 1014 39 72 U+306F 1564 2342 58 43 U+3092 129 1757 85 107 U+306A 1354 476 72 102 U+3072 325 2502 91 118 U+304D 1319 1020 69 142 U+53E3 699 1512 59 51 U+3046 540 574 59 134 U+3044 723 2084 91 81 U+3044 1100 1821 96 69 U+3060 1313 1902 86 103 U+3082 1493 1973 37 106 U+624B 777 1547 62 123 U+3044 1558 2413 63 63 U+3066 1124 2295 61 109 U+306B 916 757 92 111 U+3082 1522 1444 62 116 U+65B0 355 476 67 74 U+306A 508 2369 48 99 U+3064 1287 2572 67 61 U+308C 511 1670 98 111 U+3092 301 996 75 82 U+3046 1489 2451 37 94 U+3073 140 1341 105 149 U+3089 1129 1574 64 122 U+3069 945 1854 67 119 U+308C 907 1640 109 113 U+305D 935 1517 66 118 U+306E 1165 664 67 73 U+3072 919 1181 92 139 U+3069 1569 2534 61 100 U+30A4 1564 609 32 83 U+3072 719 670 90 120 U+3089 736 2472 72 139 U+304F 587 2569 41 70 U+304D 1169 465 49 95 U+308B 1367 576 41 80 U+3093 524 1179 99 122 U+3058 1306 1508 98 127 U+304B 943 1975 45 82 U+3061 1569 2140 55 93 U+5E30 1486 1572 113 114 U+306E 576 2446 67 62 U+3067 780 1674 66 86 U+304B 353 2068 51 129 U+305F 776 1475 64 61 U+304B 942 461 48 91 U+3053 1095 742 47 58 U+308B 512 2468 41 79 U+3072 307 1093 63 86 U+306B 1473 2559 60 77 U+3044 1117 1406 84 81 U+305D 145 2257 56 119 U+306B 699 1579 47 68 U+30EC 1127 1318 75 71 U+308D 582 2509 62 64 U+3044 1306 1275 100 81 U+3064 1513 1225 90 110 U+3075 1497 1010 100 98 U+30E8 1358 2028 51 84 U+308C 1095 2516 118 108 U+304D 774 1230 73 96 U+3066 1515 1346 67 106 U+304F 1120 2407 77 103 U+306F 1485 2079 45 100 U+30B3 1161 1253 56 47 U+308A 945 2121 48 104 U+3070 539 1773 63 125 U+3088 1129 2051 54 117 U+305F 920 2254 76 140 U+304F 725 569 70 97 U+30C8 802 1006 37 97 U+3060 780 1114 77 107 U+308B 1519 1680 50 93 U+304D 1287 2480 57 89 U+3057 390 949 64 85 U+308A 712 1404 40 91 U+3084 382 685 85 70 U+3072 378 1561 74 93 U+3084 1469 2184 72 77 U+3086 143 1201 93 146 U+3092 1076 545 70 82 U+3059 1096 890 48 116 U+9020 359 564 71 82 U+307E 399 1116 44 98 U+3075 120 2369 102 100 U+3076 299 922 78 75 U+304B 941 2489 45 72 U+3055 162 714 55 97 U+304F 1561 2073 58 67 U+308B 541 2226 52 103 U+3044 913 2396 95 83 U+3078 900 2563 121 65 U+30C8 1393 2272 31 71 U+305D 1174 576 47 86 U+304D 306 1180 50 104 U+3068 1305 2272 30 97 U+3070 357 1943 59 128 U+308F 935 1007 77 74 U+30A2 559 940 52 92 U+3044 777 1396 76 61 U+3031 400 826 49 125 U+307E 1183 744 31 111 U+3069 551 1902 67 98 U+306F 154 815 77 106 U+3064 1295 1164 104 114 U+30C8 608 2358 27 66 U+3078 716 2297 111 66 U+305F 695 1083 58 96 U+307E 314 1286 39 95 U+3046 308 830 48 86 U+3086 1475 2377 62 74 U+3060 1291 2375 71 103 U+305D 541 1068 54 118 U+3067 1574 2242 46 78 U+3084 1098 1484 110 92 U+3081 699 1344 61 59 U+3088 1173 915 50 104 U+3053 1168 1020 54 66 U+5973 1324 689 71 62 U+3057 1346 1765 21 135 U+3066 729 2172 67 115 U+53E3 696 1691 55 39 U+30F1 1362 862 73 82 U+3064 694 1266 62 76 U+3078 909 558 113 77 U+3079 722 2374 101 78 U+3078 1554 2481 69 61 U+5973 935 1346 72 69 U+3068 391 1372 32 82 U+3057 172 2033 27 121 U+601D 380 1471 68 80 U+3092 686 1187 76 75 U+3057 1146 2155 36 124 U+5BA2 734 1777 70 104 U+5BA2 1129 1110 74 110 U+304B 1381 2501 39 56 U+3069 1530 902 75 106 U+30C8 1585 1967 35 79 U+3065 390 1039 66 76 U+308B 941 1082 47 89 U+30CE 769 773 39 64 U+3058 1496 2269 32 104 U+3057 329 1442 13 126 U+306F 308 1386 59 60 U+5BA2 1516 478 75 104 U+3084 308 772 65 62 U+304B 1111 816 32 74 U+3064 381 1217 74 70 U+3064 773 1330 76 70 U+3068 161 1933 39 106 U+90CE 956 1401 48 75 U+3078 914 2061 100 61 U+308A 1382 2554 41 77 U+30F2 781 1916 49 79 U+3057 349 2329 35 172 U+3057 1112 625 20 96 U+3073 309 687 70 85 U+30E4 1525 718 97 80 U+305F 381 1287 56 68 U+90CE 1341 740 51 76 U+3046 407 752 38 101 U+30FD 1387 942 41 71 U+3057 1122 1714 33 105 seg_fp 1187 866 23 35 U+30FD 776 1992 33 54 U+3031 1502 749 42 128 U+3057 1368 2352 67 76 U+3064 1375 2434 65 49,200005598_00033_1
U+306F 708 2144 90 59 U+3044 311 1341 96 64 U+5451 139 854 80 153 U+306F 147 1609 77 60 U+306F 531 2526 85 57 U+3082 329 1415 48 114 U+3067 518 1265 83 135 U+306E 709 908 100 92 U+306E 1153 2035 74 60 U+3066 908 2152 78 115 U+306B 1079 681 50 71 U+305F 720 795 72 101 U+3084 511 1628 106 125 U+3092 1070 1219 70 84 U+7740 1074 1309 67 114 U+304B 163 1208 42 93 U+305A 1076 2354 61 120 U+3061 329 2277 74 120 U+3055 324 1102 73 104 U+3089 165 1300 40 138 U+3084 699 1367 96 114 U+3072 318 988 90 113 U+3044 145 1701 83 86 U+4ED8 1500 1328 76 140 U+3046 343 2047 46 129 U+304D 769 2344 54 94 U+306A 724 1616 72 136 U+306E 1070 2484 63 70 U+305F 1491 1215 81 103 U+3060 143 2011 90 108 U+3078 507 985 121 59 U+3064 514 1052 96 105 U+3089 743 1760 39 132 U+30A2 749 1494 59 107 U+306D 707 1916 96 133 U+9152 524 2364 103 131 U+3068 935 1202 45 121 U+306F 930 1527 74 53 U+7F6E 1508 1609 84 156 U+3064 144 2480 94 108 U+3093 320 759 109 124 U+3066 1504 1472 68 139 U+3057 352 841 26 147 U+3046 1085 2240 29 87 U+6240 513 856 93 129 U+3064 326 2175 94 101 U+306B 1164 2413 46 66 U+677E 508 411 110 116 U+304B 1515 1125 58 89 U+3092 1063 1553 79 96 U+3044 516 1164 94 96 U+98A8 1267 923 96 94 U+3046 1091 574 30 93 U+3051 1157 695 73 107 U+8336 564 1880 75 113 U+306A 920 833 66 126 U+306E 1159 974 76 87 U+306B 714 1245 83 117 U+306A 328 653 73 110 U+3042 1157 2222 69 92 U+3072 870 407 73 84 U+3064 905 2038 93 100 U+308A 547 1508 47 121 U+305D 1278 1113 46 90 U+308B 1088 1133 39 81 U+3093 308 1527 96 99 U+3078 136 1139 100 78 U+3093 717 683 109 128 U+304F 529 1410 77 97 U+3093 906 955 93 117 U+30C8 601 1774 34 81 U+3066 141 416 74 119 U+306A 878 492 43 95 U+7ACB 1262 2443 73 99 U+5C4F 1253 791 81 118 U+30C8 779 2238 39 89 U+3044 514 693 88 77 U+91CE 514 536 95 139 U+306F 170 2137 44 121 U+8896 1063 1441 87 103 U+3092 1352 1763 77 87 U+3078 131 785 107 74 U+305B 709 1012 83 112 U+305F 1083 1047 53 93 U+3044 918 1347 88 74 U+79BF 953 412 84 138 U+305B 717 415 81 101 U+3073 1357 2031 85 106 U+81B3 1339 1636 92 126 U+5E2F 1078 1656 49 120 U+308F 732 1129 46 110 U+306F 1500 2522 102 57 U+3061 924 1824 66 119 U+308C 1490 2367 106 125 U+304A 911 2268 98 97 U+3064 916 2456 82 100 U+3078 1481 1061 125 87 U+6CB9 1149 2116 83 106 U+308F 586 2008 35 72 U+3060 323 1635 64 111 U+3084 1067 507 74 64 U+5E03 1156 1789 73 122 U+305B 1300 519 86 119 U+306A 1274 1388 54 92 U+5B50 1173 1928 52 89 U+3078 715 516 99 107 U+3092 1363 2423 80 82 U+3064 320 2485 97 96 U+3051 148 643 79 136 U+304F 964 667 60 75 U+3084 900 1946 99 92 U+3089 901 681 31 99 U+3052 1161 2315 62 89 U+306E 1154 1708 79 68 U+307C 1064 2147 76 78 U+3088 316 1749 68 121 U+304A 1283 422 114 90 U+305F 693 2245 54 91 U+3064 1157 627 61 69 U+3078 1263 1321 88 69 U+3078 702 2063 108 66 U+3066 1266 1669 56 103 U+4E2D 1366 1406 56 93 U+6BDB 1365 2508 85 88 U+30F2 1542 571 52 91 U+3092 137 528 94 106 U+306F 1080 1821 40 116 U+3084 301 2394 111 93 U+3046 940 1580 46 131 U+3084 1489 1770 102 73 U+308C 1068 944 71 100 U+308B 982 744 35 70 U+3059 501 1987 44 123 U+5451 145 1437 83 146 U+3088 1089 769 37 84 U+3068 974 552 35 108 U+3092 511 1793 37 82 U+3078 1250 2546 100 46 U+307F 1081 2043 29 98 U+308B 1368 1307 43 85 U+305F 1490 1945 82 112 U+3062 1163 1155 70 87 U+3088 342 409 60 109 U+3064 916 1710 87 104 U+3044 1515 2140 63 45 seg_fp 1325 2158 58 69 U+4E08 1150 813 86 110 U+30C8 1367 787 41 94 U+5BA2 328 1912 70 110 U+3053 723 611 59 77 U+51FA 502 1897 49 86 U+3084 140 2259 103 98 U+304F 161 2352 37 112 U+3053 1512 2261 64 96 U+308B 703 2338 35 78 U+3057 355 514 28 132 U+304C 893 594 52 88 U+3093 567 2081 56 68 U+5E30 1340 1225 91 84 U+3079 1268 1603 82 75 U+3060 922 1075 78 119 U+3068 1285 1211 38 98 U+3066 147 1017 63 116 U+305B 1157 1604 69 93 U+306E 1268 1024 70 65 U+307E 1166 409 39 96 U+3055 1067 1942 51 93 U+30C4 1539 678 46 70 U+304B 936 2365 40 90 U+7B4B 1264 2309 78 121 U+3053 1507 895 71 103 U+5C45 1352 1522 75 112 U+5973 537 2185 67 69 U+90CE 550 2249 55 71 U+305F 1519 2085 54 57 U+8336 1499 430 80 108 U+3057 333 1212 40 121 seg_fp 1328 2226 60 48 U+306F 1370 1851 47 107 U+3044 1157 1326 72 62 U+3057 1181 2497 16 88 U+5BA2 728 2473 70 106 U+307F 1166 1074 42 80 U+308F 1321 655 66 122 U+3054 1078 861 49 78 U+5B50 153 1817 82 162 U+305F 1076 416 54 79 U+3053 1369 1958 53 69 U+3089 1285 1499 35 111 U+3057 1531 1846 26 107 U+304D 1161 1516 59 88 U+3053 1523 2188 65 54 U+304D 1154 522 61 101 U+304F 1283 1868 46 91 U+30B1 1182 909 43 63 U+3078 1059 1797 84 40 U+9AEA 1352 2296 91 116 U+309D 552 764 26 65 U+309D 955 1414 28 72 seg_fp 1532 996 33 70 U+304B 1171 1257 39 69 U+30C8 1495 777 55 110 seg_fp 169 1796 38 90 U+3092 1283 1784 52 90 U+306A 1355 986 61 107 U+307F 1372 909 37 72 U+3031 1359 1066 51 129 seg_fp 1173 1389 43 106,200005598_00037_1
U+304A 1362 1453 101 83 U+3052 1366 510 109 137 U+3046 803 1034 41 123 U+767D 555 1241 57 104 U+3046 204 585 53 125 U+306E 1148 2021 59 65 U+3064 1359 416 88 82 U+3067 192 1067 82 130 U+3060 194 717 69 114 U+51FA 1366 1551 97 85 U+306E 627 642 67 68 U+306E 1608 2117 65 66 U+308B 1134 429 44 71 U+3056 1205 423 70 83 U+3092 633 904 74 70 U+3060 995 1973 73 115 U+3061 1238 2065 60 99 U+304A 194 1782 100 79 U+3042 658 1944 61 79 U+3042 343 598 64 71 U+3084 1539 558 103 118 U+3042 1146 1762 68 77 U+304A 1555 851 87 77 U+3088 1364 663 67 107 U+3070 404 2299 105 48 U+5FA1 406 2366 92 80 U+3089 1384 1315 51 133 U+3093 192 1386 108 110 U+3044 778 1314 99 68 U+306A 1368 1195 89 118 U+3093 1367 1077 96 111 U+7C89 542 1360 84 113 U+3046 432 2521 39 80 U+306B 667 2251 50 65 U+3089 844 1821 51 96 U+3051 351 698 56 84 U+306E 201 1984 85 91 U+3042 1014 998 70 80 U+5C0F 1035 2223 77 84 U+307E 408 2003 84 103 U+3058 451 1054 46 120 U+79BF 775 434 78 105 U+3046 438 973 34 83 U+3092 831 1945 70 93 U+306A 421 598 72 82 U+306E 1212 1068 63 81 U+3059 202 1482 65 153 U+305D 781 578 61 129 U+305F 209 1862 75 124 U+304A 1232 2179 68 52 U+3059 963 2487 59 111 U+624B 1150 1636 55 115 U+308A 574 1695 39 95 U+307F 201 2221 96 146 U+3080 631 721 76 76 U+4E94 957 2117 68 63 U+3092 1608 2329 75 75 U+3051 400 1791 84 110 U+306B 1148 1078 50 68 U+3050 1136 773 53 102 U+3054 781 829 96 76 U+3092 1144 1355 68 79 U+3089 767 1884 34 98 U+3089 795 916 72 117 U+3066 539 586 57 98 U+306D 187 2489 117 110 U+8C8C 1608 2208 69 104 U+30E2 415 1414 70 75 U+4E09 764 2316 69 63 U+3057 1395 1643 21 136 U+308A 1374 2390 37 106 U+30C8 1063 2109 33 91 U+307B 1120 515 69 77 U+3073 651 2144 75 98 U+3078 388 1599 93 51 U+3068 425 2445 48 77 U+3092 1010 911 74 78 U+306A 1375 1810 68 125 U+3064 1129 693 59 64 U+30B7 425 1500 71 81 U+3061 986 1706 73 109 U+304B 762 1813 38 64 U+3092 555 1487 72 86 U+3092 1354 2210 61 74 U+304F 646 806 36 88 U+30C8 1456 2205 28 80 U+306D 188 1644 113 107 U+307C 1150 2313 70 90 U+305F 414 1899 66 105 U+308C 395 2186 97 95 U+8896 1000 582 88 105 U+3092 342 1063 62 86 U+304E 1556 424 86 128 U+3059 1239 2355 54 119 U+3057 1402 2033 18 147 U+3046 415 1653 45 143 U+308A 1165 1919 36 85 U+3068 1217 521 41 103 U+3067 1009 691 67 93 U+304A 972 1163 99 107 U+308C 760 708 109 115 U+3059 1149 1162 46 100 U+305D 843 1649 46 85 U+3057 819 1392 21 130 U+3092 643 1474 78 82 U+308C 1204 809 76 85 U+3078 970 1897 110 79 U+56DB 1047 2523 56 60 U+4E2D 852 2523 63 87 U+3044 1609 1871 69 63 U+305F 663 2433 49 84 U+3066 349 794 46 79 U+4E2D 1149 2101 60 95 U+306D 968 1355 94 113 U+3075 180 964 114 100 U+308A 196 444 61 138 U+3078 552 907 66 40 U+3082 853 2451 47 77 U+305D 211 843 54 120 U+3075 1010 1076 81 70 U+3046 1230 1334 33 105 U+305D 658 2042 46 103 U+3089 953 927 30 104 U+305B 1221 1728 57 63 U+5973 1183 1475 63 63 U+6298 744 1707 63 90 U+898B 1539 1672 50 107 U+3068 673 2527 37 82 U+308F 1377 2518 33 70 U+3067 1231 1879 49 80 U+7070 1005 798 80 102 U+9152 1241 2493 64 77 U+30C8 855 1538 27 92 U+3091 542 690 65 98 U+3064 1536 1909 56 84 U+3046 1242 1960 38 105 U+308B 1153 1259 44 86 U+3061 1433 2302 60 76 U+3060 207 2368 74 113 U+304D 1225 1628 45 88 U+3066 1535 1786 45 107 U+307B 553 2066 74 87 U+534A 441 1267 54 107 U+305D 1221 1242 42 90 U+307B 340 964 66 79 U+3058 806 1179 43 127 U+307E 969 2195 39 109 U+3093 339 512 80 79 U+3057 1591 1383 16 138 U+5973 1378 797 59 72 U+3068 1371 2296 36 95 U+306A 1567 1536 56 111 U+3066 654 1841 55 95 U+5BA2 974 440 69 116 U+3084 413 907 78 64 U+306F 554 2187 57 41 U+3076 330 443 79 72 U+3059 564 1582 51 118 U+304E 1541 1993 56 112 U+3069 1132 590 52 85 U+3044 420 522 67 61 U+308A 557 1130 45 66 U+3075 752 1543 68 71 U+3093 1366 1932 83 108 U+306F 408 2118 76 68 U+308B 1235 1791 34 77 U+3070 554 954 42 100 U+6C17 978 1555 114 141 U+308A 558 785 41 102 U+3053 843 1749 47 69 U+305D 1373 978 58 106 U+90CE 777 2158 53 98 U+307E 571 2237 40 113 U+51FA 961 2399 70 89 U+308D 420 439 62 82 U+304D 664 2332 49 99 U+3044 835 2245 52 34 U+3051 661 1718 55 103 U+304E 1036 2319 71 101 U+304B 356 886 33 76 U+3078 1143 2197 83 64 U+3076 1139 1855 69 68 U+307E 660 1307 32 94 U+3088 1573 937 46 105 U+304F 1047 2416 37 90 U+3054 204 1194 87 90 U+3053 1156 2246 47 63 U+3068 1250 2251 33 96 U+304E 939 591 53 98 U+3060 562 2353 59 74 U+3078 966 1478 109 84 U+306A 939 702 45 133 U+308C 840 2381 76 80 U+307F 554 437 35 73 U+304E 630 433 62 103 U+304B 1551 2118 31 82 U+3078 532 520 82 70 U+3088 778 2396 29 98 U+306A 1560 1183 72 109 U+3078 966 1277 103 72 U+3046 1452 2433 32 87 U+3044 957 2311 66 63 U+3056 200 1286 87 102 U+3057 239 2082 23 134 U+305B 752 2506 65 88 U+3053 565 1821 52 70 U+3084 1437 2379 66 55 U+3070 844 2184 36 57 U+3053 856 2312 48 63 U+308C 1144 2421 69 73 U+307F 1228 1149 24 86 U+304B 574 1985 40 80 U+307C 1208 717 75 86 U+308C 619 540 81 92 U+304C 955 839 41 92 U+51FA 354 1177 50 65 U+90CE 1202 1526 45 59 U+307F 582 1896 35 78 U+5BA2 1582 2443 66 106 U+5973 778 2077 44 70 U+8EAB 634 1105 56 95 U+3044 640 1407 70 54 U+3093 1552 1263 98 132 U+3058 671 1191 25 95 U+3053 1216 634 47 66 U+90CE 1389 856 44 74 U+307B 835 2065 52 53 U+308B 1551 2290 37 78 U+79BF 1564 705 64 93 U+3057 677 1555 15 99 U+304B 559 1056 34 73 U+304B 668 1655 29 59 U+3057 380 1239 15 135 U+3057 1596 1041 21 112 U+3092 427 1182 61 69 U+3089 1632 1932 28 88 U+308B 1166 2491 41 88 U+3092 578 2452 55 64 U+306D 1528 2203 62 87 U+304C 1005 1813 68 75 U+304A 1608 1786 64 52 U+5BA2 1178 927 61 110 U+3057 1450 2470 45 122 U+3057 597 2517 19 89 U+3093 1610 2007 46 90 U+3057 454 685 13 101 U+7740 643 981 63 114 U+304F 771 1608 36 75 U+3046 847 2118 21 58 U+3057 444 807 10 98,200005598_00037_2
U+3067 1152 2231 76 199 U+3082 941 703 72 125 U+3082 1148 980 60 127 U+306F 1135 1754 94 67 U+5916 1517 1342 99 167 U+3082 567 2223 43 145 U+3066 1139 516 90 130 U+306E 743 2036 95 95 U+3092 1514 1818 101 105 U+3064 1520 1932 104 127 U+3089 363 1995 70 121 U+4F55 323 529 113 135 U+963F 729 2155 119 140 U+3092 1317 1001 103 112 U+4ECF 731 1862 116 165 U+5F25 739 2307 116 148 U+5FA1 746 1581 93 133 U+624B 1345 841 65 157 U+3082 755 513 75 123 U+3082 751 1446 65 128 U+99AC 352 1646 92 159 U+3082 1523 888 66 126 U+3066 342 1377 85 155 U+3072 942 1847 95 121 U+3042 1334 2336 82 117 U+306A 964 2106 67 149 U+3067 549 852 86 152 U+6301 724 1718 110 140 U+3046 759 647 45 141 U+898B 338 2429 115 150 U+90CE 1128 791 103 210 U+306F 344 1557 101 71 U+5F79 934 1289 114 148 U+3086 558 2003 77 116 U+306B 1331 740 107 114 U+306A 1330 2071 101 141 U+98EF 1123 2457 138 130 U+5BA2 1517 1645 88 165 U+3066 746 1306 87 141 U+3082 178 2376 59 108 U+3082 951 1703 61 130 U+9854 536 1553 106 160 U+306E 540 2366 84 120 U+305F 1146 1339 70 113 U+3081 1523 2161 84 131 U+305E 1344 2217 94 122 U+307E 564 720 54 130 U+3068 1543 2033 46 125 U+308B 563 2116 52 100 U+5973 524 1101 129 133 U+898B 547 1846 99 143 U+8EAB 150 1223 91 163 U+307E 544 597 99 114 U+3075 1117 1825 115 124 U+3082 183 2026 50 152 U+3084 1312 1695 111 80 U+3072 1134 2081 98 146 U+5E30 1120 1108 118 109 U+3064 1335 2452 88 129 U+3089 1535 756 46 123 U+3055 562 510 51 84 U+3078 920 630 120 94 U+306B 564 1715 74 126 U+308A 968 2256 48 163 U+306E 537 1427 124 123 U+304C 576 1013 72 76 U+6240 934 1438 87 130 U+5973 1116 652 126 129 U+3069 184 791 69 158 U+9E7F 333 1805 111 186 U+3066 1339 1475 61 212 U+65E5 1156 1626 60 111 U+3066 172 1799 68 134 U+306E 164 1092 80 129 U+968F 1504 1017 116 156 U+304F 960 1967 60 136 U+3089 367 1035 50 152 U+3055 947 513 69 105 U+308B 1342 1775 49 134 U+306E 1501 1514 114 134 U+304F 359 2261 51 146 U+3046 1345 622 52 112 U+9640 732 2468 124 124 U+898B 334 1192 95 176 U+5206 1534 1175 73 154 U+3068 185 2277 42 101 U+55B0 926 835 129 171 U+90CE 538 1231 99 199 U+304A 1316 1116 107 91 U+304B 367 943 50 101 U+3055 1531 2290 60 104 U+4E5F 533 2488 131 106 U+65B9 1512 507 90 152 U+306F 169 1943 89 81 U+5BA2 933 2428 91 167 U+305B 1505 2396 97 112 U+5916 345 744 107 178 U+3064 162 2173 92 101 U+3048 1332 1323 90 151 U+3078 731 925 114 85 U+306B 168 1386 68 95 U+308C 167 626 76 166 U+3055 1140 1951 75 119 U+3064 157 1670 97 124 U+306A 163 2486 103 104 U+3084 1322 509 106 111 U+3064 737 1186 93 125 U+306A 161 1494 92 182 U+3061 749 782 74 135 U+305D 170 951 64 131 U+304B 761 992 41 87 U+308B 1529 2506 56 88 U+3092 928 1570 105 142 U+30EC 388 677 53 61 U+3057 381 2125 28 146 U+3057 1172 1211 21 131 U+3078 714 1095 117 103 U+306F 941 1010 83 113 seg_fp 1340 1910 54 161 seg_fp 948 1178 72 109 U+7FCC 1128 1458 99 93 U+304B 1538 670 47 91 U+3086 162 512 86 110 U+3057 1363 1200 41 128 seg_fp 1136 1547 89 81 seg_fp 959 1120 66 73,200005598_00047_1
U+306E 1422 1102 156 150 U+8EAB 918 1205 142 197 U+306A 884 549 162 221 U+8272 176 2053 151 182 U+308B 420 812 125 154 U+308B 925 1008 148 179 U+306B 1492 2443 90 172 U+3068 700 1791 84 186 U+308A 971 1548 72 185 U+9AA8 1189 2329 142 234 U+3053 403 1666 146 123 U+3082 209 2487 92 125 U+6795 896 2276 202 183 U+767D 1168 2150 175 163 U+306A 142 747 141 158 U+3066 1178 1397 118 172 seg_fp 435 1222 81 204 U+306F 1170 1926 137 203 U+306A 627 549 138 178 U+5915 1173 1587 130 212 U+3079 396 1003 184 209 U+308C 901 768 155 217 U+306B 721 2542 62 95 U+306A 920 1408 166 141 U+3092 444 2070 111 194 U+6162 1149 795 169 230 U+3057 221 1761 31 276 U+9AD8 1151 541 168 228 U+3082 684 1173 93 156 U+7D05 643 2211 169 162 U+671D 1414 2225 176 212 U+3068 646 883 151 140 U+8C48 649 1356 156 262 U+306E 661 1997 141 226 U+3055 1450 1731 125 155 U+3082 695 1615 76 183 U+3042 135 553 173 178 U+306B 1187 1806 122 113 U+865A 1392 547 167 230 U+3042 1173 1065 156 183 seg_fp 711 1021 43 169 U+308B 689 733 77 153 U+9854 638 2384 185 202 seg_fp 959 2038 87 99 U+76AE 1430 1257 150 271 U+3092 1463 1540 126 167 seg_fp 1487 1995 87 121 U+3068 963 2443 57 116 seg_fp 934 1954 132 82 U+304B 422 543 84 145 U+308A 1217 1252 81 132 U+3081 155 904 143 174 U+308C 378 1831 187 195 U+898B 424 2266 122 186 U+306F 419 2592 73 44 U+3066 405 2466 122 162 U+3084 396 1387 163 260 U+306F 955 2562 93 69 U+7537 169 2255 129 119 U+3068 1211 2506 99 106 U+805E 140 1544 162 253 U+3070 1485 2143 80 50 U+8358 909 1748 157 198 seg_fp 198 2374 79 95 U+3089 1473 1892 91 143 U+3078 377 689 180 105 U+8A00 1440 826 103 255 U+304C 977 2163 124 76 seg_fp 513 1994 44 96 U+3068 188 1381 122 182 U+3031 160 1139 133 287 seg_fp 176 1064 139 157 seg_fp 1456 762 79 130,200005598_00049_1
U+3059 1044 1496 149 169 U+306E 528 1129 122 186 U+5973 1273 2025 174 134 U+306B 1048 1015 132 117 U+6709 1516 514 156 230 U+3068 1587 1658 56 155 U+8FF7 1032 1681 161 206 U+8A00 503 868 142 230 U+306A 1038 1976 170 147 U+307E 793 491 106 158 U+305F 263 1505 138 141 seg_fp 1330 1580 62 161 U+5FA1 1530 785 138 143 U+3066 1030 1150 133 162 U+7F8E 1272 2174 164 185 U+4F5C 513 1532 183 208 U+3053 749 1932 185 172 U+3092 821 2192 134 170 U+609F 227 505 180 185 U+3079 250 1792 196 183 U+306F 534 626 66 47 U+7528 1529 943 136 230 U+306E 253 1007 129 105 U+793A 1548 1849 126 204 U+3057 309 1228 56 267 seg_fp 1286 1441 141 149 U+547C 764 1718 159 198 U+7136 765 1054 188 224 U+4E3B 1319 792 95 176 U+3068 1068 2147 108 142 U+9053 231 728 150 246 U+574A 1254 512 168 210 seg_fp 825 1454 96 241 U+304B 1092 1892 54 83 seg_fp 1329 2486 71 89 U+306B 774 887 164 149 U+306F 303 1115 69 115 U+601D 781 2397 167 162 U+4E00 493 744 146 59 U+7537 1310 2378 127 108 U+706F 1001 486 191 226 U+3089 1095 1314 59 199 U+7F8E 1271 1777 179 225 U+306F 1050 2427 98 136 U+3082 1328 1253 78 188 U+5FC3 1522 1205 165 185 U+308A 830 1278 71 172 seg_fp 800 655 99 243 U+3078 493 496 141 104 U+3082 559 2456 114 113 U+7BED 1047 713 127 286 U+308B 307 1645 67 132 U+3044 507 1962 146 148 U+5984 502 1326 181 197 U+3069 578 2196 118 233 U+3068 523 1750 150 168 U+3078 491 2134 181 67 U+5BA2 1284 996 150 127 seg_fp 1289 1106 137 134 seg_fp 1081 2280 56 171 U+3031 1580 1515 132 175 U+3057 1618 2040 33 328 U+3031 1576 1378 138 173 U+3057 318 1993 47 402 U+308B 1562 2474 128 102 U+309D 846 2098 61 99 U+305F 1566 2237 68 155 seg_fp 1559 2405 74 78 seg_fp 1335 698 42 95 seg_fp 580 1857 41 117,200005598_00049_2
seg_fp 309 1010 110 141 seg_fp 342 1238 65 100 seg_fp 324 1351 119 104 seg_fp 280 734 151 147 seg_fp 200 1203 76 113 U+308B 1234 2240 108 163 U+3059 1245 2402 89 165 seg_fp 323 1141 103 99 U+3057 1204 2076 118 156 seg_fp 285 890 162 125 seg_fp 187 1333 112 127 U+306B 1277 2018 47 71 seg_fp 1 2295 99 106 U+308A 1519 1513 58 177 U+308C 1458 980 151 192 seg_fp 191 1461 101 139 U+306F 1513 1384 65 149 seg_fp 445 1364 89 98 seg_fp 0 2400 89 190 U+3084 1463 1271 156 121 seg_fp 22 2179 31 92 seg_fp 1113 1809 257 191 U+3082 1505 1132 90 137 seg_fp 1001 677 105 138 U+3053 1476 829 145 130 seg_fp 1010 510 90 183 seg_fp 445 1283 45 91 seg_fp 9 1990 71 126,200005598_00050_1
U+307C 1191 710 127 125 U+3042 588 380 98 85 U+5F01 829 336 111 127 U+4E73 1680 445 148 126 U+305F 1205 877 84 158 U+306E 441 558 140 107 U+305F 593 481 82 90 U+3093 1170 1047 141 149 seg_fp 1927 2240 61 116 U+6176 818 504 120 127 U+95A2 207 471 128 125 seg_fp 1915 2116 89 115 U+306B 1564 565 43 254 U+309D 627 569 26 61 seg_fp 956 413 81 70 seg_fp 953 337 85 69 seg_fp 358 445 60 53 seg_fp 971 518 40 48 seg_fp 1932 2364 62 108,200006663_00003_2
U+5E03 1388 390 92 156 U+888B 1367 571 128 149 U+3044 1791 414 48 106 U+308B 495 828 112 147 U+306E 502 976 107 83 U+3084 1759 329 106 59 U+306A 1616 635 102 83 U+3082 700 755 105 131 U+9152 811 460 112 122 U+3081 1204 836 98 89 U+3060 511 663 101 169 U+3054 692 636 94 116 U+93A7 207 771 146 159 U+3053 1622 468 78 94 U+3071 1211 625 70 108 U+3089 1228 733 37 106 seg_fp 1647 562 33 76 seg_fp 369 712 24 76,200006663_00004_1
U+9580 1846 1416 112 133 U+8C6A 155 905 119 148 U+4E0B 1843 479 115 104 U+67F4 1830 1254 145 132 U+8086 130 746 155 145 U+5DFB 383 913 145 123 U+66F8 146 581 126 143 U+4E39 1104 1419 145 126 U+53EF 1589 918 130 145 U+4F55 1340 609 145 116 U+8F9B 619 467 132 127 U+6210 151 2075 139 133 U+5217 379 2542 127 127 U+6C0F 629 616 128 123 U+800C 1610 1923 120 119 U+6839 1098 942 160 113 U+4E5D 872 1106 144 95 U+5F35 882 933 136 128 U+4ED6 625 1921 156 122 U+90E8 1091 474 152 120 U+4E94 388 764 132 88 U+7ADC 1096 1759 168 131 U+6EDD 862 475 146 123 U+4E8E 1121 1105 113 105 U+523B 143 1922 126 120 U+623F 866 2546 134 143 U+4E8B 1363 1557 136 168 U+596A 147 1081 130 133 U+4E5E 164 2392 113 107 U+68A8 148 1569 134 130 U+68D7 140 1737 148 146 U+4EE5 629 771 126 92 U+7ACA 1347 779 140 144 U+4E0D 1592 778 126 114 U+72D7 1835 1753 134 118 U+66F8 149 2685 131 140 U+4E14 1592 1270 132 98 U+5931 1609 2234 135 124 U+672A 388 1906 138 120 U+5FD8 1613 2076 113 116 U+719F 1837 2234 139 131 U+8349 386 597 128 136 U+65BC 1106 2882 135 108 U+50C5 378 1085 142 133 U+5BD0 1588 609 143 124 U+4EE5 1360 2090 131 87 U+98DB 864 1412 148 131 U+5BA2 1836 2547 138 116 U+8FF0 380 1259 152 116 U+738B 1112 1265 137 105 U+9051 628 2239 139 134 U+5408 1354 1918 150 107 U+4F1D 1101 2549 152 144 U+5176 631 1772 137 120 U+5510 1346 1092 142 132 U+800C 392 473 123 100 U+59BB 627 1241 139 138 U+6570 618 2715 156 123 U+8AC7 1835 2711 154 125 U+64AE 1346 1758 156 132 U+6BDB 639 2394 124 100 U+7121 1834 1581 137 105 U+9E93 1109 1567 145 159 U+64EC 861 772 153 120 U+6319 626 2539 158 145 U+8328 1846 763 114 136 U+5922 1601 460 116 145 U+89F4 385 1748 139 135 U+5AC1 856 2244 164 123 U+7136 133 451 142 110 U+9D3F 1101 2386 161 131 U+767B 134 1256 159 101 U+516B 874 2424 142 76 U+53C8 146 2253 139 97 U+8AF8 146 1410 142 120 U+4F0F 852 1918 162 129 U+5420 1840 1922 151 104 U+65E2 1608 1756 137 119 U+509A 865 2725 158 121 U+970A 1113 2226 135 139 U+5BA2 1829 1087 154 114 U+69C3 630 1400 139 138 U+57CE 863 606 157 134 U+6E90 1363 2714 129 127 U+6708 636 2866 100 120 U+5176 146 2541 134 118 U+516B 391 2252 139 71 U+6FEB 393 1583 123 113 U+5176 385 1411 144 117 U+601D 1846 2399 121 114 U+5982 1101 2093 143 91 U+5176 620 919 139 121 U+4E0D 636 2091 113 112 U+5982 850 1771 149 92 U+904E 1598 2395 150 114 U+74E0 634 1582 140 116 U+5974 860 1594 169 98 U+8A00 1845 2082 120 114 U+58EB 391 2394 122 85 U+5948 1601 2869 142 131 U+59EB 855 2098 151 111 U+4F1D 375 2703 146 148 U+9F62 867 1261 161 122 U+9AD8 873 2868 130 124 U+5275 377 2076 145 140 U+7121 1831 936 142 105 U+4E4B 1360 2411 141 80 U+5F01 1109 610 138 132 U+793C 1334 2869 164 127 U+7D4C 1113 1924 143 130 U+83AB 1599 2702 135 144 U+7ADC 1096 777 169 125 U+6545 1361 1424 143 101 U+5973 616 1096 150 100 U+9332 1588 1416 147 121 U+534A 1598 2541 136 94 U+6368 1586 1102 165 119 U+8305 1842 593 107 145 U+96D6 1834 2879 140 127 U+4E4B 1352 473 98 64 U+66F8 1120 2700 130 147 U+5C71 1362 1277 127 95 U+5982 1349 2562 145 97 U+7DB4 1359 2234 136 123 U+4E4B 1600 1589 138 83 U+540D 138 2874 127 112 U+53D6 1352 940 149 116 U+96D6 383 2876 140 120 seg_fp 1695 1678 42 63 seg_fp 1453 2674 50 26 seg_fp 1450 2015 45 51 seg_fp 1926 1691 48 35 seg_fp 963 1709 58 22 seg_fp 1472 2499 34 47 seg_fp 485 713 41 39 seg_fp 239 1193 41 47 seg_fp 1697 1372 42 25 seg_fp 477 2463 36 51 seg_fp 5 2846 85 100 seg_fp 1463 1693 38 60 seg_fp 257 1512 36 65 seg_fp 976 1843 44 43 seg_fp 1834 1707 49 24 seg_fp 927 2032 13 49 seg_fp 3 2629 72 113 seg_fp 1710 1558 52 67 seg_fp 733 1171 38 64 seg_fp 3 2745 74 93 seg_fp 733 1704 48 22 seg_fp 1706 2654 52 26 seg_fp 1826 3001 51 21 seg_fp 1459 2625 42 46,200014685-00003_2
U+5E74 1570 1100 128 134 U+4E0D 1800 935 140 121 U+6708 1570 1927 100 139 U+79CB 1558 1596 159 135 U+5373 1814 1444 132 134 U+58EB 1803 2100 138 97 U+7C11 1080 1418 139 152 seg_fp 1319 1259 133 148 U+4E5D 1557 1780 150 110 U+89E3 1074 2074 150 150 U+7532 1578 1278 102 113 U+7D2B 1314 1091 141 146 U+5316 1559 630 149 111 U+9673 1081 1750 156 136 U+4F1D 1795 2258 161 157 U+7136 1826 786 117 110 U+620C 1561 1436 155 131 U+6D17 1565 2570 146 132 U+65E5 1598 2420 61 96 U+5341 1568 2105 121 105 U+4E5D 1567 2276 139 106 U+6C60 1321 1441 152 122 U+4F5C 1301 641 149 116 U+547D 1797 2417 167 139 U+6F2B 1816 632 143 130 U+72AC 1809 1932 151 114 U+5802 1323 769 129 120 U+4EE5 1808 1615 141 94 U+516B 1809 1781 150 73 U+6562 1806 1104 156 130 U+5341 1574 785 122 99 U+8F9E 1817 1260 133 146 U+4EBA 1081 1925 152 97 U+7B46 1563 2724 141 158 U+4E0B 1312 934 132 123 U+7B20 1079 1594 135 119 U+4E88 1798 488 137 125 U+4E00 1572 972 125 28 U+8457 1310 494 138 126 U+4E4B 1804 2596 145 93 U+65BC 1545 2901 151 111 U+64B0 1074 2260 150 118 seg_fp 321 14 138 141 U+6587 1559 491 153 114 seg_fp 1913 1553 44 53 seg_fp 1916 1389 52 42 seg_fp 1404 1016 41 59 seg_fp 816 1824 105 87 seg_fp 353 158 22 79 seg_fp 524 1824 126 132 seg_fp 820 1921 104 52 seg_fp 811 1681 118 123,200014685-00004_1
U+5BFA 115 2372 78 103 U+306E 1161 606 66 56 U+66F2 1683 2005 87 98 U+306E 818 1635 69 58 U+306E 1003 619 67 55 U+306E 468 1480 63 56 U+516B 1850 1036 101 62 U+5357 1326 1816 90 109 U+3092 989 1732 80 60 U+306E 301 496 64 53 U+56DE 1414 838 90 74 U+5B63 1494 1003 100 113 U+3092 115 730 79 58 U+7BC0 1503 1805 82 127 U+6B66 1146 1309 99 107 U+529B 118 660 66 70 U+56FD 124 2288 73 84 U+306B 1337 1940 71 63 U+6642 459 702 91 96 U+3092 812 1920 86 68 U+3072 122 1121 80 72 U+3092 297 648 69 73 U+907F 991 853 90 96 U+5E30 1333 2021 83 101 U+5C06 1140 663 103 89 U+306E 636 493 62 51 U+3092 991 1195 82 86 U+3092 1339 1432 70 68 U+5009 1141 948 109 109 U+306E 1161 1064 66 52 U+5C06 606 995 105 90 U+90FD 1139 502 99 104 U+306B 295 1896 58 66 U+3092 1505 1412 78 88 U+306B 123 595 60 62 U+753A 286 1122 83 78 U+308C 281 872 109 69 U+4F1D 1855 1302 111 133 U+3092 1161 2887 83 91 U+4EBA 1662 2513 136 99 U+898B 629 2157 85 98 U+5009 108 1935 111 109 U+4E4B 1854 1646 99 85 U+4EAD 1675 2176 100 141 U+898B 1860 872 88 109 U+5B6B 973 2078 97 86 U+56FD 815 408 79 86 U+306B 113 2479 86 61 U+6771 1676 1485 112 124 U+72AC 1859 1161 92 95 U+5DFB 1844 1478 121 111 U+3092 125 1765 78 76 U+56FD 1158 2289 77 87 U+4E14 111 948 88 64 U+6B21 1670 2792 107 90 U+4E3B 1678 2357 98 83 U+7B2C 1413 588 92 135 U+7ACB 465 1394 78 79 U+7ADC 1315 1140 103 108 U+3066 295 2913 75 59 U+5BA4 289 1029 80 87 U+6301 443 1084 100 91 U+90E8 808 984 85 92 U+91CC 1863 718 81 90 U+5EBB 285 408 89 85 U+8003 808 2203 85 111 U+6771 993 404 103 114 U+5B50 977 1989 94 83 U+4EAC 293 2286 72 99 U+5C06 1136 1227 104 86 U+306B 810 2370 78 54 U+6C0F 625 409 83 89 U+304D 996 1393 81 79 U+306E 463 411 69 50 U+5357 1862 414 85 108 U+305A 463 2603 101 71 U+4E16 989 2257 82 68 U+8A13 1487 1294 90 100 U+306B 996 2335 54 60 U+5C06 276 1200 95 79 U+6E05 796 2438 99 95 U+7DCF 1855 559 98 95 U+7528 465 2455 94 80 U+57FA 1492 1137 107 116 U+592B 805 1146 99 96 U+938C 1151 848 88 99 U+3064 813 1995 76 54 U+5FD7 456 1542 93 84 U+5FFD 459 2676 94 106 U+8ECD 631 1082 73 98 U+526F 1148 1126 87 95 U+7FA9 295 555 82 103 U+6BD4 1132 2711 116 77 U+8ECD 288 1285 80 98 U+306B 1004 786 56 61 U+306B 469 789 51 61 U+5927 810 1076 94 71 U+537F 455 1228 96 90 U+3066 1010 949 44 90 U+90FD 1661 1661 110 111 U+62BC 103 2539 96 88 U+5009 448 939 102 94 U+938C 450 846 92 99 U+7FA9 282 1384 87 110 U+81EA 475 1306 53 91 U+53CA 282 1971 87 79 U+5AE1 613 543 100 92 U+3066 1335 1718 67 66 U+6D5C 991 678 87 105 U+571F 986 1043 95 64 U+3072 464 2536 70 68 U+5AE1 444 463 100 94 U+8870 1142 1505 101 110 U+5B9F 470 2138 68 99 U+696D 979 1599 98 123 U+306E 991 2918 75 57 U+5BB6 627 1595 78 107 U+6D77 990 524 94 89 U+5A01 1144 1404 102 108 U+5B63 627 2644 88 97 U+6A29 454 1934 94 89 U+5B50 111 1683 81 73 U+306E 810 2613 69 54 U+6B7B 1496 2025 101 84 U+7537 461 556 69 99 U+4EAC 1151 405 86 94 U+5B88 637 812 74 90 U+90CE 631 1395 84 91 U+306B 1516 1945 49 57 U+4E14 114 1196 96 69 U+95E2 986 1298 89 93 U+306E 468 2238 65 50 U+8ECD 287 2388 80 95 U+78BA 266 1725 107 90 U+308B 826 2305 48 60 U+8DE1 801 1816 99 99 U+5730 453 2792 110 69 U+5225 798 2780 89 97 U+90E8 629 2340 83 84 U+907A 1492 1518 94 96 U+57F7 447 1849 108 80 U+61B2 115 404 83 102 U+6CBB 809 892 84 86 U+5AE1 448 2875 106 98 U+767D 1344 1007 61 85 U+6D41 630 633 89 88 U+3066 1521 1700 47 102 U+6301 105 1456 101 84 U+623F 977 2711 90 115 U+6226 1142 2178 112 105 U+8208 976 1804 93 102 U+5B9F 122 505 70 93 U+306A 110 2054 75 73 U+3066 138 1360 45 89 U+5730 982 1117 111 72 U+8ECD 1152 756 84 96 U+3067 988 2631 86 92 U+306E 469 1032 63 50 U+671D 804 1455 93 97 U+3066 1170 1669 47 82 U+4E8B 816 1695 83 118 U+5831 103 2189 115 95 U+96F2 1328 1302 96 106 U+304F 1347 2138 39 85 U+91CC 816 700 74 86 U+3073 288 2051 97 78 U+5E9C 626 898 87 98 U+7DE8 1655 2651 110 110 U+592A 626 1325 95 72 U+9032 113 1266 91 89 U+7687 801 2669 89 103 U+306A 1156 2446 61 81 U+504F 1134 1760 107 91 U+6559 272 1492 101 92 U+898B 812 791 91 92 U+5B9F 819 1350 72 108 U+731B 280 2487 95 78 U+53CA 977 2405 78 73 U+308A 1168 2528 57 83 U+548C 789 2537 102 64 U+938C 112 1845 87 95 U+91CC 633 2067 73 86 U+6CBB 628 2258 80 78 U+61B2 467 2018 76 118 U+6765 293 2771 81 86 U+6C0F 118 1532 87 78 U+631F 1318 1523 111 87 U+3092 466 2381 70 63 U+57F7 281 1818 105 76 U+306B 306 2568 45 62 U+3066 305 949 50 88 U+308F 306 724 42 71 U+5341 626 1868 77 64 U+8ACC 452 2286 97 88 U+6E90 803 2888 98 82 U+93AE 626 719 83 95 U+3076 965 2478 121 67 U+81E3 637 1791 67 74 U+7FA9 622 1484 93 119 U+4E16 1149 2037 99 74 U+96E3 1139 2777 104 108 U+5E61 624 1226 99 101 U+7FA9 806 1234 102 119 U+305F 817 568 63 76 U+4E16 618 1977 98 76 U+6226 110 1017 97 98 U+6E90 631 2557 86 93 U+516C 285 1589 79 57 U+305B 286 2704 83 67 U+8A70 109 2866 101 98 U+308B 829 644 43 53 U+7BED 111 2625 94 128 U+622E 108 788 99 98 U+4E3B 810 490 85 83 U+57F7 1141 1861 117 92 U+3064 122 2759 79 56 U+3059 1520 2132 54 80 U+8F14 632 2465 92 95 U+6C0F 458 1166 84 73 U+81E3 824 1553 68 75 U+3068 1170 2363 48 73 U+7DCF 967 2826 108 86 U+306F 1162 2129 72 43 U+3070 297 2231 81 52 U+5341 979 2173 81 70 U+983B 456 1631 84 95 U+308B 140 2124 42 61 U+516B 620 1182 98 53 U+3078 1151 1620 91 45 U+3031 834 2086 64 115 U+671D 618 1704 90 90 U+3059 302 797 52 75 U+307F 1353 1622 39 74 U+5C11 645 2413 69 57 U+3089 831 2050 48 75 U+7236 114 1605 94 81 U+4E5F 461 654 82 45 U+307E 994 2538 47 88 U+3068 306 1647 46 68 U+57FA 978 1477 111 116 U+3088 314 2627 37 76 U+306C 628 2828 90 59 U+4E00 1411 764 93 15 U+3057 1180 2605 20 100 U+3066 472 1773 56 77 U+4E00 1863 1807 92 16 U+308A 308 2855 51 66 U+306B 469 1719 58 50 U+3057 667 2887 15 89 U+57FA 628 2736 98 98 U+304B 313 2189 30 48 U+3057 150 878 15 66 U+3057 1021 1901 13 71 U+3057 1533 1616 17 82 U+309D 147 2815 29 43 U+3057 1187 1949 14 75 U+3057 327 2132 12 60 U+4E00 618 1950 93 17,200014685-00010_2
U+5B50 1151 2132 85 79 U+3092 286 2283 85 62 U+4EBA 1142 1993 111 81 U+306B 465 593 69 62 U+6253 993 546 84 95 U+3093 112 1178 96 76 U+306E 1702 1190 66 49 U+884C 1328 2039 89 85 U+306E 1874 1231 62 55 U+3066 478 1084 46 90 U+306E 1168 2074 64 55 U+9000 807 1767 88 88 U+7126 1335 1143 75 92 U+91D1 1681 1240 111 95 U+547C 469 2863 93 94 U+3082 473 1008 51 78 U+306E 641 2184 59 54 U+306E 825 1953 65 57 U+306E 1170 490 57 51 U+306E 1347 682 64 56 U+3092 118 1566 80 65 U+3069 1178 1041 75 72 U+306E 476 1360 59 48 U+308C 1151 971 109 77 U+9593 464 526 69 71 U+3084 112 1257 81 64 U+6765 1512 2111 76 104 U+653E 1321 1770 96 87 U+3066 127 1392 66 71 U+306A 1872 2791 69 70 U+3069 1014 632 67 68 U+62F3 984 1793 98 115 U+6C0F 1328 2349 92 85 U+306B 1341 1085 70 54 U+4EBA 1683 1124 106 67 U+4ECA 1152 1118 103 98 U+306E 1516 578 64 50 U+3042 637 609 68 71 U+4E2D 462 1182 74 76 U+84EC 462 2447 91 108 U+3042 1001 706 67 71 U+99AC 120 1468 82 97 U+706B 808 1691 95 82 U+306E 1519 2658 67 49 U+308C 1155 1271 101 66 U+3052 1341 1572 94 68 U+304C 283 1590 109 60 U+306B 1520 1036 46 75 U+91D1 977 1954 104 84 U+3092 466 1688 85 86 U+76EE 477 2286 61 77 U+5B5D 1691 587 80 102 U+5F62 455 392 88 80 U+3042 297 1433 70 84 U+6765 1687 1502 96 100 U+306E 1002 1742 63 44 U+8D70 286 2657 80 89 U+5B5D 1335 511 81 96 U+3082 1347 1434 50 63 U+306A 1163 1706 61 85 U+6B5F 457 2368 94 74 U+306B 1874 798 66 54 U+5B5D 1689 457 84 92 U+3093 1155 2455 109 67 U+306B 815 2253 76 74 U+5FE0 984 1570 96 79 U+5143 1325 2427 99 81 U+5341 633 445 74 68 U+7FA9 292 663 83 119 U+4F31 1325 2507 103 80 U+99D2 1501 2569 91 88 U+308B 818 1627 89 63 U+71E5 1328 1246 86 86 U+50B7 1333 836 88 96 U+5B9F 298 772 62 103 U+3044 1158 2291 75 56 U+306B 1518 1579 71 68 U+3084 623 1858 84 59 U+9053 1504 628 87 97 U+3070 134 470 76 46 U+51E1 1691 2452 88 79 U+9032 108 2650 91 93 U+308C 1151 1924 108 72 U+8FD4 461 2641 96 78 U+9038 617 1588 95 103 U+306E 473 467 60 52 U+3082 1170 1468 50 65 U+67F3 807 890 93 89 U+3078 1502 2063 91 58 U+3066 639 2452 65 63 U+8FD4 118 534 86 80 U+8A00 1336 2828 63 81 U+5B5D 1499 467 85 104 U+7D66 115 2814 68 85 U+306A 297 1516 65 80 U+7D0B 456 1415 95 83 U+8DB3 627 1698 85 82 U+50FB 459 2199 92 81 U+306F 1001 1911 58 41 U+58F0 1329 1340 72 110 U+9056 623 1193 89 103 U+306A 1336 2273 71 75 U+5C06 458 1844 92 83 U+5FE0 1506 388 88 79 U+304D 1697 782 76 70 U+306E 632 2778 75 60 U+306A 1703 689 59 90 U+727D 1505 2454 84 122 U+3086 814 385 81 66 U+3073 1163 1630 79 77 U+6240 1858 2160 81 78 U+306B 826 1369 54 64 U+9060 808 1437 85 90 U+306A 1867 2322 61 67 U+3072 1514 1218 75 71 U+96D1 277 1810 95 89 U+79BB 816 1526 70 102 U+308A 838 2168 45 76 U+306F 641 1780 48 74 U+7FF3 112 2431 86 115 U+304A 287 2358 82 57 U+58C7 811 594 83 94 U+8FFD 622 826 97 90 U+306A 1866 1643 61 76 U+3092 1157 1351 86 62 U+306B 131 694 45 65 U+54C0 1326 747 94 93 U+3066 292 2594 64 58 U+8005 624 1376 80 96 U+304D 126 1632 58 89 U+96E3 108 765 84 99 U+9A0E 629 510 89 99 U+3088 1712 1610 45 62 U+3082 306 1015 48 67 U+6B4C 1866 709 85 84 U+6562 1849 1895 103 83 U+968F 978 2689 81 87 U+306A 1510 905 61 77 U+6761 1499 813 93 94 U+61F8 818 787 82 99 U+305A 996 2425 82 81 U+305B 1336 1867 64 53 U+6765 631 1027 71 97 U+3051 302 443 59 75 U+6575 275 2180 98 92 U+4F3C 1670 2136 99 71 U+72C2 1326 395 81 65 U+305B 470 2726 73 58 U+304D 1698 2848 73 58 U+3066 128 2553 48 88 U+308C 1153 2394 106 64 U+307B 818 2018 79 87 U+8A60 1857 913 98 80 U+9280 448 908 99 100 U+3066 1014 485 52 55 U+3084 1503 1738 91 76 U+5F8C 814 1276 80 95 U+6797 797 1865 111 81 U+3084 288 1739 80 69 U+5927 1690 390 82 72 U+89AA 1143 391 98 93 U+308C 296 2499 61 87 U+99AC 816 513 76 84 U+305A 1882 2910 89 68 U+5A01 629 2090 88 89 U+305F 297 518 53 64 U+304D 990 1499 76 67 U+3042 283 2835 77 68 U+5982 1687 856 86 56 U+8A87 801 2526 97 103 U+6B66 631 1293 89 96 U+5927 108 2209 98 75 U+898B 469 1994 75 86 U+5742 806 978 100 72 U+52DD 803 2427 105 98 U+3075 985 1127 85 69 U+304D 1688 2642 84 65 U+3068 1704 973 53 70 U+7981 1328 2123 91 105 U+8C9E 1350 1930 51 103 U+679C 1857 1803 86 85 U+8A00 1687 1339 81 96 U+629C 102 2361 94 77 U+308A 312 582 39 71 U+97AD 973 2511 97 92 U+5175 291 1905 78 97 U+978D 810 692 90 89 U+5200 129 2289 55 59 U+307B 1862 1723 71 75 U+614B 621 1476 85 107 U+306F 819 1229 69 40 U+306A 1693 2284 61 82 U+7B49 995 1322 72 119 U+3053 1171 1223 49 48 U+5B50 1347 608 67 74 U+3082 1698 2693 54 64 U+9ED2 457 1263 86 92 U+81E3 997 1654 66 75 U+308A 117 1731 69 96 U+3092 1165 2893 70 88 U+308A 1709 1674 45 74 U+305A 308 1340 71 90 U+3089 136 1105 49 75 U+3084 1151 2533 84 58 U+3051 824 1050 70 66 U+306F 1341 1501 54 72 U+590F 1872 1046 79 103 U+3064 636 1128 69 63 U+632B 448 1494 98 80 U+3042 119 1025 72 79 U+8000 449 661 88 93 U+5FCD 1157 1539 77 89 U+306A 1865 1979 64 87 U+5323 995 1039 78 77 U+93A7 630 2236 83 101 U+8490 633 914 82 110 U+983B 1331 933 89 88 U+63DA 990 389 99 92 U+77F3 966 2044 89 68 U+767D 473 833 55 69 U+306F 1522 734 54 35 U+304D 122 870 66 61 U+4FE1 1854 2712 92 78 U+3070 1164 1789 90 53 U+306F 303 887 55 35 U+306F 1517 1421 66 51 U+306A 1512 1910 62 84 U+307F 135 2747 43 60 U+53E4 1867 633 80 76 U+308A 650 752 45 79 U+5FA1 1164 546 71 51 U+306F 472 2140 65 49 U+305D 300 2415 51 83 U+8CB4 1681 2534 73 108 U+5927 468 1770 69 76 U+306D 108 388 91 82 U+3082 1883 850 48 61 U+308C 993 824 101 65 U+679A 618 2583 104 83 U+308A 1005 1249 50 73 U+3082 1701 2915 55 64 U+7D66 1514 1291 60 71 U+3070 302 2004 73 76 U+3082 1001 2208 54 63 U+64EC 280 1088 102 88 U+9806 1682 1812 83 91 U+305B 297 1277 63 60 U+3053 1176 603 52 52 U+4E8C 630 391 83 49 U+8FF7 1504 1120 88 94 U+304D 1863 2073 75 74 U+8B70 286 1179 100 103 U+305F 813 2629 58 64 U+706B 1861 1295 90 80 U+3068 486 1918 52 68 U+304F 474 761 35 67 U+53E4 1698 1048 72 73 U+9054 1327 2595 93 86 U+305F 477 1572 49 72 U+53E3 1699 1759 56 37 U+727D 980 2831 81 90 U+3068 1172 2218 53 66 U+307E 307 1647 41 89 U+3069 1014 891 66 64 U+305F 1002 1194 53 53 U+4FE1 1846 2582 96 86 U+305E 1526 1650 81 83 U+3066 827 2330 51 85 U+8CCE 1682 2756 101 92 U+3068 1521 2379 60 69 U+7DCB 620 2008 95 84 U+308A 1880 1565 45 76 U+8ACC 1322 2737 100 87 U+308D 1166 702 65 63 U+3075 112 2897 88 58 U+4E94 633 2518 82 61 U+3080 1861 1380 76 63 U+3089 295 2088 66 86 U+592B 1859 2445 89 83 U+3052 1695 2215 95 72 U+7D66 1876 480 55 70 U+306A 1167 767 56 79 U+306B 986 2773 66 54 U+3044 1508 1481 91 45 U+308A 835 1156 43 70 U+3059 138 615 49 76 U+938C 801 2724 92 90 U+306F 1879 549 58 43 U+55AA 1870 391 77 92 U+304C 1359 2683 61 47 U+306B 1691 2000 75 64 U+866B 1874 1151 60 74 U+308A 1359 1019 46 66 U+3075 812 1115 76 43 U+306F 1703 554 59 37 U+70BA 1858 2241 81 89 U+305F 1519 1994 60 68 U+308B 1529 982 39 54 U+3079 1157 878 84 50 U+307E 651 684 42 67 U+97AD 1151 2803 97 90 U+3068 836 2111 52 58 U+653E 1145 2590 102 120 U+4E9B 289 931 84 72 U+3088 1886 1508 37 58 U+305B 1508 2303 70 70 U+308B 1889 993 40 46 U+7389 993 965 91 64 U+3068 137 1323 45 67 U+3068 130 1857 59 58 U+307E 1526 2218 44 77 U+306F 1344 2934 63 43 U+304B 313 391 35 52 U+3075 1506 1362 78 55 U+308D 1512 2826 71 61 U+65E5 1709 1450 45 55 U+308F 1177 1852 37 73 U+308A 1883 2386 41 66 U+3075 1332 463 74 46 U+7ACB 122 1934 83 84 U+306F 1172 2350 54 45 U+7DE9 975 2272 98 101 U+3053 1516 2716 60 55 U+306F 1872 2672 55 33 U+5927 1862 2519 86 69 U+4E9B 987 2126 80 75 U+3075 1682 1899 83 102 U+308B 487 2082 44 53 U+3081 992 2360 60 66 U+3051 1167 920 50 54 U+5009 795 2809 107 74 U+5191 643 2659 60 99 U+3089 1896 2859 45 52 U+308B 482 1646 42 47 U+306A 125 2019 65 84 U+7740 637 2339 68 110 U+306F 1702 2071 59 47 U+304F 831 444 36 65 U+3075 996 776 72 48 U+304B 1533 1529 40 51 U+3053 1508 1818 70 90 U+3057 115 2106 85 91 U+304F 1347 1703 32 62 U+308B 826 2692 40 41 U+308B 1007 2600 38 53 U+306B 290 2779 76 53 U+308B 1355 2226 35 45 U+52E2 794 2875 113 77 U+3068 488 2788 51 64 U+3057 664 1932 14 71 U+308B 1180 845 35 39 U+3057 1720 2364 16 83 U+3057 1199 1412 21 56 U+3057 504 2563 12 67 U+308B 301 2746 50 40 U+3057 1367 1635 16 71 U+936C 613 2847 108 116 U+3089 296 2901 64 66 U+3068 1173 2749 49 57 seg_fp 134 941 48 79 U+4E00 1514 787 66 13 seg_fp 1522 2774 43 53 U+3066 991 2921 59 57 U+3057 1900 1443 15 58 seg_fp 1177 658 39 48 U+3082 1526 2899 90 84 U+309D 1011 2655 21 32 U+3031 1187 2693 52 73 U+3057 1733 910 11 61 U+309E 1900 587 42 43 U+309D 146 1825 32 29 seg_fp 823 2935 58 40 U+3057 1020 1444 16 51,200014685-00013_2
U+6253 1466 1520 92 92 U+306B 1653 790 65 59 U+53C8 1304 2019 94 80 U+306A 255 1582 71 93 U+8D64 1829 2509 80 88 U+4E5E 259 966 76 89 U+3092 1137 2016 78 65 U+306E 1312 2163 71 58 U+3092 788 2029 73 84 U+5341 1822 1898 85 63 U+3082 1658 1705 55 73 U+3070 1316 1966 75 52 U+306E 1138 1839 64 55 U+7269 1289 598 90 73 U+306E 95 2491 70 53 U+306B 1318 889 45 70 U+3070 611 550 66 49 U+306E 789 2563 73 54 U+306B 1832 2698 77 59 U+306B 791 1860 51 63 U+3082 266 1993 61 67 U+3082 264 1055 54 77 U+3092 1651 1534 70 79 U+5C3B 767 1936 111 87 U+306B 93 2640 76 58 U+308C 943 891 102 63 U+80F8 772 2623 98 79 U+3092 598 1389 77 67 U+304C 801 1711 69 49 U+5408 1467 1778 105 88 U+306B 1491 1971 53 60 U+4E94 1828 2028 86 71 U+306B 1834 1706 74 65 U+9752 1657 2442 75 124 U+56DB 1831 1964 74 59 U+306B 261 2162 60 69 U+306A 429 2503 85 82 U+582A 420 919 99 85 U+984D 1634 401 89 103 U+3072 772 757 81 74 U+6C0F 960 2780 85 91 U+306E 611 1079 62 50 U+5E74 1830 1777 71 108 U+3082 88 550 52 68 U+3066 618 900 49 88 U+65AD 1641 2075 94 90 U+3044 1826 1344 65 51 U+308C 1633 1025 104 80 U+306A 248 1401 73 82 U+308C 237 1228 102 74 U+7269 239 2235 103 84 U+3082 1311 526 47 68 U+306B 1320 2323 50 66 U+5DE6 597 999 84 81 U+98A8 1648 704 89 79 U+6F6E 1643 615 84 83 U+98DF 941 1046 99 110 U+8D8A 773 1440 97 90 U+3092 951 1766 78 64 U+63C9 1640 1976 88 94 U+308C 590 2060 97 68 U+884C 81 472 74 68 U+306B 603 1846 69 73 U+3092 428 1522 77 93 U+306B 1305 462 67 59 U+3092 1484 1166 81 74 U+63DA 1637 1777 99 100 U+3066 1486 2699 59 60 U+3092 957 956 72 83 U+3072 85 1648 73 74 U+308C 1298 1893 94 70 U+3092 769 683 81 67 U+98DB 781 1338 88 99 U+9762 1312 1251 69 73 U+306C 1298 833 82 59 U+304B 1300 2798 80 60 U+308B 1676 2172 46 74 U+8EAB 599 1286 72 97 U+5200 93 2414 60 67 U+3092 608 2131 71 82 U+306B 1660 1270 45 64 U+885D 775 1162 89 86 U+306E 261 746 59 45 U+306B 265 533 46 63 U+3042 961 1272 68 71 U+305A 1662 1875 77 94 U+98EF 237 797 103 96 U+58F0 419 1415 75 123 U+7ACB 425 1751 84 82 U+5F97 430 847 77 68 U+3042 1821 482 63 68 U+308C 1483 2605 68 87 U+3080 1312 2478 79 67 U+306F 262 2321 67 46 U+6839 767 1771 102 83 U+3078 597 1245 88 49 U+4ED6 1820 1028 97 77 U+6F01 1485 2768 81 83 U+3044 76 910 73 52 U+305F 793 2239 57 67 U+4EBA 1295 1361 111 78 U+3072 1131 715 72 61 U+4EBA 1469 1334 107 76 U+306A 1836 2103 63 72 U+3044 1484 1239 66 52 U+5439 1637 853 86 81 U+98E2 1120 1907 106 94 U+3092 1667 2690 79 95 U+306E 82 1101 69 52 U+99B4 1120 1294 87 82 U+308C 593 484 98 61 U+306B 1138 1225 69 62 U+8F9E 237 2062 104 110 U+306A 1493 1441 58 74 U+6566 73 2114 100 105 U+9032 1812 655 87 97 U+793C 253 2766 94 78 U+6D66 1306 2221 92 98 U+524D 1305 1146 78 108 U+6642 428 709 82 81 U+3051 968 2242 67 68 U+904E 1481 2181 93 91 U+4EBA 1121 1770 105 77 U+3066 957 1598 59 64 U+3051 788 2173 67 66 U+305D 92 1023 51 75 U+3044 254 1820 67 55 U+63BB 947 1838 105 82 U+60AA 1829 2230 87 95 U+63BB 1632 1619 103 84 U+90CE 1833 2410 83 98 U+81EA 613 600 49 86 U+80A5 1122 902 94 78 U+7D66 612 2311 61 73 U+5143 959 2880 94 80 U+6226 1469 1869 96 102 U+6240 80 395 78 75 U+3093 954 2304 88 74 U+813E 941 558 86 90 U+8AB0 1291 958 98 85 U+3082 1145 1377 51 72 U+3051 783 894 69 72 U+3070 784 955 77 55 U+306F 1493 2132 60 41 U+3082 445 780 41 70 U+306A 431 2136 67 80 U+5B9F 783 2460 78 107 U+3067 86 960 67 65 U+677E 763 1625 100 80 U+9854 1627 1164 90 109 U+7FA9 778 2357 96 118 U+306F 779 392 51 79 U+3066 99 2914 66 60 U+773C 421 1096 92 91 U+3055 1309 1820 59 70 U+7269 1803 406 94 74 U+304B 1129 1041 77 62 U+308B 1855 2903 48 72 U+305D 1837 1499 55 72 U+51FA 1476 813 83 60 U+5782 1649 1340 71 88 U+3053 606 2003 60 57 U+6C0F 426 388 82 90 U+3078 1822 1393 82 53 U+9650 79 621 78 82 U+82E5 595 691 77 83 U+53CD 599 1465 76 82 U+4E2D 1822 1623 86 81 U+7CE7 1118 2375 96 93 U+5869 1307 2549 89 79 U+6CA1 251 2369 102 93 U+53D7 602 2214 90 109 U+3070 1829 612 79 52 U+3042 84 772 66 62 U+306D 1815 881 90 80 U+6D95 1659 2577 82 115 U+3068 1842 957 44 66 U+7CE7 232 1311 102 93 U+306F 789 1116 59 39 U+3093 1302 1758 84 63 U+304C 1852 1570 67 49 U+8239 1468 2046 90 70 U+3068 970 1193 49 69 U+7656 417 2263 98 109 U+8005 431 2364 82 91 U+305F 613 1180 53 62 U+307E 957 393 46 78 U+3092 1319 1440 63 81 U+6295 944 2108 103 84 U+3089 113 1819 43 77 U+304D 1140 2281 74 83 U+306C 1126 1103 79 59 U+53D6 951 1927 103 76 U+9786 81 2551 95 88 U+524D 777 2698 84 97 U+5709 85 2222 78 83 U+308A 452 1342 38 68 U+501F 1474 2355 85 90 U+9ED2 1645 932 80 94 U+624B 612 1741 60 94 U+4F53 589 2838 114 90 U+3057 86 1730 71 90 U+305A 441 1000 71 91 U+3092 253 891 84 89 U+305F 1488 967 55 72 U+584A 939 1665 104 93 U+308C 423 2747 124 72 U+3053 1316 2104 59 54 U+7BED 1466 403 83 121 U+304D 793 2899 85 73 U+8EAB 761 583 82 100 U+305B 85 1911 67 64 U+3075 427 1620 76 67 U+53F3 585 1668 95 75 U+6C5D 253 390 90 75 U+308B 796 2307 53 49 U+308F 1140 507 39 66 U+305E 607 1922 78 79 U+5143 431 468 76 73 U+3064 90 2307 73 59 U+3089 1139 1629 56 72 U+9825 77 1162 80 88 U+308A 445 1687 48 60 U+308B 1497 1037 42 56 U+731F 1465 2864 121 97 U+3064 1138 841 63 53 U+306C 1124 1707 81 56 U+3059 264 1134 53 93 U+304C 1140 574 61 43 U+75F4 1466 873 99 98 U+534A 1486 2276 69 80 U+6765 600 390 66 96 seg_fp 419 1257 95 85 U+304D 1659 2351 85 88 U+8179 1119 626 92 84 U+592A 1837 2333 84 65 U+3067 961 473 59 83 U+4E4E 419 2045 91 92 U+8DB3 1299 677 77 86 U+3092 430 1183 82 84 U+9AEA 1630 504 88 114 U+307E 270 2458 48 60 U+3057 1131 1538 73 90 U+3066 793 1538 51 83 U+88C2 76 1336 81 125 U+308F 1323 1530 42 80 U+3066 96 1465 48 97 U+780D 62 1248 98 83 U+6C72 1303 2395 96 83 U+3053 958 841 53 52 U+584A 758 1017 102 90 U+306A 256 2839 69 90 U+7897 238 645 100 89 U+308A 1330 2684 38 67 U+306A 1145 2522 66 85 U+3070 1835 1443 75 45 U+305F 1846 2839 60 60 U+582A 1126 2697 102 82 U+7A0B 943 2622 88 96 U+3068 266 1737 56 76 U+718A 1824 2598 91 94 U+306B 969 2716 53 61 U+306F 440 1901 60 51 U+3059 969 2471 58 90 U+306F 1318 1099 54 45 U+3068 795 1259 48 69 U+4F3C 1812 2767 105 72 U+70BA 609 2747 84 93 U+304D 1151 2898 51 72 U+3093 89 1975 86 62 U+6551 1118 2091 95 84 U+3082 1318 2744 53 58 U+304D 1310 2913 73 62 U+3068 100 2035 54 72 U+3056 967 1347 72 70 U+306A 438 2681 67 72 U+9CF4 421 1951 96 110 U+306F 1145 2476 56 45 U+308A 100 831 42 70 U+3089 1321 763 49 73 U+601D 84 1568 76 77 U+308A 102 701 43 64 U+8A87 947 1490 87 98 U+639B 75 2835 112 85 U+3048 1131 1452 72 83 U+3068 1497 2444 48 75 U+306A 1839 1188 52 81 U+3084 766 477 80 52 U+306F 437 548 55 36 U+304D 261 2566 86 73 U+3079 1135 2228 94 47 U+6493 938 647 93 78 U+304B 976 2191 41 50 U+3060 1310 394 68 65 U+308A 1691 2878 43 82 U+306B 262 2630 79 57 U+304C 1159 2787 63 48 U+305D 448 2907 65 66 U+3075 251 1874 79 55 U+304B 624 1134 38 45 U+555C 1657 2777 94 96 U+3075 1482 1289 74 50 U+3088 1328 2626 36 59 U+305F 1149 2835 54 59 U+3089 1500 2523 50 85 U+65C5 422 2584 114 104 U+3075 594 2383 87 51 U+3053 441 1839 51 58 U+306B 613 2917 77 54 U+3089 1842 756 50 68 U+306F 258 1536 61 48 U+4E8B 1849 1104 49 82 U+3057 609 1579 79 84 U+305F 1316 1610 56 68 U+308B 968 2562 49 61 U+3064 1478 1620 72 47 U+3080 608 2596 85 64 U+304B 452 2457 39 49 U+3070 449 2805 85 41 U+3089 1839 551 44 71 U+4E16 1122 396 76 63 U+3055 1312 1684 53 76 U+3075 1130 2174 81 56 U+3064 960 2009 70 53 U+7B49 261 466 59 52 U+308B 1854 2174 39 49 U+3079 609 2651 103 47 U+3078 1308 1335 79 34 U+3089 803 831 44 60 U+306F 960 798 52 38 U+3068 969 2384 49 79 U+9583 781 2826 88 80 U+970E 420 584 92 118 U+304B 801 2120 37 55 U+3068 616 778 52 64 U+3068 273 1921 47 74 U+308B 1665 1429 42 54 U+304B 1327 1048 33 50 U+3078 954 1162 80 34 U+3064 1477 524 65 49 U+307F 974 1423 36 66 U+308B 449 2210 44 50 U+3068 1144 771 50 67 U+3059 1486 608 50 92 U+304B 1502 1394 32 46 U+73FE 600 2429 94 84 U+618E 594 2500 105 99 seg_fp 1673 2256 71 88 U+304F 963 725 36 69 U+3089 1324 2854 48 60 U+7121 258 2690 100 73 U+308B 1158 1166 38 56 U+307F 1490 755 39 48 U+3057 1169 2604 16 82 U+304F 1847 1270 37 68 U+304F 794 529 25 51 seg_fp 269 2513 78 58 seg_fp 1493 1093 50 75 U+3057 1678 1093 16 68 U+624B 96 2704 63 89 U+306F 1136 466 56 41 U+3053 451 2850 47 65 U+304D 615 2697 88 63 U+4E00 251 616 72 12 U+308B 281 2927 39 46 U+3092 89 2775 95 70 U+304F 1492 1703 37 69 U+3078 784 2796 93 37 U+309D 1674 1485 24 40 U+309E 1511 1665 55 33 U+3089 631 1552 44 68 U+309D 985 2063 21 35 U+304F 271 1486 37 50 U+3057 288 1673 18 64 U+309D 116 2368 19 26 seg_fp 1489 705 38 52 U+3057 1846 822 22 61 U+3057 647 838 17 60 U+309D 1501 572 21 25 U+3057 1164 981 15 58,200014685-00015_1
U+9006 288 790 83 94 U+306E 1336 2119 69 57 U+3092 1152 1225 77 68 U+306B 1330 1239 74 60 U+70BA 1681 1571 72 98 U+306E 1335 1746 64 65 U+306E 1149 2803 79 81 U+306E 296 2225 62 51 U+306E 1509 2924 75 57 U+306B 1683 1673 71 60 U+96F7 110 907 88 92 U+306E 1686 1507 65 59 U+306B 466 1775 73 60 U+7D66 1335 1978 63 77 U+3092 1340 2456 67 83 U+4ECA 1325 736 94 108 U+664B 1145 2685 88 97 U+6728 1847 1733 89 83 U+3082 1702 845 46 76 U+3044 642 2566 69 61 U+306E 996 925 63 51 U+5929 1333 1600 81 84 U+3092 1490 500 78 66 U+3081 1860 1666 65 61 U+306B 1859 1406 71 57 U+3051 1687 2541 65 66 U+5F7C 283 1940 97 80 U+618E 1146 603 88 101 U+306B 1683 394 79 64 U+3042 289 1653 70 76 U+4E94 978 524 91 63 U+3092 1335 1905 78 69 U+308C 1143 1148 115 73 U+306B 466 790 52 59 U+306A 1680 2811 67 102 U+66FD 1858 1814 68 102 U+4ECB 1836 1924 110 68 U+306E 1504 1683 68 67 U+6C0F 816 1153 88 83 U+5287 109 2611 87 100 U+6C34 294 483 86 68 U+56FD 1336 1822 71 85 U+304C 1007 463 67 52 U+5200 819 1593 66 61 U+6F6E 295 389 84 86 U+6E21 1325 1071 101 95 U+5F7C 1322 2366 98 94 U+4F3C 982 1637 93 71 U+6642 453 696 89 100 U+56FD 1506 2828 77 80 U+306E 998 1441 64 59 U+5927 1851 1998 89 74 U+5149 123 487 79 81 U+5B50 631 1903 78 78 U+548B 1678 2048 90 92 U+4ECA 1669 2396 109 96 U+6B53 1148 1950 85 107 U+308C 280 1727 105 69 U+308B 1345 1168 48 60 U+3084 1146 2612 85 61 U+304F 483 2871 42 87 U+5875 457 2402 90 110 U+3080 1149 705 83 74 U+843D 121 1577 78 115 U+90CE 620 1724 87 98 U+6C34 617 1640 102 67 U+305F 1162 940 57 67 U+4FB2 120 2262 92 79 U+3079 1676 2763 93 62 U+7BE0 292 2289 83 116 U+7965 1136 1405 89 100 U+6B5F 1329 2272 90 84 U+767D 634 1540 61 80 U+9CF4 113 1949 89 96 U+306B 1163 779 52 67 U+306E 1689 2283 59 58 U+305D 1341 1675 49 71 U+6587 1144 2898 101 85 U+3092 635 998 66 81 U+7FA9 1864 1090 66 104 U+582A 1132 856 106 82 U+4ECA 987 1280 99 95 U+3064 1498 1802 69 56 U+99D1 1858 2800 101 111 U+3082 1878 2531 49 71 U+62CD 625 2380 89 71 U+3082 641 2065 48 62 U+3059 305 1331 47 81 U+304D 831 498 48 74 U+624B 1510 1197 63 88 U+3055 124 1004 53 71 U+306B 295 727 72 57 U+7A0B 279 1421 84 93 U+5146 1327 2181 90 76 U+3082 1515 1606 52 82 U+306B 1510 1298 54 66 U+9786 281 2031 93 88 U+306B 822 1788 54 61 U+304D 1160 473 64 76 U+308C 1490 661 108 66 U+98AF 277 1114 120 79 U+3081 1686 1842 63 63 U+870B 1671 1413 93 83 U+3082 827 1300 47 58 U+6666 459 1842 89 81 U+3066 1872 2696 57 60 U+308A 1174 1006 43 78 U+9CF3 1685 752 93 86 U+306E 821 1660 60 54 U+304A 809 2528 82 77 U+96FB 116 392 89 96 U+308C 615 1400 104 76 U+304F 141 1874 33 68 U+78EF 434 859 113 88 U+306F 1512 1040 64 41 U+306C 1495 1539 88 63 U+639B 796 1847 105 88 U+306B 476 2323 46 68 U+4FC4 449 1594 89 82 U+3066 1343 1493 49 92 U+305D 302 2807 47 77 U+3086 807 2846 83 74 U+571F 1501 2574 86 59 U+983B 288 562 87 92 U+304D 1686 2200 63 82 U+304D 637 762 71 64 U+5FD8 1494 566 90 97 U+4E3B 635 833 66 67 U+306F 639 1493 53 35 U+5BFF 624 1086 84 133 U+305D 297 1575 57 73 U+306E 474 2520 53 54 U+8EAB 1486 392 76 113 U+3031 145 1318 52 105 U+3073 1332 1400 92 83 U+306F 1861 1038 65 44 U+57FA 1324 396 102 103 U+308D 126 1252 69 79 U+516C 987 391 82 63 U+8001 1864 2601 86 89 U+306B 1509 2495 75 66 U+6848 1499 2240 82 100 U+7AAE 1685 925 71 125 U+3066 822 1517 65 65 U+53EC 1867 1470 59 73 U+898B 1337 2835 76 87 U+308A 1698 552 47 74 U+3075 1662 2606 93 54 U+306B 998 1580 74 55 U+9803 452 1680 84 92 U+96E8 289 1807 79 77 U+3066 650 2465 45 85 U+3066 129 2881 48 93 U+305D 835 582 50 68 U+306E 814 2804 70 46 U+3075 1327 2056 81 52 U+5F7C 1494 871 92 86 U+5CA1 296 2131 72 79 U+304A 114 1128 83 48 U+6234 808 391 93 107 U+6575 1491 1098 94 97 U+5B9F 1862 1185 64 108 U+3059 1006 1938 47 85 U+64B2 107 2045 93 92 U+82AC 1677 459 89 91 U+3082 135 2506 45 60 seg_fp 110 2713 104 81 U+7981 1850 1552 88 107 U+87FB 1671 1309 98 107 U+304C 840 652 64 48 U+623F 1327 930 79 93 U+3056 636 2853 78 66 U+50EE 113 2348 92 90 U+3091 635 476 66 81 U+9A65 1860 2431 86 98 U+308C 1513 2747 70 75 U+3042 630 2781 73 76 U+6B5F 1482 788 100 79 U+3082 1522 2021 43 83 U+3070 1691 1243 77 53 U+306F 1507 2647 72 42 U+3072 465 497 69 74 U+3092 1509 2160 86 85 U+82E6 1677 1741 80 101 U+3075 1676 2339 84 59 U+308C 1339 641 46 86 U+77F3 462 2244 70 67 U+7E41 280 2544 92 129 U+7B49 1511 963 61 60 U+304A 288 1201 80 55 U+308A 488 2070 35 63 U+624B 822 1982 61 93 U+7ACB 460 1240 77 78 U+308A 473 620 50 79 U+541B 621 909 80 92 U+307F 645 2919 51 59 U+6025 1857 1285 87 110 U+3088 1700 2652 40 67 U+3079 117 1828 95 49 U+53CA 1323 1308 88 92 U+3081 817 2669 60 65 U+9786 798 1707 96 84 U+6191 626 609 81 99 U+8D70 1848 396 89 82 U+4E8B 992 1056 87 103 U+3092 638 2303 76 86 U+305F 1866 831 53 55 U+3053 1510 2690 60 57 U+78C1 442 2152 105 77 U+4E0A 287 886 77 69 U+5143 815 1229 87 77 U+3070 131 2214 83 39 U+6D77 455 1423 99 88 U+306F 297 1885 61 45 U+3051 135 2146 53 70 U+304C 644 1835 66 55 U+9E92 1852 2336 86 90 U+308F 1347 566 37 73 U+306F 1687 2152 67 44 U+3078 111 1078 80 44 U+5B89 1319 845 97 86 U+3053 1161 1093 56 52 U+305D 813 2735 60 68 U+306F 826 1116 65 48 U+98A8 293 1024 98 80 U+3068 1349 2764 54 64 U+306F 1166 551 57 45 U+305F 1007 1706 56 56 U+3078 1327 1035 80 33 U+304F 133 1500 43 61 U+6483 1852 545 81 111 U+8DB3 1499 1382 74 92 U+307E 133 571 48 77 U+3031 1522 1904 54 115 U+308B 135 1754 50 79 U+7D66 823 1010 59 69 U+6681 809 1436 88 86 U+305A 1154 2517 87 94 U+304D 1154 1806 74 80 U+3069 645 1992 75 71 U+4EBA 1842 2063 108 80 U+3079 993 2020 92 51 U+3066 1002 2634 53 75 U+7121 1332 2548 90 90 U+3055 815 2603 59 67 U+99AC 1869 2907 80 81 U+5409 1155 1303 66 93 U+3084 809 1365 86 56 U+5C71 456 941 81 62 U+5EA6 989 2890 92 89 U+3093 1850 659 91 57 U+8CC0 984 1833 90 108 U+308F 478 1929 41 74 U+795D 981 2486 101 81 U+308B 1352 2923 45 57 U+584A 976 2716 102 83 U+308A 306 2475 46 70 U+306F 1163 1891 64 56 U+964D 287 2722 100 96 U+4E5F 1493 1741 130 60 U+631F 807 933 99 83 U+6545 979 980 105 86 U+793C 1312 2636 123 76 U+7B11 467 389 71 101 U+306B 826 2195 55 59 U+306F 1880 2759 59 36 U+304D 1686 2915 80 69 U+3068 1001 2182 53 69 U+4E5F 1340 511 94 47 U+6012 807 2253 86 88 U+3066 474 1328 46 83 U+306A 122 649 57 76 U+3076 1143 2051 98 57 U+61D0 808 797 93 102 U+3065 997 2320 89 52 U+5171 810 2120 88 80 U+9762 464 1512 75 82 U+3069 135 2438 80 69 U+9D49 1692 620 69 133 U+306E 1508 2099 71 65 U+5949 631 1307 56 98 U+304B 140 1690 34 68 U+3068 1871 714 45 66 U+3059 1165 1577 48 89 U+307E 829 703 56 67 U+305F 468 2006 60 64 U+9E7F 984 596 90 97 U+3066 129 809 53 88 U+3059 642 392 47 82 U+306F 637 2135 64 37 U+3092 984 2795 85 49 U+4E5F 1335 2731 109 44 U+308C 1690 1149 57 91 U+3051 473 572 46 47 U+65E5 1010 1379 44 52 U+3068 1169 1497 43 71 U+89E3 806 2430 94 96 U+308B 1703 1977 40 66 U+3078 807 1080 95 44 U+304E 300 2903 100 71 U+3088 313 2411 37 61 U+304D 631 1222 57 76 U+306F 1684 2494 70 38 U+3031 652 2672 65 125 U+308B 1694 2718 43 50 U+3068 305 1253 46 78 U+3059 1514 2350 52 88 U+308A 316 642 47 89 U+306A 1152 2356 64 78 U+308B 1166 1668 38 46 U+96F2 452 1011 91 98 U+3069 132 1176 80 72 U+306F 131 2568 60 30 U+3068 1172 397 42 71 U+5438 454 2582 98 83 U+3088 1011 1160 45 70 U+4E8B 1162 2240 62 101 U+307F 987 2257 84 64 U+304B 1877 987 34 51 U+3079 1153 2107 98 46 U+308B 1522 2439 42 52 U+304E 131 2799 78 76 U+306F 640 561 53 36 U+3068 829 2073 48 55 U+3089 1513 1861 47 83 U+308A 1009 1763 44 72 U+308B 489 2667 42 62 U+3089 1707 1907 47 72 U+3057 153 1418 21 79 U+3092 814 2364 91 83 U+308A 1866 477 54 71 U+304D 1159 2159 63 66 U+3078 819 902 74 38 U+306A 1870 2219 49 76 U+3068 1162 1720 49 81 U+56FD 1034 786 62 63 U+4E5F 965 863 65 49 U+308A 1873 886 46 72 U+3089 1163 2437 57 87 U+3088 643 2633 61 67 U+308A 302 955 49 75 U+53E2 455 1114 91 124 U+304F 1011 1226 36 49 U+3053 306 1516 37 62 U+304F 828 2902 35 73 U+304B 1018 2375 34 45 U+3089 1522 1478 48 66 U+638C 631 2178 79 123 U+3031 1012 2100 52 100 seg_fp 1005 1499 48 79 U+540D 964 770 54 68 U+3057 110 712 71 94 U+306E 1043 866 47 35 U+66F9 1037 692 57 91 seg_fp 478 2782 83 86 U+3057 1535 718 13 70 U+6C17 1871 2129 78 87 U+3057 1892 778 19 52 U+304F 304 2675 39 51 U+4E09 993 2847 81 40 U+5730 954 694 77 65 U+3059 1694 1046 47 99 U+3057 847 1918 13 59 U+3089 1003 2422 56 65 U+308A 835 2335 39 47 U+3057 1021 2567 18 63 U+309D 492 2733 23 32 U+309D 316 2880 30 32 seg_fp 650 702 28 60 U+309D 846 772 24 29 seg_fp 0 2792 57 113,200014685-00015_2
U+53C8 1444 1917 91 82 U+306E 228 1756 70 60 U+305A 751 1873 108 87 U+7815 1441 1628 95 104 U+306E 578 1936 72 63 U+306E 1642 1223 57 53 U+5347 219 2498 83 81 U+5EFB 1434 2599 107 80 U+3092 1276 2258 70 78 U+677E 925 1347 90 78 U+306E 232 2431 70 53 U+660E 1464 1040 76 80 U+306E 1642 1081 63 63 U+3051 1465 1547 68 78 U+4ECA 404 778 97 101 U+3044 397 2335 78 58 U+306B 404 2184 70 61 U+96E8 1625 2587 82 74 U+306E 593 468 63 57 U+767D 1284 1787 64 70 U+5EFB 212 1292 94 84 U+5FFD 1276 1358 94 97 U+5165 1614 948 99 65 U+306A 579 2562 65 79 U+308C 53 1001 109 72 U+308B 1455 2168 91 76 U+3044 760 1521 68 57 U+5411 402 2101 80 85 U+6D6A 231 532 89 90 U+4E2D 916 2561 81 75 U+96E8 1110 1299 78 76 U+307B 1098 2597 90 87 U+305F 237 362 73 79 U+6D77 401 1571 92 90 U+3066 1286 1685 52 90 U+3092 407 702 86 89 U+3066 943 468 45 94 U+4FDF 400 1115 95 101 U+308B 1462 2758 47 51 U+7ADC 1259 1873 97 96 U+6D77 1100 2687 98 86 U+308C 1283 2068 60 78 U+306E 937 1432 67 55 U+3088 1650 485 39 76 U+6216 1454 624 84 98 U+6255 559 2379 105 96 U+4F73 742 2644 103 82 U+308B 235 445 93 84 U+306B 928 2649 69 62 U+306E 933 2502 62 53 U+677E 1620 1150 95 67 U+3092 1629 1634 76 64 U+3031 1656 2823 56 119 U+98A8 1634 2493 91 76 U+666F 761 2531 69 109 U+3066 772 1423 49 95 U+306E 240 622 61 57 U+306A 1629 682 67 68 U+306A 1103 2516 65 81 U+3066 1458 1334 61 59 U+9593 232 678 79 78 U+9752 762 1208 71 113 U+7D76 749 2428 92 95 U+306C 745 2364 87 65 U+5149 1273 2157 88 92 U+7FA9 408 1370 73 102 U+306E 584 1771 63 52 U+6C5F 1638 1013 76 70 U+5B9F 578 1643 74 118 U+5439 924 1610 87 85 U+68A2 914 1034 101 100 U+308B 938 2116 51 59 U+7389 933 2192 78 77 U+308A 1823 1090 38 67 U+554F 61 927 81 81 U+308B 426 442 42 57 U+96E8 394 2257 88 76 U+304B 1800 1948 80 62 U+3051 1811 1505 66 61 U+306E 1636 621 57 54 U+3061 1292 2435 54 93 U+3072 578 2480 78 71 U+7ACB 1271 2873 76 76 U+3051 1460 1727 59 73 U+6C0F 573 1323 90 88 U+3066 1644 1871 44 91 U+3060 761 1655 79 67 U+306B 941 1923 41 66 U+7FD4 218 1370 85 85 U+6B8B 1096 2855 97 91 U+7FF3 1627 1701 90 112 U+6728 219 2775 96 73 U+76F4 44 1169 92 98 U+7269 44 2594 98 82 U+7FA9 1804 2198 79 109 U+3082 1817 1631 48 63 U+6D6A 1452 2252 81 94 U+308A 1824 2864 42 89 U+6B5F 46 766 93 86 U+7ACB 1625 1982 81 79 U+3066 1806 2051 62 61 U+308D 937 811 65 75 U+7FA9 576 1542 87 106 U+3066 412 2008 44 84 U+9396 1801 1173 81 92 U+306B 756 2192 72 65 U+6563 915 2003 99 102 U+5026 744 2264 109 90 U+4F1D 932 1205 82 77 U+3081 60 1995 66 67 U+306A 1107 2121 60 84 U+9855 1269 1977 87 84 U+3092 400 1766 64 67 U+4E7E 738 1731 105 94 U+6D6A 1275 2531 79 91 U+7815 1440 1445 101 99 U+5883 746 2739 97 115 U+6295 1097 535 103 80 U+5F7C 213 1548 93 91 seg_fp 1280 1191 93 94 U+305F 415 364 56 76 U+7FD4 1442 2678 89 77 U+76EE 1302 1102 58 78 U+7D66 1625 2070 67 74 U+306F 1472 1396 59 42 U+5305 1456 2420 82 77 U+306B 1814 655 45 59 U+5357 1112 371 74 82 U+305E 1816 2118 80 77 U+6255 919 1699 99 81 U+3092 1108 461 74 62 U+5439 575 2092 91 78 U+6C99 924 2326 90 92 U+306F 1466 1862 63 44 U+308B 940 2892 49 60 U+898B 67 492 75 80 U+8EAB 582 362 69 93 U+8DB3 43 1347 88 97 U+9060 749 476 87 94 U+307E 769 1577 43 82 U+98DB 1113 760 87 91 U+96EB 934 1488 79 108 U+3092 219 2707 82 66 U+3042 1289 739 67 78 U+5F93 1801 2477 91 94 U+308A 242 1980 52 84 U+884C 399 616 86 93 U+8C9E 423 506 55 113 U+308A 1129 1821 38 70 U+77BB 743 1963 98 107 U+98A8 930 1840 96 81 U+306B 1303 438 47 64 U+8863 572 1829 86 95 U+306B 236 1212 48 75 U+80A1 50 2731 96 89 U+6307 388 1844 87 86 U+3092 1457 2349 80 72 U+306B 1645 1469 42 53 U+6CA1 1104 2032 89 86 U+6E7F 577 1999 92 88 U+3066 1814 1327 50 82 U+3075 746 863 83 64 U+3092 1279 2621 75 82 U+3057 763 1327 72 93 U+53BB 1116 854 66 79 U+304B 81 2814 41 51 U+7A0B 400 1210 85 88 U+5C4B 1792 478 86 82 U+5019 62 2068 67 67 U+5B9F 406 1462 64 111 U+7A0B 1618 2323 83 94 U+6B62 569 1061 81 81 U+5B9F 1807 2301 67 100 U+958B 1804 1700 78 76 U+6CE2 929 572 82 95 U+3066 1471 535 44 84 U+8DEA 50 1539 100 95 U+5CA9 214 1639 84 106 U+306F 1112 2465 59 45 U+3092 930 1138 78 63 U+304A 1113 1614 79 52 U+65E5 1121 1907 50 62 U+7B18 1811 379 66 83 U+306F 592 804 60 48 U+307E 1120 1743 48 78 U+306B 1636 2417 47 59 U+306B 243 757 49 62 U+308C 573 2893 114 63 U+8A8D 41 1894 105 93 U+6CA1 926 2807 97 83 U+5F71 1090 2348 83 114 U+306F 587 1498 56 37 U+96F2 1110 1514 87 93 U+3069 1817 1564 71 65 U+9762 404 1670 72 77 U+70C8 1454 371 86 93 U+7269 1275 513 99 90 U+6572 1793 1412 96 92 U+653E 1267 2347 93 86 U+7ACB 1448 1994 78 76 U+7136 1285 1461 77 92 U+306E 65 2679 69 56 U+3068 423 1029 52 81 U+3088 244 2066 42 71 U+304F 1311 1284 30 72 U+96F2 1444 2816 84 95 U+306F 935 2277 62 39 U+3092 933 668 80 84 U+3031 436 918 50 117 U+3084 1797 2745 83 59 U+3066 778 633 41 83 U+308D 580 981 74 72 U+3066 1463 1792 57 66 U+5C71 755 366 81 62 U+305B 1460 1264 67 67 U+5143 582 1407 79 73 U+306B 1118 2779 41 56 U+66FD 225 2840 71 118 U+6216 1456 895 86 93 U+88CF 1793 940 91 82 U+306B 418 1297 44 63 U+3066 573 2746 76 54 U+3044 935 758 71 51 U+852D 1631 1355 72 113 U+3075 926 1283 78 58 U+304E 407 2900 91 56 U+8F3E 910 2718 110 91 U+4E0B 1641 1283 65 67 U+5165 1791 808 82 53 U+306E 1458 2914 64 46 U+304D 590 729 64 71 U+3053 582 854 70 86 U+3069 70 2265 73 84 U+306F 64 2140 61 51 U+306F 1476 987 55 35 U+3066 407 2715 54 50 U+3066 1126 1195 44 92 U+306F 1638 903 66 47 U+3089 1104 2257 65 94 U+304D 59 2528 74 69 U+6182 585 530 80 124 U+308C 1639 816 50 83 U+3092 57 1442 81 93 U+77F3 909 2420 89 66 U+4E3B 1804 2403 75 72 U+306D 56 2192 73 67 U+3055 1123 1672 48 73 U+5F8C 574 2804 95 88 U+304C 1126 2200 62 57 U+3066 73 1078 51 85 U+3051 1122 940 54 61 U+306F 65 1834 62 51 U+305A 590 1220 83 99 U+3056 73 579 83 68 U+3066 1117 614 53 55 U+3068 415 2393 46 72 U+5DCC 753 1040 88 130 U+304D 1279 2787 77 80 U+306F 770 437 58 33 U+7ADC 46 1642 104 106 U+8D70 1800 729 79 89 U+305B 1627 375 76 55 U+3068 78 2869 52 79 U+3075 929 1779 78 50 U+3068 72 1268 49 73 U+3055 1635 2190 50 72 U+304B 777 1826 34 53 U+304F 1483 1115 32 66 U+308A 234 1457 50 90 U+305E 1120 672 82 72 U+3088 1826 1019 32 71 U+306F 1813 2581 59 36 U+3068 70 844 59 73 U+308B 1646 2265 38 54 U+306F 771 1175 59 38 U+4E14 1107 1059 83 69 U+4ECB 54 355 103 89 U+3093 1635 433 84 52 U+3082 772 2864 86 90 U+308A 938 370 59 96 U+308C 1284 815 111 70 U+6666 1454 746 97 83 U+3075 1611 2142 89 50 U+3051 1643 761 45 54 U+6C17 581 2167 96 110 U+3042 60 2352 77 79 U+767D 230 2223 65 78 U+3069 1814 2800 80 62 U+7B20 1799 2630 77 103 U+70C8 396 2479 83 86 U+308A 952 960 43 73 U+3066 1467 2505 46 73 U+306F 1115 1982 55 34 U+3078 1448 2121 86 47 U+3089 594 1143 49 85 U+7FE0 753 726 78 136 U+308A 241 2137 47 86 U+983B 223 1058 85 89 U+7B20 1632 1529 71 95 U+3068 1307 867 50 78 U+308B 1134 1001 37 49 U+3068 943 887 50 73 U+3092 575 2276 72 93 U+307B 219 1825 71 81 U+304F 415 2644 30 62 U+308B 1313 1041 45 54 U+308A 1819 856 44 77 U+3088 1486 1182 31 81 U+3069 593 2641 71 69 U+4E2D 1284 374 83 60 U+973D 1109 1375 84 131 U+3051 1816 1777 63 68 seg_fp 394 2826 97 77 U+304F 1475 470 29 61 U+304B 429 892 35 50 U+3068 69 1751 52 75 U+898B 1301 957 67 80 U+3068 597 648 44 77 U+3084 56 2430 84 55 U+3059 1641 2749 46 90 U+308A 250 2593 38 79 U+96F2 227 952 88 103 U+308A 257 1140 35 66 U+307E 1640 2660 46 89 U+306F 1468 706 55 36 U+3068 245 1912 47 66 U+305A 1820 1867 75 77 U+304B 1470 2074 36 43 U+3057 52 659 75 102 U+304F 1479 824 31 64 U+306F 71 442 63 39 U+305D 1299 635 51 95 U+7ADC 208 2318 98 102 U+671B 761 2072 58 115 U+53E2 222 830 96 127 U+7ACB 397 2766 83 60 U+307E 1285 2692 53 93 U+3057 1662 555 18 60 U+3068 1295 1552 48 71 U+3005 1816 602 27 40 U+3057 441 2573 16 66 U+304F 769 958 37 62 U+3057 430 1938 19 65 U+3005 1835 569 28 30 U+3057 1833 1265 18 60 U+304B 774 927 33 52 U+3057 789 571 16 58 U+3057 1660 1811 16 60 seg_fp 1829 2009 30 41 U+3057 1306 1625 30 60 seg_fp 587 940 47 38 U+3057 1143 1127 17 63 seg_fp 1820 1838 42 36 seg_fp 76 2481 29 49,200014685-00017_1
U+4EBA 588 1648 99 83 U+4ECA 775 2550 100 120 U+3082 794 2883 65 78 U+3066 1643 795 65 67 U+306E 956 1988 66 61 U+547D 1468 2660 107 135 U+3073 1313 980 83 74 U+3084 1119 1581 83 81 U+3082 612 2628 52 68 U+306E 1648 1688 73 56 U+307C 428 1898 85 78 U+306B 1307 2632 54 68 U+306E 1482 1950 68 58 U+7FA9 255 694 74 108 U+4ECA 1637 2688 116 112 U+5408 590 1811 96 88 U+3072 601 1908 70 69 U+6642 596 2272 89 111 U+7269 1627 1181 100 87 U+884C 778 1107 82 89 U+306E 1304 2300 71 63 U+7D66 1826 2792 69 94 U+6C0F 1469 1474 89 98 U+3092 1815 2086 81 64 U+304A 1631 866 93 55 U+3082 608 1718 52 78 U+306B 1645 1269 79 66 U+306E 1829 2298 66 62 U+306B 436 466 68 61 U+306E 1302 1600 77 64 U+3090 603 459 75 66 U+6C5F 1123 1156 82 83 U+306A 1642 2517 74 90 U+6C34 764 1014 104 86 U+3070 88 1816 82 53 U+4EBA 1802 1631 107 87 U+826F 1646 2302 83 119 U+6C5D 83 912 83 76 U+3072 88 2639 74 74 U+3072 250 1927 82 81 U+5BCC 600 1173 78 110 U+306E 1650 929 70 59 U+5C0A 90 2142 60 98 U+306B 1818 1439 78 77 U+3044 1816 2155 79 63 U+6B7B 1480 1051 92 95 U+3070 435 859 90 59 U+3066 90 2703 70 56 U+306E 606 2912 66 53 U+306B 955 1380 57 71 U+5E74 1814 1320 87 110 U+4ED6 591 1560 92 83 U+66FD 253 2186 76 107 U+3067 773 1562 90 71 U+5BE9 598 1046 94 121 U+65AF 1298 1843 82 103 U+305D 1667 2879 84 73 U+3086 1297 1951 82 73 U+5165 1113 1079 107 70 U+8AA0 419 375 101 99 U+5185 786 2147 70 82 U+3042 1309 736 66 71 U+5800 761 2050 110 82 U+3070 256 638 79 46 U+535A 1625 1335 100 112 U+8CB4 593 1287 80 126 U+66F8 1814 1959 86 116 U+57CE 1467 711 106 100 U+304C 1491 1655 65 57 U+4ECB 239 2298 105 74 U+6728 250 2094 91 90 U+8239 932 381 90 85 U+8001 245 2377 100 95 U+306A 254 1742 70 84 U+306B 88 580 73 68 U+723E 239 1040 100 85 U+3051 425 1701 69 71 U+306B 599 1427 69 72 U+3082 1827 1705 53 81 U+6191 1293 2364 90 108 U+5FD7 83 1546 89 86 U+3093 1120 1497 103 80 U+308C 250 565 91 70 U+6674 945 833 92 103 seg_fp 72 2850 107 105 U+4EBA 82 1048 96 83 U+306A 1304 1667 72 94 U+3082 954 1000 64 66 U+306B 1124 1243 77 69 U+306E 778 385 72 57 U+308B 1661 1841 52 69 U+308A 440 1372 46 72 U+591C 941 1179 94 105 U+306B 1657 2224 55 68 U+5929 948 699 83 88 U+3064 1824 2219 73 65 U+7D66 85 2562 68 74 U+4E2D 86 504 70 74 U+5C06 1628 2424 104 99 U+306A 432 622 60 88 U+7126 948 2767 95 90 U+304D 600 2198 91 74 U+308C 769 1820 106 76 U+3089 1660 1085 61 86 U+4F5C 1634 1758 116 76 U+5143 1463 1563 106 83 U+95C7 948 1287 81 84 U+306F 1654 2033 65 46 U+306A 946 2152 67 91 U+3084 765 1637 94 72 U+898B 1821 1791 76 96 U+3066 1833 1520 50 100 U+5929 1628 1586 107 98 U+3042 80 1644 77 84 U+5927 82 2251 80 72 U+3066 260 1543 41 110 U+3044 432 2395 68 60 U+5F85 942 1562 91 88 U+541B 1632 1920 87 102 U+751A 602 839 78 110 U+306C 1819 1884 86 70 U+884C 772 2368 87 91 U+308C 90 1726 67 85 U+307B 1813 757 91 74 U+679C 1120 385 99 93 U+8AAD 1808 2519 114 102 U+6708 948 1461 65 104 U+3089 1837 893 48 79 U+3067 1486 2873 82 84 U+5BB6 78 2031 89 109 U+3067 797 2772 74 100 U+308A 1670 2599 51 85 U+305F 784 1895 62 85 U+3046 1841 819 38 75 U+5019 433 2244 69 51 U+3061 260 1283 60 76 U+61BE 1462 2010 114 107 U+308B 1497 1388 50 73 U+96E2 590 2695 97 107 U+308A 1499 1227 49 74 U+3046 1492 2195 47 77 U+304D 777 871 74 87 U+306A 1475 2481 73 105 U+305D 259 2008 60 80 U+660E 1118 1330 86 90 U+5F97 1483 974 85 80 U+306F 1304 2773 69 44 U+306B 1321 660 48 66 U+3078 1111 1878 101 46 U+306A 91 1121 60 97 U+306B 1822 2449 85 72 U+7709 417 2640 83 98 U+306B 949 2706 86 65 U+5BD4 1644 2085 98 136 U+3066 954 936 57 60 U+3091 1292 2201 88 86 U+304D 1289 2549 100 84 U+304A 422 1842 75 54 U+304D 1128 992 87 83 U+6B53 1309 870 84 107 U+306A 774 784 62 84 U+304D 1820 1108 84 78 U+308A 444 1616 39 72 U+306A 957 526 67 79 U+3082 1655 576 52 65 U+9003 414 1451 96 94 U+3093 776 584 89 76 U+3093 1126 2509 105 83 U+9014 939 1866 102 113 U+7591 244 1827 94 94 U+306B 1485 796 72 73 U+306F 951 791 64 39 U+4EBA 69 2318 103 76 U+3082 1143 2876 67 82 U+3055 955 2236 59 98 U+7532 953 1080 61 92 U+3082 1320 1519 47 86 U+3072 429 2459 77 76 U+3066 106 651 35 88 U+9014 422 1206 87 110 U+8C9E 792 2239 52 121 U+3061 438 2890 73 73 U+4F9B 1110 2059 93 91 U+7D50 1468 631 87 89 U+3046 440 2826 47 65 U+5F7C 80 748 82 80 U+3069 1140 2802 85 71 U+59BB 590 2430 98 106 U+3093 1639 440 87 67 U+8981 1115 786 97 103 U+3065 602 2059 86 66 U+71E5 942 2861 100 98 U+82E5 248 2621 82 108 U+306A 1826 673 61 78 U+839E 256 908 72 124 U+306F 792 957 55 48 U+7D4C 422 535 98 82 U+3089 1138 2418 57 109 U+304A 1121 1929 80 54 U+5B89 1126 1669 88 79 U+306F 787 1346 64 50 U+3055 1650 508 55 69 U+3082 1137 709 63 68 U+304A 1818 1198 74 59 U+307E 607 1987 59 72 U+308B 86 431 93 67 U+7A00 1806 384 93 94 U+305F 432 1541 51 74 U+623F 1119 1763 74 106 U+3072 1831 2887 89 69 U+543E 83 2758 86 87 U+306B 1824 594 69 61 U+6E20 424 932 77 106 U+3065 1648 981 87 59 U+305B 1464 545 81 77 U+5019 1137 577 63 52 U+3051 1487 1318 72 76 U+306A 1828 475 54 81 U+4FBF 933 2061 105 89 U+4EBA 588 2862 114 61 U+629E 69 2390 99 107 U+3055 254 1662 59 77 U+305D 86 1936 65 83 U+3079 770 745 102 54 U+5B9F 258 799 64 110 U+983B 938 2550 105 86 U+305F 1311 387 58 79 U+3081 1481 1859 68 75 U+306F 1649 1519 68 56 U+308B 799 1981 49 61 U+306F 786 1505 64 47 U+5F8C 764 1714 94 102 U+304C 806 2476 56 52 U+306F 606 1502 61 47 U+3059 1315 1415 67 104 U+3051 1311 541 63 64 U+3068 98 828 50 68 U+3066 1494 872 44 93 U+305B 777 527 73 58 U+307E 1142 2263 47 81 U+3068 793 1248 52 89 U+3056 608 607 81 76 U+3056 1492 1147 88 80 U+306A 1136 892 59 100 U+308F 968 1657 41 83 U+6839 417 2740 103 83 U+306F 435 1036 54 83 U+4E5F 774 1194 87 60 U+3084 419 1126 83 77 U+5B50 604 2546 77 78 U+306C 83 1465 80 64 U+3059 791 652 49 93 U+3068 439 2299 65 78 U+305B 79 2497 74 59 U+3075 1296 603 80 52 U+308C 1318 1130 65 106 U+601D 768 1414 90 85 U+306F 953 473 62 49 U+306B 1318 1239 49 75 U+3075 1305 809 80 55 U+3093 1816 1256 95 53 U+3068 1140 2590 58 72 U+3046 265 1208 39 79 U+3053 1322 1065 53 62 U+306F 94 1005 58 37 U+308B 1497 2586 46 63 U+3068 1492 2111 59 79 U+3078 1467 2426 96 65 U+3081 1483 2799 66 72 U+307E 1829 2362 60 84 U+308B 965 1802 48 63 U+3093 423 1770 86 60 U+3064 1120 2350 78 70 U+65E5 1307 2709 52 58 U+3093 1123 1977 112 68 U+3089 625 524 44 82 U+304B 100 382 38 52 U+7B11 250 1370 79 107 U+308A 970 2632 52 78 U+3076 938 1743 102 63 U+3064 1822 2631 75 53 U+3064 419 1988 76 42 U+307E 615 379 57 79 U+306A 86 1298 67 92 U+4E0D 599 965 82 77 U+3051 1652 388 48 55 U+3088 451 1309 32 65 U+306F 611 2389 54 37 U+3089 1503 2269 46 87 U+307F 103 1217 37 66 U+3088 277 375 36 87 U+3057 1829 2692 91 95 U+3078 1122 2761 118 41 U+601D 1129 2669 81 88 U+308B 625 684 34 53 U+306A 1654 645 53 70 U+3064 1125 2160 78 39 U+307E 794 2688 51 82 U+3046 1492 481 33 65 U+66AE 1298 2814 103 138 U+308F 1834 977 45 79 U+307E 1488 389 51 91 U+304F 1664 1441 36 74 U+3053 1664 2809 53 56 U+3064 434 2538 76 62 U+307E 1318 1324 55 94 U+304B 1837 1054 42 51 U+3055 1131 1429 53 70 U+3066 1143 484 41 87 U+307F 269 1474 36 64 U+308C 440 760 51 95 U+3068 1149 629 39 77 U+304F 440 2147 44 95 U+3059 1312 2100 51 97 U+3059 266 464 53 95 U+307F 797 444 35 66 U+3068 266 1125 49 80 U+308D 952 2460 79 81 U+306A 428 2077 59 77 U+308B 616 2801 45 59 U+304F 1320 469 36 63 U+304B 1144 2203 41 51 U+306F 1481 1726 56 77 U+304F 1319 2009 33 80 U+3046 1500 2357 36 71 U+3053 957 2346 65 60 U+3053 90 1875 51 70 U+304B 446 2031 37 44 U+3051 446 711 44 48 U+304B 1669 1037 35 47 U+3057 1332 1761 14 79 seg_fp 1503 1803 58 59 U+304F 1660 701 46 83 U+9EE8 249 2474 90 138 U+3057 983 613 15 65 U+308B 1841 553 38 40 U+3089 103 1393 33 75 U+591A 265 2865 61 93 U+309D 464 2604 22 30 U+304F 1850 2669 40 70 U+9EE8 251 2734 85 87 U+3057 621 2135 28 62 seg_fp 1312 2482 32 67 U+309D 978 2415 29 34 seg_fp 257 2789 74 72,200014685-00020_1
U+5E8A 417 1400 88 94 U+536F 66 1820 82 96 U+3082 86 980 55 73 U+5FFD 424 353 79 87 U+306E 80 721 63 52 U+3044 591 1012 75 54 U+5F85 774 1088 81 86 U+3082 1654 2790 61 75 U+5185 1462 2872 72 97 U+753A 1639 1657 79 80 U+6298 1456 714 89 86 U+524D 1463 528 82 105 U+6642 760 1537 87 90 U+3082 85 2026 58 78 U+727D 589 2363 80 128 U+58F0 1282 1698 78 128 U+90A3 1459 2156 87 87 U+90CE 1460 2420 85 106 U+4E03 1456 2342 78 60 U+3082 90 2220 52 74 U+3082 605 938 54 69 U+9A0E 237 973 83 103 U+306E 1822 2454 64 59 U+3092 1466 2075 74 69 U+306E 425 2240 72 63 U+3070 1478 1292 82 48 U+99AC 1646 1256 78 101 U+671D 1805 2270 85 91 U+3092 1805 2787 88 58 U+305A 1466 449 93 78 U+3092 595 2271 73 87 U+3084 760 1634 81 57 U+3050 95 1150 53 70 U+308C 575 2689 113 68 U+8F3E 1460 1711 99 97 U+306B 1645 1999 72 60 U+308B 77 545 77 70 U+7D66 948 2313 56 84 U+6D25 1457 2633 84 113 U+990C 1632 360 93 106 U+5099 765 447 85 76 U+7ACB 416 1034 73 80 U+3042 242 2399 72 71 U+72CE 586 472 88 81 U+5175 1451 2752 84 98 U+4E57 1635 1005 89 108 U+75C5 1637 2453 78 101 U+3066 262 715 37 96 U+7D66 600 1604 52 79 U+3072 246 2315 64 77 U+306E 77 1763 70 48 U+6A39 63 2803 88 86 U+5287 1271 2861 91 111 U+66B4 1637 2251 93 125 U+3092 1293 1267 80 64 U+6025 241 1979 87 117 U+66FF 774 896 75 91 U+306B 1653 2387 48 55 U+306E 1651 942 63 53 U+755C 603 349 62 117 U+99AC 76 618 75 97 U+6F5C 936 1635 81 94 U+731F 930 1918 100 89 U+3073 945 1740 88 70 U+3042 1645 1750 71 74 U+3082 254 1894 57 79 U+306A 422 712 63 78 U+3092 779 1000 61 80 U+5C3E 67 784 92 84 U+67D0 768 1955 99 113 U+99AC 1822 1486 73 98 U+4FEF 1459 1551 89 93 U+8377 1810 1874 86 115 U+51C6 768 354 78 81 U+305F 1657 460 48 69 U+6765 1105 2608 80 97 U+898B 79 1479 78 97 U+3078 1123 742 80 38 U+639B 71 352 94 84 U+305D 603 1817 55 77 U+5B9A 1105 1707 92 111 U+4F11 231 552 102 76 U+3092 425 1578 62 63 U+82B1 69 1927 90 99 U+306B 259 1189 45 61 U+727D 1288 1494 76 116 U+5305 1119 1818 80 99 U+66FF 245 1080 76 94 U+306B 1482 1643 44 60 U+4E57 588 1419 92 112 U+304C 95 1585 53 52 U+8D70 1108 2370 89 104 U+306F 1827 1430 67 51 U+305A 427 2753 78 76 U+304C 615 1892 60 52 U+306B 958 2012 44 67 U+64B2 1453 901 89 90 U+3052 250 2106 88 70 U+8DE8 69 443 86 105 U+5974 1804 1585 102 78 U+5473 587 858 90 74 U+306B 1286 2035 72 64 U+539F 76 1652 74 95 U+56FA 1822 729 64 88 U+3044 245 2251 70 58 U+304B 1468 1889 80 69 U+304C 791 2071 53 47 U+66F4 1283 2650 94 109 U+53E4 1461 2248 72 79 U+5149 1643 742 82 102 U+306B 85 2714 43 69 U+7B49 1827 1669 68 62 seg_fp 1274 2107 88 94 U+305F 946 734 68 84 U+3089 785 1805 46 79 U+67F5 1095 1392 107 77 U+306C 1469 1352 74 58 U+308A 1832 635 42 83 U+352B 1112 1469 86 89 U+3066 1654 2145 43 96 U+6771 71 2109 90 103 U+7B52 79 869 69 109 U+306E 242 1744 69 63 U+99AC 771 2133 74 90 U+9A0E 1289 1052 89 103 U+610F 430 2326 70 124 U+3070 1294 2384 87 41 U+5F18 1645 856 76 76 U+306B 960 1185 43 56 U+611B 590 1137 81 126 U+8B00 1805 979 101 101 U+3092 243 2899 67 70 U+81E5 1470 1134 79 73 U+6226 75 1055 83 96 U+9AD8 1300 1812 53 105 U+97AD 1110 1978 91 89 U+306B 436 2471 47 59 U+5F18 592 2894 75 78 U+307B 418 795 75 74 U+308C 1809 2095 72 66 U+306B 604 684 42 65 U+5982 1126 786 69 54 U+306B 777 1461 47 66 U+3061 430 1824 53 85 U+5929 1463 2544 93 85 U+3066 1833 2180 35 80 U+9663 1120 635 81 101 U+7ACB 1815 2369 83 77 U+3092 1123 2079 67 79 U+63DA 1099 2167 96 96 U+3067 952 2802 68 106 U+6765 238 1474 81 111 U+308C 1278 2297 89 74 U+544A 1123 1121 70 95 U+3078 1814 1821 83 47 U+304D 1308 550 65 62 U+7ACB 68 2887 86 80 U+5F8C 1126 547 79 91 U+305B 1469 1227 65 65 U+62CD 1624 2641 100 77 U+3066 954 910 39 92 U+305B 1812 506 66 71 U+308D 778 2917 70 57 U+5149 947 1012 81 91 U+308A 1837 887 39 82 U+3066 1824 2908 54 70 U+305F 1820 578 55 59 U+3070 949 2469 80 35 U+306B 1298 2769 45 65 U+3064 1097 2713 86 50 U+51E0 432 1496 68 64 U+4E57 242 1258 80 101 U+3066 956 1821 45 86 U+306A 72 2459 70 112 U+51FA 940 2090 88 60 U+8DB3 1471 630 84 91 U+3066 251 1378 46 91 U+306F 1123 1929 62 39 U+624B 247 2803 64 87 U+3059 931 1407 94 83 U+5341 1648 1586 66 59 U+3068 605 1730 51 77 U+9A0E 759 786 88 105 U+6C5D 419 2826 74 90 U+6765 768 2718 76 87 U+52A0 1806 2847 89 58 U+306F 954 2932 63 39 U+60D1 1122 351 79 100 U+3082 1483 1473 51 75 U+5FD9 1301 462 85 72 U+305A 253 2530 76 85 U+62C5 1800 2001 101 95 U+308C 946 2610 59 104 U+79FB 750 1703 91 102 U+3066 1651 2563 49 67 U+8D77 1294 710 94 85 U+3054 776 2870 86 48 U+3070 1122 1324 77 50 U+3053 250 355 77 82 U+304A 1294 930 74 67 U+614C 1300 357 85 93 U+4E88 249 822 62 88 U+8272 422 608 63 97 U+4EFB 412 2546 92 74 U+5F93 1272 2443 96 97 U+5730 1461 993 95 62 U+304C 263 916 48 54 U+978D 230 2620 90 99 U+305F 1816 427 63 72 U+3051 1652 618 62 60 U+308C 1644 1121 61 76 U+5F18 946 1108 79 82 U+305B 935 2240 71 67 U+7D66 779 1170 53 99 U+308A 781 2523 49 90 U+308B 1486 1985 44 72 U+5728 767 2439 75 85 U+767D 84 2303 57 72 U+307E 956 1251 48 76 U+978D 574 751 92 101 U+305B 594 1540 64 59 U+308A 1125 2903 48 62 U+3066 1311 869 43 63 U+3046 1830 359 38 68 U+308B 1834 1078 44 64 U+307E 954 2716 50 84 U+306B 1828 2619 43 59 U+5730 419 452 96 61 U+308A 965 418 35 77 U+3066 1486 807 36 87 U+3073 1479 1814 85 65 U+305B 591 567 68 52 U+99AC 1107 2766 83 89 U+98A8 78 1390 98 82 U+306A 424 1731 54 91 U+3086 1646 1357 73 65 U+8005 1283 2533 76 98 U+308B 438 1340 36 54 U+308A 1661 1898 42 97 U+305F 599 1257 52 74 U+3092 942 587 72 67 U+306F 427 1646 47 82 U+3066 432 940 36 89 U+3068 959 500 44 71 U+3070 593 2751 79 43 U+306B 250 2730 45 73 U+305B 416 1198 64 67 U+968F 70 2599 84 106 U+6C17 437 515 83 85 U+3088 251 1585 48 80 U+79E3 1795 2523 111 84 U+307E 1658 1825 48 77 U+3055 1830 1753 46 66 U+305D 433 2156 48 80 U+7ACB 1280 2210 74 82 U+3046 962 1531 32 82 U+3088 1840 806 29 82 U+3069 1660 2718 80 71 U+6B64 1110 858 87 58 U+308C 1824 1318 60 103 U+308A 1668 531 36 77 U+3056 777 600 81 64 U+3078 584 1689 83 54 U+6276 1287 618 98 80 U+305F 427 1266 52 73 U+5E74 760 2617 85 98 U+3066 1129 2270 39 82 U+3078 939 2397 85 57 U+3068 609 1064 50 69 U+3089 1131 2470 48 88 U+3093 761 1881 84 66 U+308B 1655 1195 44 51 U+958B 74 1298 78 76 U+3068 1486 1055 40 63 U+3070 432 2093 74 47 U+9032 1642 2880 88 97 U+305D 952 2522 51 90 U+306B 257 476 45 69 U+306A 1825 1232 61 84 U+3068 1135 1034 46 77 U+307E 1478 363 50 87 U+304F 86 2377 34 68 U+3069 252 1817 70 76 U+6BD2 1813 2681 79 103 U+3072 252 636 58 71 U+3093 419 2694 72 58 U+8F61 585 2168 93 89 U+5F92 758 1363 93 94 U+66FF 1296 1159 73 96 U+9583 943 358 71 67 U+3066 1143 466 31 79 U+3061 956 822 60 88 U+305B 772 532 65 60 U+3068 258 2175 47 67 U+308A 967 654 34 79 U+305B 415 2630 74 64 U+308A 794 665 34 80 U+3053 764 2225 82 97 U+65E5 783 2811 43 53 U+65E6 81 1224 66 68 U+307E 604 1957 49 92 U+3093 1646 675 80 64 U+3082 256 1669 47 79 U+306F 432 2935 56 32 U+3068 1304 1625 46 66 U+5149 590 2790 76 95 U+3084 934 1493 86 38 U+306F 780 1270 58 47 U+7136 418 1920 78 97 U+3046 958 1325 36 83 U+3055 428 1125 46 69 U+3078 238 2474 86 44 seg_fp 1834 1143 47 84 U+306B 782 2356 42 74 U+3055 956 2164 52 73 U+3084 1280 1936 88 42 U+3093 1307 995 71 50 U+3088 610 2514 35 81 U+3088 1133 2839 30 64 U+308A 438 868 37 73 U+3059 600 2597 52 95 U+306B 591 2085 79 76 U+304B 1307 1978 33 59 U+3057 622 1330 16 81 U+3068 1313 1336 46 81 U+304F 1317 1417 33 61 U+9580 1110 1641 85 51 U+304B 1131 1281 36 51 U+885B 1122 1558 69 79 U+3089 444 2025 36 74 U+3057 1516 1409 23 69 U+304F 1662 1421 27 59 U+3005 1151 939 24 30 U+309E 793 1312 55 44 U+3057 1324 788 21 83 U+3005 1130 986 23 35 U+3057 619 622 17 64 U+3057 1664 2069 22 78 seg_fp 1992 895 50 68 U+3057 1150 1215 12 65 U+309D 282 441 23 29 seg_fp 1982 982 64 100 U+309D 802 2323 19 29 U+309D 1508 1951 21 31 U+309D 614 2051 23 36 seg_fp 1986 1092 57 102 U+3057 1146 2554 14 57 seg_fp 1658 1503 45 72,200014685-00026_1
U+8D70 1522 1660 80 100 U+4F55 1879 644 80 93 U+3092 1530 566 74 58 U+306E 824 2233 70 56 U+306E 644 2816 74 79 U+4E2D 306 869 79 84 U+4EBA 635 1630 113 75 U+8A8D 1348 600 80 86 U+8F3E 470 1848 88 95 U+3082 1719 899 53 70 U+5CA1 1877 2620 79 84 U+90A3 293 1039 90 85 U+76FE 1526 958 78 100 U+6613 831 2673 68 119 U+305F 661 946 54 73 U+306B 1357 527 73 64 U+3092 1716 473 72 74 U+4EBA 1003 1770 95 79 U+5207 1520 638 93 61 U+57A2 1336 2215 91 84 U+5E73 1348 2042 71 84 U+3066 1902 550 40 93 U+53C8 474 2468 88 68 U+4E03 297 1208 86 61 U+3072 822 2415 72 65 U+306A 489 454 56 79 U+5730 303 2237 98 72 U+3092 1870 2833 87 67 U+90CE 307 1282 78 98 U+3051 1359 2894 66 81 U+6295 831 445 88 80 U+308C 1682 2626 98 62 U+3042 1706 1812 69 73 U+5148 140 1258 82 94 U+516B 651 1565 91 62 U+99AC 1698 2788 79 104 U+3051 1356 1777 70 76 U+3082 665 2355 53 73 U+306B 493 1211 49 71 U+3093 1875 1221 94 83 U+780D 815 1859 95 92 U+5927 656 593 74 74 U+57A2 128 1040 83 79 U+3082 1891 1947 54 71 U+306E 1183 1171 62 53 U+3066 664 2034 45 104 U+6B5F 1693 1534 91 78 U+767B 1523 1755 82 106 U+5185 650 2725 72 88 U+635C 1692 972 104 91 U+7AED 986 2391 84 94 U+308A 1369 1846 40 82 U+306E 1877 2551 76 66 U+962A 483 374 88 78 U+3070 1002 2591 77 50 U+306B 151 1359 50 62 U+3082 1019 1514 54 78 U+3092 1348 2533 76 54 U+5148 1163 2459 85 90 U+5927 836 735 84 75 U+308C 1000 1366 99 65 U+8A91 297 2369 93 85 U+4E3B 1697 2369 71 74 U+5F7C 998 1598 92 93 U+306E 1882 2691 71 59 U+8DCC 474 784 87 81 U+306F 1885 1684 58 43 U+9032 1347 1594 96 102 U+306D 1350 757 80 76 U+4E09 1342 2319 79 68 U+4E21 1008 1696 80 83 U+6216 471 2053 90 91 U+9855 1156 1527 88 94 U+8D70 138 706 77 101 U+306E 1700 2901 75 84 U+308C 1343 2453 99 66 U+85E4 478 962 88 120 U+306B 148 1925 53 65 U+3042 1879 1062 75 78 U+77AC 1004 618 97 106 U+6226 641 2141 92 97 U+4F59 1009 440 102 98 U+4E03 638 1501 84 54 U+8DB3 483 1292 74 93 U+8131 138 2192 99 88 U+8EE2 475 1948 81 106 U+6A39 1158 991 90 93 U+306B 839 1571 51 63 U+75B2 307 1758 90 101 U+306B 1708 2457 51 61 U+305A 154 2900 89 67 U+8FD1 1341 2751 87 89 U+6765 143 2659 74 88 U+7F75 1714 1694 66 115 U+6FC0 1519 2486 100 96 U+5931 652 859 78 93 U+8846 1524 2012 70 113 U+5200 1706 2032 60 69 U+6734 1328 1946 99 85 U+4EBA 1011 549 93 67 U+7AED 1703 666 86 91 U+753A 1879 2114 83 80 U+5F15 308 2458 73 79 U+601D 134 2804 77 63 U+306B 834 2492 44 64 U+306B 840 1111 45 62 U+306C 1866 2433 93 61 U+3092 313 1685 67 61 U+6A39 1858 2752 98 79 U+829F 1716 555 74 107 U+9032 138 1432 78 95 U+305A 1716 1933 73 88 U+7ACB 1879 1599 70 73 U+3066 839 2868 39 105 U+6728 1871 1511 95 82 U+5974 651 374 87 61 U+306B 491 712 48 63 U+8513 487 1086 68 127 U+304D 1707 1445 78 82 U+7A2E 996 1996 85 95 U+7D9A 138 1997 93 92 U+682A 463 621 101 84 U+68C4 834 528 78 109 U+898B 1351 2598 80 80 U+5C04 992 871 99 96 U+77E2 1002 1901 84 99 U+308C 1359 1064 62 85 U+3067 1717 1200 76 106 U+61F8 823 1641 83 108 U+5352 1167 2895 85 82 U+5C8C 823 1456 86 114 U+3082 1009 2087 54 80 U+306B 326 962 38 62 U+3084 1874 1431 76 75 U+308A 504 532 36 75 U+6B8B 644 1107 89 101 U+3082 1361 897 58 74 U+305F 670 709 46 54 U+5B9A 1356 372 81 101 U+52E2 813 2298 99 105 U+96E2 1693 2527 86 97 U+3055 145 2292 56 59 U+308A 329 509 35 80 U+3066 844 1761 40 94 U+6CE5 1536 482 78 70 U+306B 1030 804 49 64 U+306B 1530 2400 70 59 U+8FD1 639 1311 87 104 U+8DB3 1870 2267 73 95 U+629C 814 1181 102 84 U+3078 309 2321 87 37 U+306F 147 1203 60 42 U+304E 1525 1466 97 82 U+306B 1891 2198 52 58 U+5F15 1521 1280 76 88 U+5F8C 136 1828 87 91 U+5E73 140 1685 73 82 U+7FF3 824 1262 87 119 U+306A 314 363 68 93 U+5F13 1002 2646 57 101 U+9003 640 772 89 87 U+3065 1348 2843 88 52 U+7815 810 2574 93 93 U+5C04 1149 2093 96 90 U+3051 318 594 69 66 U+96B7 654 443 87 89 U+3092 479 2644 78 49 U+6BBA 1005 972 97 101 U+629C 1682 2179 105 80 U+4E0D 645 2432 81 75 U+308C 145 814 57 81 U+306F 1016 1853 62 44 U+6DF1 1880 1734 81 86 U+622E 637 1863 96 103 U+8CA0 474 2702 72 108 U+75CD 476 2541 83 106 U+3066 160 2091 38 81 U+51FA 309 2559 90 55 U+308A 672 1019 35 85 U+3093 1169 1858 78 65 U+306F 1539 1955 59 52 seg_fp 1877 782 84 97 U+88AB 1509 1372 102 90 U+304C 322 808 63 56 U+8FFD 137 2470 94 79 U+308B 1032 1150 40 56 U+3064 140 2748 77 53 U+3066 497 1739 42 107 U+308C 1178 1617 57 79 U+3093 312 2703 93 83 U+306F 664 543 59 45 U+6734 118 1598 104 83 U+5341 1018 371 80 68 U+308A 1191 1423 36 83 U+3081 1362 699 52 54 U+7ACB 1175 1088 72 74 U+7686 1518 2135 85 99 U+3066 330 2049 39 104 U+3089 1892 1141 55 87 U+6570 1870 2020 100 86 U+306B 1180 2554 46 64 U+306F 314 1389 59 40 U+6226 132 449 91 92 U+306B 1181 2019 50 68 U+8490 146 2552 73 105 U+5200 839 812 58 63 U+5C71 648 2902 73 58 U+304B 1904 730 34 52 U+984D 819 1006 83 103 U+771F 835 886 61 108 U+6483 1339 1158 87 126 U+3057 1017 1227 70 87 U+3066 1539 1554 39 97 U+3093 1347 1445 103 72 U+3066 1356 2683 59 61 U+529B 652 1705 60 74 U+9593 1025 728 66 67 U+3064 1534 1202 66 80 U+3055 1712 1126 55 71 U+3053 830 2178 54 51 U+3053 1359 2398 58 55 U+3092 484 1392 63 62 U+5766 302 2158 101 54 U+306F 146 2868 62 39 U+7121 136 955 62 77 U+306F 832 2113 59 52 U+6216 476 2344 91 94 U+3069 1020 1433 74 79 U+969C 1524 368 88 110 U+3066 1192 880 40 88 U+3072 146 556 68 60 U+6848 639 2607 79 112 U+308C 1536 2673 62 88 U+3078 1702 1887 82 50 U+3066 1708 2265 40 91 U+8B90 1513 2768 89 131 U+304D 1537 774 73 81 U+305F 1175 2178 47 73 U+51FA 1173 1708 84 60 U+51FA 1710 1062 82 53 U+3066 329 2861 47 100 U+53E4 306 1128 69 72 U+8E87 1879 883 80 92 U+3068 1716 1612 55 72 U+3092 1694 2110 73 62 U+8CCA 303 1580 89 93 U+4E14 147 630 61 63 U+306F 142 901 61 48 U+308C 468 2285 112 68 U+3089 508 1544 40 80 U+308F 1370 979 36 82 U+3092 642 1792 72 62 U+52B4 316 1867 69 102 U+308C 491 1641 52 95 U+3068 154 2395 48 70 U+3055 1026 1083 53 67 U+3066 1723 811 42 89 U+8349 1711 373 70 102 U+3068 1889 1872 52 73 U+305D 323 737 46 75 U+3031 1190 1906 55 112 U+3056 485 2821 88 63 U+3092 1533 2906 63 73 U+3088 1195 1357 28 65 U+77E5 642 2515 87 70 U+3068 328 2780 45 78 U+3088 1899 1304 35 68 U+3053 1524 2249 65 57 U+3089 1365 1371 54 83 U+3066 855 644 34 75 U+3055 1175 1776 52 81 U+308A 336 658 29 67 U+306F 147 1780 64 36 U+3066 1550 858 39 96 U+3068 850 375 43 61 U+308C 1535 1864 56 84 U+7ACB 831 1948 66 80 U+304B 1374 477 37 48 U+4E14 306 1440 77 68 U+621B 993 2808 83 96 U+3068 1368 1516 48 71 U+3058 1207 705 41 82 U+304B 1201 503 31 47 U+54E9 990 2904 84 75 U+306F 484 2930 68 43 U+3058 176 2349 50 55 U+3068 1549 694 42 76 U+3069 1371 828 69 69 U+3069 667 2278 77 76 U+3068 1187 791 44 83 U+3053 1880 2504 53 45 U+4E14 148 372 66 59 U+304B 680 663 29 41 U+3068 495 1474 51 65 U+304D 490 874 48 83 U+7121 1344 2139 69 62 U+3092 992 2746 70 60 U+3070 1178 2391 84 58 U+3055 1532 2584 62 84 U+4E09 143 1129 68 56 U+81E3 657 1420 62 62 U+3068 1543 1061 41 73 U+306F 1189 446 56 45 U+308A 1184 2252 45 69 U+306F 661 1261 52 41 U+3078 655 2246 70 32 U+5217 1157 2829 88 82 U+308C 1536 2304 55 90 U+3089 1894 2362 48 75 U+306F 487 2135 59 34 U+852D 1173 1229 72 127 U+308C 832 2027 60 81 U+4F10 1847 2902 117 91 U+306B 1009 2305 45 73 U+308B 665 1190 48 65 U+3066 1183 371 55 66 U+307F 161 1529 27 61 U+3068 1364 1295 48 70 U+307F 1374 1701 28 63 U+3055 323 2629 49 76 U+304B 335 462 27 46 seg_fp 1897 979 44 72 U+308B 497 2884 31 46 U+306A 1180 556 60 80 U+3057 1726 2697 13 79 U+304F 324 1513 32 62 U+6483 478 2178 79 107 U+304B 1030 1317 39 54 U+6483 1881 374 84 114 U+304B 1011 2546 30 51 U+304B 1187 2354 33 50 seg_fp 0 2686 63 97 seg_fp 0 2786 70 104 U+306F 493 2420 62 43 seg_fp 1 2576 58 110 U+5DF2 1708 1318 92 90 U+306F 1183 646 62 55 seg_fp 1709 1400 72 41 U+3057 849 2792 17 76 U+3059 1183 2628 56 92 U+307F 1190 2762 32 47 U+3057 1563 1131 16 71 seg_fp 1 2491 59 75 U+304F 1904 1809 38 70 seg_fp 1902 1372 27 60 U+3057 1025 2479 13 64 seg_fp 1002 2215 70 48 U+309D 1196 2722 21 27 U+3057 684 1960 15 70 U+3057 1918 490 12 57 U+309D 1024 2265 23 36 U+3057 1737 746 21 65 U+3057 861 1372 9 78 U+3057 342 1980 14 64 seg_fp 1012 2171 45 50 seg_fp 0 2392 58 83 seg_fp 23 46 22 202,200014685-00027_2
U+306F 1687 2712 74 41 U+3082 1829 396 40 80 U+672B 1813 2152 70 102 U+306E 1667 1290 78 63 U+4ECA 489 1200 96 126 U+3044 190 1967 100 63 U+306E 1366 807 81 74 U+5F97 939 1616 91 120 U+3082 1095 2496 48 96 U+9577 492 493 69 95 U+306B 371 2583 42 64 U+3044 933 705 85 59 U+306E 338 1196 81 88 U+5373 1363 893 94 108 U+3044 339 765 86 62 U+4E8B 501 1333 83 148 U+306F 205 1821 69 45 U+3082 1385 2176 47 89 U+9119 920 2263 104 113 U+65E5 213 563 62 65 U+306B 1829 1369 44 82 U+4EBA 1502 700 112 86 U+3092 490 1478 92 61 U+306E 328 2375 120 88 U+3092 925 1541 90 68 U+308C 327 575 110 98 U+304B 781 2715 89 68 U+3066 942 1930 73 88 U+3092 1221 1904 86 70 U+306E 921 2579 110 87 U+3082 226 2569 42 81 U+3079 1511 1990 113 50 U+306E 926 2378 84 87 U+304D 931 1332 95 117 U+5618 473 598 104 116 U+306E 198 994 83 85 U+4EE3 1218 1804 93 90 U+308F 1512 882 89 61 U+306E 1366 1321 89 82 U+91CD 1366 514 81 115 U+4E09 198 736 95 66 U+306C 1793 1289 108 79 U+7D66 1677 802 67 75 U+5E03 1368 2509 84 121 U+304D 500 2526 89 96 U+3092 1661 394 85 60 U+306E 1510 779 84 92 U+7F6A 492 1823 94 98 U+308A 1390 2012 52 99 U+304E 1379 1516 79 111 U+3092 480 719 93 60 U+3082 1246 1576 42 99 U+3092 1511 1180 95 96 U+9AD8 355 1851 57 103 U+305F 1810 1019 80 86 U+5B9D 1822 2635 70 128 U+4E71 1217 1992 115 96 U+3092 1075 2412 91 77 U+5B5D 1656 1160 101 115 U+3044 1812 483 81 44 U+306A 1523 495 75 98 U+305A 353 382 82 108 U+308A 209 2026 64 105 U+56FD 929 2480 95 88 U+3073 1816 1765 83 95 U+306F 1828 1195 56 85 U+9662 479 380 108 104 U+307E 215 1867 58 91 U+3092 779 1745 98 111 U+5C71 341 2292 93 78 U+4F8B 922 1143 108 100 U+3092 1364 2407 91 75 seg_fp 1686 2141 60 90 U+3075 1504 1639 111 97 U+306B 344 891 89 93 U+5CF6 330 1293 98 107 U+308A 1544 592 43 87 U+304B 632 2182 100 68 U+306A 1079 1911 78 106 U+3080 1372 1749 99 83 U+4EC1 1358 636 95 78 U+307E 1825 1090 44 103 U+4EF0 1359 1419 105 105 U+677E 331 2199 106 80 U+3031 807 1133 63 192 U+6240 1373 1829 84 81 U+7F6A 1659 1373 97 113 U+7D66 1222 584 91 101 U+3075 1060 1298 118 97 U+3064 193 2140 108 77 U+7D66 509 1038 71 75 U+306B 523 2606 41 72 U+306C 1517 2198 104 78 U+596A 1514 1487 95 154 U+5BD2 1814 708 64 143 U+5FA1 1804 1477 78 79 U+308C 191 464 111 85 U+5F97 1515 1877 94 118 U+65E7 782 1312 83 142 U+3066 1245 1678 46 123 U+304D 656 1316 47 123 U+4E0D 1679 1060 69 92 U+306A 1381 1919 72 93 U+7D66 945 1746 63 91 U+3073 192 888 104 96 U+3068 664 1890 37 91 U+304B 931 2037 95 69 U+308A 801 902 46 104 U+3069 363 653 64 90 U+3066 1831 2511 39 103 U+3066 1088 2095 66 88 U+7D66 663 563 57 82 U+3067 1229 769 85 98 U+308C 1656 1563 108 97 U+5929 1672 2525 91 92 U+571F 929 2657 83 78 U+304D 1675 2059 89 89 U+308A 215 1713 53 89 U+306F 1101 1372 45 80 U+616E 637 1571 90 106 U+5FB3 1355 2292 101 101 U+308A 954 1027 45 108 U+3042 1659 466 79 88 U+3072 936 1841 88 89 U+3072 494 1115 84 82 U+7D66 1232 2214 67 72 U+5FFD 1081 1467 93 114 U+305F 1528 2754 71 89 U+5668 1512 387 98 98 U+7D66 799 660 57 80 U+306B 803 2630 48 74 U+308C 632 1795 110 103 U+304C 355 2125 69 51 U+5287 1651 1813 109 136 U+3042 1676 2248 85 83 U+306A 792 817 71 89 U+594F 631 2592 102 128 U+6D44 781 2422 98 130 U+306B 364 1414 41 73 U+306F 1381 1111 54 91 U+6575 1067 1705 109 109 U+308C 776 2049 111 86 U+795A 1811 2760 87 89 U+5211 923 1430 97 96 U+306A 1821 1686 77 77 U+306F 1236 2476 46 91 U+5BB6 344 2456 90 113 U+3082 1091 1114 51 94 U+306A 793 379 81 104 U+304D 1234 2582 65 90 U+308A 1837 2337 49 83 U+306B 229 644 45 74 U+65BD 1212 383 98 101 U+4F4D 1356 1013 97 95 U+3089 212 377 61 86 U+3092 1222 1481 89 98 U+305B 1816 1924 65 87 U+308A 1541 2466 47 89 U+65D7 1797 1568 97 113 U+3072 1666 712 90 89 U+3075 1210 2286 104 74 U+53E1 626 1453 117 110 U+3064 486 784 97 72 U+3092 486 1928 91 84 U+7ACB 1805 2433 92 66 U+306A 1518 2553 93 74 U+5247 1224 2362 83 109 U+3082 1534 1274 40 100 U+308A 1682 1706 48 99 U+3042 500 2687 77 78 U+3092 1077 722 89 98 U+548C 1370 2650 92 107 U+306A 944 1253 72 76 U+6028 1076 1590 92 106 U+56F0 353 2674 89 90 U+4E0B 1674 2624 80 71 U+6C11 1377 1214 69 111 U+306A 643 1695 77 98 U+308F 1219 1327 82 74 U+307E 661 1059 52 96 U+610F 1083 2292 69 107 seg_fp 198 1460 92 59 U+9858 628 949 104 110 U+8B90 772 1586 100 165 U+3066 1533 1371 36 107 U+304D 793 1460 52 113 U+7D66 788 2115 64 82 U+9042 1063 2596 111 138 U+3053 341 1122 79 69 U+3089 671 371 56 97 U+571F 782 2549 77 70 U+795E 1667 2759 96 91 U+8B2B 329 1504 111 110 U+3057 1255 479 19 112 U+307B 645 1148 81 105 U+3092 1376 2756 87 92 U+305D 660 858 64 94 U+3055 348 508 54 67 U+307E 1828 511 47 92 U+3068 1113 1818 37 91 U+5FA1 195 1085 80 99 U+309E 680 2096 46 69 U+308B 941 2159 87 87 U+308A 523 2347 50 88 U+541B 1069 616 89 117 U+3060 1816 600 70 97 U+306F 1679 954 49 92 U+305F 793 1007 63 103 U+3066 362 1720 32 119 U+3075 772 2197 104 86 U+3068 1400 389 33 80 U+9060 339 1982 88 122 U+305B 345 970 72 65 U+305B 662 472 55 75 U+305F 1538 937 51 71 U+3075 482 2073 104 95 U+3057 1258 2085 19 119 U+3066 802 2283 39 115 U+307E 936 376 88 89 U+304B 1545 2046 42 79 U+306B 925 753 82 71 U+3059 214 1300 60 95 U+3068 960 2746 37 99 U+3075 1656 874 100 87 U+738B 1367 722 85 65 U+3093 336 1034 108 86 U+8005 193 2461 98 107 U+3092 1518 2681 105 104 U+306C 1208 1153 110 82 U+308C 345 1604 67 111 U+5F13 1829 2033 47 111 U+3075 1817 2272 81 69 U+6155 1064 805 115 133 U+306A 637 2432 102 82 U+3059 793 1940 53 115 U+3075 771 743 101 78 U+672C 1085 2182 79 96 U+306A 217 2668 77 99 U+671B 1373 1634 86 106 U+304F 675 2503 32 99 U+307E 1091 378 59 97 U+308A 1095 2015 50 91 U+306A 506 2425 78 102 U+3051 1099 1222 53 75 U+306F 1236 689 47 80 U+3068 514 2012 51 57 U+3066 503 1711 49 109 U+308B 679 2232 38 69 U+305B 502 938 64 75 U+81B3 178 1187 104 104 U+306E 1233 2674 67 80 U+3078 1356 475 110 41 U+306F 959 468 45 87 U+3082 1536 1787 55 81 U+308F 807 1845 42 95 U+3093 642 724 114 92 U+3056 1226 1402 75 82 U+3088 955 951 44 75 U+3075 1211 2760 105 90 U+305F 199 812 70 77 U+6B63 491 1561 98 64 U+3088 1687 1645 43 62 U+305F 1093 2722 72 119 U+3068 1395 2102 25 80 U+3078 782 2788 133 40 U+3072 1079 936 78 86 U+306F 657 646 48 77 U+3078 923 913 116 39 U+304B 1835 1869 34 53 U+3053 1686 1498 42 63 U+304F 1516 1017 79 70 U+308F 1519 2391 80 82 U+305D 1678 639 60 67 U+3068 1557 1714 28 79 U+9053 1214 873 108 111 U+305B 795 576 69 69 U+3051 654 2720 49 57 U+306F 659 2001 46 94 U+305B 1817 933 57 71 U+308F 508 2265 79 83 U+3057 1704 1944 24 108 U+3058 1674 2342 82 150 U+3067 960 562 56 126 U+3055 1821 857 50 82 U+304B 364 828 35 68 U+304B 232 2219 32 80 U+3089 1532 2124 43 81 U+308B 667 2775 37 63 U+3088 215 1621 46 92 U+3075 204 2301 94 80 U+3089 526 2761 49 81 U+308B 227 2384 36 67 U+304C 515 858 67 82 U+309D 240 1393 19 58 U+3057 1564 1089 23 95 U+3081 355 2777 72 51 U+309D 983 2106 23 34 U+3089 1687 553 37 89 U+3057 512 1624 23 95 U+3057 976 822 19 87 U+3057 701 1252 16 99 U+3057 1132 1006 17 116 seg_fp 668 2317 45 53 U+308B 1540 2629 44 74 U+3089 822 484 21 98 U+309E 815 1110 49 74 U+307F 1239 1234 29 98 U+3053 666 792 32 73 seg_fp 244 1520 26 89 seg_fp 1103 475 53 46 U+3089 1706 2332 32 97 seg_fp 957 276 51 80 seg_fp 674 2374 22 58 U+3067 1102 500 41 100 seg_fp 1246 1051 25 92,200014740-00008_2
U+306E 914 1072 95 131 U+82B1 894 893 112 149 U+306F 401 764 67 43 U+67F3 677 957 113 118 U+306E 1279 1680 90 110 U+83CA 910 715 101 157 U+5F8C 1409 1336 110 123 U+306E 700 843 75 101 U+306E 1713 1117 73 70 U+67F3 388 2150 112 127 U+67F3 526 1067 108 120 U+3066 1440 1956 66 92 U+3081 1279 1033 69 71 U+306E 394 554 78 98 U+3092 1276 2638 104 95 U+306E 260 2345 72 68 U+304F 414 2334 45 108 U+306E 259 2741 83 92 U+304B 1281 2000 88 62 U+4EBA 1272 2216 117 116 U+4EA4 692 2020 98 113 U+306B 1311 1908 45 71 U+8302 548 1191 81 123 U+306F 696 2263 81 45 U+3044 391 2293 91 55 U+305F 1711 2567 101 93 U+308A 419 1915 44 94 U+304C 1725 839 55 52 U+306E 682 2573 131 82 U+8584 698 2449 81 125 U+306B 719 1320 39 82 U+306A 551 644 77 94 U+3082 564 1751 48 95 U+3066 117 2150 68 93 U+3082 1585 697 47 83 U+306E 547 1975 73 90 U+3092 101 1855 89 64 U+4EBA 239 1055 101 100 U+4EA4 389 831 95 126 U+795E 1119 1379 97 136 U+306E 545 2325 76 79 U+306A 1143 1523 62 97 U+305B 1717 1430 73 75 U+5DE6 101 760 80 121 U+308B 1277 1502 95 101 U+307E 1729 1512 44 123 U+61A9 106 1939 94 116 U+5FA1 1128 1264 90 108 U+306F 1298 2308 48 97 U+3066 1264 454 76 89 U+3092 1276 796 88 77 U+9593 1706 736 87 91 U+3066 1282 1229 76 98 U+306F 253 1181 72 49 U+3073 399 2526 92 94 U+7D04 896 1234 117 115 U+521D 540 2090 84 100 U+658E 1117 587 95 140 U+3072 1125 735 85 90 U+4EBA 390 658 99 93 U+8CA7 101 1692 90 149 U+4EA1 1558 1220 92 75 U+308C 532 826 124 96 U+5FA1 1423 1431 80 111 U+306B 1738 1326 42 77 U+306A 401 1799 65 118 U+6625 404 2620 85 120 U+308C 690 1915 127 89 U+4EBA 695 2653 98 94 U+52A0 252 2550 86 71 U+304B 1268 1614 95 53 U+4EA6 397 1550 89 94 U+3072 116 2064 79 93 U+5165 1709 2312 92 86 U+3082 1449 1872 46 88 U+308C 1705 525 116 89 U+98A8 539 2195 106 110 U+79CB 536 1857 95 109 U+304A 1564 2457 96 61 U+6E05 98 1571 90 122 U+65E5 267 1739 46 59 U+5A01 1257 667 106 121 U+6625 689 719 87 116 U+8584 392 412 85 137 U+306A 1430 859 76 95 U+5D07 1278 890 80 127 U+4E08 107 547 83 101 U+694A 390 2019 101 119 U+5712 690 1210 87 107 U+6D66 1700 1199 107 108 U+304D 1138 1122 52 124 U+7A2E 685 1418 101 116 U+95A2 1701 905 97 94 U+306B 435 2756 43 75 U+53E4 257 2652 79 80 U+5E7C 1706 1881 89 80 U+64AD 246 2059 98 131 U+306B 1729 2205 50 80 U+5E63 1272 2509 97 140 U+694A 529 927 100 127 U+3061 1576 608 70 89 U+7D76 241 1240 95 139 U+306B 130 437 36 82 U+306F 1436 1676 53 93 U+9752 704 316 65 120 U+308C 253 417 71 107 U+4E39 1411 2291 110 96 U+8D64 1700 630 94 100 U+67C4 1406 761 100 99 U+56FD 1282 1798 83 89 U+304D 1432 526 64 102 U+306A 1571 1018 80 98 U+306B 572 2510 40 66 U+3084 535 1434 93 59 U+6D77 1699 2085 116 110 U+306A 705 1729 74 106 U+3051 1423 1019 92 106 U+308A 557 1325 47 91 U+56FD 250 2430 90 92 U+53CB 118 2256 87 95 U+5BB6 698 1084 80 126 U+308A 1153 1619 43 96 U+3066 1148 437 38 134 U+3066 1734 1755 32 121 U+8EFD 685 2339 98 103 U+5176 1402 1228 113 103 U+3052 1138 309 90 127 U+305F 405 2447 70 87 U+305B 1723 2472 63 83 U+307E 1596 1466 48 119 U+3067 1579 1587 69 101 U+5FC5 1279 2427 101 74 U+9580 96 885 94 88 U+305E 1581 2355 82 93 U+58C7 1690 1009 117 101 U+3064 1118 926 98 90 U+535A 93 1192 91 102 U+8EFD 239 719 93 92 U+8EFD 384 310 102 100 U+3042 1411 308 89 88 U+3066 265 1375 33 120 U+3055 1299 2712 61 70 U+7A1C 1265 560 108 113 U+7D50 538 316 91 109 U+90E8 96 667 93 90 U+3064 1270 1416 91 93 U+3089 1727 445 43 81 U+8A2A 234 1509 106 119 U+305F 695 540 73 106 U+306E 1571 789 78 80 U+846C 1700 300 102 130 U+901F 380 1674 103 104 U+3042 110 1397 71 80 U+308B 136 2560 43 72 U+3076 537 424 111 96 U+307E 1290 1321 51 92 U+3084 385 1072 93 55 U+3053 1566 870 83 89 U+305F 1577 517 65 89 U+3059 110 2459 79 106 U+5C06 1554 423 103 102 U+3075 1268 2136 111 91 U+3051 1138 1709 76 119 U+306A 254 1833 73 89 U+66F8 109 2633 85 118 U+308B 723 1537 42 79 U+307E 1141 813 52 112 U+3079 1109 1079 128 54 U+3073 1568 1309 106 90 U+308A 1430 1123 63 94 U+8A71 1414 639 89 104 U+306E 238 959 97 102 U+5E83 1404 1551 99 126 U+308A 1735 1633 41 124 U+99C5 97 320 88 101 U+308B 715 643 38 73 U+5439 539 2411 94 86 U+78E8 243 2205 100 126 U+3068 571 1671 30 81 U+308A 403 961 49 99 U+3059 553 1501 71 99 U+5F69 1415 2637 94 118 U+3044 102 1062 76 62 U+3056 1573 2132 94 87 U+3084 549 2751 82 82 U+308A 126 1475 41 86 U+305F 1284 1114 69 115 U+4E3B 1723 1968 47 113 U+304F 1596 1116 35 94 U+3059 400 1146 70 107 U+308A 1590 952 44 82 U+306E 103 2747 102 87 U+3070 1725 2760 65 89 U+7389 1425 1791 99 69 U+58EB 108 1297 72 80 U+8ECD 1552 305 99 116 U+307E 1733 2636 49 90 U+67D3 241 309 93 110 U+3088 1310 2052 40 84 U+304F 1598 2766 29 83 U+9752 1435 2391 53 128 U+8584 248 814 87 151 U+306A 1277 309 80 97 U+3075 95 1115 95 93 U+96D5 1422 2057 96 110 U+8010 536 2583 100 88 U+3081 554 2681 58 70 U+3092 1420 2530 99 97 U+3084 1410 382 97 72 U+3078 1699 2727 118 57 U+3075 236 1629 96 110 U+306F 1590 2037 44 82 U+3068 124 973 36 90 U+308B 1154 1012 45 69 U+305F 1579 1856 65 89 U+304F 573 1593 39 72 U+3068 723 2741 29 104 U+305D 1587 2534 55 73 U+304B 720 1837 36 85 U+308A 1447 953 38 99 U+304B 559 758 37 76 U+3057 1121 1848 83 203 U+308A 1451 2175 45 102 U+308D 1563 2610 97 96 U+3082 267 619 38 80 U+308A 713 2145 48 90 U+308A 1597 2216 39 98 U+3089 1159 1834 28 111 U+5E83 714 441 31 84 U+3057 383 1238 73 139 U+9732 1567 1725 89 127 U+3089 1749 2386 25 88 U+3057 298 1917 20 135 U+3069 273 540 45 81 U+308A 1457 2747 66 101 U+309D 1324 2784 23 58 U+304C 1588 1955 70 81 U+304F 418 1244 31 70 U+3057 1639 2700 17 100 U+3057 1339 392 15 113 U+3057 1460 445 16 83 U+3057 1633 1389 13 92 seg_fp 403 1407 51 53 seg_fp 419 1457 32 67 U+3068 111 2368 61 77 seg_fp 1717 2838 86 126 seg_fp 1575 1694 73 60 seg_fp 712 1632 47 103 seg_fp 561 520 40 112,200014740-00012_1
U+4ECA 1541 360 90 128 U+3082 976 1321 44 83 U+3082 1123 358 42 90 U+3072 511 811 77 75 U+306B 1813 1430 93 91 U+3092 502 1235 95 57 U+306E 1832 1983 67 71 U+3044 1389 1357 87 50 U+3072 506 1146 84 77 U+3082 822 1548 47 88 U+4EBA 1820 1495 95 105 U+3044 953 1863 82 63 U+98A8 1828 1876 98 101 U+3066 948 943 76 93 U+4E2D 1820 1314 81 104 U+306E 1251 357 76 93 U+4E0B 1244 464 74 85 U+3082 829 1219 38 89 U+3081 1254 1313 68 66 U+304F 1717 2389 32 83 U+308C 1382 527 118 93 U+308A 1711 1102 46 106 U+9580 1379 1859 94 85 U+52B4 806 1647 89 109 U+5618 205 664 100 117 U+308A 1565 692 41 96 U+5E78 795 2165 98 124 U+5F85 1100 460 88 91 U+3082 1410 1252 45 92 U+308A 532 1836 50 100 U+5357 1391 2538 76 102 U+8D64 1681 558 90 94 U+524D 1389 1949 78 119 U+3044 1533 2395 85 58 U+3066 522 442 66 80 U+3092 655 1626 86 60 U+3042 1826 1594 78 87 U+8D64 943 353 95 89 U+3075 208 1797 107 90 U+306E 1529 1880 118 106 U+3067 1394 1497 79 85 U+306E 1821 1204 79 110 U+5DE6 1392 1757 85 96 U+3092 955 747 87 63 U+306B 1268 562 36 79 U+308C 353 800 114 90 U+5F1F 223 2004 75 108 U+3064 948 1243 85 90 U+306E 1234 2060 112 115 U+770B 1821 366 91 123 U+306B 1269 958 40 74 U+9577 1243 1502 86 107 U+305F 1537 1094 88 86 U+9577 221 559 67 92 U+3042 1681 1438 83 85 U+63A9 493 708 106 103 U+3092 506 623 86 74 U+304C 377 1157 63 63 U+3066 1109 746 57 92 U+3082 537 354 44 91 U+308D 1828 680 77 108 U+3044 1091 2594 81 50 U+306B 1569 492 40 75 U+5FC3 799 1144 101 72 U+81E5 1103 1250 81 90 U+8001 1234 2621 97 113 U+308C 807 1757 75 98 U+3092 209 793 92 70 U+3066 1393 986 64 83 U+306E 1393 2654 76 67 U+3067 1545 1352 67 83 U+9580 951 2469 85 90 U+5DE6 956 2369 77 91 U+304A 1817 517 86 58 U+3092 808 2554 78 82 U+968F 1824 2066 86 107 U+5B97 1687 754 80 110 U+3082 379 953 46 86 U+606F 662 453 80 119 U+6240 1095 1352 90 81 U+3044 231 1737 74 62 U+3092 797 469 84 66 U+86A4 1695 2273 83 103 U+3044 1544 577 79 54 U+3075 792 969 105 83 U+3075 1379 401 102 82 U+6BCD 1231 2750 102 86 U+3073 1099 663 100 91 U+8DB3 815 1439 83 103 U+4E95 508 2275 91 117 U+3075 499 2194 101 87 U+5DE6 520 1944 78 108 U+9ED2 1838 987 64 97 U+8E0A 1675 1218 98 104 U+5165 1532 2539 99 74 U+305E 967 2093 81 99 U+5026 794 1323 105 102 U+7D66 372 1789 67 65 U+7D66 1258 1833 62 77 U+3059 674 2043 67 118 U+4E91 963 2565 61 63 U+304C 234 2126 65 57 U+308A 378 1391 48 81 U+7D66 816 1870 62 70 U+305F 1553 620 61 72 U+9762 511 531 87 82 U+3042 1397 1588 76 92 U+7D66 1120 1767 63 63 U+3066 249 1618 37 120 U+7269 652 1506 89 100 U+3081 664 1334 68 56 U+3042 667 1108 74 90 U+5BE4 1097 1901 96 122 U+304E 217 949 102 100 U+7D66 817 903 61 64 U+3067 962 2002 87 92 U+3066 1851 1760 38 105 U+308A 1714 2563 40 88 U+9580 507 2059 88 82 U+7D66 1535 1619 92 105 U+306A 368 1315 70 79 U+3057 232 1511 80 104 U+898B 1839 2754 71 98 U+66F4 948 1426 96 103 U+307F 1386 2313 88 93 U+4F3C 500 1711 100 73 U+5144 1249 1399 76 104 U+5FC3 361 1230 90 73 U+3044 1396 353 71 50 U+6765 1244 1614 87 108 U+9152 659 936 88 83 U+5176 519 898 68 99 U+304B 1248 2302 82 66 U+3044 512 2148 70 50 U+3066 813 657 64 69 U+7A74 952 454 92 90 U+5ACC 508 1309 93 92 U+7D66 659 580 93 95 U+81ED 515 1012 81 130 U+3053 1695 1696 78 77 U+5DF1 366 1052 77 82 U+5165 1098 1551 97 75 U+53C8 949 554 94 76 U+8CE2 226 1878 82 126 U+3075 1093 1829 103 76 U+308C 1700 355 72 94 U+3064 210 875 95 73 U+7A74 1693 667 84 83 U+3042 216 2287 81 86 U+982D 1384 895 88 92 U+6B47 650 345 100 98 seg_fp 349 347 100 98 U+5EA7 1244 832 80 110 U+7B54 368 2640 73 111 U+70B9 1385 776 87 101 U+307C 1828 589 95 94 U+3080 1240 648 94 66 U+591C 798 356 85 100 U+306B 1267 2525 39 68 U+308C 1528 2067 93 96 U+306F 1549 1253 55 87 U+306D 657 1808 85 110 U+3056 1555 2440 72 81 U+3064 1239 1038 97 103 U+7D9A 803 538 88 115 seg_fp 1391 2730 89 119 U+308B 1418 1676 38 67 U+65E2 943 2653 96 104 U+6765 1538 1440 78 104 U+306B 830 1047 40 79 U+3082 384 2783 48 70 U+3044 367 1479 83 62 U+676F 790 2455 89 87 U+306A 1840 786 61 112 U+3066 1706 1954 37 111 U+305D 1113 1067 58 80 U+306B 822 2315 41 71 U+3064 207 1060 99 103 U+76DF 1530 972 93 114 U+306B 1409 2065 41 75 U+5217 656 1702 86 89 U+305B 1556 2605 56 60 U+9045 1242 2177 96 105 U+3066 813 2762 62 82 U+982D 951 638 82 92 U+3066 1721 2752 37 103 U+3080 651 2198 98 83 U+3082 971 1775 45 80 U+306B 979 1533 37 73 U+306B 1126 1446 35 77 U+3092 953 1697 85 81 U+53EA 1385 694 83 81 U+8D64 363 2362 84 85 U+306E 518 2504 69 57 U+306B 978 2774 38 68 U+305B 1113 2396 67 74 U+3093 1091 2467 117 75 U+8D64 656 2432 84 95 U+3092 660 1029 84 84 U+3066 683 806 43 113 U+5F71 1821 1103 86 108 U+305B 1104 2097 72 85 U+308A 1700 1332 50 98 U+306B 534 1598 43 91 U+308B 982 2276 35 73 U+3057 221 1234 96 76 U+7269 1377 1073 105 93 U+3069 1413 585 70 94 U+3066 1410 2405 29 103 U+3092 1394 1166 86 89 U+4FE1 204 2191 96 89 U+3046 1562 1974 33 96 U+653E 508 1421 92 94 U+306C 1534 789 94 84 U+3067 239 430 65 109 U+3070 1709 461 49 88 U+5F85 1686 2655 91 93 U+3042 961 2198 76 79 U+306A 1693 1032 73 72 U+3075 1531 1712 96 81 U+4E0B 663 1415 68 84 U+63FA 934 833 110 100 U+5F1F 1704 2162 62 102 U+3084 352 1525 109 70 U+3092 1097 2759 91 86 U+3042 1841 2439 74 85 U+6765 1838 2165 71 107 U+914C 797 2661 94 88 U+306B 664 2354 74 85 U+3075 791 1938 101 77 U+3061 1696 1806 66 73 U+308A 1855 1673 36 91 U+5C0F 1693 2088 77 62 U+305B 211 344 90 85 U+3057 828 2044 21 118 U+307F 387 1691 31 80 U+6765 808 723 81 103 U+3079 790 2006 112 48 U+308B 1706 1610 37 74 U+3070 246 1312 72 88 U+308C 360 2243 68 107 U+3066 685 1922 31 116 U+3068 975 1048 53 57 U+3068 1574 2762 28 90 U+3092 1830 2351 79 92 U+3081 1406 470 55 56 U+3088 1705 2487 47 76 U+308B 246 2373 33 73 U+7FCC 1100 851 91 114 U+7269 949 1616 96 68 U+306B 356 547 86 78 U+3055 1546 2232 64 76 U+305F 523 1772 64 69 U+3075 354 1853 97 80 U+307E 1120 2191 47 81 U+3075 1231 1910 99 82 U+9957 213 2461 101 132 U+3044 1100 2271 88 57 U+308B 1566 874 36 75 U+304B 1274 1139 41 79 U+3056 360 726 84 77 U+5FDC 202 2607 106 118 U+3055 1116 2031 48 63 U+7336 354 2553 93 88 U+81FC 510 2419 86 74 U+3059 1398 2156 66 86 U+3088 1558 2309 39 76 U+3068 1125 1160 34 90 U+308A 1553 1542 44 85 U+3092 661 2763 79 81 U+4E00 806 2406 75 16 U+3081 961 1178 58 65 U+308F 1123 573 34 86 U+306F 977 1919 38 83 U+308B 1848 895 40 84 U+3078 1083 2647 111 30 U+3068 1859 2654 29 86 U+308B 1113 2687 47 68 U+3068 690 712 30 86 U+304C 1554 1172 64 83 U+3069 387 876 57 82 U+3078 651 678 112 36 U+8896 642 2659 105 100 U+7A74 365 2463 90 78 U+308A 1266 1727 45 102 U+3068 1131 2513 28 70 U+306F 1411 1413 38 83 U+306A 368 2040 77 110 U+3059 373 456 54 96 U+3084 1831 2517 93 63 U+304C 1704 1539 61 72 U+8DB3 366 619 69 107 U+3078 1233 791 104 39 U+308B 539 1528 36 67 U+305F 667 1192 63 74 U+304B 1270 715 36 76 U+309E 993 1106 61 60 U+305B 1111 1692 65 61 U+308A 1272 2364 40 103 U+7D66 1555 2674 59 57 U+3092 217 2745 84 105 U+3057 278 1399 22 122 U+7A74 660 2546 87 100 U+3057 410 1589 18 103 U+3078 1525 2734 117 33 U+305F 531 2775 53 72 U+304B 374 2157 45 88 U+3089 1121 2332 48 80 U+3057 1877 2575 15 92 U+309D 1739 1769 24 47 U+3057 1297 1217 15 97 U+3057 1601 2152 21 89 U+529B 525 2595 63 75 U+308B 695 2282 27 71 seg_fp 1855 2274 35 76 U+3057 1736 1876 21 98 U+3053 1123 981 38 85 U+309D 1435 2242 20 56 U+306F 528 2683 52 83 U+309D 691 1264 20 56 U+309D 691 2154 20 46 U+309D 259 1160 23 63 U+9580 1674 939 117 100 U+3057 865 822 14 81 U+3089 1131 1619 30 76 U+53F3 1694 871 76 78,200014740-00016_2
U+4ECA 243 1621 101 129 U+306E 103 2348 71 72 U+306E 1711 412 84 87 U+306E 1573 444 75 64 U+306E 1698 1430 83 86 U+3044 676 1650 92 58 U+3044 385 1046 92 60 U+810A 532 1500 86 126 U+5165 520 490 118 79 U+6708 100 595 73 101 U+306E 520 2156 107 92 U+81EA 842 958 52 120 U+592B 392 315 88 128 U+3065 673 2366 117 72 U+96F2 1708 1213 64 104 U+3082 406 2047 45 86 U+3092 100 705 87 69 U+3092 677 1286 99 68 U+306B 1693 2040 97 87 U+3031 1301 328 59 148 U+306E 831 2009 73 87 U+304B 1423 325 98 56 U+3059 1289 1720 61 102 U+306B 558 882 43 77 U+3044 1117 1990 83 58 U+5009 93 2237 94 104 U+306E 1428 2314 66 61 U+306E 1704 1667 80 98 U+3090 982 2691 70 68 U+306B 1270 724 96 90 U+3082 1445 897 37 83 U+306B 554 1636 46 80 U+306E 980 1570 64 76 U+4EBA 1265 896 104 91 U+3066 385 2441 75 88 U+9593 1701 1326 85 97 U+308C 668 659 123 86 U+304C 1720 1129 58 59 U+3066 968 2089 66 79 U+6D45 825 1090 90 108 U+3059 235 2355 98 105 U+805E 983 921 72 111 U+304D 1576 1636 58 114 U+90CE 397 1936 62 106 U+3066 679 2563 59 79 U+65E5 113 2034 50 67 U+3092 395 447 78 69 U+5176 1286 1309 60 119 U+3044 676 1808 89 55 U+308C 1402 2587 112 92 U+3044 823 2639 90 67 U+3070 1149 572 52 91 U+3082 1149 850 45 83 U+3080 1114 1898 93 83 U+8ED2 1562 322 91 104 U+3084 672 856 104 67 U+3084 1267 991 93 58 U+4F4F 1273 1049 93 92 U+3042 1562 2164 77 88 U+3070 705 741 61 97 U+4ED6 1267 809 107 85 U+304A 235 2180 93 74 U+4EBA 519 2239 120 81 U+8AB0 1112 1588 103 96 U+677E 1704 329 91 76 U+6238 1415 1651 74 115 U+6545 1560 2681 90 95 U+4EBA 1430 808 89 84 U+306B 857 1537 38 80 U+3042 106 1732 75 84 U+6545 532 2063 92 85 U+3092 1697 2477 83 91 U+9AEA 524 1255 94 129 U+304B 975 1293 90 66 U+3066 550 1932 40 110 U+6FC1 826 862 90 89 U+805E 695 323 79 110 U+57A2 675 2264 105 102 U+805E 1136 1172 72 95 U+306B 122 1643 41 82 U+3064 1552 1031 104 88 U+308C 1120 507 112 84 U+6238 684 1159 63 123 U+306B 1297 2451 43 77 U+4F4F 1423 1002 80 78 U+306E 1403 1737 130 107 U+3072 239 2624 87 86 U+5FC3 1268 2008 99 64 U+3092 836 2784 84 67 U+3073 1116 2323 101 85 U+52DD 375 1770 103 97 U+4EBA 1277 1440 89 89 U+706B 1425 2217 74 85 U+9ED2 681 2050 89 103 U+3059 107 872 70 102 U+3066 1296 2762 47 95 U+5E74 100 1375 86 135 U+306F 1560 2620 65 38 U+304F 1295 2256 34 89 U+305F 679 1852 77 86 U+5175 101 2439 71 89 U+6211 976 2183 87 93 U+773C 677 2668 91 102 U+3082 256 395 42 96 U+661F 1715 1520 67 127 U+3092 101 2673 75 57 U+3082 556 1407 35 76 U+539F 840 1423 71 98 U+56DB 383 1868 80 58 U+3092 975 831 94 100 U+304B 829 519 83 58 U+3082 551 2404 45 90 U+6211 1700 2769 87 92 U+3072 1698 1768 94 83 U+3082 414 943 33 93 U+304B 530 1732 95 67 U+308A 1435 2018 41 104 U+898B 401 529 76 96 U+304B 1271 1843 86 62 U+898B 1440 1208 68 95 U+938C 95 2128 88 106 U+5BB6 1558 2497 80 102 U+3075 224 1426 92 84 U+308A 999 2756 42 86 U+601D 822 2198 80 78 U+3084 1273 1544 88 59 U+53E4 1421 1550 70 87 U+3082 1298 1138 58 90 U+3042 1435 624 78 90 U+7D50 524 973 96 96 U+5185 1133 676 80 88 U+3046 696 1938 31 107 U+4E0D 841 2103 59 85 U+308A 856 400 54 109 U+305F 552 552 63 89 U+307E 260 1751 57 109 U+5922 987 1172 72 109 U+7ACB 1259 2542 104 73 U+305D 978 2355 81 81 U+53BB 109 1132 59 86 U+7136 386 1413 93 91 U+308C 1107 2468 110 83 U+805E 244 498 79 96 U+4F4F 831 1631 79 98 U+308A 1151 1357 44 104 U+3048 1709 2207 71 103 U+4E71 89 2559 98 99 U+901F 1115 950 99 104 U+306E 993 454 77 77 U+9593 1421 1845 87 86 U+3044 234 1362 86 64 U+3061 1569 1886 67 84 U+308C 515 2680 112 95 U+307E 997 2604 48 85 U+3066 998 1042 38 107 U+3075 815 2703 97 79 U+304F 1153 2758 33 90 U+3064 96 1883 92 71 U+3084 541 706 78 67 U+3048 248 603 71 97 U+548E 1117 1793 95 101 U+8305 840 1203 67 135 U+3092 244 332 76 58 U+308A 1294 2691 46 73 U+58F0 988 555 85 132 U+304F 707 2160 30 95 U+5FC3 388 2137 94 67 U+3057 394 2536 92 71 U+5E30 971 2447 92 76 U+3067 392 1195 77 94 U+601D 239 2535 87 86 U+305F 1702 2314 71 88 U+304D 110 1001 58 107 U+3068 707 1697 38 97 U+306F 255 1495 54 112 U+80F8 967 1456 98 96 U+308A 1719 1940 42 102 U+3086 1558 2249 79 85 U+3068 264 2434 32 93 U+6F5C 382 1302 94 105 U+305F 1124 2036 69 79 U+5E74 105 488 82 96 U+898B 1707 2114 61 93 U+304C 854 1353 50 55 U+3066 1152 1458 36 115 U+3066 1446 1417 38 122 U+3066 703 1028 34 111 U+9580 1265 2361 99 87 U+304C 247 931 75 59 U+305F 1116 2395 74 79 U+308A 1454 704 43 90 U+305F 545 1080 64 85 U+898B 1579 828 61 92 U+904E 100 791 72 73 U+308C 960 1997 103 85 U+59BB 979 324 93 115 U+6A19 1553 520 110 105 U+4EAC 105 1520 69 109 U+306A 400 1615 68 70 U+304A 539 325 88 73 U+3057 695 426 73 75 U+8E81 1263 2087 103 100 U+3088 1292 2623 40 69 U+3082 1433 2509 39 78 U+305A 543 2761 99 93 U+3070 257 2767 68 85 U+3053 1565 1774 81 74 U+660E 676 1367 96 93 U+306F 705 2772 52 77 U+3061 553 402 57 86 U+3048 1441 1303 62 111 U+3066 1724 793 35 124 U+304D 696 2427 51 110 U+3064 829 1738 81 77 U+7269 379 749 107 97 U+6B63 1122 2633 95 72 U+3048 1580 923 68 93 U+54B3 1118 322 93 98 U+308B 1588 1118 41 78 U+306F 850 581 52 83 U+308B 561 1167 42 77 U+3052 1709 2570 84 93 U+559C 1558 1427 86 125 U+306B 701 1546 44 86 U+3092 393 846 90 80 U+3066 255 1266 46 101 U+306A 984 701 77 62 U+306C 85 1223 92 77 U+304C 697 938 73 91 U+306B 1718 2663 45 84 U+3067 1441 537 73 88 U+8B70 817 2280 101 131 U+3068 416 1505 28 94 U+306B 1152 773 32 83 U+308A 1000 2521 42 87 U+305F 854 325 65 77 U+3080 1550 2335 101 81 U+7269 378 2771 108 84 U+306D 1112 2225 96 102 U+306B 1581 2783 42 69 U+3068 1153 1698 28 81 U+3046 1141 2113 29 94 U+3066 413 627 34 113 U+805E 101 2742 78 94 U+3069 1151 2525 58 89 U+308A 549 1833 45 102 U+304F 389 2218 76 58 U+8F1D 1412 2759 102 96 U+3048 1718 690 70 102 U+3066 1575 2071 45 81 U+304F 1151 1075 24 93 U+308B 561 638 40 61 U+305D 1562 718 92 100 U+8073 1707 509 87 161 U+706F 1412 2122 102 77 U+308B 128 1955 35 69 U+3088 1435 1945 41 74 U+3079 91 956 101 52 U+3059 1290 561 72 92 U+3055 843 2401 59 66 U+308B 1729 1013 38 83 U+3068 1012 1351 29 97 U+3059 1143 421 59 95 U+601D 531 2500 95 74 U+3068 856 2574 24 74 U+5148 1567 1312 66 107 U+3084 229 1004 98 60 U+308A 708 501 46 96 U+3068 1592 1209 34 93 U+308A 122 1812 42 84 U+305F 677 594 75 69 U+308B 119 1298 38 77 U+3089 423 2277 32 88 U+306A 110 325 76 72 U+306F 261 2264 40 86 U+306F 1455 386 44 72 U+3046 562 771 34 89 U+5728 1277 1614 69 88 U+7ACB 1704 928 82 81 U+3068 1159 1268 34 91 U+306F 410 1105 40 83 U+304F 258 2070 41 98 U+308F 966 1827 87 75 U+3070 411 2615 67 82 U+308A 258 770 46 101 U+3066 1441 2665 37 80 U+3068 1305 1895 22 103 U+3068 558 2313 27 95 U+308B 1007 763 39 72 U+304C 989 1922 76 80 U+3056 260 702 76 71 U+3055 986 1750 52 73 U+3068 1306 463 22 82 U+3068 132 396 32 75 U+3068 1453 1091 22 104 U+3088 843 2467 47 87 U+306B 1583 2407 50 82 U+307F 1002 1648 28 76 U+3067 261 1852 71 122 U+307F 411 2373 30 67 U+308B 1716 2402 42 74 U+304B 266 2000 41 76 U+306A 248 2714 71 57 U+304B 1727 1854 34 88 U+308B 710 1464 33 78 U+308B 1292 657 44 77 U+308B 848 1818 48 73 U+3057 1607 1548 19 95 U+3057 427 2697 23 90 U+3057 262 1148 23 120 U+306F 553 2584 37 92 seg_fp 990 2274 42 90 U+3057 1334 1218 18 98 U+3057 1191 2695 15 97 U+3089 1443 461 40 98 U+309D 271 1064 26 64 U+3057 1579 1965 26 125 U+304F 416 1683 25 56 seg_fp 1591 2868 40 87 U+5F71 1409 2420 93 81 U+3067 847 743 62 101 U+3057 1338 2183 16 79 U+309D 1606 1850 21 31 seg_fp 852 665 35 86 seg_fp 1680 2894 124 97 U+309D 575 1792 21 34 U+3053 1591 646 38 69 seg_fp 1426 2370 110 42,200014740-00026_1
U+306E 1704 1871 120 96 U+306E 245 941 75 76 U+306E 521 1006 122 109 U+304B 1421 2052 93 71 U+306E 1136 1840 75 68 U+306E 1424 1968 78 74 U+306E 1852 493 82 98 U+308F 1722 1348 87 67 U+3031 410 2096 60 173 U+306E 238 491 86 101 U+547D 1438 331 89 116 U+52B4 1429 925 89 115 U+306E 689 989 86 74 U+304A 379 1503 106 73 U+306B 386 492 94 85 U+66FD 542 421 86 136 U+3066 397 1194 61 93 U+3082 1009 1762 37 85 U+306E 995 1334 74 103 U+306B 983 2398 97 91 U+3066 1141 1003 72 94 U+4EBA 680 1603 101 109 U+3042 1568 993 90 80 U+4E03 697 2157 76 54 U+306B 704 1716 42 79 U+306F 1292 600 71 50 U+3092 1265 1596 94 65 U+306E 1126 2744 83 93 U+306B 1019 721 41 74 U+3059 1282 644 77 122 U+8E44 973 1443 100 126 U+660E 1719 952 93 76 U+306B 563 830 43 86 U+9593 981 1859 85 87 U+516B 1721 1689 98 50 U+4ECA 835 323 93 122 U+6708 1717 1748 77 120 U+52A9 1425 1278 89 87 U+306B 1151 2037 46 89 U+52AA 380 2010 94 118 U+91D1 1573 1956 91 99 U+304F 556 1373 40 108 U+4E0E 1150 1403 54 92 U+3070 1443 2470 62 83 U+53D6 1572 1311 88 107 U+63A0 1556 2513 109 99 U+9663 1125 1924 100 100 U+96F2 241 601 93 102 U+3092 1581 414 85 73 U+8FD1 540 321 100 108 U+306C 1425 1559 84 73 U+3082 1163 530 38 82 U+6025 1729 336 84 102 U+306F 390 1949 83 56 U+3092 1431 706 87 107 U+3092 539 2460 94 88 U+308A 710 1494 48 91 U+3044 1724 684 80 66 U+4EBA 1411 1862 99 101 U+306B 718 889 35 82 U+95A2 1275 1049 90 98 U+308C 1555 2782 109 67 U+898B 542 2624 92 92 U+306B 1566 1228 97 95 U+308C 1559 1662 109 88 U+305F 1436 2105 63 78 U+65B0 1284 931 79 108 U+3072 1139 931 81 81 U+3092 1271 1151 93 70 U+306B 1743 1255 44 81 U+304B 984 2186 93 66 U+306B 1155 1304 37 77 U+8CAC 1872 2558 64 117 U+53C8 1261 2153 108 82 U+9053 1289 493 79 94 U+8F9B 1433 797 73 116 U+8863 1582 1744 73 98 U+5E2B 1853 595 87 109 U+3064 535 1158 95 106 U+3082 565 2543 39 79 U+7D66 1145 851 77 77 U+3092 1853 2483 84 64 U+3072 837 1134 79 81 U+7D66 1144 2416 70 68 U+5C45 1267 1234 98 124 U+3066 1725 1578 67 86 U+4E16 387 1293 101 78 U+75BE 977 586 97 127 U+307E 409 318 56 104 U+305F 544 2696 73 76 U+305B 548 1939 74 81 U+96C0 1721 1036 84 113 U+306E 1291 397 78 106 U+3042 237 1313 86 91 U+308A 866 971 34 80 U+6749 1112 1198 105 101 U+3072 846 1910 78 84 U+53C8 698 682 96 74 U+5176 549 2232 57 104 U+6771 1413 2562 88 98 seg_fp 265 1215 42 93 U+6728 1736 2651 59 110 U+9280 1568 2068 97 105 U+5FA1 1869 333 72 84 U+7D66 840 1058 74 75 U+6F22 235 704 97 124 U+5DDE 1860 1192 77 96 U+7D66 1876 1911 62 70 U+3070 553 1826 61 98 U+56FD 1125 2649 88 92 U+7269 519 923 112 88 U+306A 1588 2376 70 64 U+308C 379 845 121 99 U+99AC 986 1233 81 88 U+5C3A 997 1580 61 77 U+992C 674 1823 114 100 U+99D0 1278 1683 83 92 U+7ACB 1718 2461 91 72 U+3070 1446 465 76 70 U+601D 393 2279 84 88 U+305B 1137 2313 77 83 U+306A 993 1954 78 70 U+306B 831 2567 99 85 U+5DDE 1135 1725 80 92 U+308A 1160 746 46 97 U+3088 701 1408 50 88 U+305F 993 2238 73 94 U+4E14 1433 1640 75 87 U+3072 838 2243 81 80 U+4E8B 1869 2747 67 100 U+5E30 392 571 97 95 U+5E7B 236 1028 97 87 U+3066 721 549 38 125 U+6D77 1412 2655 115 106 U+4EAC 694 761 81 123 U+306B 414 1398 44 81 U+308D 548 730 83 102 U+305B 701 2329 67 78 U+306F 997 534 67 39 U+7D66 849 1840 72 74 U+6765 1585 495 76 117 U+306B 1884 1315 33 89 U+670D 1560 1849 88 98 U+8FBA 999 331 66 115 U+306A 1745 447 66 73 U+5C71 1576 819 82 58 U+8DEF 1570 327 94 83 U+90E8 1718 1160 88 90 U+713C 987 807 98 89 U+6C88 824 1629 101 115 U+3075 1848 1980 99 75 U+672C 1147 2545 74 90 U+306F 694 2427 74 51 U+7DCF 1856 1100 85 89 U+3084 833 1553 87 67 U+308A 1755 515 47 68 U+4F7F 1129 406 93 108 U+5C71 1287 327 96 71 U+308A 1451 1459 41 91 U+6240 1864 426 68 63 U+308A 706 2738 50 98 U+306C 668 1232 106 88 U+3092 1716 2369 81 91 U+305B 386 1682 84 77 U+3092 1421 2250 86 93 U+91CC 1428 1746 73 101 U+7070 832 498 88 94 U+6D77 821 1362 100 108 U+6B8B 1562 2186 103 98 U+7BA1 1869 2055 64 122 U+7BC0 1279 2729 68 114 U+3075 1706 748 102 83 U+304D 1285 2234 74 92 U+3066 1301 810 38 105 U+3066 1447 1160 43 106 U+308A 1600 2281 35 84 U+3088 1005 2494 50 88 U+3066 1882 1539 30 130 U+308B 716 1321 41 71 U+304D 543 2772 94 78 U+3080 1282 1793 90 74 U+3066 1298 1358 35 103 U+4EAC 1273 2489 90 102 U+5C71 243 412 98 73 U+9E88 836 588 76 135 U+5411 1142 2146 85 70 U+304D 250 2635 84 100 U+7DCF 1127 1619 96 97 U+4EAC 1718 2254 73 116 U+907F 1839 1417 101 115 U+308C 1849 2382 91 95 U+3066 565 2103 39 104 U+304B 556 1763 46 69 U+4EBA 1277 1488 91 96 U+306A 843 912 74 59 U+3081 694 464 68 84 U+307C 693 1065 94 83 U+3069 412 921 71 101 U+304F 1744 2556 35 71 U+66FD 1740 2755 57 102 U+308A 1009 2580 40 116 U+3081 1581 1499 59 70 U+308B 1302 1864 35 71 U+3066 251 2240 78 85 U+3066 1008 2695 38 133 U+307E 1593 1075 52 82 U+6F70 1850 713 84 109 U+3081 1728 2135 76 103 U+3042 540 1493 85 89 U+306F 845 442 63 41 U+3068 1011 2073 29 98 U+4E0A 1137 1101 69 80 U+59BB 237 2702 107 138 U+5730 976 1669 103 81 U+308A 709 1146 40 94 U+308C 1710 1493 94 92 U+3072 843 2755 88 88 U+9818 1851 2179 78 108 U+308A 411 2753 53 100 U+8CA1 1567 887 91 110 U+3058 1767 2020 45 114 U+3084 235 1636 104 72 U+306F 1153 2230 38 83 U+3081 545 2030 68 70 U+5BAE 242 834 99 97 U+304B 383 1042 90 69 U+308A 1014 445 38 86 U+6771 1420 2765 79 90 U+5DEB 242 318 106 75 U+308A 1291 2669 52 67 U+3053 239 1980 93 77 U+3075 1110 2484 104 70 U+3068 867 2142 25 100 U+8E64 528 2358 103 86 U+5200 1155 324 53 74 U+3088 1302 1951 43 80 U+3068 722 2231 28 101 U+306A 542 1097 77 74 U+306E 1289 2324 69 76 U+306A 397 2676 75 79 U+3056 247 1483 94 81 U+306F 1738 1942 55 79 U+306F 263 2153 47 83 U+3088 1289 2600 48 70 U+5176 1733 830 55 111 U+304B 1449 1388 38 74 U+3093 387 1758 106 75 U+306F 403 1586 52 95 U+305F 860 2318 56 79 U+304B 1454 551 37 80 U+308A 1447 628 46 102 U+3084 831 828 88 61 U+3058 1452 1053 64 106 U+306F 1009 901 48 82 U+306B 260 1125 34 89 U+3051 704 2673 47 64 U+3059 553 565 69 87 U+306B 1605 704 34 95 U+306C 386 766 91 77 U+3075 1266 2403 95 82 U+308A 565 1584 47 103 U+304F 247 1802 84 67 U+304F 1152 628 74 46 U+308A 408 2538 53 83 U+308B 1609 612 34 83 U+3057 1162 1509 16 102 U+308B 268 1566 43 73 U+305E 238 2433 105 105 U+308A 430 659 34 102 U+306A 259 2558 64 72 U+3081 1580 2616 60 70 U+304B 1863 928 81 67 U+305F 1573 1154 72 80 U+601D 827 2666 106 86 U+306F 984 1088 81 52 U+3079 1277 757 99 41 U+3066 714 2017 38 123 U+3068 1757 592 30 91 U+3051 853 2008 53 64 U+304B 566 1249 39 54 U+308B 1883 2677 34 54 U+805E 1425 2352 81 114 U+3068 720 327 55 58 U+308A 268 1870 45 99 U+308C 995 1120 67 98 U+3089 1017 984 31 95 U+3068 273 1705 29 82 U+309E 740 382 46 76 U+306B 855 1470 33 84 U+308B 1010 2329 36 67 U+3070 1885 993 51 89 U+3093 839 2071 102 78 U+3053 1579 1428 48 66 U+3053 1870 2300 46 82 U+3051 847 1215 50 60 U+304E 1876 1797 74 100 U+3089 1593 1570 39 105 U+53E3 707 1939 58 69 U+3057 1315 2030 21 113 U+3068 271 2047 34 102 U+3059 858 2404 57 99 U+79A6 1860 1675 80 119 U+308B 1447 2182 42 69 U+904E 701 2483 75 96 U+3093 827 1278 102 79 U+3057 299 2325 21 104 U+3089 278 1404 27 82 U+3057 1891 809 14 108 U+307F 864 1749 22 74 U+3060 1149 675 97 75 U+3068 859 735 23 92 U+309D 427 419 24 65 U+304B 1746 1420 35 65 U+3056 403 2470 85 72 U+309E 585 655 52 57 U+3057 590 1302 14 96 U+306F 413 2367 60 94 U+3057 1048 2020 16 91 U+3089 870 2499 23 76 U+304F 416 1094 39 88 U+3057 526 1583 60 160 U+3068 409 1814 37 107 U+3057 743 2573 30 98 U+304F 1611 2435 25 69 U+3089 1595 2690 27 79,200014740-00026_2
U+306E 1124 1244 76 82 U+3082 851 1299 48 102 U+3051 1269 752 97 118 U+306E 223 638 136 106 U+306E 1690 1810 111 128 U+3044 532 2332 95 71 U+306E 227 922 139 113 U+3081 993 1660 66 66 U+306E 1125 2381 83 67 U+306E 970 2327 113 114 U+53EB 386 2078 98 125 U+65E5 118 1601 59 69 U+5341 820 1904 94 91 U+306E 1095 513 121 93 U+3082 694 357 50 108 U+3082 551 756 49 88 U+3070 108 1515 97 65 U+306E 821 2445 108 96 U+306E 1257 1268 131 92 U+304B 1688 746 100 72 U+4EBA 236 2459 123 99 U+306F 248 2560 78 53 U+306E 1702 1238 88 83 U+304F 1302 2305 47 94 U+306E 379 1104 117 102 U+3082 993 633 51 92 U+3082 1290 854 48 99 U+3066 1410 2064 87 88 U+306E 1550 1447 117 108 U+4E8B 1708 1696 72 152 U+3092 830 2605 101 66 U+672B 826 2240 86 104 U+307E 1281 591 66 98 U+305F 1701 2052 90 108 U+547D 542 2587 101 159 U+3066 403 2285 68 105 U+6708 841 1170 71 127 U+304C 963 1729 118 79 U+3044 1119 2464 97 56 U+306B 831 2164 90 97 U+5E74 839 1043 85 134 U+306B 266 1225 50 85 U+6D45 234 1954 106 129 U+6C34 1100 343 102 82 U+3073 402 2198 105 96 U+306B 1114 1046 98 98 U+5FC3 545 1121 88 90 U+3082 1301 2400 47 105 U+3064 1281 2660 87 110 U+306F 1275 1495 78 61 U+3080 972 720 93 83 U+3092 1411 1860 100 67 U+306F 1579 1256 62 98 U+6D88 971 883 85 117 U+3082 275 2801 52 85 U+306E 831 863 86 92 U+3066 1559 1835 85 94 U+3092 87 789 93 74 U+304B 1726 1341 42 74 U+306B 566 1228 38 80 U+7B46 987 2426 69 121 U+3092 1412 1435 98 74 U+522A 1108 1538 104 99 U+306E 1416 1091 80 116 U+306B 418 1985 39 89 U+4E09 833 1817 92 65 U+6B63 979 1970 80 66 U+3066 973 351 63 90 U+3092 389 1439 93 109 U+3066 534 1622 84 102 U+4F55 231 559 91 88 U+601D 1692 1423 105 88 U+6211 1544 770 102 100 U+6728 1124 1117 81 113 U+3082 553 1895 52 78 U+4E16 533 1730 102 74 U+8EAB 1567 849 65 134 U+5927 400 1891 83 103 U+51FA 1557 559 100 80 U+4F55 239 839 87 108 U+6D99 1561 336 97 109 U+5B57 983 529 69 104 U+3066 416 1755 38 138 U+308A 1296 1925 45 82 U+571F 1425 1768 72 84 U+306B 867 2793 50 79 U+65E5 251 1140 51 76 U+308A 1011 2782 50 84 U+308C 88 1423 116 100 U+3092 1116 1435 99 103 U+7A4D 1401 1937 109 128 U+3051 545 2386 78 102 U+6240 975 1214 95 85 U+3055 537 480 83 96 U+3080 1567 2583 99 107 U+3053 383 355 89 81 U+308A 1720 331 56 90 U+6B7B 386 1188 99 115 U+3075 814 698 107 95 U+3042 1570 2023 83 84 U+5E74 246 710 85 143 U+591C 1264 1155 96 120 U+5C55 675 476 102 140 U+898B 991 1433 75 101 U+3042 1416 769 79 93 U+304F 1000 2098 36 109 U+3066 1417 675 70 104 U+9808 1119 2090 83 94 U+4F0F 393 2598 112 92 U+5B9A 991 1525 62 130 U+540D 819 435 97 111 U+3075 1257 337 102 82 U+671F 825 2347 84 100 U+306C 105 2315 94 80 U+3067 552 2208 68 105 U+308A 1125 1649 74 99 U+7D19 1120 2279 94 104 U+90A3 1115 2001 88 87 U+3086 1551 2102 106 86 U+3059 415 2683 80 99 U+7269 1090 703 123 84 U+3082 856 943 42 90 U+3082 1723 1155 42 85 U+3031 1004 1279 49 149 U+306C 239 1880 106 79 U+5EFB 1568 2290 90 100 U+9732 1701 1916 96 146 U+623F 1404 446 95 140 U+6CD5 816 347 101 99 U+6545 1554 1364 109 95 U+304D 115 2672 96 103 U+308A 552 571 54 112 U+306B 1145 1906 41 77 U+304B 562 2761 49 72 U+91CE 1116 2187 89 85 U+58DF 1400 2159 124 109 U+306A 1286 2598 69 65 U+3075 522 1042 107 85 U+305F 686 619 75 128 U+4E2D 1121 958 88 109 U+3044 834 634 71 66 U+3042 1267 957 90 92 U+305B 1097 789 108 77 U+96E8 1420 2510 86 94 U+5FC3 836 2507 87 86 U+308A 708 745 42 117 U+305F 402 1275 69 87 U+6708 242 1003 75 135 U+3081 396 754 75 116 U+308A 1719 882 43 107 U+95A8 1406 335 92 104 U+304D 981 1870 90 110 U+53BB 410 2786 82 91 U+3088 1295 1846 47 81 U+3046 1291 684 35 99 U+306E 990 2556 71 74 U+6587 965 444 99 87 U+6D99 89 667 90 121 U+306F 1719 2218 63 107 U+308B 1737 1067 39 83 U+3055 253 1597 65 73 U+306B 1594 2473 45 104 U+3066 236 456 69 92 U+6765 1702 429 81 121 U+308C 518 1541 124 111 U+899A 400 1536 79 122 U+6607 114 2091 81 128 U+59BB 384 984 102 135 U+3081 102 1019 62 86 U+3072 1701 1507 95 96 U+3072 1555 992 99 82 U+7AEF 1108 1335 101 105 U+970A 1264 1350 107 131 U+306B 409 483 46 72 U+59BB 973 2215 103 121 U+54C0 839 2675 95 118 U+7ACB 92 1250 104 85 U+3073 1139 2782 91 85 U+7C00 1425 1205 76 142 U+5148 116 2388 82 107 U+601D 534 960 91 84 U+308B 1146 1823 41 73 U+308A 272 2697 48 101 U+3066 998 1081 36 130 U+5012 393 2397 100 101 U+8EAB 1568 1529 68 125 U+3075 523 2051 104 92 U+306A 993 2706 72 78 U+4E14 1275 2506 105 77 U+306B 1730 2797 52 72 U+3064 1554 1159 101 101 U+3078 1538 512 128 60 U+305F 1132 2507 70 74 U+3058 435 656 43 115 U+3051 555 1981 60 68 U+305F 1705 793 70 86 U+3057 254 2617 88 82 U+3082 1290 1665 45 103 U+305F 1125 1748 66 78 U+7D42 234 1323 95 109 U+306C 1698 979 96 88 U+8DE1 973 2624 105 87 U+3072 1418 1688 95 95 U+3055 252 2278 73 94 U+3066 415 867 31 113 U+3055 114 1894 69 78 U+3057 245 1707 84 84 U+51FA 96 1346 93 79 U+308A 1295 1041 44 108 U+3057 838 1408 79 87 U+3066 125 1104 35 139 U+309E 133 943 54 72 U+3084 78 357 96 63 U+3068 114 559 40 95 U+3088 1726 2534 49 81 U+3053 1275 1536 90 87 U+3068 565 859 34 99 U+306F 401 568 59 91 U+3055 1575 437 59 74 U+308A 418 1657 43 102 U+307F 1596 2188 28 88 U+3061 121 2495 69 100 U+308B 568 2491 37 81 U+306B 560 1823 27 69 U+5411 1109 436 90 87 U+304C 1721 2152 72 71 U+305A 1573 638 87 118 U+308C 412 2492 69 100 U+3066 1730 631 39 111 U+3068 1731 2612 45 82 U+305F 982 1788 75 80 U+53E4 1130 2682 92 98 U+3092 1431 2762 95 103 U+307E 267 2076 46 92 U+3078 222 1675 124 45 U+3084 1259 2009 115 67 U+3055 848 1569 60 85 U+3082 853 776 57 89 U+6050 1273 2164 90 92 U+305B 1265 411 86 77 U+308A 1726 542 40 91 U+3089 1002 795 31 91 U+4E00 819 2004 104 26 U+5B50 1434 1345 64 85 U+308A 132 2218 36 105 U+3068 1305 1751 40 83 U+3088 263 2365 52 84 U+304B 555 1403 40 83 U+66F4 1704 2703 110 103 U+3046 1148 2583 39 112 U+3068 266 357 37 92 U+307E 558 2121 47 93 U+6240 1416 1004 82 93 U+9AD8 109 1677 71 114 U+5177 1100 578 110 123 U+3068 559 671 32 92 U+306F 551 1317 54 82 U+5BB6 115 2758 87 123 U+3056 1723 2329 83 72 U+3066 855 1657 39 141 U+308B 1595 2394 40 78 U+3050 1293 482 50 106 U+304B 1594 2694 40 89 U+304F 130 1792 32 90 U+305B 91 425 70 85 U+3057 140 1967 17 120 U+3068 1589 1918 41 104 U+306B 1592 1657 33 80 U+306F 1435 1523 61 76 U+306B 1433 592 28 82 U+9732 1421 2598 93 161 U+308B 857 1493 40 69 U+308A 1436 859 40 99 U+308A 1725 2399 51 97 U+3068 1305 2073 35 83 U+308B 416 1358 37 75 U+3068 110 878 57 66 U+3057 1003 985 22 94 U+3089 261 1790 46 96 U+3057 1273 2751 82 113 U+3057 283 2166 15 110 U+3068 1443 2276 39 94 U+304B 133 2599 37 84 U+304B 1306 2766 41 45 U+5B57 840 2052 80 102 U+308A 261 1438 43 112 U+3068 1594 1064 35 90 U+3057 1606 1734 14 121 U+3093 88 510 109 68 U+3068 863 548 32 85 U+3057 1149 864 25 102 U+3057 1612 2779 17 89 U+3089 557 1489 33 90 U+3057 1039 2032 15 97 U+3057 1455 2369 19 132 U+309D 1328 1622 24 35 U+3057 1773 1596 15 142 U+309D 433 427 29 44 U+3089 1452 1602 30 95 U+3057 1341 2241 17 124,200014740-00028_1
U+982D 1426 2081 109 129 U+306E 380 341 81 101 U+3070 1882 2162 88 63 U+3050 408 1632 52 100 U+3052 238 847 108 128 U+3082 847 1084 52 113 U+3066 705 2433 81 100 U+306E 971 402 96 95 U+306E 1728 1902 93 99 U+3066 220 338 82 98 U+3066 1005 2408 82 96 U+3084 1569 1963 107 77 U+8CB4 1279 2190 103 148 U+4ECA 1285 2520 102 133 U+82E5 386 457 71 130 U+3052 1439 2405 93 104 U+306B 1869 1717 93 96 U+3092 701 2074 106 79 U+884C 365 816 106 134 U+3066 244 1959 74 108 U+3092 370 1417 104 73 U+305F 681 574 100 107 U+304F 718 1696 40 107 U+4F5C 528 1013 107 116 U+306B 1573 1874 99 96 U+304F 1747 1715 41 113 U+3066 1128 1018 76 102 U+306E 970 1259 119 110 U+306E 1882 2498 79 92 U+305F 1002 2325 94 99 U+6607 1284 1939 101 151 U+5802 1853 1579 102 119 U+5B50 1852 604 74 96 U+3056 1573 1059 102 121 U+3066 566 2489 81 88 U+4EBA 1278 2342 108 113 U+767D 980 852 76 89 U+3058 873 1860 46 134 U+3066 817 338 78 104 U+8CB4 1716 2000 104 143 U+304C 272 2282 62 60 U+306B 1309 1831 48 95 U+3066 685 654 77 105 U+58EB 986 1457 87 77 U+304B 389 1751 81 68 U+4EBA 1848 1457 107 131 U+305E 1597 2226 80 97 U+5802 1272 1693 103 120 U+3059 703 1373 68 114 U+4EBA 1702 488 111 112 U+306F 1130 1393 90 53 U+304B 1727 1838 94 79 U+306E 1409 904 124 108 U+4EBA 1722 2147 113 110 U+3066 1139 1659 79 107 U+516C 988 1561 82 87 U+306F 1563 614 78 58 U+306B 1741 1158 46 87 U+306B 1732 2459 110 84 U+8CB4 230 1181 97 146 U+4EBA 230 1321 106 119 U+8CB4 1847 1311 105 149 U+594F 678 1224 103 151 U+304A 1143 1772 87 70 U+3031 1571 430 81 178 U+793C 1262 989 109 131 U+66F0 246 1535 73 93 U+5E38 1121 1139 101 131 U+305E 563 1677 78 111 U+306A 395 1828 73 74 U+306B 1019 1663 51 89 U+3066 1420 1312 90 100 U+308C 690 440 75 121 U+5DE6 1717 1016 81 145 U+3084 813 577 106 68 U+308B 553 2117 97 108 U+53C8 240 1446 88 78 U+6367 368 1496 114 114 U+7F8E 580 2586 69 137 U+9152 988 1945 99 121 U+307E 1719 1489 100 122 U+5165 1417 2644 127 79 U+3066 1774 2720 39 115 U+7D76 234 1841 103 120 U+9053 1443 2714 84 116 U+3044 848 2095 82 65 U+307E 861 1985 64 105 U+53F3 1704 902 87 110 U+58EB 1414 1978 106 78 U+3059 999 2056 88 131 U+304B 850 658 45 59 U+5F93 1868 2244 86 126 U+4E07 537 889 87 114 U+5F8C 675 335 99 127 U+306B 873 2736 40 95 U+3070 1719 595 75 93 U+5DF4 241 2170 92 92 U+308A 257 1074 53 110 U+9152 700 1804 89 113 U+76F4 1844 710 92 116 U+7FA4 1404 771 109 130 U+306B 396 2258 94 96 U+305F 1872 1104 62 118 U+3081 1008 2256 76 71 U+308C 522 692 124 96 U+308D 1444 2280 83 132 U+9678 1117 1262 113 120 U+5B9F 823 449 86 122 U+7D39 241 2072 91 110 U+5B50 398 1310 65 100 U+3066 375 1100 84 100 U+8AB0 1548 335 105 119 U+8005 1869 2368 88 118 U+3092 1721 1400 95 112 U+4F55 1128 1458 97 93 U+58EB 975 601 97 87 U+3064 1571 2543 108 80 U+53C2 1587 2326 89 130 U+6C5F 972 947 96 78 U+306A 235 978 87 99 U+3072 1123 937 102 94 U+7269 817 1465 111 84 U+6B66 977 489 95 115 U+306C 678 1046 118 89 U+4E0A 1875 1812 85 83 U+307E 708 764 55 103 U+53EA 1279 2445 102 88 U+8AB2 538 1807 103 107 U+3066 1594 2128 73 102 U+3044 974 698 86 66 U+306B 828 886 99 94 U+5EA7 1719 1254 91 151 U+819D 360 703 109 115 U+305F 397 2169 67 84 U+308B 1591 1179 46 80 U+6050 555 2228 102 98 U+3092 390 2466 107 101 U+307E 563 1243 55 108 U+3053 396 1999 82 89 U+7D66 1881 2008 76 94 U+9BAE 819 1203 111 129 U+308A 1892 1891 52 116 U+3066 1276 1187 74 95 U+8863 1845 843 92 106 U+53C8 1399 614 108 85 U+676F 385 2363 100 103 U+6B66 1432 1851 89 118 U+8ABF 833 1760 103 110 U+5100 1419 1535 105 136 U+7A2E 831 1631 99 116 seg_fp 685 1935 118 119 U+8AAC 240 2345 109 111 U+8DB3 1431 1007 66 109 U+3081 406 2549 84 68 U+58EB 1112 559 110 84 U+304B 967 336 104 74 U+306A 835 733 87 77 U+3080 1114 753 112 90 U+3081 1584 2688 92 72 U+6765 1560 850 97 127 U+4E21 986 1330 85 115 U+3042 1425 1655 86 124 U+3070 557 765 67 113 U+56DB 1709 331 88 62 U+306B 1148 660 47 85 U+306A 1561 662 100 85 U+308C 1133 2690 128 101 U+304F 1166 1937 47 104 U+304D 855 1334 46 112 U+307E 528 338 93 98 U+914C 529 1133 105 106 U+5411 1737 2531 99 102 U+4EBA 1715 2261 112 118 U+308B 1308 2111 45 67 U+97F3 1432 1117 71 108 U+305F 1450 2489 63 78 U+58EB 377 619 85 80 U+53C2 1140 2032 88 120 U+3046 1760 1608 35 102 U+308B 1003 2671 109 94 U+6765 1289 2648 89 119 U+305F 412 1895 56 91 U+3088 398 950 42 75 U+8A71 242 2455 92 116 U+3042 234 709 81 88 U+3075 964 763 112 88 U+3064 1003 2598 101 75 U+3059 1413 485 78 114 U+76F8 557 2738 100 102 U+70CF 1834 338 94 117 U+307E 1022 2503 54 101 U+3072 1742 2633 95 89 U+6B66 1884 2600 76 129 U+308B 1451 1777 41 76 U+718A 967 1030 121 117 U+308C 548 1447 84 125 U+3042 1145 2609 92 86 U+8208 221 611 111 100 U+4EA4 1253 638 100 113 U+305E 1132 2397 129 99 U+5A01 1418 1413 103 121 U+3068 1596 1274 37 109 U+305F 1144 2231 76 88 U+3090 542 1355 93 87 U+5FA1 998 1828 78 111 U+306A 379 2086 107 85 U+4E94 1708 410 92 74 U+308A 1738 796 48 107 U+5927 996 1759 88 86 U+8C37 978 1165 121 97 U+5E3D 1837 472 95 127 U+308B 1163 2319 41 74 U+3092 253 2563 94 99 U+3064 1266 1386 105 79 U+308A 1606 2452 48 94 U+3066 1289 838 43 144 U+308B 1893 1220 39 84 U+8AB2 1551 1393 108 110 U+305A 266 2730 81 109 U+3070 1148 2784 123 55 U+3059 720 2546 69 120 U+3044 523 431 107 79 U+5F93 848 2606 103 127 U+307E 1459 2173 52 115 U+3084 685 1611 101 76 U+3068 722 1123 33 104 U+305D 1150 1861 68 78 U+6B66 1120 439 93 115 U+3069 1596 742 63 109 U+5FA1 855 2529 87 74 U+307E 1278 1291 97 101 U+3061 1266 531 81 110 U+4E00 839 1578 88 21 U+805E 250 2642 97 106 U+81E3 844 975 63 104 U+304B 1738 710 37 89 U+3093 849 2316 105 99 U+4E00 1399 721 100 20 U+3064 686 870 95 80 U+305B 1562 1505 90 102 U+74F6 368 1193 121 105 U+594F 1412 333 89 153 U+305B 853 2238 69 82 U+3044 219 463 94 59 U+3046 1283 461 42 99 U+3081 1855 960 83 67 U+308A 1163 2150 50 98 U+305F 1278 1104 66 81 U+3081 726 2745 84 94 U+307E 576 2321 55 101 U+3066 1304 1557 38 135 U+308A 1317 2764 55 76 U+308B 859 810 36 75 U+305B 546 1923 79 94 U+3081 853 2455 78 72 U+3068 260 509 30 94 U+3068 1168 2486 37 109 U+3068 1031 2763 39 82 U+308A 267 790 36 78 U+308B 1594 1714 46 76 U+308A 377 1021 65 106 U+308A 719 947 45 106 U+3064 700 2163 94 78 U+308B 1459 2568 37 64 U+3050 411 2605 97 72 U+306F 711 1508 50 95 U+58EB 1873 2751 87 69 U+304B 1147 840 49 97 U+3059 546 593 68 115 U+304F 266 1722 40 117 seg_fp 1756 2378 28 77 U+304C 1605 2054 77 81 U+3068 1613 2739 44 91 U+306F 257 1630 48 94 U+3068 577 1587 30 91 U+3068 1164 1552 33 103 U+308A 1304 1463 46 107 U+306D 700 2304 106 133 U+309D 1605 1792 27 68 U+308A 588 2420 46 79 U+3089 1589 973 41 93 U+3078 1855 2102 123 45 U+3089 565 2019 43 109 U+3057 400 2708 84 126 U+305F 860 2382 72 75 U+3089 1635 2618 20 75 U+308A 1285 747 62 87 U+3057 1916 1028 20 107 U+309D 751 2663 28 66 U+7B49 1256 332 92 127 U+3089 444 2688 25 99 U+309D 1039 2184 21 60 U+3089 880 2157 26 88 U+3089 1599 1607 27 110 U+3057 1152 338 19 109 U+3057 1448 1218 21 115 U+3089 557 508 39 107 U+3089 722 2241 47 101,200014740-00040_2
U+4ECA 1689 1339 111 132 U+306E 1683 1445 112 123 U+4ECA 108 1764 102 131 U+306E 962 2392 128 94 U+3066 391 674 79 96 U+3031 565 517 75 192 U+306E 1113 779 83 72 U+306E 1690 1697 87 81 U+306E 1098 976 116 117 U+306E 1394 1931 117 104 U+306F 1112 1741 80 54 U+9CE5 403 426 57 127 U+306E 1555 726 83 86 U+306F 1554 2139 77 51 U+306E 396 334 85 101 U+3052 537 2333 109 120 U+3092 1544 2330 92 72 U+3066 535 2602 68 103 U+4E95 1400 2011 91 148 U+306E 114 1899 74 70 U+6B64 1690 892 89 118 U+8CB4 810 2210 113 156 U+4E0B 974 963 65 111 U+306B 826 1969 95 91 U+306F 1698 844 83 57 U+306E 403 1482 77 82 U+306E 685 2212 85 100 U+4ECA 395 1228 97 127 U+3092 681 1064 89 76 U+557C 534 806 103 134 U+7D76 389 548 92 120 U+7389 1414 1591 82 97 U+3082 1134 2737 54 90 U+305E 409 2262 83 95 U+306F 832 612 86 61 U+4EBA 1104 667 116 111 U+306B 1712 734 52 95 U+4ECF 1260 2606 105 130 U+306F 1265 1851 81 57 U+306B 683 1379 94 90 U+3073 253 2567 95 94 U+3092 1401 332 100 71 U+7D66 250 525 69 88 U+8DB3 985 838 65 121 U+3092 1266 2743 83 82 U+306E 672 2598 134 80 U+6B4C 1692 996 91 128 U+306E 116 1108 71 77 U+306E 1693 1907 78 103 U+4EBA 538 1933 95 114 U+4EBA 968 1450 101 133 U+3051 116 1498 85 106 U+306E 1690 1112 91 102 U+53E5 255 1789 69 95 U+306A 1273 334 68 119 U+9CF4 390 789 91 87 U+3082 698 548 54 103 U+6C34 1415 1699 78 128 U+3092 817 2479 100 68 U+306E 1559 1920 84 76 U+3044 387 2571 91 53 U+5999 1103 1376 94 107 U+3082 1424 1478 53 103 U+304D 1694 634 101 119 U+7D30 1102 1288 100 95 U+6B4C 1109 868 94 113 U+306B 1291 2518 45 80 U+3042 543 2263 80 84 U+7389 1417 2169 89 97 U+5802 679 2083 91 114 U+3082 987 1677 48 92 U+306B 393 2666 92 95 U+308C 1100 1886 118 116 U+6B64 972 2210 86 82 U+53E4 1557 815 67 113 U+306B 1577 1047 46 86 U+7528 828 669 81 112 U+5FA1 263 2193 79 98 U+591C 390 1356 93 117 U+8CB4 526 1794 101 139 U+6B64 681 652 88 84 U+4EBA 103 996 104 125 U+8A9E 1259 1719 98 108 U+306B 416 1134 42 87 U+521D 1687 1788 96 108 U+306B 131 754 40 88 U+6CD5 534 430 92 105 U+304A 968 1777 93 89 U+306F 976 1087 72 48 U+53E3 1700 2026 64 66 U+65B9 689 2661 69 105 U+6B4C 959 1143 101 114 U+4E8B 833 1138 78 144 U+4ECF 532 330 93 98 U+5E2B 249 787 90 125 U+3072 538 2535 91 78 U+98A8 1689 2100 106 125 U+3082 273 2088 42 94 U+3082 1417 2468 54 90 U+8033 257 2295 82 114 U+5FA1 685 1979 84 99 U+306A 1275 1238 90 85 U+6B4C 969 2296 91 108 U+7570 988 2589 66 124 U+4EBA 814 2375 114 92 U+8863 1552 1794 87 120 U+9152 398 1568 90 104 U+5DF4 391 2476 84 74 U+306E 1114 2158 115 109 U+307B 1556 2426 75 107 U+306B 422 1830 42 78 U+304C 268 1610 53 56 U+3081 836 2750 75 77 U+7C3E 1543 1518 105 160 U+8CDE 1406 410 86 144 U+611F 817 1838 103 119 U+307F 829 336 103 92 U+3092 535 2172 88 75 U+6E05 1550 2623 93 128 U+7D39 386 2373 96 99 U+6CB3 1410 2284 91 92 U+610F 982 2462 72 110 U+77ED 248 1676 92 106 U+305B 248 441 71 77 U+306A 1421 754 65 88 U+676F 525 2063 102 98 U+8AB2 240 322 94 116 U+304C 128 1691 58 64 U+8A9E 1405 652 99 109 U+308B 1411 842 96 101 U+7BE4 809 1595 104 121 U+3092 1411 1390 93 101 U+56FD 1558 635 82 92 U+6B64 1559 547 81 77 U+8A5E 1548 940 91 105 U+305D 1577 428 56 115 U+304D 1566 2725 52 108 U+3092 100 2497 86 78 U+3082 1705 2310 48 95 U+7D66 549 2451 69 83 U+7389 1256 1447 100 68 U+306C 1102 1646 99 86 U+6E05 1410 1141 82 130 U+305D 825 1363 100 108 U+65C5 100 868 99 117 U+307B 1123 1987 73 87 U+805E 536 1358 86 125 U+7389 1564 1154 78 96 U+3075 817 529 111 74 U+6804 394 1924 86 133 U+7389 1420 1837 80 98 U+516C 258 1903 69 81 U+73E0 1543 1671 96 117 U+3066 269 1328 42 126 U+8ABF 1680 1215 101 116 U+305B 975 1970 78 95 U+6D41 1252 901 98 120 U+3042 399 2064 76 101 U+3075 1688 450 104 93 U+308D 684 2482 80 122 U+307E 257 1109 58 118 U+3057 982 333 86 72 U+305B 697 1677 57 88 U+3092 1265 1135 91 105 U+5F62 1534 2215 103 104 U+7D66 824 428 94 111 U+3075 1251 1602 104 102 U+610F 1120 1070 72 110 U+5F37 1260 2383 98 130 U+67D0 249 1458 82 131 U+985E 1547 1991 92 130 U+611F 685 1479 86 120 U+308A 995 736 48 101 U+7591 1697 334 94 119 U+3068 565 683 38 110 U+3042 1264 707 84 106 U+6CD5 247 679 82 121 U+306B 1142 1194 38 77 U+98A8 102 2382 104 102 U+308A 1273 451 58 121 U+7D66 683 1781 89 108 U+4EAC 1702 1554 74 128 U+8AE7 101 2275 84 105 U+983B 673 1156 100 115 U+306F 1124 2398 73 49 U+306B 682 2760 107 79 U+304F 847 1734 34 104 U+3075 1101 423 104 79 U+5E7E 1128 2430 67 125 U+3075 231 611 102 96 U+8630 1546 1259 94 152 U+97F3 553 934 53 138 U+8A1B 1101 2278 112 103 U+306B 1710 2227 34 87 U+3080 967 1357 94 96 U+4FF3 95 2171 97 93 U+3080 1110 571 98 100 U+3059 259 2420 72 111 U+308B 135 1604 38 65 U+3065 974 458 113 103 U+307B 1694 2743 93 95 U+3081 1566 2533 65 81 U+3044 981 416 81 53 U+3068 859 1484 28 97 U+610F 836 789 72 134 U+3086 540 1460 91 119 U+308B 1294 812 31 71 U+6BD2 1248 560 113 142 U+3092 1118 2669 96 55 U+306A 987 657 78 82 U+4F8B 535 2725 93 98 U+304A 1692 2649 94 97 U+307E 122 2588 41 101 U+3051 846 2042 51 79 U+7389 1557 1416 84 94 U+3081 1265 2259 65 62 U+306B 562 1668 45 107 U+6C34 1417 1268 69 124 U+305F 1119 334 81 99 U+901A 106 1192 100 106 U+307E 269 2665 52 107 U+308B 859 2116 38 84 U+305A 1691 2531 102 120 U+308C 1272 1022 64 113 U+3042 827 932 91 108 U+3093 1257 2311 114 82 U+3053 115 591 75 100 U+307B 1406 2568 95 78 U+3042 1692 2414 88 91 U+3080 1404 2645 106 96 U+3075 677 1888 103 94 U+308A 707 961 44 103 U+306B 993 1594 29 84 U+4E16 97 1975 108 70 U+304B 243 904 87 79 U+306B 271 2003 35 87 seg_fp 715 446 33 87 U+5BB4 391 1672 88 151 U+308B 1438 551 38 82 U+4EBA 694 331 85 109 U+3055 706 1610 40 69 U+3053 269 1024 40 76 U+307E 104 328 91 113 U+3056 409 886 81 75 U+308A 267 1225 42 108 U+3088 1584 334 44 94 U+3089 1141 2557 54 114 U+308A 705 1274 42 101 U+306E 106 2054 94 108 U+3089 1431 1033 40 110 U+3093 106 522 101 76 U+3061 554 1084 67 104 U+3068 423 2724 37 109 U+306F 847 2567 62 86 U+3057 1279 2131 26 127 U+51A0 1254 1911 99 130 U+308B 1432 2740 41 84 U+308B 424 2167 37 80 U+591C 105 1302 97 100 U+3066 1273 1529 62 72 U+3069 1294 1322 59 105 U+3069 1146 2068 58 98 U+3068 1436 2378 32 98 U+304B 1134 1493 38 61 U+308B 567 1580 35 81 U+3057 1012 2709 17 121 U+308B 866 1040 31 84 U+3058 887 2645 39 119 U+304B 418 2612 32 58 U+304F 566 1268 33 82 U+3055 128 435 42 80 U+304B 1429 945 43 88 U+308F 689 874 81 93 U+306F 994 1860 39 108 U+3068 1724 535 36 92 U+304B 562 1184 40 88 U+3089 1303 2039 26 104 U+308A 416 962 47 122 U+3088 993 1264 39 90 U+3067 1000 2087 71 112 U+3068 1143 487 27 86 U+3089 1131 1554 34 104 U+3046 705 2322 37 82 U+3053 1126 1814 53 70 U+3057 139 1400 16 115 U+308B 1001 564 39 75 U+3046 129 2690 25 91 U+3057 92 2686 75 144 U+3057 723 2401 16 93 U+309D 291 2533 18 32 U+309D 146 685 22 46 U+3057 306 956 14 99 U+3053 849 1274 44 88 U+3089 1718 2504 30 76,200014740-00042_1
U+3082 847 404 49 109 U+306E 1557 1338 124 107 U+306B 1722 2234 95 107 U+5165 676 909 115 102 U+306E 680 1507 119 130 U+3044 531 984 89 70 U+3082 1743 1830 61 99 U+306E 818 684 118 114 U+3092 1567 2045 102 73 U+3082 1441 1183 48 109 U+3068 1270 1745 100 79 U+306B 1297 328 52 89 U+547D 971 624 109 134 U+306B 566 410 43 80 U+306E 682 2421 124 101 U+306E 1717 1055 94 91 U+65E5 257 1391 47 75 U+65E5 401 920 52 86 U+3066 391 1423 80 100 U+306F 840 2299 79 44 U+4ECA 1406 967 104 110 U+3082 841 899 55 92 U+3044 1585 2680 85 60 U+306E 555 2215 82 74 U+5E2B 547 2097 93 112 U+308A 997 1321 50 106 U+306B 1572 1854 100 104 U+305E 1277 2177 110 127 U+3066 1416 2006 82 104 U+4EBA 825 529 111 101 U+306B 395 2379 103 102 U+306E 250 1959 87 78 U+304B 404 2484 92 74 U+306E 1119 1638 124 104 U+3081 1856 921 89 61 U+884C 839 1594 80 152 U+306E 983 1537 87 95 U+4EAC 398 2226 81 140 U+304C 705 528 63 64 U+306E 234 547 86 86 U+4EBA 1861 2113 98 108 U+304F 403 321 44 117 U+7ACB 1569 514 94 91 U+6642 245 2458 106 101 U+8AB2 1119 1047 114 110 U+3070 1586 1035 68 125 U+304D 976 855 103 118 U+676F 1852 417 88 94 U+7530 1426 408 75 70 U+304C 1444 690 61 64 U+591C 1408 1079 102 123 U+7530 1433 602 75 71 U+306B 1887 2503 47 91 U+3066 1133 2373 82 104 U+3044 976 372 97 68 U+4EBA 1271 2496 112 112 U+7F85 1123 314 94 138 U+306B 1302 1400 44 87 U+3072 1279 831 89 97 U+751F 549 497 69 113 U+5927 553 2020 79 74 U+3072 990 2353 84 89 U+53C8 1851 327 84 79 U+3044 387 1534 88 55 U+306B 855 1511 45 82 U+3050 1449 2365 71 96 U+6DE1 1858 1435 90 129 U+304B 1859 2427 90 81 U+308B 537 309 96 95 U+6211 1268 1504 103 96 U+3044 1572 936 77 59 U+308A 416 2097 50 123 U+4FDD 230 624 102 105 U+3092 241 2194 99 69 U+7ACB 1424 2114 94 88 U+4E95 837 1347 92 145 U+304C 857 1745 69 59 U+898B 391 1318 82 112 U+6765 1737 2306 77 123 U+306B 1445 874 43 86 U+805E 1741 2616 75 130 U+3056 1601 2749 68 96 U+5B50 851 2185 68 100 U+4EBA 1566 1414 106 117 U+306E 685 1306 81 90 U+5411 1276 433 94 92 U+660E 537 1237 87 85 U+8840 1551 1941 118 78 U+308C 1122 597 119 108 U+8005 969 1117 109 109 U+5EA7 1574 1224 92 120 U+3051 1146 1973 81 109 U+304F 1607 2554 35 99 U+4F8B 972 1442 104 106 U+3064 976 757 90 108 U+60AA 981 1654 92 105 U+4EBA 1126 1722 105 101 U+79C0 1422 2470 95 129 U+3051 246 1089 95 135 U+306A 988 1911 92 83 U+6642 1717 1137 103 93 U+5982 1582 2477 83 67 U+3081 701 1455 63 62 U+5F92 1408 760 103 114 U+306C 534 1542 107 79 U+898B 1291 1835 79 102 U+304B 1133 1906 93 77 U+306B 689 2014 104 97 U+52C7 1426 1776 87 141 U+9055 1705 326 111 129 U+8001 1124 1428 93 129 U+7D66 999 2261 80 90 U+307E 545 1029 60 112 U+3092 1126 2621 105 68 U+8A5E 829 308 92 98 U+77F3 1408 321 93 87 U+306A 242 960 100 73 U+3066 1726 513 58 123 U+7D66 1581 699 77 79 U+6CE1 1416 1298 102 109 U+6F45 1565 2127 96 131 U+7D66 1270 715 100 115 U+3057 689 1215 85 78 U+308B 417 1115 41 84 U+304D 1278 1196 100 111 U+306A 990 1234 75 87 U+3078 964 317 123 50 U+7F85 1707 1608 106 132 U+963F 1714 1403 84 105 U+58F0 1132 2468 101 136 U+3064 1274 2021 96 95 U+9762 1571 1757 94 80 U+3092 1842 535 99 80 U+6765 1130 661 92 149 U+6761 252 1825 78 130 U+63DA 1832 628 109 123 U+7D66 1853 1236 96 124 U+6C17 843 2351 102 102 U+3072 1730 2131 85 90 U+5922 251 1482 75 127 U+51FA 385 1019 104 97 U+3092 240 878 104 95 U+59FF 1264 1603 107 123 U+306F 1886 2308 50 102 U+6A4B 240 2053 102 131 seg_fp 1413 493 97 101 U+805E 1873 1769 72 115 U+4E09 247 1756 85 61 U+81E3 1138 1553 71 93 U+304B 532 796 92 81 U+8DEF 1861 1545 87 110 U+305B 1574 609 81 73 U+308B 266 1221 50 77 U+3042 1133 1255 90 96 U+96F2 837 1227 91 122 U+85AC 233 303 80 117 U+5F62 822 780 91 109 U+9694 1130 2079 100 126 U+9060 844 996 78 118 U+308B 1010 1032 38 72 U+4FEE 1712 1503 90 109 U+306B 1866 2238 82 70 U+306B 562 1909 46 98 U+4E8C 1280 2418 93 47 U+6751 1420 2762 104 93 U+6B7B 690 816 93 107 U+3061 694 701 69 114 U+305B 1137 1155 80 85 U+4F8D 1558 319 85 98 U+3055 549 1815 66 94 U+305B 987 1983 87 81 U+304E 389 1676 118 114 U+3064 377 621 93 96 U+9732 702 2280 78 150 U+5FA1 1727 1943 92 73 U+304C 706 1168 67 51 U+89AA 829 2079 104 95 U+308B 1595 422 38 75 U+305B 1289 1930 82 83 U+7F85 1710 928 106 134 U+6728 1435 2669 81 94 U+3092 388 1859 102 112 U+8272 1871 2612 84 131 U+5974 1254 1309 117 79 U+5439 1412 1412 92 100 U+660E 686 1613 102 81 U+4FEE 1699 808 107 121 U+7136 238 1624 98 118 U+5531 369 449 101 111 U+308C 1135 811 93 106 U+305F 1146 2201 62 77 U+306B 1152 438 46 86 U+3048 1752 2762 85 88 U+6F38 388 784 89 120 U+304E 1578 2255 98 108 U+306A 718 2770 78 78 U+937C 219 418 113 126 U+696D 977 1765 103 137 U+51FA 528 612 97 92 U+5FFD 1568 1628 93 109 seg_fp 1156 1819 32 76 U+3056 994 947 88 83 U+3084 1721 1317 97 75 U+305D 1003 2455 63 78 U+308B 1757 2427 38 67 U+3068 1440 1664 48 101 U+305B 1281 614 83 96 U+3044 990 2671 78 62 U+3070 705 310 73 98 U+3060 544 1134 85 94 U+308D 1128 2765 99 87 U+3092 1876 2745 91 99 U+304D 551 1317 62 111 U+3066 1878 771 42 140 U+3069 1752 1747 64 85 U+308B 714 1086 38 75 U+3093 1415 1586 125 96 U+3050 1862 978 90 66 U+306A 1290 1122 76 74 U+305B 552 2578 78 84 U+4ED6 1275 2307 100 100 U+5FA1 560 2305 76 63 U+8E81 1416 2223 106 123 U+3075 1852 1355 100 89 U+308A 1154 2277 47 112 U+3057 844 2756 98 91 U+305D 1144 2697 71 72 U+4FEE 1274 2734 100 117 U+7D76 834 2473 92 122 U+3084 1718 744 95 75 U+4E00 234 1324 95 22 U+3078 363 566 124 43 seg_fp 857 621 36 74 U+304B 723 2710 44 53 U+3088 1302 931 52 82 U+3068 1752 2508 45 96 U+3092 552 2488 91 91 U+3068 1891 1667 36 98 U+990A 239 730 83 154 U+3086 699 1688 79 96 U+3048 1882 1884 64 116 U+3075 691 2096 98 102 U+6050 539 1625 86 81 U+8FCE 1718 2022 104 104 U+306B 1749 1223 34 93 U+3066 865 2600 40 144 U+540D 540 2375 83 119 U+6B21 1424 2585 98 86 U+3066 431 2712 51 133 U+308A 428 2606 43 116 U+3051 705 986 52 100 U+3055 993 2079 64 76 U+4E00 1566 1179 105 20 U+308B 1308 2113 41 74 U+3060 400 2019 91 83 U+5C71 392 1772 89 88 U+305B 999 2158 64 89 U+3057 867 1930 27 143 U+51B7 691 2519 89 105 U+3078 1550 1001 128 38 U+304F 385 1951 94 72 U+3069 562 868 67 106 U+3057 1322 1010 17 103 U+3068 1601 816 34 106 U+305B 1424 1510 71 77 U+3078 1703 468 114 31 U+3084 701 2635 90 67 U+3060 992 499 92 110 U+308B 1163 1350 32 78 U+60AA 247 2568 98 96 U+308B 728 2192 34 74 U+308B 276 2394 39 73 U+3078 1556 782 120 39 U+3068 1151 932 48 98 U+3089 563 1430 35 115 U+3057 1612 2358 18 111 U+3084 247 2734 118 72 U+306F 1297 523 43 91 U+306F 1743 640 46 97 U+306F 568 2670 42 75 U+3057 728 403 28 130 U+305D 406 1590 49 87 U+3068 1018 2530 41 112 U+3068 410 1210 37 96 U+3053 1593 1531 27 68 U+304F 707 1780 38 96 U+3064 1129 530 94 70 U+3057 592 2741 17 110 U+3082 1303 2602 58 117 U+307F 1434 1929 46 80 U+304E 259 2662 88 73 U+304F 860 1104 37 111 U+3075 974 2745 110 100 U+3089 1899 1050 39 117 U+307E 1005 412 52 95 U+3046 703 604 40 112 U+3057 278 1024 20 105 U+7A7A 711 1892 69 103 U+3057 1919 1992 22 127 U+3057 597 1697 23 115 U+904E 250 2292 87 95 U+304F 289 2792 46 63 U+3078 383 2571 115 41 U+3057 593 697 17 106 U+309D 729 1397 20 44 seg_fp 422 713 22 48 seg_fp 275 2279 52 55,200014740-00043_2
U+3082 1456 1479 55 96 U+3082 1739 965 61 101 U+306E 1290 2157 82 78 U+306E 1573 2016 81 81 U+306B 845 2107 99 97 U+80AF 1118 2258 109 116 U+5341 697 2646 79 117 U+5373 267 1728 80 112 U+8A08 1292 970 107 137 U+3092 402 1648 96 70 U+3070 559 881 116 71 U+3092 848 563 98 72 U+306E 1307 857 76 108 U+306E 999 536 114 92 U+306B 563 449 101 90 U+3066 1291 2546 68 105 U+306E 996 1497 82 71 U+306E 1582 747 115 111 U+3082 1299 1565 56 105 U+6B64 1593 549 87 92 U+5BB6 1719 1764 91 125 U+304B 706 978 98 72 U+306E 716 685 85 80 U+4E95 258 963 99 109 U+3070 421 2623 71 98 U+3092 245 2096 99 78 U+5E78 117 2366 107 135 U+306F 1125 2202 89 51 U+9999 855 1311 83 121 U+3051 1725 1268 91 96 U+3066 278 855 72 105 U+308C 394 2543 114 104 U+795E 122 2596 85 150 U+88D4 1734 384 94 131 U+306B 268 623 97 92 U+4EBA 547 1424 109 114 U+306B 1744 1894 42 85 U+304F 1150 2086 46 97 U+306F 1298 2796 77 49 U+4EBA 991 1396 105 106 U+4E03 689 2779 95 63 U+306A 574 530 76 86 U+304C 1759 312 83 60 U+306B 561 1162 97 84 U+3082 567 2395 46 94 U+7530 1156 578 83 75 U+793C 400 1534 111 100 U+5BB6 1435 2646 88 111 U+5BB6 1736 727 84 127 U+3067 283 524 88 93 U+3082 145 1706 45 95 U+3044 697 1644 87 57 U+3092 1002 866 90 90 U+304C 1599 1258 70 57 U+3082 868 2173 47 103 U+304D 1153 480 96 102 U+5A92 998 305 97 110 U+6B63 1725 1081 88 74 U+6B64 1287 1973 89 93 U+5927 1439 910 95 97 U+4EBA 1569 1914 101 105 U+308D 845 2365 86 126 U+3044 1457 481 68 56 U+5915 549 1053 94 113 U+3082 571 1950 50 88 U+3066 1309 460 72 99 U+305A 996 2756 108 90 U+3066 696 1883 74 99 U+306B 870 1564 42 84 U+3090 550 2656 87 74 U+3061 564 2559 56 91 U+671D 557 952 100 93 U+306A 276 705 76 77 U+3075 683 2046 111 87 U+3044 706 1988 76 61 U+9999 1290 1683 79 129 U+6211 990 2396 95 86 U+541B 1726 1585 82 101 U+3066 130 1268 67 103 U+306C 554 700 115 73 U+305A 419 396 95 118 U+306E 269 2625 70 72 U+306A 1147 779 83 73 U+308A 1600 1722 51 88 U+304C 1733 1701 78 58 U+304D 560 1324 88 107 U+306E 1435 2071 83 79 U+5FC3 545 2314 102 78 U+5343 1315 565 71 106 U+7D04 271 304 92 120 U+7B11 1009 745 85 118 U+304B 261 1271 94 68 U+6211 1289 2669 94 109 U+6C0F 1162 310 79 97 U+3082 713 1533 52 100 U+304B 997 2489 84 76 U+6238 1155 1040 63 128 U+6575 1134 1168 103 99 U+304D 131 860 85 116 U+56FD 1292 2065 85 93 U+592E 1279 1804 98 115 U+304F 284 2345 34 101 U+4E8B 1609 651 62 122 U+308C 564 766 94 108 U+3064 996 965 91 74 U+3092 115 1032 108 71 U+3073 841 2565 98 112 U+306B 1452 2766 48 82 U+65E5 144 960 50 74 U+304A 1137 1787 85 81 U+3070 1736 1470 71 105 U+307C 1567 2572 118 101 U+8AAC 1428 1592 100 121 U+679C 1712 2451 86 118 U+3079 837 832 125 49 U+7D66 1723 2191 73 73 U+6211 701 2151 89 99 U+3092 117 1617 100 75 U+3059 277 423 73 108 U+3082 739 609 44 78 U+8058 254 1845 101 126 U+4E8B 1000 1998 69 125 U+3092 113 2491 99 85 U+7D66 1432 1809 89 119 U+5100 116 1492 93 121 U+9580 1148 947 94 87 U+306A 1310 1115 74 83 U+6C0F 1016 417 71 113 U+5B50 709 2334 66 88 U+3080 402 2466 99 82 U+308C 137 647 77 116 U+306F 1580 1085 89 59 U+3073 1440 1204 108 99 U+3082 732 870 47 100 U+65E5 433 795 59 79 U+3075 1438 533 102 73 U+8001 1580 1127 92 122 U+308A 591 608 49 90 U+5927 1000 1310 95 90 U+6B73 855 416 90 136 U+3092 548 2109 100 107 U+306B 290 1179 48 84 U+3066 861 1201 59 99 U+5F80 839 1087 102 108 U+7D66 1127 2542 99 111 U+3072 1134 2473 84 81 U+8358 1438 606 93 126 U+793C 246 1980 110 102 U+3044 1570 2291 87 60 U+306A 1425 2225 111 98 U+307F 404 1170 108 96 U+308C 1729 1356 86 105 U+56E0 1715 1992 87 99 U+3084 1444 318 106 67 U+3093 1564 2755 119 94 U+6B64 1438 2310 79 102 U+8058 404 1403 103 129 U+6CA2 264 1076 95 104 U+306B 718 2544 48 86 U+592B 1146 661 91 109 U+308A 1317 1196 52 85 U+306B 1465 1005 43 85 U+3092 419 877 95 96 U+5F7C 835 1893 104 105 U+7D0D 401 1741 96 94 U+3068 865 1004 59 79 U+59BB 707 303 106 133 U+305B 1452 1710 62 90 U+3075 983 1911 97 89 U+5927 1574 1822 94 88 U+306E 557 2033 80 83 U+7D0D 122 548 95 108 U+6240 1583 1544 92 97 U+306F 1290 1933 76 46 U+306A 714 455 89 77 U+7336 114 2263 96 100 U+8CB4 1296 2244 71 113 U+3057 1754 1159 20 129 U+308A 1173 845 42 91 U+308A 157 440 47 103 U+3066 280 2753 47 95 U+592E 842 1442 96 105 U+3048 424 970 86 113 U+65B9 857 1996 57 109 U+7D66 420 1849 76 78 U+306B 140 2753 49 88 U+3057 880 872 21 133 U+7D66 990 1802 90 113 U+306A 1588 1655 74 69 U+3075 1423 1923 101 90 U+5F37 409 2073 82 117 U+3068 430 1960 39 104 U+6B73 570 307 96 142 U+4E07 868 304 74 101 U+5A5A 112 1382 93 105 U+65CF 1282 2367 93 118 U+3066 1026 1187 39 120 U+4E8B 1443 2423 71 129 U+3059 421 2282 69 107 U+5409 1717 2575 64 102 U+65E2 687 2437 104 96 U+306B 426 2204 44 74 U+3059 269 1599 76 114 U+304A 1577 2505 84 70 U+306B 1732 521 84 81 U+304F 1011 1029 70 65 U+3068 1321 310 61 66 U+306B 1597 2406 42 83 U+6021 1426 1100 104 108 U+3059 1146 1275 78 125 U+7965 1701 2669 101 125 U+5FA1 1580 2103 86 67 U+308A 1022 1093 44 101 U+304A 551 2501 87 59 U+306A 1161 410 76 80 U+3068 1319 1295 45 93 U+3051 138 2063 52 88 U+9001 128 310 104 125 U+3070 1157 1668 66 111 U+3064 840 2653 99 121 U+3058 1180 2717 47 127 U+3089 442 303 61 96 U+306A 1011 2582 57 82 U+8AF7 844 639 120 115 U+308B 748 529 33 66 U+3070 865 1780 56 105 U+3093 1589 967 102 101 U+59BB 688 1384 115 136 U+305B 1304 769 78 76 U+4F8D 551 2742 89 104 U+3093 549 1867 104 96 U+3066 1757 599 35 119 U+304B 1164 1435 39 60 U+308A 284 1379 46 94 U+3079 1130 1381 107 50 U+8B19 989 1579 99 115 U+5C31 1581 862 101 106 U+3075 700 1231 96 79 U+3068 139 1118 55 67 U+3075 849 741 93 94 U+751A 993 2129 80 111 U+6211 1427 2534 95 110 U+306F 1156 2636 47 82 U+306B 735 787 35 86 U+3088 141 1791 48 88 U+307B 120 1882 78 103 U+3066 433 1271 42 125 U+304B 1598 2342 36 64 U+3055 704 1706 64 81 U+76DF 396 2740 107 109 U+8AAC 839 1666 101 112 U+304C 1148 2400 72 74 U+306A 1717 2779 74 74 U+307F 1738 2108 33 74 U+3088 575 1238 53 90 U+3079 1586 379 121 51 U+305F 721 1033 72 91 U+306A 552 1604 105 85 U+3089 1173 1967 32 113 U+3068 1481 386 34 86 U+304F 1464 1380 49 98 U+7CFB 1729 853 85 98 U+3075 1567 1437 99 102 U+7FC1 1011 602 90 134 U+306D 1128 1562 98 108 U+9858 1579 1330 98 101 U+3057 1632 420 19 131 U+3082 1456 2001 48 76 U+3088 1464 1299 48 83 U+308A 1027 1694 39 107 U+3088 875 2286 43 77 U+306B 1306 2482 36 71 U+306B 729 1301 44 85 U+308A 1323 375 49 96 U+306F 440 524 48 90 U+5973 686 2267 108 56 U+3089 1145 1495 71 84 U+305D 1156 1878 49 87 U+3088 150 781 44 83 U+308A 145 2149 43 106 U+3078 247 2703 116 49 U+306F 1729 2334 58 101 U+3068 277 2463 57 76 U+3068 576 2190 37 108 U+539A 265 2191 77 145 U+5FC3 1579 2176 84 96 U+3055 1585 2679 55 76 U+3069 1315 1479 67 89 seg_fp 1448 2154 40 71 U+308A 146 1186 44 96 U+3057 1021 2245 16 147 seg_fp 1621 321 52 64 U+308A 289 780 51 97 U+3044 1292 1392 80 52 U+307F 726 1790 31 86 U+3084 413 618 101 76 U+3078 387 1929 118 42 U+3078 250 1343 115 32 U+3053 860 2500 49 64 U+3089 1011 2664 38 107 U+5A36 541 1683 101 118 U+305B 550 1799 74 70 U+3068 1328 680 31 91 U+3078 1272 1444 125 43 U+3089 741 1122 32 110 seg_fp 572 1545 62 63 U+592A 1457 711 62 80 U+309D 441 2387 31 78 U+304F 443 688 38 95 U+3075 1699 2272 99 75 U+592B 1434 787 107 121 U+3089 451 1085 33 88 U+309D 301 2541 25 59 U+309D 877 2769 33 73 U+3057 181 1977 15 123,200014740-00045_1
U+547D 274 2185 94 145 U+529B 1295 534 64 97 U+306E 1427 316 92 101 U+306B 1284 638 101 94 U+8A31 551 1154 96 141 U+547D 259 760 103 142 U+4ECA 133 1954 99 139 U+306E 270 2080 111 104 U+3092 391 327 103 71 U+306E 1003 2558 84 88 U+306E 248 683 126 99 U+3082 286 2341 58 102 U+3042 1730 1105 81 87 U+3082 718 2272 55 104 U+3092 1575 658 95 67 U+306B 282 514 48 78 U+3044 559 324 80 50 U+3066 560 602 78 96 U+3067 1714 1675 86 105 U+3031 1324 2016 57 178 U+3066 712 1811 69 105 U+306E 857 2533 86 99 U+3092 257 905 98 103 U+304D 257 411 96 119 U+967D 702 794 94 125 U+306E 568 1053 76 103 U+306E 1151 1970 81 113 U+4EBA 992 2488 118 89 U+306B 868 454 57 99 U+8003 424 1175 80 152 U+305E 1453 1559 78 109 U+304B 561 2369 91 68 U+3066 577 2556 78 100 U+65E5 144 1454 46 76 U+524D 125 1539 88 111 U+306B 443 1990 48 80 U+306B 1174 1089 49 99 U+5BB6 1291 723 91 128 U+306E 706 1057 85 107 U+308C 120 1743 126 98 U+306A 1738 1202 70 84 U+3064 1728 2528 93 102 U+6642 1720 2340 101 90 U+304D 1589 1205 89 101 U+306E 1298 2201 118 95 U+3057 1310 1884 84 92 U+304F 1040 2723 34 113 U+306B 1314 859 51 100 U+6613 427 2443 74 115 U+306B 586 1305 43 88 U+5E2B 696 928 95 126 U+306B 882 1228 48 90 U+4E03 118 1369 93 64 U+307B 1588 738 79 93 U+5E2B 562 939 90 115 U+5341 134 2416 78 103 U+5E2B 411 901 94 106 U+5802 1423 623 99 119 U+5BC5 422 1670 82 128 U+51FA 1574 434 94 90 U+8DB3 287 1875 63 118 U+3072 267 1182 83 92 U+8A73 557 2131 98 141 U+304D 711 584 91 115 U+305A 997 551 105 104 U+967D 562 818 90 109 U+305F 1725 1786 86 92 U+306B 1587 1478 97 97 U+306F 126 1297 82 60 U+306B 589 2272 41 89 U+305B 272 2760 91 81 U+306E 986 1953 116 99 U+65E5 151 2588 46 73 U+307E 131 323 63 126 U+5FC3 1145 1885 97 90 U+3092 709 2193 89 74 U+304B 1008 2648 90 75 U+306B 301 2664 46 77 U+5BB6 1591 1574 88 131 U+9670 559 704 89 105 U+60A3 850 318 85 125 U+91CC 1446 2312 79 101 U+306F 1171 2713 66 124 U+3092 1724 1883 90 77 U+306B 885 2752 46 90 U+795E 994 992 94 122 U+7530 854 2456 81 69 U+3059 1458 2190 59 114 U+9670 414 664 82 120 U+5973 253 604 104 72 U+967D 414 785 81 116 U+3066 1742 2727 73 115 U+307E 1459 1867 61 106 U+3064 856 2076 88 98 U+7B26 717 2052 81 135 U+307E 715 1210 58 116 U+6B3A 1137 1203 98 113 U+53AD 695 1927 107 125 U+306A 1153 1566 79 81 U+7336 267 1491 90 109 U+3059 722 1326 68 120 U+304B 996 316 87 76 U+3082 1025 1443 46 87 U+304C 149 2669 67 70 U+306E 1445 1377 75 86 U+65E6 287 2456 78 89 U+3084 1723 1289 90 68 U+3092 1278 457 96 62 U+7948 856 1322 80 124 U+6627 1423 513 104 101 U+305F 708 316 80 97 U+4E8C 129 2531 89 47 U+773C 1577 548 99 100 U+306A 1148 666 78 89 U+304B 1325 1982 41 60 U+8EAB 700 1449 81 134 U+308C 1128 1385 135 91 U+3092 859 1811 82 110 U+8DB3 1014 1744 59 104 U+3092 1299 2490 97 94 U+5915 264 2565 87 116 U+3067 425 1892 81 89 U+4E09 1427 429 82 71 U+5200 875 2357 54 84 U+6C88 842 562 113 113 U+3066 423 2347 70 97 U+3070 1160 534 65 114 U+751F 1588 311 69 108 U+9670 706 686 93 116 U+3092 129 847 84 114 U+795E 849 928 90 141 U+3072 1583 1023 89 82 U+305F 1153 2314 66 94 U+9060 1449 2425 71 114 U+9ED2 1439 983 92 120 U+91CC 864 2631 73 107 U+308C 1164 2203 67 108 U+3042 1594 2336 73 87 U+3072 560 534 86 80 U+865A 988 2258 105 133 U+306A 1009 401 68 86 U+306B 1328 1791 47 91 U+306E 1002 1118 83 110 U+4ECF 1431 1219 109 154 U+4E0B 278 2001 63 103 U+308A 1333 2726 49 107 U+4E16 114 749 92 99 U+304D 580 1497 54 115 U+3059 420 1797 64 104 U+3066 1454 860 45 119 U+72D0 1136 964 107 117 U+304D 1155 2612 93 111 U+91CE 1592 2708 88 122 U+306A 558 459 73 74 U+3079 848 2183 115 43 U+3075 692 411 100 97 U+308B 1745 642 44 81 U+8FF7 990 637 107 122 U+308A 1741 410 58 100 U+5F66 1301 1550 93 142 U+308A 576 2019 55 115 U+3086 566 1401 84 96 U+306E 1008 1527 75 98 U+798A 702 1603 94 121 U+9B3C 128 633 85 106 U+5C3D 277 1604 66 135 U+56DB 134 2355 79 59 U+3075 1149 845 100 87 U+898B 1594 1294 82 113 U+3070 282 1081 67 97 U+3079 407 1131 106 53 U+308B 148 449 39 75 U+305D 1740 317 52 89 U+304D 1441 2543 99 97 U+6028 266 1258 96 137 U+65E5 151 2085 48 71 U+305E 1019 1619 79 115 U+3075 991 1358 103 97 U+7ACB 1447 1672 77 100 U+3059 1739 2214 58 116 U+306E 1444 2734 93 108 U+3055 266 330 57 78 U+3075 407 1581 103 81 U+5F31 1007 2381 91 106 U+5FC3 860 1713 81 101 U+3082 1605 2156 45 95 U+308A 151 2246 54 116 U+6B7B 1721 2101 84 112 U+3056 571 378 79 78 U+53CE 849 1919 100 95 U+5360 585 2744 61 103 U+305A 281 1742 74 124 U+3044 419 1524 73 56 U+3067 1152 753 78 90 U+3068 1753 1370 32 101 U+306F 853 882 88 65 U+6234 701 2376 105 133 U+305B 1446 1773 78 89 U+3055 134 948 60 76 U+307E 1445 2074 88 116 U+306B 1457 757 36 105 U+3058 601 1717 39 130 U+4E0B 996 1856 73 109 U+3066 879 1568 43 145 U+305F 577 2429 63 59 U+58F0 1278 315 109 141 U+53EB 1708 1472 113 114 U+306A 141 1662 67 83 U+8352 1586 2544 93 147 U+6050 1722 732 91 90 U+3081 567 1835 95 124 U+7D66 727 2631 76 69 U+3044 705 1164 79 52 U+308B 1172 2409 37 80 U+308B 155 1199 33 80 U+306F 577 1632 48 90 U+308A 1744 2613 56 116 U+6B64 563 2661 96 80 U+305F 1730 511 64 130 U+81C6 1136 2089 107 112 U+3046 1752 2437 35 99 U+5360 426 1016 72 101 U+304B 1291 1193 100 79 U+516D 1304 1702 90 87 U+305A 420 2742 103 100 U+306B 1749 994 48 99 U+304D 1462 1101 52 113 U+9B58 975 1219 121 139 U+306C 124 1114 80 85 U+3046 284 994 36 94 U+3081 872 2013 54 65 U+3051 1149 321 60 82 U+3080 409 557 93 103 U+307F 1473 1465 30 90 U+308C 1145 406 73 124 U+7AAE 413 2082 99 144 U+3066 1319 1417 37 131 U+898B 1593 1817 75 107 U+3088 157 2167 41 79 U+306F 1018 766 51 95 U+8D70 1302 970 71 113 seg_fp 1180 1647 46 77 U+308A 880 1443 51 120 U+3070 145 1826 58 120 U+3068 744 2733 36 108 U+305D 1600 836 52 86 U+3055 1739 896 56 92 U+3093 1716 1582 111 87 U+308A 439 2228 53 110 U+308C 1733 1964 83 124 U+308A 1314 1084 48 112 U+3066 440 1385 48 121 U+3079 1127 1719 141 56 U+308A 593 2485 40 81 U+3068 1616 1699 36 103 U+3078 411 1336 112 35 U+3057 892 2213 23 135 U+307F 294 1396 32 92 U+3089 1612 1101 39 101 U+304B 1302 2581 87 76 U+72AC 1434 2637 102 95 U+308B 1615 1410 35 69 U+3082 423 409 42 88 U+3088 584 1937 47 86 U+6B64 123 537 80 86 U+304F 1614 920 33 107 U+3078 698 2703 127 46 U+304F 1027 2139 26 105 U+305F 1312 2652 66 77 U+3088 1327 2293 40 89 U+3057 1481 1964 23 117 U+3057 1045 859 20 127 U+308A 140 1021 48 107 U+4ECF 844 1069 104 154 U+3068 736 494 27 85 U+304D 731 2518 46 100 U+3068 1625 2241 31 86 U+307F 872 674 42 72 U+304B 443 2566 39 70 U+3057 1188 1751 19 125 U+3057 895 747 18 139 U+308A 1611 2419 45 92 U+3089 434 2635 43 111 U+3089 1022 481 35 91 U+304B 1166 1327 37 64 U+3057 1180 1438 19 128 U+3057 734 1727 22 95 U+3057 1343 2377 16 132 U+9593 140 2739 59 107 U+308A 1319 1308 44 114 U+3068 1176 2500 33 93 U+3078 1279 1271 118 37 U+3057 1786 814 18 126 U+3057 1637 1914 22 137 U+3068 433 485 36 79 U+306F 1599 1999 49 149 seg_fp 1011 2049 72 88,200014740-00051_1
U+5E74 703 2550 98 134 U+3070 262 1068 101 63 U+3082 1019 2047 56 109 U+3092 1714 1159 105 80 U+306E 1138 757 96 102 U+3066 709 506 73 99 U+3082 726 1615 53 110 U+5098 837 371 124 163 U+306E 1597 673 82 134 U+305A 702 1905 114 112 U+3082 430 2011 54 107 U+306E 1430 1933 139 120 U+3092 256 2137 103 71 U+898B 1730 1430 97 87 U+3066 270 2748 90 82 U+306E 105 692 133 112 U+3092 554 2299 108 67 U+306B 1291 307 97 78 U+3066 858 643 80 97 U+4F4F 550 298 108 95 U+90A3 551 1686 108 120 U+667A 554 1796 97 115 U+5973 845 1207 114 72 U+6B64 260 1130 90 76 U+3082 1453 763 57 102 U+307E 731 610 64 96 U+306E 698 1151 130 94 U+306E 1717 1342 135 95 U+76EE 1146 865 80 96 U+51FA 262 1510 100 81 U+6240 1717 1527 100 87 U+51FA 853 738 99 73 U+304A 1146 298 102 68 U+3044 1585 300 97 62 U+72E9 1709 1956 117 120 U+4F55 1720 1252 95 92 U+3082 138 2246 57 102 U+3082 436 1239 48 104 U+3065 1151 2720 109 99 U+3093 548 1095 134 113 U+4EBA 1571 811 129 117 U+3066 564 1573 76 107 U+306B 585 1923 43 87 U+304B 1128 986 100 75 U+6B64 267 2444 90 85 U+306B 145 1769 42 92 U+304D 868 1684 61 121 U+5098 255 2532 119 154 U+3078 1599 551 90 102 U+5C0F 263 1216 86 66 U+306F 1000 1067 94 62 U+78EF 1716 1037 108 125 U+3067 416 1526 86 105 U+3082 877 552 50 95 U+8A63 550 2013 93 118 U+5BB6 1303 2022 95 126 U+4F55 105 602 100 103 U+304D 555 1285 100 125 U+66F4 114 1655 109 122 U+304D 1741 781 59 124 U+304C 578 784 77 74 U+3070 1008 2770 102 54 U+306B 730 308 48 85 U+306B 291 1408 43 94 U+304D 135 333 62 124 U+6B64 851 298 92 79 U+306E 1575 926 125 91 U+3082 1464 2447 54 99 U+5FC3 853 1895 102 95 U+3042 1733 1623 85 92 U+304C 1165 561 85 70 U+306B 731 2457 45 92 U+96E8 1142 2068 95 94 U+3075 843 1110 116 102 U+308C 1133 457 122 111 U+3093 703 942 130 103 U+304B 1460 1283 52 93 U+3092 853 2006 97 102 U+5F37 271 2218 87 133 U+3044 716 711 82 64 U+3075 1702 2428 125 93 U+3059 1736 445 82 90 U+304D 728 2217 59 127 U+9060 277 615 81 122 U+5BB6 1443 2329 97 129 U+4F11 252 1287 111 113 U+5730 986 293 114 96 U+306B 1442 2257 108 108 U+3044 117 295 96 60 U+7D66 864 828 73 77 U+7ACB 421 2130 87 92 U+5FA1 855 1819 85 80 U+5FA1 1004 1441 93 101 U+3066 714 1525 85 93 U+8352 1725 906 100 142 U+3066 446 2426 35 123 U+7D66 1016 1277 69 88 U+306E 1276 1220 144 111 U+6B64 710 1998 89 100 U+3093 107 1347 131 106 U+304C 1456 1576 69 59 U+3044 268 1991 79 60 U+5176 863 2460 68 110 U+4F8D 548 580 104 120 U+7D66 1738 2353 72 75 U+308A 137 2059 58 101 U+8F2A 1423 1463 116 106 U+306E 1008 512 80 81 U+3075 544 940 110 90 U+3082 1173 2530 54 113 U+305D 1172 2432 61 106 U+90FD 692 1024 126 128 U+5FC3 1140 1613 108 78 U+3075 251 2050 104 83 U+7D66 424 981 74 82 U+3082 132 1027 57 104 U+3051 575 860 58 81 U+6B64 1293 1929 91 86 U+8FD1 703 2107 109 111 U+7537 1151 1279 72 105 U+3044 853 1303 93 65 U+4E09 1446 1389 82 52 U+4E7E 691 396 122 112 U+7D66 1162 2305 71 72 U+96E8 1434 1199 107 83 U+3093 993 1966 139 103 U+306F 135 1534 48 97 U+308A 291 506 48 98 U+305F 127 1975 72 83 U+308C 990 2662 132 97 U+306A 564 2525 73 73 U+306B 1591 365 85 76 U+306D 260 958 92 105 U+7D66 129 467 81 78 U+308B 587 699 36 72 U+6765 705 2698 97 125 U+4F11 1145 2185 99 110 U+308A 1026 825 49 115 U+3069 1322 2708 70 104 U+308C 1282 1505 114 85 U+66B4 543 2385 113 137 U+3055 130 2609 93 103 U+3086 1143 1707 92 108 U+5FA1 1009 605 86 85 U+306A 1732 2657 72 80 U+89AA 1141 623 105 123 U+305B 997 1888 80 77 U+601D 848 2671 90 71 U+3053 1728 2512 87 88 U+7D66 873 2306 70 74 U+3066 1011 2275 66 101 U+308A 1313 1667 51 83 U+65E5 579 1386 49 70 U+3068 883 944 36 100 U+3092 121 2509 94 124 U+306A 1150 1403 76 90 U+306B 294 2355 40 88 U+3082 283 2694 49 70 U+304F 1453 614 57 129 U+4F11 104 1870 110 107 U+3066 1166 1923 44 129 U+3075 1275 1137 108 104 U+3075 399 1060 110 91 U+307E 1288 805 100 118 U+3072 850 2742 109 91 U+306E 545 2751 141 79 U+3093 1724 2733 112 97 U+308B 1321 673 42 83 U+3057 1331 2269 23 215 U+6C42 113 1136 96 119 U+306A 1301 1568 67 102 U+308C 1303 2565 81 128 U+308A 446 2323 38 107 U+3088 1313 511 46 75 U+5FA1 852 2576 90 84 U+3075 1421 870 116 95 U+4F8D 257 1601 97 115 U+4F50 1430 1747 102 99 U+4F8D 555 2131 101 97 U+3042 709 1734 87 87 U+91CE 1435 1846 93 115 U+304B 1730 297 91 72 U+96E8 107 1437 103 104 U+3044 863 1048 80 60 U+306A 127 2352 96 68 U+3044 1156 2658 84 62 U+3088 441 2246 45 80 U+65C5 998 384 100 118 U+306B 406 573 101 116 U+4F8D 410 2555 95 137 U+559C 833 1472 112 118 U+308B 595 2228 30 66 U+308B 1289 1826 110 112 U+7121 1004 2378 91 101 U+308F 1471 2033 45 82 U+308A 1163 1493 45 119 U+3093 261 1808 113 98 U+3057 1036 1111 24 154 U+96E8 551 2664 110 78 U+3075 841 2380 119 82 U+3042 1446 2547 83 69 U+306A 571 1028 78 70 U+3053 270 297 88 85 U+3081 1299 585 76 89 U+3042 1283 1328 97 88 U+3082 739 1237 53 106 U+308F 440 1636 40 89 U+5BBF 999 693 87 134 U+308A 1165 1810 42 117 U+306F 1293 769 89 53 U+306A 711 876 80 71 U+898B 1010 1554 95 86 U+304D 134 2419 63 91 U+793C 988 2481 134 114 U+308A 1755 1711 46 121 U+306E 712 1347 86 82 U+4FBF 105 806 117 111 U+3057 416 1350 85 91 U+5374 995 2171 101 104 U+304F 1447 434 98 77 U+305F 1455 2112 74 89 U+306A 407 1829 92 91 U+3055 417 498 67 80 U+3078 100 545 139 50 U+306A 126 1264 75 82 U+3075 994 1365 103 81 U+8CCE 1290 2157 100 126 U+305B 415 882 95 90 U+3053 574 397 48 71 U+3068 295 1883 31 102 U+306E 1151 376 71 76 U+308B 1480 511 36 69 U+3078 1135 2379 122 50 U+6240 700 2359 107 100 U+3088 287 433 48 74 U+6050 409 303 91 96 U+308B 1165 1161 44 95 U+3078 834 905 137 49 U+5D0E 1425 1636 122 115 U+308A 432 1725 45 109 U+9001 992 1654 108 107 U+308A 732 770 50 106 U+308B 1468 1112 40 78 U+308A 1470 957 47 112 seg_fp 1722 1831 81 122 U+306B 137 917 34 117 U+3068 887 1367 38 97 U+308B 590 2598 42 66 U+308B 414 2701 101 117 U+306A 1008 2582 80 77 U+3051 1316 2488 58 78 U+805E 850 2098 92 145 U+3046 1752 349 44 113 U+304B 282 767 39 92 U+3084 397 650 116 88 U+3051 1300 1762 58 67 U+304F 1143 1065 83 92 U+304F 1725 2066 84 71 U+3068 1325 391 30 109 U+3068 1031 947 33 100 U+3051 1307 1074 57 64 U+3056 1748 537 95 85 U+307E 1737 612 89 96 U+3068 591 1471 35 98 U+306B 732 1440 29 87 U+3088 581 1191 45 90 U+3057 1733 2199 89 139 U+304F 1426 1037 112 69 U+3068 442 1145 29 102 U+306F 1292 1407 68 97 U+3057 903 1585 15 110 U+309D 1779 2591 30 72 U+308A 1467 2197 44 101 U+306A 1449 2652 68 71 U+3057 601 470 18 129 U+308A 1025 1768 41 123 U+3089 291 854 28 109 U+3089 1755 2145 41 131 U+3089 731 1819 39 95 U+304F 444 1904 48 106 U+3069 452 728 59 71 U+3089 296 1716 24 99 U+3057 1793 701 13 106 U+3068 146 2156 37 97 U+3057 473 397 16 111 U+3057 1652 436 17 120 seg_fp 442 801 26 106 U+3066 152 2714 40 117 U+3089 432 1440 37 100 U+304F 1477 2715 30 93 U+309D 329 366 27 50 seg_fp 900 2215 41 85 U+3057 1500 579 14 123 U+3089 1502 2604 20 76 seg_fp 1310 917 39 50 seg_fp 1323 965 34 94,200014740-00058_1
U+547D 1719 1525 112 149 U+9759 283 505 109 151 U+3070 1736 1036 101 61 U+3092 291 1630 90 72 U+3092 1577 1293 96 75 U+306E 1307 1541 79 78 U+306E 1449 2116 77 70 U+4ECA 439 1909 114 135 U+3031 178 471 69 176 U+3066 1582 1685 80 92 U+3066 445 1321 74 97 U+306E 147 2581 133 95 U+795E 292 1510 97 119 U+3066 457 2575 85 92 U+306F 447 1110 72 55 U+3092 1716 1686 96 70 U+306B 1579 2175 101 96 U+306E 873 1406 82 80 U+306E 443 680 80 86 U+306E 288 1280 125 104 U+4ED5 1442 2490 104 90 U+306E 1149 2289 119 106 U+3070 291 1032 98 73 U+90AA 292 1378 97 119 U+795E 1577 2051 99 118 U+3092 869 470 88 78 U+3031 1170 1037 84 190 U+7DBF 1010 2582 99 151 U+8C4A 175 2212 68 125 U+9B45 435 974 108 117 U+795E 1437 2196 101 106 U+4EBA 1291 757 113 116 U+592B 439 1520 101 119 U+7FC1 1011 851 95 133 U+7FC1 731 341 99 136 U+3092 722 679 90 73 U+5931 1733 1762 82 121 U+7D0D 718 756 104 106 U+308F 733 1468 86 83 U+306B 1722 2540 102 95 seg_fp 579 1354 102 95 U+306B 1182 1350 46 82 U+7FC1 1437 520 98 130 U+3044 1586 341 98 67 U+3070 1167 836 68 101 U+4EEE 430 573 109 113 U+6075 1018 1064 87 145 U+6B64 290 1096 97 82 U+3066 599 550 76 97 U+79C0 587 1535 80 128 U+529B 311 2259 69 94 U+308A 1460 399 56 104 U+5FC3 157 630 104 87 U+3092 586 2344 91 62 U+5C6F 866 348 93 105 U+3066 154 1405 82 104 U+5922 175 2460 80 120 U+758B 722 2200 104 97 U+5C6F 733 2366 105 95 U+3092 158 732 95 68 U+306B 1472 2413 45 74 U+9060 1599 1781 78 124 U+795E 1440 1351 100 119 U+305D 1744 1186 65 99 U+307E 1593 1526 66 113 U+306B 466 882 40 94 U+3066 1158 1632 78 101 U+3082 317 2426 56 88 U+306B 327 1970 44 79 U+3066 1157 729 74 106 U+306E 1165 2712 80 121 U+6B64 871 1071 87 92 U+5316 433 773 100 102 U+7D66 1736 763 80 82 U+306E 1304 579 79 87 U+3066 1155 458 73 103 U+7F8E 1024 1741 74 119 U+4EBA 1141 949 102 113 U+306F 1448 1300 84 53 U+7FC1 1583 1154 97 130 U+3066 602 2141 65 97 U+898B 1303 1735 101 109 U+308C 433 1231 127 98 U+3092 301 446 76 63 U+5F8C 1149 1230 109 113 U+306B 621 1815 42 83 U+3044 1727 2403 83 70 U+306F 1732 1477 81 59 U+660E 1156 2201 95 97 U+6D25 1584 1907 92 129 U+3042 737 1750 78 85 U+3072 586 1129 91 93 U+5BC5 869 1271 93 121 U+306C 158 2139 108 78 U+305A 1446 1805 104 97 U+9152 1300 664 97 94 U+3082 753 2552 52 94 U+3072 1729 1885 84 85 U+4E09 1009 2100 96 63 U+65E5 1176 2403 52 71 U+304C 461 495 62 69 U+3072 1589 926 87 97 seg_fp 584 2239 100 99 U+793E 1432 2313 108 100 U+755C 583 1212 94 126 U+3082 1463 1555 54 90 U+90E8 724 1164 95 101 U+8C4A 600 644 70 113 U+5FC3 439 1651 101 74 U+6FC3 1005 1860 90 118 U+8EAB 865 1481 81 132 U+6765 1162 1975 84 141 U+5FC3 300 337 107 91 U+5927 1165 2488 86 91 U+9EBB 1278 467 125 116 U+305A 1729 933 102 101 U+3042 1595 2739 89 98 U+7A0B 1293 1628 105 114 U+7D66 878 1884 73 80 U+307E 1319 2095 62 94 U+306B 623 880 40 87 U+3064 1142 1448 108 86 U+304A 1730 1106 95 84 seg_fp 604 2633 97 101 U+96C4 437 2212 112 117 U+81EA 740 1942 65 132 seg_fp 573 1917 111 125 U+8B1D 999 1389 109 113 U+3075 1280 1033 114 92 U+304C 320 2193 70 65 U+96C4 579 752 110 116 U+306F 301 1834 78 64 U+614E 1723 521 98 131 U+51FA 1156 565 99 78 U+3044 1300 973 80 62 U+7FC1 292 2055 107 134 U+3092 1006 1307 101 71 U+308A 471 2110 56 104 U+304A 1443 1010 103 68 U+62DD 1581 2553 99 101 U+5996 858 1158 111 105 U+7336 865 977 101 97 U+7D79 1002 1972 93 120 U+3093 296 1888 126 95 U+5F53 1304 349 82 108 U+7D2B 1016 2437 93 134 U+307E 1459 2605 62 86 U+307E 174 928 56 110 U+3066 752 939 36 123 U+9053 1298 1409 110 127 U+304B 310 2523 88 77 U+5927 1441 1884 92 96 U+3081 736 850 66 86 U+4E8C 1020 2779 95 49 U+9010 282 1717 121 103 U+3093 1302 2424 117 96 U+5E30 1148 1736 101 120 U+9759 150 805 109 123 U+7B51 1002 2307 118 121 U+3092 731 2481 99 73 U+3064 1444 2691 100 74 U+60D1 1580 799 100 123 U+9E97 582 1674 100 132 U+502D 1436 1986 111 119 U+3075 1713 2471 107 82 U+3068 1328 872 36 95 U+3092 294 2361 97 65 U+306F 729 2089 75 51 U+5B9F 158 1521 88 129 U+6C17 455 2329 100 128 U+755C 446 345 90 142 U+6765 878 770 87 123 U+795D 727 1056 94 104 U+307E 297 817 91 106 U+5D07 1586 1387 90 140 U+3080 582 957 105 88 U+3078 1568 1640 129 50 U+3055 454 1161 61 68 U+307E 161 1127 77 105 U+758B 1011 2183 102 87 U+3078 1430 353 115 45 U+9858 873 2605 90 137 U+6050 1592 584 96 94 U+3066 1464 887 39 120 U+305D 1598 2361 78 87 U+304C 601 1457 72 81 U+308C 717 575 119 100 U+4E08 439 1429 104 94 U+308A 898 888 46 85 U+3064 856 2104 114 85 U+96C4 151 2339 109 116 U+3088 1763 348 48 96 U+3044 1309 2187 78 71 U+3088 488 2682 43 82 U+307E 313 643 64 103 U+3055 176 2675 64 78 U+3051 597 2031 80 108 U+308C 1596 674 72 117 U+308A 317 743 49 87 U+3078 1431 2579 123 38 U+3066 1040 723 36 122 U+3089 1746 1288 62 81 U+308A 1174 1857 51 106 U+3079 1718 2138 121 45 U+7FC1 1293 1106 104 131 U+3044 1013 536 104 74 U+3084 146 1651 106 72 U+304C 1033 994 64 73 U+3064 1590 1014 93 76 U+3089 747 1269 58 103 U+308A 1315 1316 56 101 U+306E 1455 1080 83 87 U+798A 857 1632 106 113 U+306A 1304 1246 86 73 U+306B 756 1369 43 86 U+305A 596 344 97 113 U+3066 890 2443 48 137 U+308B 1488 2760 37 76 U+3086 160 336 95 96 U+304D 1025 589 69 132 U+4E14 1018 1636 83 91 U+7E8F 586 2421 100 127 U+3088 1612 409 51 88 U+3061 740 1639 67 113 U+6253 1437 657 105 107 U+306B 158 1818 93 93 U+53C8 598 2747 103 98 U+907A 863 559 100 118 U+7B11 1446 759 81 128 U+305B 158 1220 82 83 U+3089 309 1181 61 123 U+308B 1190 2112 36 80 U+306A 449 1728 81 78 U+3075 585 2550 105 95 U+308A 177 1035 49 102 U+3057 904 1745 18 125 U+3081 744 2765 73 81 U+3068 750 2655 70 69 U+3066 1314 1908 63 91 U+3031 1749 2695 88 149 U+306B 1467 1466 32 94 U+90F7 1008 348 102 75 U+899A 162 1906 103 140 U+3042 1448 1646 83 87 U+3081 166 429 61 83 U+7D66 1320 2686 70 81 U+4EBA 1720 2623 111 97 U+502D 1156 2596 105 107 U+3075 1722 2054 102 82 U+305F 1167 639 67 89 U+3081 168 2749 82 103 U+3088 473 2049 38 63 U+308A 334 2588 47 76 U+305B 1310 2340 79 85 U+3053 746 492 47 77 U+308C 1455 1160 84 114 U+4E00 728 2316 92 18 U+3057 1755 2177 28 130 U+3068 894 2001 35 98 U+304F 1760 444 42 91 U+3044 1303 2525 79 62 U+3057 1043 1501 15 139 U+3056 1321 2587 71 90 U+7D66 322 2659 76 82 U+308A 890 676 53 117 U+305F 1314 1826 69 87 U+3078 1287 2770 137 62 U+307F 1625 2653 36 80 U+3055 318 922 46 97 U+304F 486 2762 38 85 U+304D 1154 1515 74 116 U+3075 863 2742 112 99 U+3068 184 1321 29 88 U+3068 1755 2314 32 103 U+306F 1749 839 40 92 U+3057 190 2019 20 113 U+304B 605 1040 47 91 U+304F 1755 1362 43 92 U+3068 1615 2441 34 101 U+3057 478 2471 26 114 U+3078 853 1968 126 50 U+3068 1187 352 35 101 U+7D66 1740 1970 83 82 U+3057 483 1799 15 113 U+307F 1763 656 26 93 U+309D 1345 1994 31 96 U+305F 735 1832 69 70 U+304B 181 1724 38 97 U+306B 1039 438 46 99 U+3078 712 1901 122 45 U+309E 798 2720 46 64 U+309D 1625 497 21 74 U+4E00 720 2152 102 15 U+304B 755 1558 36 80 U+307F 1042 1212 25 82 U+3089 1317 2258 53 103 U+306F 326 2722 68 98 U+3057 889 2207 27 141 U+307F 892 2352 33 88 U+3053 1604 2256 43 116 U+3089 1473 1732 25 85 U+309D 929 2177 26 66 U+3057 625 450 21 103 U+309D 1628 1086 29 59,200014740-00070_1
U+3066 1722 1325 84 97 U+306E 1599 1079 75 92 U+306E 146 1878 84 81 U+5E74 1298 858 96 133 U+5BB0 1157 1618 80 144 U+4E2D 1155 1410 84 128 U+306B 570 1269 96 106 U+306E 1145 1324 117 106 U+3082 590 2162 60 115 U+3046 592 1711 39 126 U+3070 1445 1651 102 83 U+306E 1154 1851 78 88 U+3093 1143 302 128 113 U+306F 1451 1159 73 57 U+306B 1620 407 42 94 U+7D66 735 302 71 94 U+3092 868 2418 83 70 U+3066 420 1461 88 105 U+304C 1748 2031 59 61 U+3066 1307 757 76 106 U+3082 159 655 51 104 U+306E 1149 472 93 109 U+3070 144 486 99 77 U+5373 1012 2477 88 119 U+3092 853 983 91 76 U+3082 299 1950 58 91 U+4E8B 874 2009 73 126 U+5C06 1139 1525 104 100 U+5BCC 1725 1775 83 134 U+304C 593 749 66 72 U+543E 425 1575 111 96 U+306E 560 1958 118 108 U+304F 597 2706 40 98 U+307E 443 670 60 119 U+65E5 1471 2057 51 63 U+306E 1289 1821 122 101 U+306E 1305 1112 78 83 U+898B 144 945 93 109 U+304D 304 2244 58 137 U+3042 421 397 93 101 U+8C4A 1736 469 80 138 U+4EBA 136 1760 120 132 U+306B 1328 1483 44 87 U+5FC3 1590 312 111 82 U+304D 863 2215 97 112 U+6B64 1720 1679 92 97 U+306E 1446 956 82 82 U+306B 1753 869 54 88 U+3031 1614 2171 66 189 U+805E 577 1128 88 145 U+5B50 1742 1924 62 91 U+304F 599 303 37 108 U+305D 449 2373 58 97 U+9154 1289 299 103 130 U+308C 856 1191 116 89 U+306F 1150 1175 85 61 U+66F8 1440 1702 99 145 U+305A 1460 1850 83 122 U+3072 283 305 86 87 U+306F 718 2028 87 54 U+3066 872 1452 69 101 U+3042 588 1341 74 102 U+308C 417 599 141 92 U+304D 882 708 54 115 U+304F 300 1287 32 117 U+4E8B 1452 1222 76 134 U+771F 574 420 89 143 U+7D66 296 1682 76 97 U+3072 144 855 86 92 U+53C8 139 560 106 102 U+308C 283 1611 118 92 U+4EBA 852 2305 114 107 U+304B 714 2408 96 72 U+304B 1716 2113 107 75 U+3066 579 2433 80 96 U+304F 744 1467 33 104 U+5B50 591 648 66 88 U+308C 715 1673 131 97 U+307E 1325 2588 55 101 U+308C 135 408 116 84 U+306B 1006 2172 100 87 U+308A 601 1024 47 103 U+53E4 864 614 80 98 U+4F55 1147 1242 91 86 U+3082 163 1255 49 89 U+3042 140 305 79 102 U+306B 1733 1602 85 89 U+3042 871 306 88 90 U+3044 151 1960 78 61 U+306F 1306 2019 79 52 U+3072 866 1374 92 90 U+306E 1443 2126 116 77 U+6642 864 2491 107 94 U+306B 1184 2386 45 95 U+7D66 438 2189 80 87 U+304C 1604 1296 62 74 U+308A 1174 828 47 109 U+306A 1017 1662 77 83 U+306E 282 2715 102 95 U+4E07 1727 2684 77 122 U+4EBA 1298 1910 108 105 U+5973 562 569 111 66 U+5C71 281 399 92 82 U+4ED6 139 1545 103 96 U+305B 1593 1615 79 86 U+8FBA 1318 1580 61 124 U+3066 718 1238 73 102 U+60AA 727 1351 87 100 U+3061 1738 2248 69 115 U+8EAB 580 1820 72 150 U+3072 1592 627 86 91 U+3079 279 2196 111 59 U+3082 1605 1928 53 95 U+9762 1019 2611 83 94 U+3072 430 2277 93 89 U+76F8 1134 1759 104 90 U+6253 419 1148 108 131 U+3066 1170 1033 52 124 U+3081 884 2584 57 74 U+591C 1431 2193 109 124 U+6765 1301 986 96 126 U+306A 1169 2056 72 81 U+306A 440 1795 81 84 U+5FA1 1149 562 102 99 U+3044 1725 2370 91 58 U+3061 1311 567 73 109 U+7D66 1015 301 79 87 U+6BDB 571 2048 95 100 U+305D 1030 1189 59 106 U+3052 874 393 90 98 U+61F8 1586 1382 100 122 U+306B 1608 908 45 97 U+6D77 424 2477 122 105 U+3092 419 978 106 93 U+7E01 275 2399 112 110 U+4ECA 1006 618 106 141 U+6DFB 1151 2501 96 116 U+602A 420 1890 101 114 U+304F 166 2616 31 113 U+306E 1465 2709 72 88 U+53EA 421 303 93 92 U+541B 1152 1943 89 123 U+3055 1332 2689 56 106 U+3081 1446 846 93 113 U+306E 151 1341 74 85 U+3092 279 1060 99 103 U+3078 1716 1090 121 47 U+4F4F 1292 1378 102 100 U+7D66 874 1280 76 92 U+96C4 1718 607 112 112 U+306B 464 2577 45 75 U+308C 997 1572 112 95 U+305F 1316 2166 64 83 U+3092 150 1417 89 110 U+5BCC 1016 2245 85 123 U+3075 136 2019 110 92 U+306B 1014 870 87 70 U+591C 1427 1036 112 115 U+622F 995 1852 102 131 U+3042 149 764 80 90 U+306A 882 2142 68 75 U+3044 1161 2220 86 67 U+898B 1732 1429 86 100 U+58F0 568 833 106 128 U+3055 301 2048 59 85 U+4E8C 1438 1998 112 47 U+3066 891 491 39 116 U+306B 306 491 45 98 U+306A 1445 314 85 73 U+305D 732 2316 58 95 U+307C 1014 1374 97 103 U+60F3 1589 1506 92 108 U+305F 733 816 69 75 U+3075 702 1931 106 93 U+3054 1305 430 90 83 U+5951 871 844 80 126 U+3075 273 1775 107 94 U+307E 577 1546 89 96 U+306F 1322 2061 56 101 U+3044 729 1864 75 66 U+5927 1298 1191 93 84 U+308A 1760 384 52 87 U+3072 277 727 87 96 U+3042 721 1584 88 91 U+3086 1005 1477 88 92 U+308A 736 981 56 110 U+304D 1448 2412 95 92 U+304B 1145 404 100 82 U+5FD8 859 1072 101 117 U+3089 1744 1138 60 105 U+307F 450 2097 36 81 U+66F4 1004 756 113 110 U+308F 316 1417 35 90 U+3075 1151 2290 100 89 U+8DB3 1603 511 66 110 U+3046 1330 2261 34 105 U+4E8B 288 936 69 135 U+308B 1028 1999 42 78 U+307E 718 1074 98 101 U+9119 1298 1720 93 111 U+541B 437 1686 82 109 U+3075 1005 383 91 85 U+3092 152 2215 93 102 U+8FCE 1716 970 118 103 U+59FF 711 2089 102 121 U+3068 747 1749 42 102 U+308C 1723 1244 114 85 U+304A 1010 1305 93 75 U+3059 299 1507 64 106 U+305D 734 566 74 101 U+307E 167 2307 64 121 U+304A 1595 2363 88 88 U+3053 1733 724 90 83 U+3055 594 1438 49 101 U+3088 1753 2537 42 81 U+306B 1173 940 34 91 U+308C 712 2562 128 88 U+3092 1022 2706 90 94 U+306A 731 750 76 71 U+304A 1595 2038 85 80 U+307B 1455 2516 77 103 U+86C7 1577 1176 117 104 U+5185 1309 1266 72 102 U+3051 1756 306 57 77 U+5949 147 1050 80 114 U+308B 896 1915 35 75 U+306A 587 950 73 79 U+76DF 274 595 103 125 U+304B 1582 1002 104 81 U+901F 267 1167 106 110 U+3093 1001 548 122 97 U+306C 1583 711 94 100 U+308B 165 1165 37 82 U+3075 706 399 113 93 U+308B 1477 386 40 67 U+51FA 1596 2654 100 79 U+3055 1313 2438 80 90 U+308B 1627 2731 37 71 U+5B50 1035 2379 65 94 U+304D 431 480 65 117 U+308F 1178 659 41 88 U+308C 1443 1520 87 118 U+308D 1593 2114 79 90 U+5973 416 1066 126 83 U+3079 1431 453 120 49 U+3053 744 674 58 65 U+308B 1330 2360 41 78 U+304B 862 1559 89 73 U+3053 1022 1099 80 88 U+3088 742 909 45 73 U+3082 1622 2456 42 95 U+306B 298 2511 59 77 U+3058 1481 712 45 129 U+308B 1755 1525 41 77 U+3069 1036 1741 61 106 U+3057 1477 484 18 144 U+3075 412 872 107 115 U+306A 871 1835 78 80 U+3072 1600 2553 79 93 U+3057 181 1634 18 145 U+308B 312 2132 44 68 U+3088 1474 2326 44 84 U+3091 426 1275 97 96 U+3068 1762 2426 35 96 U+308B 1611 814 39 79 U+3069 1492 2619 53 91 U+304F 1753 2617 53 73 U+3068 317 1851 26 102 U+306B 1327 676 31 86 U+305F 584 2279 73 72 U+3069 1192 2129 54 91 U+8A93 427 2657 101 135 U+3057 200 2537 20 143 U+304B 891 2664 53 100 U+305F 1157 751 68 80 U+3057 1628 1697 22 127 U+305F 1735 2176 66 72 U+6050 576 2532 91 93 U+3061 588 2354 65 85 U+6B63 726 2648 84 71 U+306F 1463 629 45 84 U+3057 629 1635 18 106 U+306F 739 2468 45 89 U+3089 1043 464 27 92 U+3076 1156 2618 86 72 U+309D 1036 2079 25 80 U+307F 460 1375 27 85 U+3057 330 2586 20 129 U+304F 1019 936 78 80 U+3057 1213 2684 19 112 U+304F 1338 2509 38 81 U+304A 143 2736 102 80 U+3057 491 1996 16 138 U+309D 1781 796 29 61 U+3053 740 2223 39 96 U+309D 1352 505 22 65 U+304F 891 1614 40 92 U+3057 778 1161 18 112 U+3057 338 805 18 150 U+309D 1052 1020 30 67 U+3057 635 2615 21 118 U+3069 459 784 46 83 seg_fp 1451 1372 73 141 seg_fp 171 2429 48 109 U+3053 738 477 54 89,200014740-00071_1
U+3066 1411 493 71 108 U+547D 811 1851 108 147 U+3070 1705 2058 96 62 U+3070 1400 2272 111 54 U+306E 1709 2394 78 81 U+3092 1111 336 99 82 U+3092 958 337 97 75 U+3092 1401 337 92 62 U+306F 819 1796 82 64 U+3082 1419 416 50 92 U+306E 1537 697 122 111 U+3066 1847 1640 86 100 U+8358 964 1965 101 135 U+3064 672 329 97 112 U+3042 1263 336 86 96 U+306E 1544 2471 127 101 U+304F 841 1169 33 114 U+96E8 225 321 121 119 U+306E 1106 1113 117 97 U+96C4 807 1664 108 116 U+5DFB 219 1103 140 147 U+5F1F 1692 439 84 149 U+3031 1417 2397 94 195 U+3066 1270 2410 69 98 U+3066 1551 1853 76 96 U+8C4A 830 1530 65 135 U+9262 1694 1044 101 128 U+3092 1256 733 93 78 U+6D41 1256 821 106 123 U+6C38 1105 1788 96 119 U+7269 218 617 121 104 U+305E 1858 1728 67 105 U+5F92 1688 334 105 114 U+4E4B 256 959 53 138 U+306B 1582 2062 48 85 U+306B 1434 1820 50 88 U+7D66 1718 1401 70 88 U+306B 1729 1186 41 93 U+4E57 1405 1915 95 136 U+56DB 231 874 105 67 U+662F 1554 1422 94 130 U+304B 805 2540 96 81 U+305B 1402 2051 87 76 U+306B 1432 1587 45 94 U+7336 950 1042 111 110 U+7D42 224 1261 114 137 U+75C5 821 334 94 123 U+5C0F 1546 797 90 73 U+7336 1687 1563 109 113 U+9262 1549 1950 110 115 U+306B 1142 2474 40 93 U+52D5 1842 1121 91 114 U+585A 950 1374 119 109 U+3042 1844 341 87 100 U+306B 996 2755 42 87 U+4EBA 1386 2318 117 111 U+304C 983 1294 64 64 U+3042 1847 1831 91 100 U+6DF1 1113 428 94 111 U+9262 1117 994 100 125 U+3066 1851 1024 66 112 U+7D66 1418 2140 73 80 U+3066 1263 1044 80 102 U+5973 952 2257 105 68 U+3082 1571 1640 57 101 U+5FF5 1696 1660 109 132 U+8A9E 223 743 110 130 U+306B 1143 1402 43 93 U+3081 970 675 80 73 U+80CC 1698 2483 100 141 U+4ECA 973 909 90 130 U+306B 1285 1928 41 77 U+3072 1116 2202 82 94 U+3072 1558 2349 89 86 U+3092 1843 2531 93 65 U+7D66 1271 2257 75 82 U+6367 1674 649 128 128 U+3072 1268 1377 82 86 U+307E 1275 1254 57 126 U+3092 1554 1335 95 115 U+306B 853 461 41 98 U+6059 817 1998 94 116 U+86C7 950 1159 103 120 U+304C 1713 578 66 73 U+5C01 1399 765 94 136 U+5C4F 1690 2123 105 158 U+98A8 1697 2278 122 125 U+304F 1143 546 29 104 U+57CB 1099 1509 102 89 U+3072 1408 1118 84 92 U+5802 1258 2508 98 115 U+3066 1853 2768 73 72 U+308C 1857 2403 70 110 U+3072 1266 2340 81 85 U+8001 1844 2002 91 122 U+308A 1719 2738 66 107 U+306E 1246 2636 111 91 U+3042 1123 2110 76 91 U+305A 1861 1506 75 125 U+307E 1134 1189 55 128 U+7D0D 1544 2153 95 109 U+6D99 1252 624 101 112 U+5E30 1259 2011 89 128 U+524D 1251 2738 102 110 U+305B 1851 1421 87 84 U+52AB 1112 1919 89 103 U+3075 953 828 105 96 U+304C 1132 2041 63 61 U+53F8 978 2060 65 103 U+3093 808 2460 122 84 U+7D66 981 751 67 77 U+305F 688 429 60 80 U+6212 953 426 107 119 U+8F3F 1375 1691 133 118 U+86C7 1535 881 108 116 U+3075 1689 1487 108 90 U+7D0D 1695 1290 101 100 U+3042 970 1491 86 91 U+308A 828 2704 58 126 U+5800 1092 659 110 112 U+3092 1544 1563 104 78 U+7D66 1567 2263 76 84 U+3070 1553 432 80 102 U+656C 1248 1142 99 121 U+305F 1703 757 67 105 U+9244 1687 930 103 118 U+5C3A 1544 335 83 99 U+3068 844 2266 25 117 U+306A 826 2124 76 75 U+305B 1117 1681 90 90 U+82E5 1255 1802 81 126 U+3084 959 1879 98 81 U+308B 1284 1575 44 88 U+3072 1552 1084 91 94 U+308A 1572 626 42 105 U+7D66 1710 1921 86 82 U+3051 678 571 89 110 U+305B 1262 524 81 89 U+862D 1257 1668 84 130 U+308B 670 678 107 119 U+3080 820 898 97 84 U+304B 1548 2429 101 70 U+306F 968 2470 70 53 U+306A 831 1284 67 71 U+307E 1403 1433 102 97 U+6349 1535 1749 120 103 U+304C 986 2174 63 62 U+51FA 1554 1175 94 79 U+4E16 1102 2387 112 70 U+306C 808 1450 108 86 U+5C1A 1845 2231 96 104 U+7D66 1409 1035 84 84 U+3064 960 2525 83 125 U+3066 1134 862 37 128 U+306F 1563 991 55 87 U+306A 837 981 64 97 U+51FA 1107 2571 103 69 U+548C 1839 2137 96 85 U+3082 1855 1320 60 103 U+305D 840 576 54 90 U+5949 1266 1457 82 123 U+306A 827 2392 67 68 U+306F 1275 432 47 93 U+3072 965 2647 86 98 U+3060 1856 1226 62 100 U+3060 1127 2286 59 87 U+6349 1835 2619 113 119 U+308A 996 1580 46 98 U+5B50 978 2342 57 117 U+8888 1547 2574 103 120 U+308B 1879 1929 35 71 U+3078 657 523 125 62 U+304B 1569 539 38 89 U+305D 1420 1219 57 106 U+3092 1404 2745 97 94 U+308B 1137 2640 40 74 U+3055 1134 1603 53 82 U+3088 1424 603 51 93 U+3066 842 772 45 127 U+308B 1581 1255 40 77 U+305F 831 2615 46 85 U+308A 1279 2141 47 107 U+308A 1866 926 42 103 U+308B 1719 858 43 81 U+308B 1866 716 44 75 U+3088 1731 2633 41 98 U+3078 1385 2222 124 43 U+87E0 1823 796 98 131 U+3057 1004 548 16 128 U+308A 843 1355 42 98 U+304B 987 1788 44 92 U+3053 1870 2339 42 61 U+305B 1112 763 73 94 U+306A 1840 634 84 88 U+3058 1738 1792 36 121 U+3078 1829 2740 113 30 U+3078 1687 2004 130 38 U+6708 266 459 54 133 U+307F 849 670 30 101 U+88DF 1553 2698 103 137 U+3057 881 1063 17 137 U+304C 1429 1341 72 95 U+304F 1425 694 37 103 U+3068 997 1684 33 96 U+638C 1398 2594 90 150 U+309D 1152 1314 25 65 U+3057 880 2190 16 127 U+308A 1856 550 50 90 U+3057 1292 942 17 107 U+307E 1853 436 51 117 seg_fp 1432 895 18 127 U+309D 1461 1520 21 54 seg_fp 270 569 39 39 seg_fp 1121 2731 54 112,200014740-00075_2
U+306E 1246 1576 120 110 U+3082 404 2733 56 100 U+304C 1264 1257 72 72 U+306E 501 1494 125 121 U+306E 965 2536 84 110 U+3082 241 1434 48 96 U+4ECA 1696 1360 92 149 U+3044 1243 318 92 62 U+306E 1688 1484 116 111 U+306E 376 2200 82 84 U+306E 1099 421 80 114 U+306E 1538 1284 120 118 U+306E 518 780 81 113 U+4EE3 1677 327 96 110 U+884C 1548 1141 73 157 U+306E 814 699 73 104 U+306E 803 1250 124 104 U+305F 821 2472 88 93 U+306B 545 1728 45 88 U+5E2B 1097 652 90 112 U+4E0A 1832 339 85 81 U+6C0F 1843 2032 82 120 U+767E 1099 1626 96 89 U+5E30 1395 750 85 134 U+5C71 1836 1929 82 89 U+306B 1126 773 44 86 U+306E 1838 2147 82 106 U+7AE5 809 801 70 132 U+306E 1825 1291 115 105 U+306E 1835 430 73 104 U+306E 651 540 117 112 U+5C0F 1835 1837 75 70 U+306E 504 506 87 101 U+306B 666 1889 100 99 U+5341 953 611 83 101 U+308A 1122 2009 54 117 U+3092 519 2283 91 70 U+3042 1110 1816 84 95 U+4EBA 1538 2327 113 109 U+306E 1679 735 105 123 U+306E 377 2528 77 103 U+5176 227 1541 88 105 U+3082 238 1935 56 102 U+304B 357 1138 105 70 U+8358 1395 1700 99 138 U+65E5 537 2200 52 68 U+3066 960 1771 75 101 U+3066 1406 1194 70 102 U+306E 1534 2249 126 91 U+304B 804 625 91 81 U+4E01 1092 322 95 88 U+6B64 1543 2070 85 85 U+5C71 1834 535 84 79 U+4E8B 661 632 82 133 U+9999 1548 2486 83 114 U+304C 539 2122 59 61 U+6765 660 432 94 124 U+306E 1708 2451 76 90 U+3067 1561 1734 68 111 U+4F4F 1691 841 86 111 U+304C 825 1070 63 66 U+56FD 954 321 89 102 U+4ED5 1240 965 104 94 U+6B64 507 613 98 88 U+5E9C 362 2082 109 115 U+304B 505 718 92 64 U+7D66 680 2192 69 81 U+56FD 1542 2153 84 91 U+7BE4 1540 738 84 147 U+6211 1395 1594 93 103 U+306B 1859 625 40 91 U+963F 1688 1605 88 99 U+5E74 655 311 90 121 U+306E 1828 907 81 103 U+5036 952 1567 100 119 U+3082 1256 475 56 114 U+6708 497 399 82 106 seg_fp 213 663 102 108 U+3066 525 2487 75 98 U+5927 1686 517 86 100 U+306B 1710 2744 102 98 U+306F 1702 2006 70 47 U+5FB3 1676 617 102 121 U+3066 1537 338 60 112 U+4E09 946 795 98 62 U+9E97 788 1497 111 126 U+56DB 509 317 85 64 U+305D 513 1307 96 113 U+65E5 1118 1733 58 71 U+3051 1262 2181 87 120 U+306F 1846 1785 62 46 U+3051 362 584 84 113 U+3031 1423 2183 63 202 U+4F55 1689 2074 96 104 U+306B 1543 641 89 111 U+3057 226 1653 99 92 U+56FD 1257 2577 84 86 U+56FD 378 1975 93 96 U+3064 653 1092 103 69 U+308A 971 509 53 99 U+7D42 212 2215 104 118 U+306A 816 1615 78 85 U+53BB 1262 1342 71 96 U+75C5 505 1594 105 120 U+306B 256 2320 47 90 U+306A 238 2045 82 74 U+7D66 385 1646 70 89 U+304A 532 2583 94 74 U+304A 386 2644 86 89 U+306E 1252 2489 86 98 U+307E 1120 1910 64 102 U+4E8C 947 727 99 43 U+4F9D 1389 882 106 109 U+6C34 1257 2724 103 101 U+805E 1546 1393 82 137 U+4FEE 1540 1019 97 113 U+304C 663 1686 110 91 U+6212 1086 521 110 118 U+3073 1394 516 95 111 U+6545 1826 1659 92 106 U+5B50 1725 2655 62 90 U+5E74 1253 1444 86 142 U+7D66 1686 960 88 125 U+306A 1703 1166 72 84 U+7D66 959 2101 89 113 U+7AE5 966 1197 68 132 U+611B 815 2161 89 143 U+3075 805 1884 111 93 U+3072 964 2212 83 89 U+3092 1552 2738 96 98 U+306A 373 1219 70 87 U+7D66 209 1174 98 118 U+5BB9 798 1141 109 118 U+3082 562 2647 40 101 U+3081 524 1425 60 83 U+3042 1253 2018 78 92 U+3092 962 1460 87 108 U+6020 664 1456 84 127 U+3066 1416 625 41 124 U+306B 703 2513 42 91 U+3053 1544 465 76 87 U+306A 673 1272 75 93 seg_fp 674 2604 87 114 U+3066 1137 1477 35 133 U+3066 857 2717 34 118 U+308A 1719 1247 43 104 U+3082 1413 1927 55 94 U+6276 952 2634 115 113 U+7336 1697 2535 97 116 U+7AE5 524 890 64 130 U+306F 1547 2443 79 46 U+9017 1104 2130 115 116 U+81E5 519 1823 88 101 U+5B87 1833 776 76 129 U+6625 1263 1668 77 118 U+71ED 1538 2618 107 105 U+63D0 1819 2395 111 98 U+308B 991 1105 36 89 U+3066 1282 1888 36 128 U+308C 1089 1197 137 91 U+306A 973 1018 71 91 U+6BBF 1690 2337 105 107 U+67D0 1709 2175 76 146 U+75DB 350 876 96 150 U+68A8 1693 1828 89 150 U+82E5 1836 1167 69 124 U+305B 380 1540 60 92 U+3066 1870 2716 38 111 U+306F 1411 318 57 102 U+3092 359 778 92 108 U+85AC 380 2381 80 145 U+3080 231 2428 96 87 U+3078 216 1296 111 56 U+304C 1126 2659 66 68 U+3092 817 1778 92 111 U+3048 1553 1536 79 114 U+8D77 959 2312 94 109 U+3080 1104 865 101 90 U+898B 677 1968 76 105 U+862D 1822 1008 94 158 U+308B 802 513 95 108 U+8D8A 1256 2379 86 102 U+307E 846 2539 47 90 U+307E 1113 2256 97 100 U+304F 257 2112 32 100 U+308B 547 2013 38 92 U+308B 1288 2299 39 73 U+6B73 953 871 87 136 U+306A 221 2521 99 90 U+5150 810 944 80 119 U+7D4C 519 2367 94 116 U+307E 367 1432 96 114 U+8A63 1399 2394 84 116 U+3057 1280 1085 21 162 U+306A 1251 795 75 76 U+3064 1398 1389 91 104 U+7D66 1114 1283 75 86 U+83E9 1840 2253 75 127 U+3069 691 756 63 117 U+3051 534 1923 51 91 U+306B 1428 1840 30 88 U+3078 1239 1064 111 38 U+305F 1395 1105 86 94 U+4F8D 1831 1393 90 124 U+7D66 1405 2509 83 119 U+5178 376 2280 87 109 U+5E74 678 2709 91 124 U+3075 655 2273 107 87 U+5B66 1541 891 102 127 U+4ED6 1108 2730 106 104 U+79C0 818 1341 78 155 U+3055 688 2345 55 80 U+3084 354 404 89 83 U+304B 533 1152 39 61 U+3060 226 303 101 89 U+3078 1242 2676 124 36 U+3057 1433 976 19 128 U+3057 1403 2028 86 82 U+308B 1435 1497 37 78 U+95CD 1687 1710 91 103 U+81E5 965 2430 89 108 U+3075 817 2630 89 89 U+3044 666 1043 86 55 U+3068 693 1162 29 101 U+306B 1864 2628 33 89 U+3089 1125 1086 48 111 U+3088 980 428 37 79 U+307E 232 744 67 132 U+304D 228 570 61 94 U+3068 997 2739 28 94 U+3068 1276 367 30 115 U+305B 825 2369 66 93 U+3066 1437 2719 42 113 U+3072 1114 1369 81 106 U+3066 389 1829 65 131 U+3078 205 1121 116 55 U+3075 360 1734 98 108 U+3075 1399 2628 89 97 U+3070 1420 2113 54 101 U+305F 1564 1836 50 124 U+9662 1833 2500 103 116 U+308B 701 2425 32 86 U+7D66 1117 2469 83 98 U+3069 259 1337 55 103 U+3075 1688 1079 92 90 U+306A 372 313 79 90 U+306B 1264 1798 68 87 U+307E 1417 1298 53 93 U+308A 977 2015 48 103 seg_fp 1715 429 23 72 U+305B 817 323 72 80 U+308B 839 1704 41 77 U+3061 677 1777 57 119 U+3081 1551 1661 65 69 U+308A 1276 2106 44 104 U+8FCE 213 996 97 114 U+3078 1090 1049 111 45 U+3075 1106 2572 96 96 U+4E00 1830 734 86 15 U+308B 259 1744 38 71 U+307F 381 497 29 91 U+3055 830 2304 52 69 U+308A 682 1589 52 124 U+3046 1274 599 32 105 U+304F 1573 1954 36 115 U+304F 255 2738 45 98 U+3057 270 1815 19 131 U+304F 842 2055 41 101 U+307F 388 1037 30 86 U+304F 1278 862 35 94 U+308A 1146 2355 36 111 U+308A 530 1209 48 111 U+304B 840 1982 41 73 U+3057 267 2613 17 132 U+308B 380 692 39 78 U+308B 1864 1523 31 104 U+304F 561 2738 36 100 U+3048 683 2079 85 104 U+304F 698 1360 26 92 U+3057 245 457 21 118 U+3082 680 873 65 91 U+3053 1412 439 45 74 U+5150 965 1345 85 113 U+3068 1573 550 30 90 U+304B 984 1892 40 73 U+3089 1266 701 40 94 U+3078 938 1970 126 44 U+3057 983 1658 26 124 U+309D 696 960 23 73 U+304B 1122 955 46 90 U+5150 515 1036 89 111 U+3089 831 409 33 115 U+3057 410 1295 23 138 U+3067 228 865 84 115 U+309D 264 391 23 71,200014740-00077_2
U+306E 1619 2354 70 111 U+3082 1775 327 45 108 U+4ECA 608 1178 90 136 U+3082 327 2178 52 99 U+306F 315 2581 71 53 U+306E 1759 915 82 111 U+3066 460 1297 78 104 U+306B 605 772 100 95 U+306E 601 429 107 92 U+3066 1476 464 73 103 U+898B 318 2279 87 109 U+306E 742 2724 79 111 U+3092 1618 329 89 75 U+306E 1625 2059 69 91 U+306E 1619 1311 80 101 U+306E 468 1112 65 103 U+3082 764 1596 49 98 U+3092 440 2075 101 83 U+3082 1495 2118 48 94 U+306B 749 1173 100 103 U+306F 1619 1639 72 56 U+306F 1483 1111 75 51 U+306E 459 413 74 91 U+306E 594 1940 82 114 U+3092 1605 2583 84 82 U+3059 311 2363 73 127 U+3066 1766 1554 75 103 U+306B 478 1630 47 88 U+5C3D 1186 1050 81 130 U+306B 1647 1965 45 81 U+306E 164 2274 80 114 U+304D 320 1522 56 134 U+4ECF 1605 1690 105 126 U+308A 1496 1512 47 92 U+4E8B 173 1402 73 152 U+4EBA 731 1374 113 135 U+4EBA 1759 1648 90 130 U+3064 1604 2671 96 74 U+3092 884 2484 96 69 U+5112 1467 570 94 115 U+306E 1041 1566 77 117 U+306E 1334 1644 68 76 U+4EBA 460 1498 91 127 U+306B 594 2210 90 92 U+5426 1335 986 69 124 U+306E 1472 795 110 106 U+306F 1182 324 77 65 U+305F 461 1020 90 103 U+306F 1048 2568 64 45 U+306E 1190 2076 73 118 U+3070 1049 432 62 117 U+308A 1195 683 55 106 U+305D 625 326 54 97 U+3066 628 1043 42 133 U+305D 1618 2249 84 98 U+306B 1028 1967 91 103 U+304B 1180 2005 92 78 U+306F 173 1549 74 60 U+53E4 1181 491 73 102 U+4EBA 735 2618 105 119 U+5F80 1173 381 97 114 U+304A 890 2218 93 62 U+3051 751 1857 93 120 U+5BB6 1625 1822 85 131 U+304F 1642 2743 45 92 U+306A 169 2394 75 95 U+9580 1471 703 94 93 U+306E 749 697 85 113 U+306B 1471 2568 87 90 U+308B 163 1301 96 103 U+3042 309 1154 75 95 U+4ED6 740 1272 96 110 U+308C 880 2373 126 108 U+7D66 1332 554 87 116 U+524D 308 2626 83 107 U+3092 450 932 101 80 U+751F 315 2725 59 107 U+304D 1055 1102 57 132 U+306E 1753 671 73 108 U+7406 1607 2469 88 92 U+3044 457 1741 80 52 U+306F 1046 1253 75 55 U+6765 1755 446 81 112 U+304A 458 323 85 80 U+751F 1047 1431 62 122 U+306B 917 1528 42 88 U+6B64 605 1309 89 99 U+3072 459 2351 88 94 U+306E 306 753 75 97 U+305F 1764 779 55 124 U+3080 157 1964 96 92 U+308A 1194 1881 60 106 U+8A73 1318 1399 98 134 U+3042 458 2450 75 87 U+306A 1337 1121 59 83 U+3081 1338 869 76 106 U+3061 1635 1515 57 109 U+306E 1174 2308 109 98 U+304D 888 2095 92 121 U+3042 895 1629 80 95 U+306A 917 527 68 99 U+5BB6 606 2051 75 146 U+304C 475 510 62 67 U+308A 620 2726 42 97 U+308A 629 934 50 117 U+8129 1029 1678 98 124 U+308A 1779 2720 51 119 U+3072 162 2171 81 104 U+524D 1040 1289 89 146 U+5584 610 520 65 119 U+4ED6 449 1404 96 108 U+5937 307 1668 83 135 U+4F11 1617 434 101 97 U+3042 1758 1135 81 90 U+5426 1041 1818 63 134 U+4ECF 1472 2221 102 119 U+5FC3 755 811 91 95 U+306E 1474 2343 75 97 U+3044 154 1619 97 67 U+3092 311 2073 88 104 U+4ECF 1172 2192 99 128 U+307E 180 809 53 112 U+3067 171 916 81 103 U+308B 336 2489 36 80 U+3051 1039 324 87 119 U+751F 897 1390 70 119 U+308B 1183 1329 97 104 U+306A 1488 1438 67 79 U+307B 1759 2630 74 90 U+6148 757 451 87 110 U+5BCC 603 1664 80 121 U+3093 1476 1856 100 113 U+3079 1319 1714 114 66 U+3070 1634 927 61 119 U+308A 312 1035 59 106 U+3081 757 320 79 126 U+5BCC 1046 568 84 119 U+3044 1331 2250 78 63 U+306A 170 998 74 89 U+524D 898 1263 76 123 U+3053 1755 2159 86 79 U+306B 622 1550 44 94 U+8CB4 1634 1173 64 128 U+6559 1473 2439 85 130 U+3072 309 649 89 96 U+8AD6 1169 787 108 120 U+8129 889 2726 102 115 U+63A5 722 2277 104 115 U+308B 933 623 38 80 U+5831 590 648 96 107 U+7D66 1324 1938 92 108 U+6559 898 719 90 132 U+304D 466 1789 54 93 U+304D 1749 2452 89 84 U+306E 898 2288 65 85 U+6B64 1028 2444 102 99 U+308A 186 1080 45 92 U+3053 317 1808 69 89 U+970A 1474 1968 85 137 U+5BCC 1620 1051 84 119 U+72C2 445 2713 89 120 U+3078 885 868 120 41 U+3068 1766 1313 74 112 U+3053 1187 1425 83 81 U+3075 737 1968 103 105 U+306A 754 1712 76 70 U+306A 168 1778 79 95 U+751F 611 1416 63 113 U+307F 1788 1025 34 93 U+304F 186 2047 35 120 U+305B 1339 1831 80 90 U+8CB4 609 1796 62 143 U+3084 1031 2346 92 73 U+5C02 755 918 73 111 U+307B 459 1882 89 96 U+3084 160 2747 91 85 U+5FC3 164 567 89 96 U+3075 1314 2315 101 90 U+308D 307 1956 86 119 U+307E 896 325 90 101 U+3042 1045 2613 72 112 U+308F 1186 1604 81 81 U+3055 1193 1187 60 69 U+4E16 1739 574 90 81 U+307E 300 1326 98 111 U+305B 1343 453 55 87 U+305D 1486 2744 68 96 U+306C 451 2625 96 81 U+3088 633 857 40 81 U+3075 1317 2744 109 92 U+308B 1054 2154 45 86 U+307F 487 1213 30 86 U+307F 1651 2149 32 91 U+3055 1355 1771 48 65 U+308C 592 2474 107 103 U+306B 1777 2286 39 85 U+6559 1481 904 83 126 U+7D66 1337 2657 70 85 U+3092 307 469 94 108 U+3057 1760 1766 77 87 U+305F 467 592 60 122 U+3068 898 1981 71 108 U+306F 734 2411 69 56 U+7FC1 1326 2105 96 136 U+308B 192 1873 37 79 U+3057 1073 973 16 135 U+6191 1324 321 92 137 U+308B 185 2571 41 83 U+308A 1780 1222 45 104 U+304F 1782 2045 30 115 U+307E 615 2381 42 93 U+304B 482 716 39 100 U+306E 174 320 68 127 U+306B 1352 1523 36 106 U+308A 1208 1680 38 108 U+305E 894 905 108 111 U+305B 165 2484 77 85 U+3089 486 816 33 126 U+3078 1464 1044 118 38 U+306A 1187 1794 72 93 U+3081 1629 533 57 86 U+8CA7 1047 825 77 150 U+305B 1479 1775 78 81 U+3058 331 897 63 140 U+3072 466 1981 77 87 U+5510 1478 1304 81 118 U+3058 1211 908 42 137 U+5584 167 439 65 145 U+3075 452 2174 83 88 U+3068 1213 1498 29 99 U+3044 304 564 79 82 U+3046 619 2287 34 109 U+3055 1623 705 54 89 U+306B 766 1506 33 92 U+308A 906 1720 61 113 U+306B 183 2666 33 82 U+308B 482 2261 41 84 U+3057 1504 322 24 151 U+308A 755 2466 45 102 U+3084 1468 1716 89 73 U+8352 1483 1154 79 140 U+3057 1793 1427 23 140 U+3093 1626 612 97 96 U+3078 1322 2055 111 47 U+3057 922 1829 23 155 U+3055 756 1779 60 73 U+8A00 306 328 79 136 U+3088 1204 609 38 73 U+304D 609 2541 62 107 U+304C 1350 2500 43 51 U+309E 1217 1254 51 72 U+3070 1335 1281 60 105 U+3088 915 2563 37 71 U+304F 913 2633 37 87 U+3088 1056 2063 33 90 U+3075 1325 665 88 101 U+3092 1186 2601 86 98 U+305F 605 2651 61 78 U+304F 764 2160 44 91 U+3055 316 1248 49 77 U+3044 1747 2385 72 53 U+304B 766 2075 42 91 U+3070 1773 1853 67 91 U+3068 1060 2241 38 103 U+3057 723 2502 103 110 seg_fp 1780 2530 24 97 U+304B 185 1684 34 94 U+308C 1627 795 60 130 U+541B 1334 2393 79 94 U+60B2 747 585 96 109 U+3089 1361 764 27 102 U+304B 914 1030 40 93 U+5FA1 1186 2403 79 74 U+3089 763 1037 44 134 U+3068 1074 697 28 108 U+3068 1500 1614 26 98 U+307F 1644 1419 29 96 U+304B 194 671 40 54 U+6CD5 1180 2488 86 95 U+304F 170 1169 77 62 U+3057 930 1119 21 138 U+304F 177 730 63 85 U+554F 1325 2565 94 87 U+3089 1798 1950 29 97 U+3057 949 424 14 104 U+3060 171 1228 86 78 U+3057 360 1429 17 127 U+309D 349 844 23 62 U+3089 1352 1204 32 88 U+309D 351 1896 19 44 U+3053 1494 2642 30 96 U+309D 1801 2234 22 42 U+3089 482 2535 34 97 seg_fp 1080 2726 24 99 U+805E 1193 2700 75 136 seg_fp 1899 2205 93 140 seg_fp 1082 2721 17 40,200014740-00088_1
U+91D1 1518 444 99 133 U+3082 1384 327 54 113 U+91D1 1692 2267 96 141 U+3066 801 1725 73 104 U+308C 1089 2208 118 98 U+306E 1526 588 78 112 U+3082 1842 1508 46 114 U+306E 1811 1105 75 84 U+3082 1097 435 51 94 U+3082 236 1278 52 104 U+306F 1675 1099 71 64 U+3066 1093 334 71 103 U+306E 1076 777 125 113 U+3066 1519 330 62 109 U+304D 933 571 94 111 U+306E 368 2008 73 79 U+308C 1388 2295 120 100 U+306F 368 1848 77 55 U+8853 493 844 94 133 U+306B 1706 1361 44 90 U+4EBA 1376 851 103 108 U+306E 934 326 85 111 U+3082 377 1529 51 108 U+3059 240 2705 75 127 U+306B 1383 1942 102 99 U+306F 1695 2215 78 59 U+3092 1236 2520 97 68 U+306E 1231 830 84 96 U+8CE2 930 442 96 123 U+74E6 341 326 103 123 U+306E 1681 2413 129 99 U+4EBA 932 661 107 117 U+306E 509 2485 91 97 U+8CB4 478 319 108 153 U+4EBA 1216 320 109 108 U+306F 940 796 79 51 U+306E 494 480 81 107 U+4EBA 360 1901 96 107 U+3066 201 433 70 97 U+306E 341 452 74 115 U+3082 1394 1030 56 97 U+3059 216 942 71 96 U+306F 1223 442 81 54 U+304F 1399 727 32 109 U+306E 643 324 81 99 U+306F 514 1772 77 61 U+306E 1537 2429 113 98 U+5FD7 1386 1139 87 99 U+3066 1398 2391 72 98 U+3082 958 842 52 102 U+3092 1811 1421 92 78 U+306B 801 2123 93 93 U+3064 1527 1613 91 99 U+84BC 1215 590 113 126 U+3081 522 2158 73 73 U+53C8 1528 2230 121 93 U+306E 1808 899 80 104 U+306F 498 791 85 65 U+304B 1527 1247 91 81 U+304C 1550 1864 69 71 U+6211 352 1343 91 102 U+3066 519 1140 46 120 U+5584 1662 318 71 139 U+308C 782 1629 125 104 U+306E 512 1658 78 98 U+3082 1684 843 56 109 U+308C 1225 1606 116 102 U+308D 1538 1324 89 97 U+3042 1534 1519 82 99 U+308A 1567 2115 46 108 U+4E0D 1806 1197 88 82 U+306F 657 1639 76 61 U+76CA 934 1246 106 113 U+8AA0 1369 1244 107 125 U+306F 540 2787 73 48 U+305A 1832 1968 91 109 U+308B 535 1469 41 82 U+306B 215 2031 93 107 U+3065 797 1932 91 121 U+305A 1690 1577 68 113 U+8CA1 1663 959 89 112 U+8EAB 1535 2308 80 133 U+76CA 955 1942 95 128 U+3082 545 2591 47 92 U+308C 940 1459 115 103 U+4E16 1373 1851 105 70 U+52B4 1250 2599 84 119 U+307B 1806 323 85 121 U+305A 220 1763 106 110 U+7CBE 1234 2266 99 130 U+5C71 801 1137 79 76 U+3044 1083 552 81 52 U+5F97 1094 1542 89 115 U+306A 1373 1541 105 100 U+3061 653 524 72 124 U+306A 522 1379 64 88 U+3082 527 1563 62 88 U+751F 813 2268 64 125 U+306E 526 2684 85 96 U+308B 219 1031 91 95 U+304B 217 2507 95 83 U+3072 1677 1265 79 94 U+6C0F 1232 730 87 101 U+6E05 652 1044 86 122 U+4EBA 1805 1003 97 108 U+3080 786 481 91 105 U+306E 214 624 72 96 U+307E 786 583 94 120 U+3066 967 1113 45 125 U+3042 1834 2198 71 84 U+4E14 357 1234 81 92 U+5BCC 1093 1189 80 120 U+304B 648 1296 93 74 U+308A 213 317 65 111 U+3092 1093 1441 93 107 U+5FC3 815 2739 94 98 U+306E 799 1453 81 87 U+305D 1110 2480 62 100 U+306A 964 2076 70 88 U+751F 375 2088 66 118 U+3053 1694 1873 77 90 U+501F 1823 2081 87 116 U+5BDF 1812 1636 88 161 U+51FA 1237 1699 97 88 U+8CDC 1221 933 102 123 U+3044 1106 2595 89 55 U+8096 530 2321 59 149 U+306B 1111 1088 48 93 U+3070 1259 2163 74 119 U+308A 367 856 48 106 U+306E 1087 607 73 77 U+305D 1792 782 106 105 U+308A 1685 656 50 98 U+306B 824 1347 41 86 U+3059 951 2601 104 102 U+308C 1248 2051 75 113 U+6563 1680 1460 94 121 U+5BCC 660 2698 95 132 U+3082 968 1662 47 91 U+3053 789 319 77 84 U+3044 647 649 82 67 U+4E3B 233 1136 49 122 U+305F 223 540 59 81 U+306A 1246 1969 80 83 U+6839 1653 462 103 120 U+3061 1097 962 67 119 U+306B 390 2369 41 79 U+7528 1698 2511 84 108 U+6E4A 503 2013 102 126 U+3092 802 2395 96 105 U+304F 1560 1407 31 105 U+795E 1243 2394 89 114 U+3070 964 1541 65 110 U+3042 952 1371 76 90 U+3042 1391 1371 72 86 U+6797 792 1225 98 109 U+5929 1226 508 87 90 U+306E 788 405 70 81 U+6613 367 958 70 117 U+6545 1534 1933 100 103 U+8CB4 1095 1313 69 131 U+3060 235 1474 82 101 U+89E3 338 565 103 130 U+4E8B 1103 1757 67 156 U+3053 225 1852 75 114 U+3057 802 1832 81 97 U+305E 657 2197 97 114 U+3053 1808 539 56 92 U+3064 1659 1172 88 93 U+306A 1234 1252 73 82 U+4E0D 517 2241 90 80 U+306A 1673 582 68 75 U+3070 667 796 60 103 U+5FB3 1512 704 99 126 U+3070 967 2249 66 116 U+3031 808 741 62 187 U+3081 961 1827 84 115 U+305A 1541 1113 77 117 U+3075 1521 1776 103 97 U+3079 1671 1683 116 51 U+4E00 802 2228 95 20 U+3050 400 2706 55 119 U+3064 219 2211 92 102 U+5DE7 501 1279 96 87 U+3092 1520 829 97 117 U+3044 670 2513 68 54 U+304F 1249 1148 59 101 U+304D 367 2544 94 98 U+3070 1121 2284 61 91 U+306A 1555 2038 61 78 U+4EBA 1831 2638 105 112 U+3042 225 2116 80 98 U+308B 1123 1659 40 83 U+7FA9 1809 1277 89 133 U+3046 1249 1413 36 119 U+306B 1403 955 29 79 U+3093 1832 2555 108 96 U+3069 692 2600 57 91 U+7D42 795 2489 92 151 U+3069 1827 439 64 95 U+3088 373 777 40 78 U+3055 231 1390 59 79 U+307E 241 1583 52 88 U+308A 672 962 41 98 U+7523 363 2222 91 146 U+307E 233 2290 64 135 U+306F 1844 2770 70 51 U+3057 385 1076 16 141 U+3057 1284 2721 17 117 U+304C 1407 1648 66 95 U+3057 1132 1982 17 149 U+3093 652 1439 109 96 U+3089 1412 1741 40 107 U+3059 1242 1050 68 103 U+308B 1262 1865 40 88 U+3078 1100 2795 118 40 U+308D 1367 525 89 124 U+304F 537 1909 39 95 U+3055 1111 2134 55 75 U+308B 837 2638 34 84 U+308B 375 690 35 79 U+3064 367 2458 83 84 U+304B 1556 1710 34 66 U+304C 382 1644 71 100 U+304B 662 2339 88 69 U+3082 975 2376 43 87 U+3089 380 1739 46 103 U+3057 1834 641 19 142 U+308B 250 2422 41 76 U+3088 1394 459 38 70 U+3081 972 2542 53 60 U+306B 500 988 76 66 U+3068 389 1447 29 87 U+307E 1245 1515 56 91 U+306A 1095 1910 91 80 U+7AAE 1381 2034 102 154 U+3081 380 2635 68 77 U+3092 793 1036 93 108 U+306C 652 2032 93 80 U+3081 953 1025 71 88 U+3089 1423 2188 33 111 U+307F 238 723 33 85 U+3057 1525 922 86 98 U+304B 672 914 36 50 U+3081 1835 1910 48 65 U+4E16 783 933 113 90 U+3057 683 1151 18 130 U+3092 1699 2624 100 101 U+77E5 1703 2718 95 103 U+306B 1115 2640 69 70 U+3068 684 1513 31 108 U+3061 1096 684 57 121 U+304F 1397 2475 87 65 U+304C 969 2785 77 59 U+304B 670 716 36 87 U+3072 1544 2743 108 89 U+305F 1843 2391 59 100 U+3084 648 1858 100 66 U+3068 241 823 27 110 U+3089 1726 2088 25 123 U+304B 819 2042 35 83 U+305F 1255 1779 52 84 U+3057 1715 1718 24 153 U+3078 1825 2352 97 62 U+3046 1108 870 36 98 U+308B 1424 2547 40 83 U+3089 1855 1797 30 113 U+308C 1698 1955 71 130 U+308B 685 2113 35 79 U+3068 254 2575 33 122 U+3046 670 1691 37 95 U+3046 665 427 33 100 U+307F 684 1925 28 100 U+304A 1550 2520 100 91 U+3061 503 674 77 124 U+308A 1407 1454 37 100 U+305F 1841 2282 64 72 U+3068 1693 754 30 94 U+5DF1 958 2689 94 81 U+3088 534 1832 40 79 U+304C 817 1545 75 86 U+304F 988 2160 40 91 U+3078 651 2573 109 41 U+3068 972 937 32 88 U+306B 810 702 41 86 U+307F 522 587 28 81 U+3068 982 1748 34 78 U+304F 1260 1330 44 85 U+3057 1438 2630 14 106 U+306A 1558 2673 79 70 U+3057 1434 631 20 138 U+3089 696 1359 21 83 U+3089 248 1675 25 105 U+3057 559 1050 12 106 U+3089 1560 1015 28 105 U+3053 1120 2389 33 97 U+3089 680 1780 22 85 U+304F 693 2397 37 98 U+309D 256 1958 24 57 U+3053 1571 2600 53 65 U+3057 1155 2704 20 88 U+3080 1403 2729 104 100 U+3089 1865 2484 25 81 U+3068 989 2455 41 72,200014740-00090_2
U+7533 832 1160 95 149 U+753A 597 1707 100 93 U+90FD 457 1437 124 156 U+5B89 787 291 161 161 U+5BFA 606 1573 97 127 U+8086 309 738 168 203 U+5742 167 1422 133 97 U+5224 460 2253 128 164 U+6B73 797 793 169 176 U+885B 161 2539 160 153 U+5927 161 1299 123 113 U+9577 157 2217 144 171 U+91CE 166 1868 128 161 U+6751 452 2054 149 138 U+4E19 815 1008 115 102 U+6C38 799 484 160 158 U+6751 158 2045 146 133 U+65E6 823 1938 116 97 U+9AD8 302 1566 85 120 U+4EAC 479 1286 104 155 U+5175 461 2407 131 134 U+6885 447 1859 168 155 U+901A 603 1800 102 106 U+5175 164 2396 142 123 U+590F 810 1547 137 177 U+66F8 295 554 173 180 U+5B5F 798 1360 152 162 U+4E94 794 668 157 86 U+9E97 292 1685 98 115 U+885B 457 2550 154 139 U+6A4B 283 1808 113 100 U+7B4B 305 1915 82 111 U+753A 606 2214 87 100 U+5409 828 1760 94 129 U+6761 607 1981 107 97 U+4E94 615 1913 86 68 U+30EB 648 2161 65 36 U+4E0A 618 2089 76 66 U+58F1 307 2034 82 102,200014740-00093_1
U+306E 1186 767 78 83 U+306E 971 1792 72 70 U+306E 550 1622 72 73 U+306E 535 910 71 62 U+306E 967 1095 63 58 U+92AD 1580 1029 141 123 U+5B50 1169 1488 125 90 U+5B54 1165 1396 146 84 U+81EA 1179 562 84 92 U+306E 1626 1649 69 66 U+5927 1792 1025 133 90 U+3044 946 670 86 43 U+3093 1404 1979 110 81 U+3082 775 1759 56 76 U+306B 323 797 80 55 U+5982 1564 2693 146 71 U+306F 1628 2125 54 97 U+671D 291 563 125 102 U+3092 749 843 74 72 seg_fp 314 992 108 97 U+3082 1210 1589 53 67 U+9AD8 1398 1456 101 113 U+52A9 1166 2056 129 90 U+7406 1157 980 133 78 U+5176 1570 2452 143 114 U+307B 1620 1251 79 86 U+91C8 1160 1077 131 122 U+8CA7 1404 1236 92 112 U+65E6 736 1175 111 65 U+6642 515 1519 134 112 U+52A9 727 1668 126 78 U+306B 546 1929 82 75 U+8AED 1576 1855 160 111 U+6559 1581 1726 155 114 U+751F 318 1517 101 76 U+610F 1795 1137 127 124 U+6B63 1387 1148 99 58 U+8CE2 1379 820 115 116 U+90A3 721 1261 132 87 U+3044 945 841 95 47 U+3092 1403 1816 75 68 U+719F 1567 571 150 121 U+306B 1606 925 92 78 U+5B70 726 2033 148 122 U+6298 726 1562 144 91 U+4E09 1188 1771 83 56 U+9053 1164 862 125 115 U+88F8 1365 2234 136 96 U+7523 506 984 122 106 U+66AE 512 2115 152 128 U+5B70 728 1842 149 109 U+60DC 913 557 141 101 U+8CB4 1382 1576 110 122 U+6B32 926 734 134 95 U+6E6F 1386 1705 111 109 U+5442 1814 921 79 89 U+6642 498 808 135 91 U+6A29 1166 1937 130 104 U+897F 926 1005 122 79 U+90AA 1378 1056 127 84 U+3060 553 1447 75 74 U+6545 1570 2573 159 106 U+6D6E 1789 556 140 127 U+6D74 722 931 141 86 U+98A8 1805 804 135 89 U+8FE6 1176 1198 115 85 U+6377 1574 1430 163 109 U+751F 501 555 120 75 U+6B7B 306 1625 125 79 U+3070 767 1109 78 46 U+798F 1374 1358 138 93 U+6D77 942 1151 131 115 U+4E16 1792 695 131 79 U+65BC 1170 1670 149 83 U+306A 327 1152 82 93 U+306A 1598 2227 92 100 U+304C 785 1959 58 48 U+3069 1647 1332 55 84 U+304C 347 1877 61 52 U+7121 938 1595 136 93 U+7136 1172 668 110 91 U+6E6F 1594 1145 124 103 U+306A 1614 1971 82 93 U+308C 771 1020 43 88 U+306B 1409 2434 82 59 U+55DA 301 1939 120 108 U+611A 1379 944 120 105 U+5F84 1567 1549 163 96 U+3082 1204 1836 73 97 U+9192 300 880 127 84 U+306B 543 2257 88 52 U+76E3 1585 727 116 109 U+3066 1423 2137 35 89 U+3068 1001 1519 44 75 U+846C 540 1700 104 110 U+308C 527 650 82 79 U+4F55 1585 2784 116 91 U+3068 354 1073 29 76 U+5982 281 1372 138 60 U+3084 754 2153 81 68 U+306A 956 1962 83 102 U+308C 1374 655 107 108 U+308A 979 2060 46 90 U+6E6F 727 734 119 102 U+3068 1642 2875 29 88 U+3066 1225 2893 61 65 U+6E6F 515 1099 108 108 U+6D74 1383 1891 133 81 U+3089 562 1273 35 92 U+306B 1208 2843 82 51 U+6E6F 306 680 111 109 U+547C 305 2066 127 88 U+304B 553 1210 42 62 U+3066 748 559 60 58 U+5F62 1371 2344 126 81 U+3070 1407 777 84 32 U+3055 974 1276 53 79 U+308A 981 1438 47 86 U+6B7B 518 1377 134 73 U+306E 1184 2655 128 87 U+306A 1393 2503 89 98 U+6D44 730 627 124 98 U+6F45 527 1808 121 115 U+6B32 939 1698 140 92 U+3089 779 2221 36 102 U+6B32 921 2154 150 107 U+304F 351 1450 27 54 U+306F 1416 2683 67 25 U+3082 1216 2154 45 77 U+308B 1624 856 43 68 U+304C 351 1306 49 47 U+5929 1392 2715 118 100 U+307E 334 2174 67 91 U+307E 756 1393 73 92 U+5F62 930 1866 132 90 U+7523 1165 2245 122 166 U+5730 1395 2846 126 101 U+308B 1639 2059 34 63 U+5BB9 1190 2754 113 78 U+3066 560 2003 44 95 U+91CD 311 1772 99 87 U+306A 1386 561 86 95 U+3082 971 931 66 61 U+3089 998 1357 24 86 U+3057 1648 2322 38 118 U+3068 1434 2057 23 72 U+308B 354 1246 28 60 U+308B 1435 2602 27 52 U+3055 780 1337 36 61 U+3082 1216 1283 58 98 U+3082 768 1484 49 74 U+57A2 978 2267 82 89 U+305F 541 734 50 74 seg_fp 1802 1312 135 149 seg_fp 987 888 20 49 U+308C 1196 2367 92 91 seg_fp 931 2274 48 96 U+307E 1223 2514 53 106 U+309D 358 2273 22 40 seg_fp 1245 2454 19 41,200015779_00005_2
U+3031 143 781 71 140 U+306E 852 2092 92 81 U+3031 128 1314 112 154 U+3031 1555 2188 87 139 U+306F 357 874 87 53 U+306F 611 1280 94 54 U+4E0B 1299 2130 110 98 U+306E 623 2673 84 69 U+306F 848 2024 102 55 U+30B5 168 1472 67 66 U+306E 852 2489 89 71 U+574A 582 1148 127 117 U+306E 149 3014 86 71 U+3031 853 1380 98 151 U+3066 1321 2511 93 86 U+304A 598 1347 104 69 U+306B 608 1834 95 69 U+3076 350 1523 124 97 U+3031 1088 2042 102 141 U+304A 1079 1083 114 86 U+306B 359 1222 103 79 U+3092 140 2514 89 115 U+306A 155 2770 86 96 U+304A 1318 2597 104 80 U+306A 855 1213 73 107 U+30A2 184 1553 49 61 U+5144 129 1634 123 132 U+306F 369 1990 97 50 U+3031 1088 2708 104 127 U+306A 1323 1694 95 95 U+5144 363 1644 120 115 U+308A 863 759 54 98 U+3093 601 1720 106 100 U+3069 1332 469 82 96 U+3088 1558 1738 82 91 U+306E 1846 2043 64 55 U+3072 130 1996 118 77 U+306A 1324 1446 93 77 U+3088 1339 1791 60 93 U+30A2 1136 478 53 68 U+7537 1828 1256 71 96 U+6765 1545 2331 94 138 U+304A 1538 2707 110 81 U+3088 627 1037 68 92 U+3042 1750 2547 67 69 U+5144 839 1668 121 126 U+305E 1553 2589 94 107 U+3070 1845 1496 73 79 U+3088 1107 897 69 93 U+3092 1324 2244 85 124 U+306F 1093 1399 90 61 U+3061 851 2837 84 86 U+307E 1855 2558 52 67 U+306E 1840 1194 60 56 U+3042 1324 2689 96 107 U+306A 383 2748 93 97 U+8E0F 576 481 139 122 U+3093 1315 1603 122 98 U+306E 1847 1885 62 51 U+3053 1332 1174 78 71 U+3088 394 2258 62 88 U+3070 1750 1408 70 78 U+3073 1318 1343 112 105 U+3092 851 2999 105 91 U+624B 1836 476 45 77 U+898B 1321 2375 86 117 U+3070 1088 2175 98 126 U+305D 1097 1739 71 108 U+574A 118 2884 129 116 U+30B5 416 2366 55 76 U+3064 619 1538 75 79 U+3082 1618 609 45 60 U+8863 107 2382 139 122 U+3046 1577 2889 38 105 U+30A2 1141 1011 64 69 U+5144 1317 804 104 116 U+7AF9 1731 1908 92 87 U+5973 1735 1674 87 70 U+6301 1824 707 77 74 U+3089 650 2385 35 107 U+3067 138 2271 101 101 U+3031 864 2351 96 128 U+3093 1308 1011 129 109 U+3084 1543 2093 88 98 U+305F 851 1096 87 107 U+3093 836 1888 125 115 U+30A2 1602 1854 48 54 U+305D 1560 1922 65 93 U+3076 1533 2800 115 90 U+7537 1845 1776 69 99 U+3093 357 1869 133 109 U+98DB 1085 2839 127 130 U+3042 375 2045 94 121 U+3057 373 2637 94 109 U+30A2 423 2442 52 61 U+3055 386 1776 57 98 U+3031 367 2960 46 112 U+304F 1350 2030 39 86 U+3089 1760 2184 56 72 U+3055 148 1770 73 93 U+30F2 349 616 52 73 U+3082 1617 1124 43 62 U+3066 1604 1297 63 64 U+516D 1831 1364 76 63 U+306A 1517 476 75 71 U+30B3 881 1554 55 39 U+574A 328 742 132 125 U+304D 849 984 82 112 U+308A 144 703 52 106 U+3076 107 1128 120 94 U+80FD 598 2519 124 145 U+306E 1611 894 59 59 U+3044 1541 1490 97 58 U+3093 345 1116 120 94 U+3060 1318 677 104 103 U+624B 1853 2103 53 92 U+306E 1750 1611 58 53 U+3076 602 2119 127 87 U+3070 862 2572 78 128 U+3060 840 673 104 91 U+308D 138 1021 76 111 U+308A 1120 3027 47 68 U+3076 1076 1182 132 96 U+80FD 1305 1907 120 125 U+3044 1525 769 65 41 U+304B 1603 764 73 59 U+3046 635 610 39 96 U+3046 1550 1137 37 95 U+306E 1856 2747 66 49 U+3061 1086 2457 88 96 U+3055 861 1804 69 86 U+3068 626 705 55 108 U+3084 841 1322 93 86 U+308F 851 2204 86 68 U+3093 823 567 107 94 U+3061 351 937 101 108 U+3093 140 1862 104 108 U+5B50 1848 1954 58 80 U+306E 1611 666 54 59 U+30C4 1757 1361 54 46 U+3060 1087 1614 104 103 U+305B 1605 1234 59 59 U+3088 1099 550 63 110 U+30EC 890 1605 78 44 U+6876 1820 554 79 78 U+3061 1523 890 66 76 U+3088 142 1218 69 101 U+3064 1082 2387 86 50 U+308A 1760 1533 35 70 U+306E 1526 637 56 52 U+3068 631 1430 40 99 U+3057 609 829 91 107 U+307E 1529 547 51 75 U+6876 1737 2921 98 102 U+305F 622 940 74 88 U+3044 1082 2553 100 68 U+6301 1734 2461 90 80 U+305F 1610 1183 57 52 U+3053 1326 590 76 81 U+306E 1845 1705 60 52 U+306E 1750 1758 60 61 U+304D 1604 527 77 87 U+3068 1774 474 31 63 U+3044 846 2927 97 75 U+304D 1312 2881 110 104 U+305F 1554 2482 75 96 U+3055 625 1641 61 79 U+304A 358 1318 101 89 U+304B 1854 1576 37 52 U+308D 1529 691 57 76 U+306E 1759 2759 55 44 U+8131 116 2646 152 120 U+308A 1567 2013 49 92 U+3093 609 2972 114 76 U+3068 855 484 52 85 U+3093 833 2264 126 95 U+305F 134 610 70 100 U+4E0B 361 2534 105 97 U+3086 1754 691 66 61 U+3055 1337 1536 61 69 U+3060 1100 2618 91 90 U+733F 1836 2462 91 96 U+306F 1850 2635 56 40 U+3092 1844 2197 64 98 U+3053 138 934 76 80 U+30B3 423 2862 52 38 U+304A 608 1920 102 83 U+306A 1765 542 43 52 U+3055 1336 934 66 79 U+304B 644 2312 37 74 U+306F 1753 1234 62 42 U+3081 1617 818 49 72 U+3068 165 2084 37 84 U+3093 357 1401 106 117 U+308D 1331 1262 81 92 U+3048 1749 2256 68 84 U+3088 1344 2983 54 93 U+3084 351 1042 111 81 U+304F 1526 825 60 62 U+308B 1762 2398 43 50 U+304B 1764 1490 30 45 U+30C4 1840 1441 63 38 U+3092 1836 628 57 74 U+30F2 885 875 52 63 U+56DB 1828 952 71 42 U+3053 1751 2061 59 63 U+3084 1607 471 65 49 U+3060 620 2197 115 96 U+3067 1742 2001 77 43 U+5B50 1749 1822 51 78 U+305F 1751 2342 62 58 U+3060 1103 2956 99 68 U+304B 1764 947 34 57 U+3084 1072 1986 98 75 U+304D 1840 2384 72 66 U+4E09 1746 1290 76 55 U+3088 1559 1357 76 124 U+308A 1859 1628 39 75 U+3072 1836 2297 74 80 U+3057 1553 1223 22 111 U+624B 1757 2814 54 97 U+30F2 398 526 49 49 U+3073 1746 2687 82 71 U+3053 1108 1471 66 68 U+304B 756 2779 38 45 U+30E4 425 2966 57 54 U+3076 616 3037 122 60 U+3084 1524 1071 77 66 U+308A 1109 1852 61 122 U+574A 581 2810 138 106 U+305D 1761 2616 47 70 U+3046 1112 1282 54 121 U+3093 367 2157 111 94 U+3044 758 2875 45 44 U+306A 751 2738 44 43 U+304A 612 2914 89 66 U+3093 600 2003 94 98 U+30E4 1359 1125 74 62 U+3078 1759 647 66 44 U+3073 1525 974 80 90 U+5C53 1731 1053 85 106 U+30EA 436 2904 38 60 U+3044 1076 669 94 73 U+5F85 99 479 147 143 U+306E 760 2831 38 34 U+305B 757 2691 45 49 U+3031 1561 1596 86 152 U+308B 1346 2795 52 72 U+308A 162 2166 46 105 U+3031 1568 1536 81 94 U+308A 1774 596 35 53 U+3078 1742 1001 70 37 U+3082 760 2918 35 49 U+3046 1874 2864 28 57 U+3084 1858 2805 59 61 U+300C 611 2763 126 94 U+30FD 902 938 34 43 U+30FD 415 576 21 42 U+3064 850 2737 81 92 U+3057 1774 2124 26 60 U+3068 763 2964 29 55 U+3057 1878 2673 14 66 U+4F59 1833 1111 70 65 U+304F 1775 764 33 76 U+3031 1106 771 79 143 seg_fp 1841 796 32 38 U+3092 1611 1050 63 70 U+25B2 1755 870 126 43 U+3068 1775 3022 27 63 U+309D 1113 2293 38 61 seg_fp 1832 1005 58 37 U+306F 1555 3023 84 47 U+306B 1849 2924 68 49 U+309D 1625 729 27 33 U+30FD 370 688 18 38 U+309D 1122 1538 44 77 U+3057 1772 1154 19 79 U+5B50 1622 963 41 59 U+300C 341 485 140 98 seg_fp 316 2248 59 110 U+309D 869 2693 35 54,200015779_00021_1
U+8005 1844 442 121 138 U+306E 1634 1742 82 71 U+306E 695 1879 76 67 U+3067 225 1666 85 84 U+3082 482 2276 65 85 U+306A 1170 1786 80 87 U+624B 219 1416 95 127 U+305F 244 673 66 80 U+3031 231 1260 90 153 U+306F 456 871 71 56 U+61F2 1834 1136 142 124 U+3092 238 2064 85 110 U+30B5 1171 439 87 69 U+6E6F 1840 894 132 136 U+6D44 1616 1831 132 127 U+308B 1650 2408 54 69 U+9019 215 464 123 121 U+3057 1157 854 88 87 U+7686 1371 442 118 120 U+6298 898 1988 128 117 U+3031 457 1257 86 146 U+5165 654 1237 138 72 U+6642 1608 1274 128 130 U+898B 467 2800 120 117 U+306A 476 2935 84 85 U+3089 490 2153 47 110 U+9019 1145 1567 128 136 U+3042 1407 2307 74 88 U+3067 1860 1046 88 88 U+5165 1135 709 136 78 U+5165 1134 1719 144 72 U+3067 239 2311 85 89 U+306E 919 1342 85 84 U+306F 1862 600 95 53 U+6876 206 1547 122 112 U+3044 456 2507 100 68 U+304B 705 662 42 69 U+30C8 514 461 35 64 U+5F37 656 452 129 128 U+65B9 681 1962 92 94 U+3088 247 769 60 81 U+307E 697 2073 59 82 U+306F 1642 1095 82 63 U+304C 943 1916 65 61 U+307E 1179 780 55 75 U+3082 1886 2263 47 93 U+3082 1186 2788 57 80 U+3082 940 1244 55 98 U+304A 924 2506 98 75 U+5144 1155 1051 111 96 U+3092 1635 2177 80 91 U+30A2 1197 511 51 58 U+6E6F 1847 1628 122 131 U+6AD3 1597 1606 140 121 U+5165 213 603 135 70 U+71B1 1839 669 133 134 U+3046 952 2222 41 104 U+3056 1405 2753 86 65 U+306C 693 2242 80 87 U+4EBA 1603 2491 141 85 U+65E9 1151 1339 90 117 U+307E 1418 2886 66 76 U+304C 943 992 71 73 U+3064 214 1032 103 60 U+6E6F 1624 533 123 133 U+304A 1160 1960 94 75 U+304C 1655 2579 57 57 U+6C72 227 2199 137 99 U+89D2 927 2108 85 112 U+9006 1614 1482 134 114 U+91D1 337 824 63 89 U+305F 699 1483 60 77 U+3088 1177 948 64 74 U+304B 945 1428 44 60 U+3059 1422 2966 53 80 U+3060 225 1754 108 107 U+4E8B 944 864 59 126 U+3093 917 1801 110 106 U+662F 1382 2141 115 109 U+7483 1611 2052 121 125 U+307E 1400 982 66 114 U+9244 658 1663 130 115 U+307E 1653 996 61 91 U+3068 1883 1529 52 84 U+306F 1409 2258 69 43 U+307E 1382 1780 45 60 U+3066 929 2418 72 76 U+305E 463 1149 72 102 U+30A2 239 2557 43 54 U+5F37 431 945 118 99 U+3031 261 1943 69 117 U+3059 1649 1155 68 115 U+3067 687 2171 73 68 U+308A 1428 2819 41 63 U+3092 1637 674 78 100 U+305B 1861 1367 85 83 U+8A9E 1605 2291 131 100 U+767D 241 2803 87 76 U+5F37 458 2378 110 99 U+91D1 557 666 66 68 U+306A 1870 2072 68 104 U+3031 501 564 59 88 U+3092 1177 2942 96 85 U+3093 1151 1235 99 88 U+5144 572 1405 60 67 U+30E4 724 952 61 56 U+30BD 281 2420 53 37 U+308A 1428 2391 41 74 U+306F 930 3004 90 40 U+7460 1615 1961 119 79 U+304A 454 1970 105 98 U+5144 1281 1893 48 67 U+306E 1181 2870 72 70 U+3055 1403 576 59 76 U+30B5 1662 2854 57 56 U+96BA 917 2868 110 124 U+9019 1133 596 113 100 U+304A 444 1504 108 70 U+3055 933 1714 66 86 U+306F 1633 1401 77 58 U+305F 711 2700 66 76 U+30E4 1404 1229 88 51 U+71B1 1150 2597 125 127 U+5449 919 2585 111 106 U+304F 716 2410 38 108 U+3055 1876 1272 58 80 U+3042 925 1083 84 93 U+304C 1426 2469 63 53 U+306F 1851 2559 47 56 U+3056 226 2484 55 67 U+300C 1141 1896 135 93 U+3062 924 1606 91 105 U+30C4 1398 1603 56 48 U+306D 1378 863 113 115 U+96BA 423 731 111 133 U+3060 1165 2492 89 83 U+3046 1426 2593 42 86 U+3054 1416 2681 85 63 U+3064 1173 2133 69 70 U+307E 1395 654 77 86 U+3042 913 597 89 120 U+306E 1870 2358 80 84 U+308B 1880 1445 59 85 U+3055 1169 1160 62 80 U+304D 1439 1863 53 59 U+308B 705 2329 55 80 U+30EA 670 973 38 64 U+30E4 663 1033 63 59 U+3059 1383 1880 45 59 U+3088 244 1092 49 94 U+3044 1852 810 102 74 U+30C8 1450 1733 42 58 U+3092 1842 2668 53 64 U+307E 1173 2405 62 88 U+30E4 1420 1476 63 55 U+70AE 662 1777 139 97 U+306A 700 2532 66 90 U+30A2 1668 2914 52 52 U+30C8 1892 2879 46 62 U+3044 1624 2794 96 49 U+304D 1638 894 92 103 U+304F 1185 1451 38 95 U+3044 465 2069 86 84 U+9762 223 2700 108 92 U+305F 1411 2521 73 69 U+3044 692 591 74 56 U+308B 1893 2172 42 78 U+306F 1401 752 65 103 U+3044 455 1070 74 79 U+306B 1864 1983 97 70 U+30EC 519 2738 45 43 U+3044 922 797 79 61 U+9019 664 1105 120 124 U+30C4 1427 1285 63 37 U+3044 221 1188 80 70 U+30EC 291 2469 50 46 U+306F 940 2802 87 51 U+30EA 740 884 34 61 U+306F 1376 1846 56 33 U+307E 698 1294 54 99 U+3044 1158 2730 99 62 U+80FD 1609 2665 120 119 U+30A4 1438 2022 32 62 U+3093 1155 2293 89 97 U+304A 916 1511 108 93 U+304B 1620 794 111 102 U+3089 720 734 26 91 U+5ACC 1836 1768 123 113 U+30B3 729 840 50 39 U+30B7 1397 1535 60 59 U+30A6 763 2858 41 53 U+30F3 500 535 62 41 U+30B7 1398 1653 48 54 U+30C8 1913 2997 36 55 U+30B3 512 2691 47 36 U+308B 941 1172 54 69 U+3072 1869 1884 84 96 U+3068 1188 2035 42 88 U+3081 1854 2620 40 47 U+3055 1874 2446 68 87 U+3076 220 1857 112 94 U+3081 945 2320 59 98 U+8A5E 1602 444 65 70 U+3093 450 1857 82 96 U+30B3 655 927 58 37 U+3088 492 2579 43 78 U+30E2 749 2797 48 38 U+300C 881 451 158 118 U+8FD4 1678 450 72 68 U+300C 427 1420 155 119 U+3060 946 2712 84 87 U+3031 1671 2959 48 69 U+30F3 1873 2949 76 49 U+30F2 261 921 49 53 U+30C4 1385 1368 52 51 U+30B7 1379 1301 63 69 U+3064 706 2629 72 70 U+305F 1841 2732 58 51 U+300C 691 1580 123 105 U+3064 467 1677 67 73 U+3064 914 717 90 78 U+30C8 1925 2557 32 56 U+30CB 940 548 61 28 U+304B 1444 1820 36 38 U+5F15 237 2608 49 67 U+30FD 277 975 28 36 U+3031 1395 2063 39 61 U+3059 1401 1098 52 105 U+305E 251 2889 71 83 U+300C 413 673 156 107 U+30C8 1931 2801 26 50 U+91D1 1524 1936 40 82 U+304F 1852 2795 40 67 U+3031 1914 2695 44 59 U+30B7 1388 1420 64 48 U+30CF 1413 1991 68 30 seg_fp 1180 2219 59 76 U+91D1 1048 448 39 78 U+3068 477 1573 46 98 U+3031 255 2953 87 104 U+300C 1387 1952 135 94 U+30F3 1909 2626 57 34 U+3057 719 1395 29 86 seg_fp 469 1770 71 86 U+3057 686 2907 99 131 U+3031 1925 2747 38 53 U+300C 198 879 159 106 U+30CA 950 486 46 60 U+3031 1915 2654 45 43 U+3088 726 2906 39 62 seg_fp 937 2671 85 33 U+309D 1871 2783 22 27 seg_fp 689 2916 19 116,200015779_00022_2
U+306E 1171 2328 86 83 U+3082 492 1621 66 97 U+304A 1652 529 97 65 U+3066 1160 1719 85 83 U+3031 941 2388 86 128 U+820C 1643 618 108 99 U+6B4C 459 1984 121 130 U+306B 1175 1196 92 64 U+304F 257 683 54 94 U+3082 712 738 66 97 U+3066 925 2891 86 70 U+304C 1665 1849 72 71 U+306E 1408 2464 76 67 U+304B 1192 2042 51 76 U+7078 1628 1709 118 143 U+3082 490 1880 71 88 U+3082 490 775 53 91 U+306B 1886 649 86 61 U+5144 472 1286 105 122 U+306A 1895 725 67 99 U+304F 701 2092 56 107 U+304A 1870 2187 100 64 U+5E74 246 2127 94 127 U+5341 240 1021 76 90 U+30B5 498 1077 68 73 U+4E09 243 1129 102 65 U+7078 1176 1267 107 143 U+6D17 1647 848 124 115 U+3082 717 1224 53 95 U+3084 1153 522 117 79 U+304B 1429 1093 48 62 U+304C 1895 1552 71 59 U+3064 232 873 91 61 U+3046 1195 699 46 116 U+7078 1629 2776 107 140 U+3031 1177 3003 84 111 U+59B9 1288 1786 71 68 U+306E 1652 1445 84 81 U+574A 1150 1079 131 100 U+3031 1415 2743 72 119 U+304A 928 1221 105 68 U+611B 1172 937 95 125 U+3046 1198 2208 40 105 U+3092 1662 727 79 110 U+30A2 1456 1153 49 63 U+308C 697 530 83 110 U+3092 1404 2853 76 97 U+3066 1397 3038 87 77 U+306A 701 1883 73 96 U+307E 1633 2469 98 100 U+3084 911 752 115 86 U+3084 241 1745 94 94 U+3042 250 2890 85 95 U+3042 1648 1935 76 88 U+53EF 1173 821 104 105 U+3060 1877 2630 84 81 U+3089 1675 1187 49 99 U+3067 700 668 91 69 U+304A 690 1685 104 84 U+30A6 295 792 47 61 U+305E 941 1027 84 106 U+65B9 1639 1523 89 111 U+304A 1875 1336 99 61 U+3092 697 1414 103 102 U+306F 1647 1644 82 53 U+30A2 516 1149 47 63 U+3089 1198 601 57 99 U+308F 265 2279 56 82 U+304B 1425 1828 51 71 U+3092 481 2129 82 104 U+3046 952 922 48 112 U+3031 1879 1218 35 88 U+30A2 1222 2117 53 66 U+3044 243 540 97 61 U+306E 1873 2715 73 77 U+305B 1643 2581 65 70 U+306A 475 2545 88 94 U+30E2 968 2550 58 60 U+3059 1188 1494 58 108 U+3072 476 2446 96 94 U+306A 467 535 80 99 U+30A6 1217 2425 55 60 U+3066 929 646 74 93 U+305F 1893 907 63 84 U+59B9 1516 855 69 58 U+6E29 913 2772 127 104 U+30E2 967 1688 62 55 U+8179 1624 1301 132 130 U+306E 256 3012 74 72 U+306F 699 2547 92 54 U+3046 1652 2652 48 107 U+3089 945 841 75 81 U+6BCD 1372 2187 158 84 U+30DB 1912 1118 72 61 U+30A6 981 1760 53 64 U+54B3 1859 1424 118 109 U+3057 922 532 95 117 U+96BA 466 1733 104 139 U+3089 1679 2167 31 100 U+30A6 1440 1420 53 62 U+304B 1679 1120 45 68 U+3069 725 2839 69 90 U+3093 469 1504 99 101 U+305B 689 849 99 92 U+5B50 1891 534 77 98 U+30F2 1916 1821 53 63 U+3081 1413 2289 71 81 U+3060 931 2303 93 93 U+30A6 1235 1423 47 54 U+305E 1891 1008 84 93 U+306A 254 1217 69 101 U+304A 703 2938 92 74 U+306D 682 2200 109 131 U+306A 260 2593 85 98 U+3046 504 2251 44 102 U+306E 708 1319 72 96 U+307E 1878 2966 54 83 U+307B 695 2746 98 93 U+3059 1418 519 60 121 U+3044 466 713 93 64 U+3093 931 1576 94 96 U+3031 468 1154 28 113 U+307E 487 3035 78 71 U+30A6 295 941 47 65 U+306E 478 868 78 88 U+5144 1056 1118 60 65 U+51FA 1869 1618 96 101 U+3051 252 2438 80 99 U+3046 962 2053 37 85 U+3064 950 1402 68 73 U+3048 1170 1599 91 108 U+3055 477 1423 74 82 U+91D1 1520 1245 59 76 U+30C4 974 2622 62 47 U+3057 1404 2957 80 82 U+308B 1664 2017 49 71 U+304B 1668 2100 41 69 U+3064 252 1388 81 74 U+30A2 300 2707 53 71 U+3064 1675 974 65 58 U+30A2 1448 1749 55 69 U+3064 1413 1017 84 70 U+5144 360 1842 53 76 U+3031 1160 2615 34 89 U+308A 1887 3047 43 73 U+96BA 684 2408 109 129 U+304B 1423 1688 46 56 U+51FA 931 1847 92 97 U+306B 1394 1916 97 106 U+305F 488 2352 79 90 U+305F 1679 1034 64 72 U+3092 480 960 75 107 U+305F 1420 770 66 80 U+3068 718 1770 42 101 U+3093 1855 2885 110 74 U+5144 592 2653 52 70 U+306A 1407 2653 88 89 U+3088 957 1952 58 97 U+3060 1414 2372 99 83 U+3055 496 2974 58 60 U+6BCD 1146 2734 134 73 U+3042 1870 2817 76 74 U+3060 254 2015 92 94 U+60AA 1869 1972 106 132 U+306D 689 1039 103 114 U+3048 1401 641 90 122 U+3078 679 2334 115 63 U+5144 1058 2986 56 70 U+3078 698 1157 99 80 U+3064 1878 2355 80 83 U+305D 255 1542 65 103 U+30CB 727 1636 61 33 U+3064 702 949 82 90 U+30C8 995 2677 30 49 U+662F 694 2618 113 122 U+306A 1172 2944 60 80 U+30A2 301 2377 44 70 U+3064 1891 828 76 79 U+30A6 1687 2930 48 71 U+3068 1892 2262 44 88 U+308B 1887 1720 61 80 U+3078 243 2533 103 57 U+3044 1877 2108 83 64 U+6708 472 2868 89 107 U+3088 1662 2284 50 85 U+308A 275 1644 44 104 U+3093 1864 2529 75 91 U+3068 955 1308 42 90 U+3064 1172 1957 88 72 U+300C 240 1483 130 92 U+300C 916 1149 148 117 U+305D 940 3023 66 83 U+8AB0 1609 2991 129 111 U+304A 1161 1872 103 82 U+300C 908 2147 142 112 U+3044 1405 2113 82 59 U+91D1 365 1433 46 94 U+307E 250 1906 71 111 U+304A 1401 1507 100 80 U+307E 944 2198 57 104 U+300C 241 1862 124 103 U+304A 1403 930 94 85 U+3068 726 3011 42 83 U+91D1 1045 2101 48 95 U+3046 1425 2547 47 112 U+30A4 295 610 34 73 U+3046 1176 2855 42 100 U+300C 233 2821 141 101 seg_fp 1047 2916 41 45 seg_fp 375 2835 36 59 U+91D1 1283 2471 56 96 U+30A6 539 2810 44 56 U+3057 1681 2363 31 97 U+3064 1403 1597 91 87 U+30A4 1936 1188 30 55 U+30A2 1255 2825 39 63 seg_fp 943 1495 78 86 U+300C 697 1524 126 122 U+30F2 1866 1888 52 50 U+30DB 1427 1294 66 76 seg_fp 358 2796 61 40 U+300C 465 2669 134 114 U+3057 719 1976 34 124 U+30CA 725 1578 51 55 U+30F2 1202 2556 47 46 seg_fp 828 1537 34 60 U+304F 1430 2013 52 93 U+30FD 1213 2603 23 42 seg_fp 820 1500 56 40 U+300C 1145 2508 156 112 U+30FD 1455 1368 26 39 seg_fp 1881 2446 85 87 U+309D 274 1316 27 64 U+3057 499 630 29 82 seg_fp 1045 2869 41 47 U+300C 1403 868 128 108,200015779_00023_2
U+306A 596 1917 87 90 U+306E 609 2578 81 71 U+3067 1052 1859 106 89 U+3082 867 3022 60 86 U+90CE 345 1468 90 156 U+5347 830 2013 107 160 U+5144 1070 541 109 115 U+3092 367 2105 75 106 U+3066 1296 722 78 82 U+3066 1062 2335 80 82 U+306E 1071 1649 82 78 U+304A 1765 2784 97 71 U+3082 1787 2180 55 86 U+306A 1778 2579 79 82 U+3067 830 1310 81 80 U+306A 592 726 85 89 U+305F 852 2565 76 87 U+30B5 1344 1237 73 80 U+3067 1763 965 80 88 U+3060 1537 1543 114 95 U+304A 1299 1327 104 77 U+3088 1078 1195 72 85 U+304A 1523 1164 117 71 U+306E 363 2010 83 81 U+3066 811 863 81 90 U+3060 1525 528 117 98 U+3092 1763 661 83 117 U+308C 114 1252 106 83 U+3057 1535 1728 89 101 U+5C4B 1057 1508 118 111 U+3060 1070 1095 91 90 U+90CE 596 2219 101 144 U+306A 370 2463 89 77 U+592A 345 1373 104 92 U+4E07 1301 1419 91 98 U+5FD8 109 1129 112 111 U+3046 1320 1613 58 115 U+592B 1538 1924 104 121 U+3061 1533 711 89 92 U+307C 848 2346 102 97 U+306F 109 1067 89 60 U+30A2 874 1650 67 62 U+3088 1557 805 66 85 U+8336 1299 2440 123 134 U+59B9 496 2772 67 65 U+306B 1540 1465 101 66 U+6C37 1045 2054 124 116 U+624B 1077 956 70 126 U+304A 333 547 118 68 U+6CB9 579 1042 118 101 U+72AC 609 2651 105 104 U+3053 846 2189 73 64 U+3092 1766 1453 80 111 U+6CB9 1037 1377 132 107 U+3072 590 1814 97 100 U+4E0A 1062 847 103 94 U+30A6 888 2265 51 67 U+592B 1531 2417 111 108 U+9055 322 991 120 144 U+305F 356 1209 72 85 U+5B50 1773 536 78 108 seg_fp 353 2557 118 138 U+306B 1314 2811 97 72 U+6C37 1057 2616 124 103 U+304B 1563 1657 48 71 U+3042 1299 524 87 107 U+3066 1084 3005 74 87 U+3066 364 2707 80 75 U+693D 1035 1733 146 117 U+3089 853 1818 49 126 U+3064 339 1148 88 59 U+304B 1565 2044 46 72 U+3089 1574 2595 41 96 U+30F2 875 1050 46 55 U+8CB7 1302 2660 109 142 U+3067 1770 1754 82 76 U+3088 1557 1833 67 80 U+305D 604 839 57 100 U+307E 386 2950 60 75 U+3082 375 1915 49 95 U+3093 818 1201 111 97 U+3051 1310 1721 85 103 U+30A2 390 1302 50 61 U+592A 1536 2828 133 88 U+3053 835 969 69 71 U+30A2 898 2661 48 60 U+3044 588 1736 84 78 U+3093 349 2372 110 91 U+3069 144 2256 76 90 U+5F35 1044 2216 129 109 U+72AC 114 2154 115 102 U+306E 167 1588 62 53 U+306E 1772 1240 78 93 U+30B5 584 1591 60 76 U+96BA 835 2898 108 125 U+30F1 863 1403 80 48 U+304B 1568 2532 41 66 U+304C 1095 2724 67 72 U+3072 575 637 106 89 U+3031 1526 1033 41 93 U+3079 799 706 115 77 U+3093 1064 733 96 96 U+3072 1765 2476 96 95 U+5176 97 2019 110 125 U+5B50 1785 1334 79 98 U+305F 1315 1875 74 87 U+3031 120 2701 36 96 U+3044 576 553 93 79 U+3076 826 1726 108 93 U+305D 148 2815 56 81 U+3069 1327 1526 82 85 U+5144 1429 1942 59 66 U+3068 631 2745 36 93 U+30A2 870 2818 53 60 U+3031 1291 934 38 94 U+8CB7 1299 2208 105 138 U+308D 839 1125 66 81 U+6CB9 1287 2075 121 110 U+306B 1310 2350 107 70 U+3046 1793 2287 40 94 U+305F 398 3074 59 61 U+3044 617 3000 82 54 U+5144 1874 1038 52 68 U+300C 1053 1972 134 110 U+30E4 1352 3052 56 70 U+96BA 1757 2045 96 121 U+3042 826 1540 99 106 U+306E 597 945 73 83 U+9F13 1519 2958 139 122 U+3089 1575 2118 32 102 U+5144 740 2828 41 66 U+3053 1773 1152 69 74 U+6B21 583 2115 118 101 U+3031 140 3036 88 96 U+3053 151 2902 53 62 U+3055 1081 659 59 77 U+30A2 1374 2584 57 50 U+305F 607 1448 69 85 U+4E00 821 1974 109 23 U+3093 1534 1343 127 103 U+3046 597 1250 59 121 U+3093 1769 2983 107 106 U+3093 1758 1652 107 87 U+91D1 1422 798 54 93 U+3061 590 1358 85 87 U+305F 1774 2378 73 89 U+30B5 1802 1876 53 63 U+3031 642 3035 72 97 U+307E 134 1357 58 99 U+3093 599 2458 89 100 U+91D1 953 2700 55 92 U+59B9 1182 1946 71 70 U+3068 610 1149 41 99 U+5144 1179 1264 59 78 U+3046 1792 1571 47 89 U+3031 1758 1957 35 83 U+3069 625 2371 67 89 U+30A2 601 1664 46 57 U+30CF 100 1681 69 51 U+59B9 1875 2669 68 56 U+300C 1743 1083 136 130 U+3059 137 1459 57 114 U+304B 1556 624 47 67 U+5144 941 535 64 80 U+3093 107 943 78 105 U+3060 362 1816 96 95 U+3046 189 1639 25 79 U+30A2 1804 1940 45 62 U+304A 104 593 103 63 U+3060 1310 1152 108 83 U+3064 117 768 87 70 U+3057 884 2442 20 104 U+30EA 1362 3004 31 50 U+30F2 1567 966 64 72 U+307E 1555 1238 58 107 U+307E 1315 1028 65 122 U+3064 823 787 77 76 U+3068 366 619 46 97 U+3064 1310 630 75 75 U+307E 1782 2877 59 106 U+3060 141 2965 97 81 U+3093 348 1718 104 103 U+3093 1755 872 102 85 U+3064 362 721 70 73 U+30C8 648 1548 32 58 U+307F 391 2291 37 86 U+300C 1760 2693 125 104 seg_fp 360 804 80 76 seg_fp 957 1500 33 53 U+3061 385 2838 72 65 U+3093 341 880 82 96 U+3064 1314 1814 73 61 U+30B5 1564 2275 55 60 U+300C 355 2232 140 112 U+305F 146 2498 61 83 U+3069 378 1628 77 92 U+30CB 1336 919 53 29 U+30A4 428 2909 38 54 U+30F2 1109 2498 52 45 U+3046 1783 788 44 86 seg_fp 123 860 92 84 U+30A2 1572 2354 49 47 U+5144 250 1911 66 67 U+30A2 644 2954 47 40 U+3064 378 3027 86 47 U+30A2 167 2687 45 67 seg_fp 1876 1787 52 50 seg_fp 948 1456 45 46 U+5F35 1068 2812 100 109 U+3068 134 661 46 101 U+59B9 1659 2698 64 49 U+300C 589 2043 128 100 U+300C 358 2793 143 89 U+300C 778 533 164 138 U+30FD 1590 1039 27 39 U+300C 1061 2447 135 102 U+300C 1044 1298 148 116 U+3064 1088 2928 70 74 U+300C 1535 2229 123 99 U+3046 153 2350 40 109 U+91D1 490 2192 53 99 U+300C 1303 2899 146 108 U+300C 101 1942 149 115 seg_fp 1896 1837 30 51 U+91D1 263 2587 50 96 seg_fp 241 569 34 59 U+91D1 1433 2886 53 92 U+3059 826 587 62 121 U+308F 634 2890 48 59 seg_fp 228 532 52 38 U+300C 600 2854 150 104 U+300C 1299 827 127 91 U+300C 157 2607 96 109 U+30FD 136 1883 23 41 U+300C 1533 2722 136 99 U+30FD 1131 2551 22 42 U+91D1 1204 2443 39 84 U+300C 1296 1986 134 95 U+300C 1510 921 154 113 U+30B5 865 2761 49 63 U+30CA 1333 859 53 48 U+91D1 1658 883 52 91 U+300C 803 1476 154 116 U+30A2 1352 2946 46 46 U+300C 836 2732 131 101 U+30FD 137 1735 18 30 U+30FD 135 1836 16 37 seg_fp 1756 1845 121 58 U+30FD 135 1809 19 28 U+30FD 135 1771 17 34 seg_fp 55 0 43 74,200015779_00024_1
U+828B 1162 1396 105 152 U+3082 1168 2086 66 97 U+306E 1403 2093 69 81 U+3092 678 834 88 111 U+306B 461 1613 96 73 U+3067 224 2084 90 87 U+3084 443 631 99 91 U+304A 672 479 106 88 U+3066 1157 614 79 88 U+30CA 266 1343 65 82 U+3082 1412 2006 55 85 U+9905 1123 1646 158 149 U+3066 688 1105 79 77 U+306E 238 2976 74 66 U+5C45 906 1128 124 115 U+3066 1871 948 80 84 U+304A 681 1204 110 73 U+5341 215 2845 103 106 U+305A 243 1801 78 105 U+305E 934 2484 70 122 U+307E 1404 1783 64 102 U+7881 204 1923 154 136 U+307E 1405 1227 55 91 U+5F85 1111 475 155 134 U+3088 1411 683 58 87 U+3031 930 811 82 115 U+6301 664 956 128 121 U+80FD 1133 2190 124 133 U+3089 1183 965 77 103 U+3082 1886 2566 57 91 U+3046 268 2474 39 96 U+306B 679 1539 96 67 U+3031 1403 2494 75 124 U+304A 1163 1316 110 75 U+308B 942 1273 59 82 U+3054 244 2192 97 71 U+5B50 472 1509 76 95 U+304B 1184 1797 45 63 U+3046 943 1598 47 101 U+3059 246 1234 62 104 U+8012 678 1612 99 146 U+4F55 1130 1891 121 107 U+3046 1185 1067 50 104 U+30E4 468 1239 75 54 U+5411 1857 1538 106 96 U+306B 919 2090 98 75 U+3089 260 2370 62 104 U+3060 1172 867 93 90 U+351F 212 2707 142 131 U+30A2 1696 673 49 71 U+51FA 1394 1675 92 102 U+3031 1632 2849 74 174 U+5411 1631 1302 105 103 U+30A4 1424 1575 42 80 U+5B50 1409 2194 72 98 U+3042 1398 951 91 103 U+5B50 931 1973 76 102 U+3088 455 1121 66 91 U+3042 442 727 88 104 U+30B5 1421 791 70 81 U+3090 1166 706 96 85 U+3066 930 1030 77 87 U+3069 247 745 77 99 U+5F85 891 695 138 122 U+306B 917 609 108 63 U+304B 1191 1562 48 67 U+3059 1406 1895 65 102 U+5C45 201 625 120 98 U+80FD 911 1832 108 131 U+30A2 1688 1611 50 68 U+3061 1867 2367 87 97 U+3089 945 1494 71 105 U+3088 1402 1428 76 96 U+30A2 956 2639 59 69 U+306A 1155 2560 82 105 U+3061 1639 1101 82 92 U+5F35 1858 816 114 114 U+5FA1 1149 2855 113 68 U+3057 1389 1333 89 94 U+3046 1661 2379 45 111 U+305E 1179 1183 87 92 U+3089 1654 1191 55 109 U+30E4 948 1716 71 57 U+91D1 792 2534 65 78 U+305E 690 1860 77 106 U+7F8E 907 472 129 140 U+3067 1157 2010 101 76 U+8863 653 715 146 106 U+3084 1863 1758 88 85 U+3060 930 1381 96 107 U+306A 920 2189 72 97 U+3089 1886 1418 43 103 U+30C9 1857 2731 58 61 U+3090 450 2752 55 53 U+306A 470 1706 69 92 U+3079 683 2375 101 70 U+304C 1425 2980 70 66 U+308A 1419 1125 42 93 U+3067 230 949 76 92 U+3069 1413 2303 73 100 U+305E 468 1981 84 109 U+3061 1863 1647 77 113 U+305F 924 2373 69 88 U+30A2 1905 1857 51 59 U+3069 1414 473 77 98 U+306F 234 1617 84 78 U+3084 1646 1512 77 89 U+30EC 496 1295 42 55 U+3052 444 826 109 105 U+6D74 660 601 142 98 U+521D 412 499 147 114 U+3058 1676 475 52 101 U+30A2 1432 871 55 71 U+306B 1150 2461 98 87 U+76F8 184 1429 152 104 U+3061 1643 1413 83 100 U+3078 1628 870 119 70 U+306D 1629 750 110 118 U+305F 467 1884 77 86 U+30A2 1682 2584 51 77 U+8FCE 663 1307 127 114 U+3082 1413 2398 56 97 U+3093 1629 1955 113 100 U+96A0 207 497 127 120 U+3069 1648 2658 79 85 U+521D 904 2891 113 97 U+3093 1387 568 151 109 U+3084 1643 577 89 94 U+3064 1645 1018 84 72 U+3053 1880 738 75 67 U+8912 1140 2928 129 143 U+30C9 1926 2678 51 71 U+4F0A 202 2604 151 102 U+305F 1166 2755 72 81 U+30CF 1419 1538 63 38 U+3064 1866 2264 84 83 U+3086 693 2273 89 81 U+80FD 442 1372 125 128 U+3093 1621 2740 117 90 U+30C9 1847 2013 40 60 U+3061 1866 1322 81 100 U+30A2 693 2960 71 93 U+3031 663 2685 37 113 U+306A 448 2405 52 64 U+3064 240 1142 79 87 U+3066 451 2689 45 54 U+306F 519 2480 54 44 U+3044 1869 652 89 65 U+3056 250 2271 91 95 U+3055 1649 2287 67 86 U+300C 1849 1044 132 111 U+3072 680 1430 97 89 U+306B 510 2354 59 61 U+304C 1423 1060 62 65 U+305F 1863 545 94 101 U+3089 1904 2463 33 109 U+91D1 1974 2088 53 91 U+5B50 1163 2342 83 116 U+3046 1890 2982 44 84 U+3068 525 2702 44 57 U+306F 448 2331 46 70 U+30EA 966 2713 39 69 U+304B 251 1548 42 69 U+3089 260 1694 37 107 U+30A2 1437 2892 52 72 U+3069 1655 1700 76 103 U+30EC 970 1769 79 51 U+3064 1408 2718 76 79 U+59B9 802 1980 69 54 U+5144 1984 2845 58 65 U+304A 1390 2629 98 89 U+3054 237 1048 96 86 U+308B 461 926 54 65 U+3069 1657 1871 67 90 U+308B 1187 785 56 72 U+305F 695 1761 67 81 U+304B 1659 2497 48 71 U+30F3 1840 2083 65 35 U+3064 1159 2672 87 81 U+533B 506 2536 70 77 U+3061 694 2178 87 100 U+3064 1867 1228 86 79 U+300C 674 1984 133 113 U+3070 510 2268 59 80 U+30C9 1908 1934 44 71 U+30A4 1654 2191 55 74 U+3053 1652 946 65 65 U+308B 455 2800 44 57 U+30C9 1904 2013 54 53 U+8005 511 2611 62 82 U+306F 695 2054 62 114 U+309E 719 2448 61 83 U+3064 916 2290 86 84 U+300C 1619 2071 139 98 U+3068 456 2253 35 69 U+3031 901 2742 49 120 U+3088 453 2185 46 68 U+3064 474 1803 72 79 U+3044 514 2763 53 40 U+304B 1418 2815 41 65 U+59B9 1969 474 65 60 U+3042 1865 1126 84 100 U+3053 1872 2192 59 68 U+3066 521 2418 43 56 U+304D 445 2114 51 67 U+30B5 698 2868 76 91 U+30C9 1923 2771 54 56 U+3046 245 845 46 109 U+3055 1882 2910 61 70 U+3092 450 2541 51 81 U+4E0A 501 2119 63 60 U+304C 939 3004 62 58 seg_fp 1769 2101 35 52 U+305E 460 1010 67 107 U+30F2 711 2617 55 51 U+30F3 1848 2800 72 42 seg_fp 1757 2066 48 36 U+30DB 1661 2113 64 69 U+309D 1667 1796 31 64 U+300C 662 2557 146 115 U+5144 1988 1034 46 70 U+3093 511 2802 57 57 U+308A 513 2182 40 87 U+3057 467 2470 15 65 U+3057 469 2622 18 64 U+3057 951 924 27 106 U+300C 660 2810 150 110 U+300C 1841 2136 142 102 U+30E4 957 2782 61 66 U+300C 1848 2864 141 96 U+30FD 727 2671 21 48 seg_fp 618 2419 82 81,200015779_00024_2
U+3066 1370 472 93 81 U+306E 1152 1908 77 68 U+306B 1148 475 98 75 U+3066 225 2145 84 67 U+3092 1388 967 78 106 U+3067 1142 2123 89 71 U+3059 1164 1036 62 102 U+7533 251 727 57 112 U+304C 934 1970 75 59 U+3067 898 475 94 80 U+98DF 1370 2607 130 139 U+3044 223 1073 89 70 U+306E 913 942 85 89 U+5315 919 1368 99 76 U+306F 1145 1569 89 57 U+3044 441 1117 94 67 U+8005 1342 837 126 113 U+98DF 1616 1017 125 131 U+306A 448 1198 76 84 U+3092 908 2936 77 92 U+3067 909 2250 85 73 U+306E 1388 1369 77 72 U+306F 901 1302 103 59 U+307E 241 846 57 90 U+306B 1612 2858 91 52 U+3066 674 2020 68 70 U+3054 1152 2204 93 67 U+7B49 899 1150 107 140 U+65B0 636 881 148 133 U+4E39 431 2111 121 105 U+304A 1619 1387 101 75 U+5148 904 1472 133 97 U+5BDF 1839 2288 133 142 U+306E 916 2604 73 54 U+306A 224 2391 78 94 U+306E 1156 2835 72 64 U+3082 1175 768 42 92 U+3068 245 1787 56 76 U+8AAD 652 2104 132 147 U+308B 1874 2563 49 64 U+5148 884 1839 141 111 U+6C17 1632 1478 119 147 U+307E 237 1510 58 96 U+64B0 419 774 139 112 U+75C7 1115 1995 133 115 U+5510 643 1227 131 117 U+98FC 1351 1235 132 118 U+3042 915 843 86 96 U+591A 426 976 101 132 U+508D 424 1653 131 129 U+672C 667 1356 122 97 U+3046 1165 2463 43 101 U+7537 900 1036 98 119 U+80C3 1618 2736 77 100 U+3066 1386 2754 83 77 U+9D5C 1350 1085 139 137 U+306E 682 1150 79 76 U+3092 1635 1270 78 107 U+306A 680 1830 74 91 U+662F 1355 1834 140 135 U+3089 1634 1969 64 101 U+75C5 887 2340 128 129 U+3092 1389 2490 79 108 U+75C5 1835 2049 116 118 U+3051 1629 1859 74 100 U+9D5C 1111 1651 134 118 U+7269 878 2820 137 105 U+6E21 667 1016 129 119 U+3089 1180 1340 39 114 U+3070 1860 1697 83 95 U+3068 1400 1570 49 82 U+306A 1364 2091 112 96 U+304C 468 897 72 66 U+3059 1866 2460 61 102 U+3059 241 958 54 101 U+304F 1182 660 31 99 U+98FC 1128 1802 115 89 U+7269 1617 1156 122 105 U+306F 676 809 83 62 U+306F 440 472 86 66 U+308B 241 2482 49 73 U+975E 1360 571 120 98 U+3044 213 1886 96 92 U+4FD7 875 2705 158 92 U+305B 239 1627 71 71 U+5BB6 891 2472 133 123 U+304C 704 1746 64 65 U+53BB 1625 528 102 106 U+53E3 924 1772 70 47 U+75C7 1347 1452 148 110 U+3044 222 559 99 64 U+5510 660 2516 114 114 U+3068 696 474 46 100 U+3066 1855 646 66 72 U+7269 1355 2374 135 106 U+70B9 667 1634 96 107 U+3067 1851 1951 93 84 U+3050 1394 2938 73 73 U+9D8F 418 2530 141 146 U+675C 407 645 149 101 U+307E 445 2435 83 92 U+306F 1848 2641 87 61 U+3042 1640 832 80 96 U+3064 1619 1743 89 114 U+30A2 1691 460 52 83 U+3092 1865 2172 71 100 U+75C5 1835 743 118 113 U+6307 1842 977 120 105 U+805E 1847 1476 103 115 U+3046 251 1705 43 84 U+FA68 1115 2578 142 133 U+5410 1143 571 124 77 U+308C 220 2050 94 77 U+306B 1851 457 86 78 U+75C7 1124 2917 134 107 U+306A 1391 676 66 83 U+3075 1369 1739 102 69 U+3068 261 618 44 92 U+6B64 1851 1212 94 94 U+8005 896 2128 113 102 U+3089 479 1855 38 90 U+3089 1159 2373 73 92 U+7FFB 1579 2610 136 109 U+3092 1863 872 75 103 U+3092 1627 1629 99 95 U+305F 243 469 65 84 U+3044 447 1487 77 69 U+308C 1613 2070 88 81 U+5ACC 1597 653 144 103 U+34DB 890 2052 126 70 U+306F 1853 1415 85 46 U+6E13 439 2225 113 128 U+30E2 478 1961 58 54 U+304B 483 1791 32 63 U+3060 453 530 90 99 U+6CBB 1135 2723 103 81 U+3059 1400 2838 60 96 U+5375 433 2689 121 108 U+30CF 1898 2803 61 36 U+304A 1149 1152 102 81 U+304F 1166 1468 39 72 U+3067 1150 937 79 93 U+306B 676 2272 84 78 U+3055 1860 2705 64 76 U+3044 1381 1676 78 63 U+4F3C 1589 2943 129 76 U+3066 675 733 65 72 U+3059 929 735 49 98 U+81F4 198 1284 157 112 U+8188 1587 2368 130 119 U+3069 461 1288 76 101 U+3044 676 2443 92 59 U+3044 1619 2152 87 55 U+304B 1874 1806 38 57 U+3061 1394 2266 67 108 U+3082 695 2719 54 74 U+308B 1398 761 48 64 U+304C 1658 762 66 70 U+3075 439 1557 100 73 U+305F 1865 1597 61 77 U+305D 1167 1236 56 100 U+306F 677 2812 72 109 U+306F 222 1983 81 66 U+3059 1393 1976 59 108 U+309E 259 1211 52 63 U+564E 1600 2495 116 95 U+3054 924 567 89 70 U+5176 1597 2222 106 126 U+7A0B 205 2578 126 108 U+30C4 1824 2917 54 37 U+308B 1651 927 53 67 U+4EBA 666 2658 124 67 U+306A 675 2922 87 95 U+304B 255 1151 41 74 U+306B 677 1467 91 87 U+30B7 494 2032 70 57 U+30CF 1822 2867 61 39 U+3064 914 649 91 83 U+30C4 1904 2949 56 54 U+30C4 1903 2856 56 40 U+306F 1372 2202 96 63 U+306E 1155 861 80 72 U+3078 669 676 89 43 U+3056 1160 2290 81 78 U+306F 679 1555 84 64 U+3057 261 1389 17 109 U+3092 473 2805 52 99 U+65B9 1834 1311 103 94 U+3059 1880 1094 49 109 U+30CF 1898 2912 58 34 U+3088 936 1569 56 98 U+3055 456 2360 59 77 U+308A 1871 1862 47 89 U+308A 945 1667 39 76 U+3089 700 575 41 101 U+30CF 1816 2959 61 36 U+304F 694 1919 37 86 U+30F1 291 2701 56 57 U+304F 694 2350 39 91 U+30A2 272 2238 53 65 U+98DF 464 2948 84 97 U+3057 1877 534 34 109 U+309D 471 1382 36 81 U+30A2 223 2314 59 70 seg_fp 1893 3005 29 32 seg_fp 313 2773 15 30,200015779_00026_2
U+306E 1373 513 71 69 U+884C 398 419 136 118 U+306E 1608 1398 74 66 U+306E 667 964 72 78 U+306E 436 758 78 69 U+3082 1155 507 54 79 U+3044 1365 2560 94 68 U+3092 446 2101 80 93 U+306E 889 1137 81 79 U+306A 897 876 83 92 U+592B 1344 1656 120 120 U+91D1 401 611 139 127 U+306E 436 1871 81 73 U+4ECA 185 2052 127 145 U+3044 1588 1623 95 73 U+91DC 401 1962 138 124 U+884C 1096 2068 138 127 U+3092 889 2583 86 114 U+306E 1614 964 73 61 U+756A 1598 501 123 142 U+4EBA 1122 1256 116 105 U+8EAB 1588 2304 112 135 U+3092 652 1228 88 100 U+4ECA 1123 594 124 126 U+7DBF 1338 1116 122 139 U+3082 1380 859 57 87 U+306F 1597 2460 90 55 U+306E 211 2214 82 66 U+3082 227 1587 63 97 U+304C 1622 1958 72 62 U+304C 219 2538 75 71 U+91DC 641 1063 127 136 U+3092 1123 2784 88 114 U+516B 1342 2645 126 57 U+898B 1826 2368 111 120 U+305F 1617 855 83 90 U+5B5D 1113 1911 111 145 U+3084 1110 2910 103 98 U+885B 1344 2814 120 114 U+9650 1349 1794 107 117 U+306B 890 2335 92 71 U+5510 396 1582 136 139 U+306F 1850 1234 81 53 U+6240 1814 2512 120 113 U+4F55 859 1228 137 112 U+306D 427 1233 84 99 U+5206 1137 1775 100 124 U+91DC 409 860 132 131 U+3042 1855 712 80 95 U+5510 866 1660 124 141 U+3082 448 996 57 93 U+3060 1137 1358 87 90 U+601D 1362 2114 97 87 U+304B 1133 874 96 87 U+3093 1137 407 110 92 U+306B 1358 1259 81 61 U+5510 874 993 121 132 U+307E 1386 404 56 85 U+306F 426 548 81 55 U+7B4D 886 2419 106 160 U+7DBF 1578 1253 120 141 U+4EBA 879 1816 120 94 U+306F 1358 1596 79 60 U+5185 896 2206 81 113 U+304C 1849 2637 76 73 U+9285 382 1742 163 114 U+306E 214 1856 70 83 U+6398 402 1102 128 124 U+3042 1843 1292 75 106 U+306A 1118 2302 88 86 U+306F 1613 792 84 52 U+7740 1351 594 99 143 U+62C5 417 2204 124 124 U+6398 619 1341 138 120 U+306F 902 1912 80 52 U+516B 777 2206 64 55 U+306A 898 582 84 97 U+80FD 187 1702 117 138 U+8584 1358 959 98 150 U+30A4 680 2309 43 86 U+7269 1576 1849 131 94 U+4E16 1100 2563 119 81 U+7740 1583 1691 100 142 U+306E 898 2143 79 65 U+3042 1831 2716 79 108 U+3042 647 2053 83 93 U+6B64 1598 404 130 95 U+5175 1350 2711 100 105 U+3055 221 1936 68 92 U+7269 1338 742 125 109 U+3068 917 1322 49 99 U+305F 1850 1895 66 83 U+592B 188 1388 120 115 U+3066 446 2341 70 71 U+3089 1157 1518 46 102 U+306A 1364 1327 58 101 U+8A71 1106 2666 122 113 U+8012 419 2417 110 136 U+5ACC 1576 2035 131 114 U+304C 681 2730 71 74 U+306C 1586 2700 102 87 U+3089 915 2837 58 77 U+30CD 249 1238 61 86 U+306F 1600 2240 93 69 U+3068 678 1773 46 97 U+304B 918 1425 46 74 U+3044 888 1512 87 71 U+8CB4 1580 2802 110 151 U+304B 1158 1446 44 71 U+304B 451 1383 44 70 U+3060 1375 1919 85 73 U+3057 662 504 84 94 U+308B 914 774 47 83 U+305B 210 417 83 72 U+3082 1626 1032 48 85 U+305B 890 481 93 94 U+306F 1137 804 84 59 U+79C1 623 2406 130 114 U+307E 1854 1493 59 113 U+968F 1122 1628 118 131 U+3055 216 1136 62 88 U+3093 1126 1093 126 93 U+982D 1597 656 114 132 U+3089 225 2412 49 116 U+3069 677 2530 82 96 U+306A 217 871 80 98 U+6398 863 2703 131 129 U+3075 880 1577 101 73 U+3057 1828 2058 97 97 U+3046 923 2918 35 84 U+51FA 655 1473 84 97 U+3068 1377 1992 59 100 U+3068 684 392 50 102 U+305F 675 1690 60 74 U+304B 1853 2166 52 62 U+355D 202 981 105 141 U+5BD2 878 1977 142 148 U+4E00 1849 424 85 16 U+8A00 1855 475 73 125 U+91D1 652 820 108 127 U+3084 1833 1397 87 94 U+306F 1366 2221 82 70 U+308B 229 488 54 76 U+3055 1604 2953 59 73 U+3044 1604 1181 87 63 U+3055 1375 2927 57 90 U+3082 1863 611 61 86 U+3069 227 2290 74 119 U+3055 902 693 67 87 U+307E 1853 1688 55 105 U+677E 325 1315 63 71 U+3089 452 1454 41 111 U+3044 1118 2492 86 67 U+3082 677 2629 60 90 U+3044 1849 995 77 64 U+308C 202 2743 108 82 U+3067 1615 2168 75 70 U+3090 212 781 81 91 U+3067 214 1521 79 71 U+308B 1875 806 55 67 U+3057 1869 2227 17 119 U+304B 919 416 42 69 U+3064 1375 2290 75 70 U+3078 641 1985 99 62 U+3064 1355 1433 78 80 U+308A 1859 1600 45 96 U+308B 1851 2816 47 62 U+304F 215 594 74 79 U+307E 1866 878 60 112 U+4E00 1127 1219 94 17 U+30EC 1871 1185 70 42 U+305D 215 2636 57 100 U+3078 415 1333 114 47 U+3066 1360 1516 63 77 U+3055 672 1888 49 89 U+3084 1358 2479 101 79 U+3057 1362 2362 93 107 U+3055 1145 1022 62 75 U+539A 1586 1477 98 136 U+3082 1615 2516 45 103 U+677E 1931 1961 63 69 U+3055 1136 2398 56 90 U+308B 660 2152 60 63 U+3046 1965 1143 29 65 U+3057 692 1570 18 119 U+308B 456 2562 55 75 U+305F 679 597 65 82 U+3067 1145 725 73 75 U+3089 236 674 32 111 U+3093 1951 1042 56 48 U+3070 1959 980 46 62 U+3089 694 693 28 110 U+91B4 419 2649 119 116 U+3066 1601 2618 61 80 U+30B3 1863 1134 56 39 seg_fp 422 839 77 40 U+3068 1961 1091 28 50 seg_fp 1857 2902 66 33 U+7A0B 188 2853 134 81 U+300C 1841 1085 116 99 U+3057 1871 1789 29 104 seg_fp 1174 959 24 49 U+3067 440 2798 84 74 U+5B5D 656 2902 104 75 U+30CF 678 2274 63 38 seg_fp 1862 2942 46 54 U+300C 657 2232 119 102 seg_fp 662 2829 90 67 U+3057 1147 2174 32 127 U+306A 212 2937 100 105 U+3057 1639 1113 25 68 seg_fp 448 2871 59 101,200015779_00030_2
U+306E 823 1579 76 84 U+5B9A 1025 1384 142 141 U+306E 1057 1550 83 75 U+9996 304 1387 114 117 U+306E 1523 1331 75 69 U+306E 1537 2224 69 69 U+5C71 1724 2247 118 80 U+3092 574 1205 81 110 U+306E 578 958 79 69 U+306F 807 824 79 40 U+8003 83 1160 117 140 U+4F55 549 1342 129 110 U+306E 346 1525 68 76 U+5BC4 1042 988 104 134 U+3051 362 2970 76 89 U+305F 91 670 95 83 U+795E 769 901 140 135 U+6642 793 1669 128 118 U+307E 120 2184 60 103 U+7687 803 1132 105 118 U+3066 1747 1107 81 80 U+3066 1054 1147 79 81 U+308A 1751 2881 63 90 U+592B 1723 843 121 111 U+898B 344 2572 99 98 U+4E16 817 3021 91 75 U+6253 1044 850 111 119 U+5206 812 1794 100 97 U+8A55 1028 1256 145 131 U+30A2 128 587 71 53 U+5C45 345 2796 100 106 U+4EE3 793 2079 142 110 U+535A 788 2498 144 122 U+795E 1722 2355 130 116 U+3066 341 1966 72 80 U+4F55 1263 2938 131 95 U+306E 331 1139 77 85 U+4E4B 1062 2733 102 92 U+30B5 124 513 67 59 U+677E 295 671 129 102 U+6253 331 1697 101 123 U+3052 1746 1601 89 104 U+96C1 295 1244 128 129 U+3066 349 2698 73 78 U+958B 553 518 126 109 U+662F 75 1482 135 131 U+5E2B 1726 670 122 103 U+898B 1732 972 114 108 U+6751 1038 2437 132 97 U+3031 352 2403 87 157 U+355D 573 1040 108 146 U+305F 1754 1705 58 79 U+30CF 357 512 81 36 U+5316 1483 1422 147 92 U+5185 1053 735 91 104 U+3082 588 1538 61 86 U+30A2 378 574 48 74 U+6751 1021 624 140 99 U+7D42 1261 1540 147 108 U+3060 1305 1239 91 85 U+7269 1503 2299 123 108 U+4EBA 798 711 107 98 U+306B 1529 2423 76 54 U+304C 1075 1983 96 79 U+304B 611 2933 40 74 U+9B54 1497 1935 129 156 U+304B 844 1906 38 67 U+731F 1725 526 147 122 U+355D 1280 1096 120 141 U+6027 1500 2107 134 93 U+304C 1540 1855 99 64 U+66FD 1054 2196 104 118 U+3057 1051 1636 89 116 U+3061 116 2312 76 96 U+3058 372 2141 62 118 U+6240 1042 1864 112 98 U+880E 1477 1090 163 131 U+30A2 1105 555 50 69 U+4F55 1716 1965 124 103 U+540E 803 1267 96 96 U+5473 1283 2511 113 104 U+8B58 794 2643 150 118 U+95E2 551 644 121 109 U+6BBF 1049 2960 127 112 U+3060 116 1760 86 95 U+9C3B 69 1631 136 135 U+306D 1283 923 111 109 U+305F 1059 1755 76 82 U+3060 833 2763 83 90 U+50BE 298 1831 139 114 U+6B64 810 2938 100 77 U+306E 593 2409 70 56 U+306E 1063 2542 79 77 U+306D 567 1893 103 105 U+3089 851 1970 36 106 U+3057 565 1642 105 117 U+880E 1487 505 163 125 U+6240 1503 1743 114 93 U+30A2 872 2860 53 63 U+307E 344 2044 68 100 U+30A2 638 2886 47 55 U+9C3B 76 1968 148 127 U+30A2 150 1398 52 61 U+306D 84 966 105 107 U+304B 1771 3011 36 56 U+3075 799 617 96 71 U+305F 110 1303 68 79 U+30A4 390 2244 45 76 U+3060 1749 1805 89 73 U+306D 1283 1770 104 129 U+4E8B 602 2255 57 133 U+34DB 770 1050 136 72 U+3068 125 1863 43 85 U+3067 580 1467 98 70 U+306D 570 2503 103 117 U+3089 600 832 40 110 U+306D 1504 1549 104 103 U+677E 1041 2625 133 91 U+81E8 1269 1410 127 100 U+305F 1735 1390 89 100 U+5D07 1739 2700 101 143 U+7D9A 795 2266 129 146 U+3061 799 511 86 111 U+307E 1741 1493 84 82 U+86C7 1487 1229 150 77 U+4E1E 1061 2831 109 96 U+6839 1035 2330 147 89 U+3046 360 1602 38 84 U+30CF 1086 509 80 33 U+9055 1506 2495 126 136 U+4EBA 568 2698 109 99 U+3068 1322 2840 47 84 U+3069 350 1024 72 108 U+4E1E 322 899 86 108 U+3089 620 3005 39 83 U+30C4 399 2916 52 35 U+307E 824 1473 82 93 U+3089 621 1761 31 110 U+3055 1289 520 67 82 U+6253 1522 2842 80 107 U+60AA 1290 2644 107 105 U+3078 1285 1903 106 53 U+30E2 1094 2071 68 57 U+3075 572 2163 91 71 U+305F 842 2427 64 63 U+3064 1524 843 78 78 U+3067 1750 2079 91 74 U+3060 1529 746 95 97 U+3044 1294 2766 91 74 U+30F1 1331 1039 83 46 U+3044 1520 996 86 67 U+304B 600 768 41 62 U+6BBF 113 3017 121 102 U+3064 1760 1307 72 72 U+3082 1758 2157 52 72 U+3061 573 2061 84 104 U+30F1 394 3062 80 44 U+3082 1301 809 67 86 U+30A4 1786 782 61 64 U+3060 594 2793 75 86 U+306E 1761 2553 66 56 U+3078 97 1084 97 76 U+307E 114 770 52 107 U+30A2 1330 612 56 73 U+795E 105 2884 113 113 U+3078 1512 1658 96 65 U+304C 119 2106 96 59 U+3046 1771 1208 34 101 U+3084 1292 2183 89 85 U+3078 566 1998 108 58 U+304C 1318 3032 79 68 U+3005 848 2189 47 68 U+3093 91 877 109 69 U+86C7 1482 647 152 82 U+306D 1516 2654 99 113 U+30A2 1352 2271 50 64 U+6BBA 1506 2966 120 99 U+30A2 1797 1889 47 58 U+3068 1779 2471 31 82 U+3078 1518 2770 105 64 U+3064 113 2480 80 78 U+4E4B 342 793 41 102 U+3068 1313 1952 53 104 U+624B 1282 702 100 105 U+3055 834 1388 60 77 U+3078 567 2619 109 79 U+305F 115 2562 68 93 U+309D 1783 2602 37 83 U+6C17 1307 2358 116 137 U+304D 1313 2059 56 109 U+308A 351 2319 65 98 U+3089 138 2659 33 111 U+307A 1506 935 112 45 U+3057 1320 1659 25 105 U+751F 112 2773 100 89 U+304C 129 2404 92 69 U+304C 1317 1336 54 61 U+30CE 1085 2141 68 42 seg_fp 74 1 43 90,200015779_00032_1
U+4FCA 663 825 131 149 seg_fp 897 1489 120 175 U+8577 1603 1749 120 156 U+306B 1139 2178 88 64 U+5185 1600 2863 90 106 U+66F8 664 1393 110 154 U+5316 882 2087 148 124 U+3067 1162 726 104 86 U+4ECA 674 460 128 135 U+306E 1400 1580 74 69 U+306B 1616 1930 91 59 U+3092 224 1482 85 102 U+5916 661 1118 129 115 U+5E02 1372 1324 105 128 U+6253 215 1810 98 141 U+304F 455 2968 45 86 U+5165 1114 2266 145 73 U+306E 1865 1294 79 66 U+3066 215 2082 82 74 U+306A 1149 2668 62 93 U+96E2 1842 461 133 120 U+305F 920 2209 69 96 U+7B39 1351 1659 146 115 U+306B 669 1570 100 96 U+30A2 1414 2954 59 78 U+306A 1623 2358 86 99 U+4E2D 1148 2048 82 115 U+592B 1141 1205 119 130 U+4E8B 926 472 60 141 U+96C0 1131 1757 110 146 U+3066 1142 2350 72 83 U+3044 1379 2245 85 94 U+5973 1353 1480 143 84 U+8A18 651 2069 147 109 U+308B 254 751 46 63 U+8577 892 1670 116 162 seg_fp 1606 1566 127 179 U+66F8 889 690 114 155 U+5E2B 429 1659 123 114 U+30A2 956 630 59 66 U+880E 1115 453 163 142 U+8A13 875 2680 131 113 U+3051 1158 1447 75 118 U+3089 235 1681 67 122 U+4E8C 1600 2490 101 52 U+306A 1654 1126 70 93 U+30A2 491 1460 60 73 U+3082 1158 1652 68 91 U+4F4F 1828 2100 140 111 U+5E74 658 1783 108 141 U+3060 1154 1351 98 92 U+3060 1391 2836 93 92 U+30A2 483 2111 61 72 U+304C 1654 456 100 67 U+4F55 411 1181 138 125 U+77E5 197 1967 122 92 U+7269 891 860 133 125 U+304C 927 1838 103 80 U+5C71 433 1552 115 80 U+5C45 1847 1154 110 110 U+306E 1612 2788 70 70 U+3082 1395 1210 71 81 U+30E2 1690 1253 60 56 U+4F55 408 2202 127 111 U+3082 1386 2133 70 101 U+3060 446 2459 101 91 U+9C3B 880 1932 160 148 U+96D1 651 1257 137 143 U+3046 1889 1361 43 98 U+3060 1612 2954 96 82 U+5176 670 974 118 127 U+76F4 196 2175 121 127 U+306E 899 2804 84 63 U+805E 215 480 115 128 U+4ED8 221 620 94 104 U+5EAD 875 2537 132 126 U+86E4 1105 2445 161 109 U+3082 919 1094 78 103 U+3082 1866 2533 57 100 U+306B 1856 2011 92 58 U+306B 1638 681 95 64 U+3042 921 1214 91 101 U+9C3B 1625 540 130 141 U+3082 696 1665 64 94 U+4EE3 634 1942 146 117 U+3082 245 843 54 99 U+898B 667 2390 95 106 U+3064 1615 2566 74 55 U+8577 1824 2966 111 116 U+30CF 478 1421 77 39 U+304C 1655 1487 91 68 U+6D77 1134 1925 126 116 U+86C7 1111 608 161 88 U+3042 1847 2642 76 89 U+9C3B 1346 2665 151 138 U+3005 1891 921 47 91 U+304D 1388 2037 68 98 U+5DDD 684 607 97 111 U+4F4F 1843 1037 132 99 U+4EE3 1854 817 117 117 U+306D 1840 2235 103 121 U+8033 422 2338 109 104 U+3069 1156 1563 82 91 U+4E8B 468 470 64 138 U+306D 653 2836 109 129 U+304C 470 1325 94 74 U+308B 1143 2762 55 71 U+3082 684 2278 66 89 U+65E9 427 2844 113 101 U+4E86 698 719 66 105 U+305F 1632 2188 58 80 U+3060 236 1025 100 99 U+306A 1629 2012 61 102 U+8005 430 1982 89 114 seg_fp 1824 2823 113 143 U+305F 1646 955 76 86 U+3066 1872 714 66 92 U+9C3B 1612 1359 141 127 U+306D 1365 2445 99 118 U+306A 443 2711 88 97 U+308C 1834 2732 107 74 U+30A2 485 2564 52 59 U+3075 430 1903 99 70 U+306B 676 2198 83 83 U+30E2 1204 1099 63 59 U+3042 681 2508 72 103 U+3078 663 2968 106 66 U+3060 452 604 101 105 U+306D 1138 873 110 135 U+306B 912 1010 91 86 U+5B9C 1384 724 106 93 U+306A 1655 768 62 98 U+719F 193 2475 133 141 U+304C 936 1405 102 79 U+30F1 1218 820 61 45 U+7962 1357 586 145 110 U+3061 441 1804 78 104 U+308C 1870 610 76 102 U+4E8B 228 1341 69 125 U+304C 455 2636 95 76 U+6B64 210 1233 108 100 U+8012 886 2945 118 116 U+30A2 264 2385 44 84 U+4E91 436 831 116 83 U+6B64 1843 1689 130 83 U+304A 1383 455 108 96 U+308B 936 1310 63 78 U+3051 450 933 83 120 U+306E 1396 939 82 77 U+3068 1157 2571 40 90 U+5360 1394 1102 74 92 U+3068 472 722 51 91 U+3069 1421 840 80 95 U+306F 905 2452 89 68 U+8AC7 193 2641 134 137 U+3064 1607 2717 77 46 U+305F 1386 1918 82 97 U+30F1 468 1081 77 52 U+6751 1838 1791 125 101 U+3078 1145 1010 115 72 U+305F 1869 1588 70 85 U+3070 1395 1803 86 116 U+30A2 271 1143 50 83 U+3061 1134 2859 75 112 U+6CD5 1830 2436 117 105 U+3078 1370 2565 106 71 U+30A2 1665 3030 54 50 U+5185 1847 1897 92 100 U+3093 220 934 101 86 U+3064 1649 871 76 82 U+4E8B 924 2320 54 129 U+3078 1844 2363 104 66 U+30CF 246 2326 68 43 U+3089 701 2708 30 101 U+3064 1627 2119 67 70 U+3089 1391 2337 50 110 U+4E00 1605 2664 94 18 U+3057 1894 1459 19 123 U+30CE 1200 1165 62 39 U+306E 220 2783 74 73 U+5F80 863 2872 141 100 U+305F 227 3008 68 61 seg_fp 1122 2994 104 35 U+305F 684 2608 58 99 U+304C 1640 2278 97 66 U+304C 1660 1056 96 64 U+30CE 1705 1318 30 39 U+309D 1417 1015 30 70 seg_fp 242 1605 52 74 seg_fp 238 2848 58 167 seg_fp 242 2974 55 36,200015779_00032_2
U+3082 220 1676 64 98 U+3092 1131 1577 84 107 U+306A 663 614 90 97 U+3092 1861 1225 86 113 U+306A 430 830 90 91 U+306A 1369 936 91 90 U+3070 212 727 89 109 U+306B 1615 1145 94 84 U+3092 1369 1570 91 108 U+5C0F 1847 999 101 82 U+6C34 1603 732 119 92 U+30C4 1181 450 61 46 U+821F 1605 514 106 114 U+3046 230 1559 44 104 U+7621 1114 1254 142 142 U+306E 1372 1836 94 69 U+306E 1625 650 66 58 U+6876 1830 1101 122 129 U+305F 673 1888 75 79 U+8DB3 1352 1698 120 121 U+3044 656 1644 100 76 U+30A4 933 2913 52 91 U+5C45 176 1008 113 122 U+305E 911 586 66 114 U+818F 1362 1228 119 163 U+843D 1122 1708 118 149 U+6C34 1594 388 133 101 U+305F 673 1339 73 78 U+306E 1622 2501 82 80 U+4E8B 676 1733 68 149 U+639B 184 506 140 103 U+4E2D 429 391 94 99 U+514D 652 475 104 124 U+30A2 249 1374 64 75 U+304C 1634 858 70 59 U+585E 637 2426 149 121 U+9019 397 586 140 141 U+3082 677 2068 53 87 U+9019 408 1403 135 132 U+3088 1633 1234 59 84 U+3089 1163 1120 42 104 U+306C 434 2089 96 81 U+6EA2 1592 938 128 118 U+60AA 652 1506 118 114 U+3060 902 2727 109 104 U+84CB 1112 1417 125 147 U+5C45 647 2674 114 109 U+30A2 1899 2814 51 66 U+3078 420 518 113 50 U+3092 658 2279 87 129 U+3046 1876 487 38 100 U+5165 403 746 143 77 U+83EF 888 1325 102 163 U+3060 1632 1481 88 90 U+306A 439 1865 77 119 U+8DE1 395 1104 128 109 U+3092 1132 805 95 115 U+6CD5 888 1037 118 110 U+306F 660 1436 91 47 U+305B 414 942 94 84 U+901A 1841 2016 121 121 U+8AB0 1593 1344 129 124 U+84EE 883 1163 127 148 U+304C 468 1791 77 53 U+4EBA 195 2514 118 100 U+30B3 700 908 55 37 U+3084 201 1257 78 96 U+5165 413 1551 142 70 U+57D2 1117 2658 124 110 U+3044 1606 2911 96 69 U+304C 687 1272 86 68 U+3066 216 631 64 79 U+3051 1375 465 89 91 U+8001 189 2372 126 128 U+3092 211 385 87 106 U+3092 1638 1951 75 112 U+53E3 659 1992 88 56 U+3061 1847 2369 94 88 seg_fp 1367 1401 95 159 U+3061 1136 2849 89 92 U+306A 208 1787 78 119 U+3069 220 1441 75 116 U+5999 865 921 154 91 U+3078 403 1030 122 63 U+306B 440 2729 89 64 U+304C 1864 2485 81 62 U+304B 1640 1585 45 57 U+305F 1629 2289 70 76 U+30D8 1158 2204 95 39 U+3073 888 2192 121 97 U+88CF 1359 1923 105 153 U+30CF 1187 2534 59 43 U+3084 1129 1045 104 79 U+3042 1622 2082 82 106 U+30B7 487 2254 63 51 U+308A 211 906 58 97 U+304B 231 845 40 65 U+30A2 944 2850 53 68 U+306D 194 2028 94 96 U+7CE0 1589 1651 139 132 U+3089 438 1291 58 113 U+30C6 486 2314 53 61 U+3042 1615 2385 89 105 U+3060 1862 597 71 85 U+5C3B 878 2602 152 118 U+3093 887 808 123 93 U+3044 1364 389 88 74 U+306A 902 713 72 100 U+306D 1825 2559 116 134 U+305A 681 2798 91 98 U+308D 952 1864 55 77 U+306D 872 389 119 128 U+3044 1364 865 96 67 U+8E0F 1354 2160 122 103 U+3051 1622 2192 90 102 U+3059 1144 1864 81 128 U+30C4 1172 2255 61 46 U+30D8 1172 398 83 36 U+4E8B 453 1641 67 141 U+3093 1369 657 105 89 U+30C8 964 1631 39 65 U+304B 449 1206 39 88 U+3044 892 2507 103 76 U+3055 1856 398 74 87 U+7D4C 871 1508 139 109 U+3067 209 2622 108 86 U+5410 1117 937 128 76 U+306D 1374 2846 98 101 U+30BD 473 2199 55 41 U+305F 909 2286 72 83 U+6B64 1851 700 90 87 U+75F0 1110 643 128 148 U+308A 1873 2163 63 99 U+306F 1146 2948 88 41 U+305F 1864 1647 66 81 U+30E4 1182 2589 63 57 U+4ED8 1371 2295 87 108 U+30EC 1898 2905 72 53 U+3084 1119 1989 110 78 U+3078 190 2127 116 62 U+3061 193 1154 91 106 U+3054 219 2721 93 78 U+3078 1823 2699 132 78 U+304A 662 1012 97 103 U+3089 459 1982 35 111 U+3056 1381 761 92 99 U+30A2 262 2215 44 55 U+3089 232 1911 40 116 U+308B 1631 1048 63 72 U+306F 1610 2844 90 65 U+3044 1859 1943 87 53 U+305F 1384 2755 69 79 U+306A 1855 1353 66 123 U+30E4 933 2031 76 63 U+888B 1593 1795 129 155 U+30D8 1127 512 82 35 U+307E 1609 2713 88 100 U+305E 1384 573 97 87 U+30EC 706 956 66 35 U+5FA1 642 385 111 72 U+3068 676 2152 47 103 U+307E 1863 788 55 102 U+30B3 1410 1052 50 38 U+8170 420 2830 137 119 U+30C4 1138 558 57 60 U+3044 652 816 92 69 U+304A 896 2100 97 91 U+3078 1370 2084 114 53 U+30DE 412 2323 57 48 U+3079 1843 1573 110 71 U+3055 665 716 64 96 U+306F 1854 1872 89 70 U+306E 876 1843 54 46 U+30E4 1174 2470 68 55 U+3089 1170 2067 32 101 U+3044 190 2909 95 65 U+53E3 954 1941 46 42 U+305F 1862 898 67 86 U+3081 672 1113 71 84 U+3056 951 1720 77 74 U+4E8B 1867 1747 71 124 U+305F 1390 2406 68 94 U+30A2 425 2375 51 86 U+3088 890 1705 33 80 U+3066 668 2571 99 71 U+304F 957 1793 39 59 U+30A4 255 2282 40 87 U+304F 1142 2778 65 69 U+3078 883 517 118 63 U+307F 1875 2277 31 91 U+304D 886 1951 45 66 U+3078 1369 2954 105 45 U+308A 893 1784 33 53 U+69D8 412 2618 141 89 U+3057 895 2373 68 118 U+3089 1884 1471 30 111 U+3078 660 1203 103 53 U+30C4 1117 2337 50 51 U+5176 424 2445 103 151 U+30A4 1180 2389 43 83 U+304D 1400 2649 57 103 U+30EC 1372 1184 67 32 U+3068 673 2901 65 83 U+3056 1620 2618 91 98 U+30B3 1366 1135 47 35 U+3056 218 2818 66 85 U+30F1 1412 2521 68 72 U+30EC 1425 1107 54 25 U+305E 880 1889 56 59 U+309D 934 2367 26 71 U+30FD 1438 2599 33 52 U+30D8 1106 2299 87 38,200015779_00036_2
U+9999 808 411 136 128 U+3092 1746 1387 95 121 U+306E 1303 2443 80 69 U+3031 1538 2838 74 150 U+5B50 1515 651 104 104 U+80FD 1725 703 110 139 U+306E 833 565 74 73 U+5207 780 970 146 87 U+306E 609 963 74 67 seg_fp 1487 1319 162 161 U+6B64 1511 418 112 89 U+98DF 587 1048 112 152 U+306E 356 781 71 60 U+706F 94 807 123 105 U+306E 1748 2501 90 78 U+683C 1495 521 146 113 U+304C 1545 1994 76 70 U+70AE 1044 1046 133 111 U+6E6F 1730 853 119 143 U+3082 359 1452 63 84 U+5B50 346 656 89 100 U+4ED8 316 1081 118 119 U+4E2D 1524 1587 93 102 U+8671 344 1322 127 113 U+306E 1527 1504 85 68 U+706B 1293 2316 96 111 U+3092 831 778 79 107 U+9E7F 308 411 148 140 U+306F 1307 2261 82 48 U+3060 1751 1015 92 99 U+306C 1746 1523 102 88 U+9644 1041 1575 119 125 U+53EF 100 2296 116 102 U+5C0F 107 615 98 63 U+3080 1061 1372 100 86 U+306E 350 569 75 64 U+8671 596 829 116 104 U+3031 1527 2342 48 99 U+3066 820 1186 89 90 U+4EBA 1734 2055 120 95 U+70AE 1703 2361 152 116 U+5165 805 1079 124 75 U+304C 360 984 81 65 U+306F 1751 2151 89 54 U+7269 798 658 132 110 U+3031 121 1292 88 143 U+8012 825 2397 97 134 U+76DB 1280 1934 132 124 U+3092 1520 770 88 98 U+99AC 1051 1716 106 119 U+30E4 1793 423 74 64 U+305F 603 1191 76 106 U+306F 1534 1747 74 93 U+3078 1051 1174 119 52 U+304C 1075 1835 79 84 U+3046 846 2882 47 124 U+304C 132 2178 87 87 U+6E6F 1738 1242 126 134 U+306A 1059 2385 96 93 U+543E 97 1067 108 108 U+304B 1755 2921 48 72 U+305F 351 1214 77 91 U+304B 1086 2912 48 65 U+6C88 1045 1241 124 119 U+30E4 1558 2255 73 60 U+306F 1743 633 80 53 U+7C92 547 2867 168 115 U+3066 827 2306 74 85 U+3044 1746 1882 90 88 U+307B 1300 963 89 100 U+6B64 1739 1131 107 92 U+9244 1040 913 127 122 U+307E 1306 2155 84 96 U+80FD 565 1808 120 142 U+3051 1530 2485 82 126 U+3068 1769 1783 58 85 U+3060 604 633 94 96 U+6E67 810 2163 122 124 U+4F0A 78 950 143 104 U+304D 819 1381 102 99 U+3046 1552 2766 36 90 U+3066 577 1718 79 67 U+3044 1748 1713 93 68 U+9244 1722 2230 134 115 U+3082 122 1843 65 81 U+30A2 404 2211 48 58 U+71B1 1028 2769 147 138 U+611B 90 2423 119 163 U+304B 1549 2703 46 63 U+30E4 857 2086 77 66 U+4E2D 579 2576 87 97 U+3088 124 1187 61 96 U+3052 1306 1321 113 101 U+6E05 1282 1792 124 134 U+305C 584 2312 123 94 U+3078 570 2691 115 48 U+80FD 1508 2095 134 130 U+3073 339 2695 108 87 U+3046 1327 1068 42 97 U+3057 569 1499 109 105 U+3044 1526 1860 81 70 U+6885 557 2092 148 109 U+3067 1531 1210 79 92 U+306F 1054 2310 95 73 U+3084 343 2101 85 90 U+308B 126 503 61 79 U+4E00 559 2786 127 23 U+305B 1056 2129 81 98 U+304F 120 416 72 84 U+30A2 1353 419 65 65 U+6311 88 690 148 105 U+3088 360 2789 61 115 U+6C88 1723 2784 129 122 U+5EFB 815 1505 96 92 U+308B 1548 1926 52 66 U+3084 1284 1518 111 82 U+3068 131 1417 47 110 U+65B9 1727 2599 106 117 U+304D 591 517 93 112 U+898B 102 1947 106 122 U+75C5 1278 2531 119 123 U+5869 553 1965 156 110 U+3060 598 2230 97 85 U+308C 1293 2762 94 87 U+306D 321 2282 117 134 U+677E 66 2867 153 99 U+3068 1087 1468 35 89 U+4F53 558 2424 142 139 U+3075 1741 1965 104 78 U+3088 110 2599 75 119 U+7A74 577 1327 116 111 U+30A2 646 747 52 59 U+305E 833 2649 94 122 U+7D0B 314 862 143 113 U+3067 117 1763 99 79 U+308B 1762 1624 61 83 U+306D 807 1736 113 130 U+3046 1337 859 33 97 U+30A2 1114 2977 53 58 U+3078 1715 2738 127 42 U+3065 1533 1001 105 96 U+3089 1317 2850 58 91 U+3093 1055 800 117 106 U+308B 1076 2029 58 76 U+3058 378 1984 54 116 U+3089 363 1873 42 111 U+3078 1520 1705 115 34 U+308C 1298 1168 93 76 U+307E 359 1545 58 115 U+3057 339 2550 86 81 U+3093 106 1637 107 97 U+4E00 812 907 106 22 U+3093 1309 606 92 82 U+308A 366 2897 47 121 U+3093 335 1655 122 98 U+3057 136 2714 24 138 U+3056 351 1771 104 98 U+306F 106 2968 97 51 U+306F 1536 890 62 108 U+3078 1040 2698 125 60 U+3054 833 2787 106 91 U+3044 1064 643 87 64 U+3081 1058 2600 84 97 U+3088 131 1544 57 99 U+3078 1052 2233 103 66 U+3046 1322 1598 44 101 U+3055 1319 2076 58 80 U+305F 832 2547 72 101 U+305F 126 2074 71 95 U+3084 1297 783 106 78 U+307F 613 1605 37 91 U+304A 1051 2509 98 90 U+304B 835 1300 53 85 U+304D 1314 1433 59 78 U+300C 1288 1693 138 99 U+30C4 1355 2978 53 53 U+308F 1313 2678 47 84 U+306E 344 2644 74 54 U+3066 596 422 74 84 U+30B3 1130 427 51 35 U+30A6 1132 477 56 71 U+3093 1303 1239 96 84 U+3046 1084 1948 45 80 U+306F 1300 2937 88 44 U+305F 469 2507 34 63 U+306A 1320 515 69 97 U+3046 1428 1630 29 59 U+30EC 1584 2320 44 42 U+307F 1345 706 27 75 U+662F 1737 484 107 142 U+3055 1075 717 63 84 U+3078 343 2408 110 76 U+3078 575 1439 110 58 U+3078 825 1876 110 54 U+30EA 887 2003 37 72 U+305F 1429 1688 33 64 U+3046 473 2452 29 57 U+3062 1070 557 98 76 U+3057 865 1600 25 127 U+30BD 864 1953 63 65 U+3057 1552 1096 32 120 seg_fp 1564 2634 45 38,200015779_00037_1
U+306E 1283 2728 79 65 U+306E 1036 1594 76 59 U+306E 1504 1399 76 64 U+306E 811 2447 85 66 U+663C 1246 760 110 115 U+306E 1271 1096 75 66 U+4F55 1468 362 120 112 U+7AF9 1012 1828 114 107 U+3089 794 878 76 86 U+306E 1036 1943 77 57 U+3082 810 1517 62 77 U+3054 583 2668 86 76 U+307E 296 355 70 108 U+30CA 613 1368 51 66 U+898B 803 2685 109 99 U+306F 354 2893 94 50 U+306B 809 2611 87 59 U+756A 1731 1444 108 129 U+3067 1041 2422 84 75 U+3082 1049 862 56 76 U+305D 808 1816 72 107 U+3054 1736 2027 83 61 U+3092 1509 1132 70 99 U+3092 1031 1048 77 102 U+4EBA 797 2522 116 92 U+3082 579 1016 54 80 U+304C 811 1070 65 69 U+3082 355 2376 55 96 U+306A 1502 910 77 87 U+306B 1035 2123 89 57 U+305F 562 1855 84 92 U+3067 82 1107 85 82 U+663C 1268 2353 105 111 U+306C 556 926 93 74 U+3079 560 1947 105 68 U+3066 1275 1773 73 70 U+5E02 84 1927 98 134 U+307E 1265 352 68 94 U+306A 336 1986 72 86 U+306E 566 1097 73 72 U+306B 1263 1541 95 57 U+307E 1738 2271 60 83 U+7269 1478 1006 123 126 U+3046 814 965 38 93 U+304E 1263 987 93 97 U+30A2 1071 1753 53 70 U+3044 314 1614 99 64 U+306F 1501 1684 84 44 U+308C 1493 1581 111 91 U+3059 816 1691 60 115 U+76AE 1036 2003 92 109 U+592B 346 2763 105 116 U+306A 573 2448 74 93 U+9945 55 2291 167 154 U+307E 1504 636 64 91 U+3066 814 2875 73 78 U+304B 570 473 38 73 U+30CA 821 1143 66 73 U+3044 295 936 100 62 U+306A 318 1516 70 94 U+306A 1509 1726 63 87 U+308A 1750 2172 44 98 U+3044 1509 2729 73 67 U+3054 87 1198 89 60 U+306A 99 2072 71 104 U+30B5 325 741 71 64 U+3066 561 1281 72 89 U+3046 830 2269 42 85 U+304B 1044 616 50 66 U+308A 599 2851 45 96 U+3056 1274 1283 90 82 U+3046 597 2546 36 104 U+30C8 847 1270 39 68 U+80FD 1732 1172 104 124 U+306E 347 2469 75 68 U+3059 1271 457 55 112 U+306F 554 636 78 51 U+3059 306 479 62 123 U+3044 72 692 84 64 U+304A 81 1820 112 105 U+307E 1284 1993 58 91 U+3042 108 2664 82 80 U+76EE 1043 951 66 86 U+3067 108 2589 87 72 U+307E 103 1461 52 80 U+3046 1752 1936 38 88 U+3070 547 361 86 106 U+305F 1268 1856 85 88 U+3044 1741 1378 91 65 U+308A 110 1347 42 101 U+3060 1506 1903 78 76 U+3069 1739 1863 92 73 U+305F 1023 1420 91 93 U+308C 787 1440 116 84 U+5E02 73 450 96 135 U+308C 558 835 90 84 U+82E6 289 1179 112 146 U+304E 1286 2588 100 109 U+3093 321 2066 117 80 U+8CB7 778 614 98 148 U+83D3 78 835 92 142 U+982D 1729 1587 106 102 U+30A4 597 1535 40 71 U+308A 1523 2336 40 90 U+3044 1030 1517 84 56 U+3075 325 2311 98 74 U+982D 1052 2831 97 114 U+308C 561 1691 84 93 U+756A 1037 2672 105 140 U+3093 296 1076 131 94 U+76EE 1274 1181 65 88 U+3042 1499 2152 84 95 U+306F 564 1788 80 55 U+3044 1497 2521 84 60 U+304A 62 358 107 94 U+3056 583 2763 86 90 U+3060 817 2354 89 78 U+3044 333 2242 81 69 U+9154 1708 754 113 122 U+3067 575 2160 75 80 U+308C 317 1835 94 90 U+3053 571 1624 70 65 U+3069 828 2177 66 87 U+306B 1743 1020 74 73 U+30E4 1060 2509 71 45 U+305B 806 2792 86 77 U+5B50 93 998 69 92 U+3060 351 2531 84 82 U+3079 1277 1948 99 60 U+304B 1754 2469 40 59 U+76EE 1292 2831 70 86 U+3064 1031 2199 88 97 U+307E 1273 1363 76 86 U+308A 569 540 41 99 U+3089 120 2177 40 109 U+8CB7 1262 1621 93 135 U+3076 303 1006 98 80 U+305F 1515 2796 61 69 U+3051 579 2057 80 107 U+304A 771 366 107 83 U+3089 1290 646 38 93 U+3075 69 756 101 68 U+3055 121 2815 73 73 U+304F 328 1421 47 74 U+3053 326 1762 76 70 U+304B 588 1997 46 62 U+3064 1508 2654 78 65 U+304B 1286 577 39 72 U+306F 326 1930 80 57 U+305D 1510 1475 62 103 U+304A 551 698 102 73 U+308F 809 1926 77 84 U+3059 1281 887 55 101 U+307E 1510 2246 55 87 U+3068 96 601 53 82 U+308C 1028 768 107 90 U+3056 1736 2100 85 71 U+305F 1506 2432 66 81 U+3051 811 2012 74 110 U+304A 791 1601 106 90 U+306F 1742 1096 75 58 U+3068 346 2150 48 85 U+304F 1508 2585 61 62 U+3059 106 1551 58 109 U+3059 1741 2369 57 99 U+3056 94 1265 88 78 U+304B 1513 475 36 57 U+305F 792 770 70 85 U+982D 89 2451 122 129 U+3093 1496 1814 86 90 U+304A 1029 696 94 76 U+3046 1518 824 40 97 U+3055 1030 1162 72 82 U+30CF 589 1498 67 34 U+982D 1727 2854 100 95 U+3046 1511 533 47 110 U+304B 695 1469 32 43 U+307E 1030 459 84 78 U+3046 120 2889 61 89 U+306F 809 2124 77 47 U+306F 1754 1318 63 57 U+9154 1372 2152 79 103 U+30F3 831 1214 63 47 U+30C6 385 1687 42 60 U+305F 576 2362 69 80 U+756A 1721 2709 98 140 U+30A4 1524 2073 36 59 U+9192 1712 892 114 111 U+3044 694 1514 44 33 U+30A4 1774 1780 32 68 U+3060 565 1174 79 99 U+308A 136 2740 46 82 U+3075 1492 1315 97 62 U+3093 1035 2311 108 93 U+3055 1501 734 65 84 U+9154 204 1654 67 103 U+30A4 1762 432 29 51 U+4E8C 681 1434 52 27 U+307E 1033 1252 80 81 U+4E8C 1601 1968 50 30 U+3059 1294 2476 46 109 U+30E0 1315 2240 53 52 U+3056 1032 366 101 91 U+30B3 1076 2563 53 34 U+4E8C 1831 354 35 26 U+304B 578 768 31 69 U+306E 786 445 70 68 U+304B 1609 2004 27 40 U+3057 355 1322 13 90 U+30CF 1060 1673 66 34 U+300C 92 1668 126 97 U+30D8 1727 484 57 35 U+30CF 1754 2577 63 38 U+3057 1545 2865 21 89 U+3044 1611 2044 42 32 U+30A4 396 2687 28 57 U+4E8C 461 2601 47 28 U+304B 1848 1749 24 46 U+304F 1501 1245 62 70 U+9154 1809 606 63 55 U+30E0 119 1703 50 51 U+30EC 1088 2610 57 38 U+305A 312 819 90 112 U+30A2 1772 2644 51 62 U+4E8C 1847 1711 28 30 U+305D 805 1344 50 95 U+3057 1070 531 16 90 U+3057 1067 1331 17 87 U+3059 1277 2087 68 103 U+30CF 1511 2040 68 28 U+3057 835 507 16 99 U+30CB 331 702 61 27 U+9154 420 608 64 84 U+304B 1835 383 27 41 U+300C 1735 1709 103 82 U+304D 580 2250 61 105 U+30CF 1753 401 47 30 U+30FD 1089 1712 21 28 U+3057 1307 1447 17 80 U+304B 470 2639 35 41 U+30CA 324 645 58 50 U+30FD 137 1750 28 59 U+30FD 1749 592 20 49 U+30FD 1333 2295 22 45 U+30CF 1760 1753 57 26 U+300C 333 2629 143 81 U+300C 293 617 140 94 U+3044 1844 1796 35 35 U+30FD 1749 522 18 47 U+9154 1809 2462 60 59 U+300C 541 1456 151 81 U+30CF 381 2656 60 33 U+300C 1713 360 122 95 seg_fp 71 0 44 64 U+3044 1834 417 36 27 U+3044 475 2671 41 26 U+30FD 1780 2617 23 29 U+300C 1271 2205 121 72 U+300C 1503 2001 97 84 U+309D 1066 2291 28 42 U+300C 1710 674 132 83,200015779_00053_1
U+306E 1717 1685 75 68 U+3082 75 911 54 92 U+306F 769 2184 101 62 U+3081 74 1754 63 96 U+5F85 739 765 127 118 U+3092 69 2037 87 99 U+89D2 62 1278 83 133 U+5207 1219 1719 144 100 U+306C 1009 1159 112 78 U+3066 54 418 88 88 U+3092 57 1417 86 92 U+51FA 1248 2334 95 116 U+5F31 1236 1475 116 125 U+4F55 296 2631 118 122 U+3067 1014 638 78 73 U+3068 1026 403 62 85 U+3044 526 1301 96 83 U+89D2 1004 496 100 130 U+306A 69 755 74 74 U+738B 997 1649 130 91 U+3082 1498 1525 57 77 U+3046 84 1000 38 113 U+52DD 1454 1843 138 131 U+3067 773 2890 97 90 U+99AC 780 2757 106 115 U+3082 1273 2242 65 87 U+306E 290 413 83 79 U+5148 1699 1542 120 124 U+306A 79 2705 80 86 U+306B 285 490 100 72 U+3067 316 2530 87 89 U+89D2 1242 409 91 134 U+FA55 45 2147 115 147 U+3067 1015 2794 85 79 U+3066 1471 1985 92 82 U+5408 989 2878 154 107 U+6253 305 2866 110 123 U+30B5 827 538 57 79 U+30CA 1738 838 61 68 U+304C 563 775 66 60 U+30A2 1305 1897 55 72 U+306B 1704 1135 97 72 U+4ECA 1453 2587 137 121 U+3044 778 2357 90 64 U+3070 552 2763 103 65 U+60DC 752 2238 121 120 U+5869 1696 1756 116 114 U+3066 538 2492 95 75 U+30A2 1745 906 64 68 U+5C53 1679 979 115 144 U+305D 319 2350 63 87 U+99AC 760 417 109 122 U+3061 538 690 94 89 U+30F2 771 599 55 65 U+6E21 1236 740 132 127 U+60AA 1689 417 110 114 U+9593 46 1166 107 99 U+3089 79 580 65 88 U+3067 1716 2319 87 85 U+843D 1240 2092 120 147 U+30CA 825 1812 73 80 U+5148 877 1011 80 69 U+6885 1692 1881 125 104 U+306D 769 1308 100 111 U+3051 561 2666 76 104 U+3089 1267 1362 68 108 U+3088 1496 1744 66 86 U+3082 1275 1031 51 86 U+FA55 42 1522 116 146 U+6307 981 1035 139 117 U+3068 1502 527 44 88 U+8ECA 1241 2837 106 148 U+5F8C 409 546 77 73 U+53D6 1012 1873 104 107 U+3066 294 1178 76 80 U+304B 1287 1294 43 72 U+3084 48 520 100 60 U+3060 1264 1202 72 86 U+30CA 371 2285 53 71 U+898B 1466 2070 112 104 U+306D 1237 2474 108 115 U+624B 1033 2434 78 109 U+738B 527 851 102 69 U+5C06 755 1472 119 101 U+30C4 1065 1250 59 55 U+5148 661 1216 69 63 U+6D12 1233 1986 134 100 U+3060 554 1820 88 77 U+9003 280 2058 122 150 U+3092 319 2743 75 107 U+305D 1489 986 65 96 U+305F 772 868 76 87 U+305F 1264 1819 71 75 U+4E38 1696 2223 126 84 U+6842 757 2636 136 111 U+305F 1260 949 72 72 U+52DD 1689 2410 137 128 U+5C06 995 724 118 81 U+80FD 273 1751 122 142 U+308A 1264 1613 65 98 U+30A2 837 1885 54 71 U+306B 540 2331 85 69 U+3046 87 668 41 86 U+308A 795 954 42 83 U+306A 1712 1214 72 108 U+3078 1225 2588 130 69 U+624B 548 928 74 122 U+305F 1721 2538 73 79 U+68CA 998 810 138 152 U+89D2 60 1916 90 126 U+6307 271 1054 122 111 U+3031 304 1607 97 148 U+3093 1245 1112 106 88 U+5974 530 1725 122 94 U+3067 1490 1460 82 67 U+80FD 541 2852 131 134 U+80FD 1467 1617 111 131 U+624B 305 827 64 127 U+30A2 1757 1488 58 64 U+30E4 90 854 65 61 U+679A 1219 621 141 109 U+3084 992 1993 113 91 U+3068 1505 893 45 87 U+305D 1021 2620 70 93 U+3044 537 1649 110 63 U+5999 257 725 146 106 U+306F 1012 1575 92 63 U+306F 779 2569 93 60 U+3059 1034 2080 51 105 U+9280 740 2046 153 132 U+51FA 69 2598 94 118 U+305F 1712 748 68 80 U+5C06 1679 2640 129 92 U+306F 1019 966 87 52 U+898B 1469 636 90 104 U+738B 997 2349 130 78 U+30C4 1500 2459 68 57 U+305F 1717 1402 78 78 U+3068 95 2446 66 75 U+8ECA 1466 2838 113 147 U+3046 1496 2355 37 90 U+30A2 1772 2154 53 74 U+5148 173 1830 66 79 U+5148 1364 2639 64 68 U+3064 75 2916 85 94 U+5F8C 1139 2543 57 78 U+305B 1473 2187 86 90 U+3031 550 1120 88 106 U+3084 524 1917 112 76 U+30B5 288 1291 57 68 U+68CA 750 1571 149 155 U+30C4 1079 2190 51 53 U+3053 1026 2717 56 73 U+305D 551 508 68 106 U+304A 68 2533 114 65 U+3092 1024 1754 84 103 U+305F 778 1209 78 85 U+3092 289 954 85 94 U+30C4 774 664 62 38 U+304A 532 2588 115 77 U+3064 551 1990 77 67 U+9280 504 2211 164 113 U+3084 1460 2279 109 80 U+5148 1595 1250 69 70 U+308D 296 1552 76 102 U+3031 312 1917 92 145 U+68CA 1686 2727 133 165 U+8FBC 32 1670 139 86 U+3078 763 1421 108 49 U+304F 1724 555 37 65 U+4E9B 1465 408 121 71 U+9003 266 1410 150 133 U+4E8C 1238 560 93 45 U+3060 1486 1178 76 88 U+307E 545 1386 66 90 U+30A2 290 1351 59 68 U+98DB 1234 2731 133 104 U+3064 1020 1384 87 85 U+30CA 361 1257 46 55 U+3084 1707 2086 96 67 U+3064 553 616 69 77 U+30C8 794 702 32 57 U+305F 303 2211 84 73 U+3061 1009 1469 97 106 U+306D 1466 748 106 97 U+3060 785 1724 83 86 U+3053 328 2449 59 74 U+98DB 1467 2718 125 118 U+3053 1029 1316 60 68 U+3046 1506 1090 40 87 U+3081 85 2378 68 69 U+3060 545 1049 79 77 U+3064 1715 1324 83 79 U+304D 780 1106 67 101 U+3078 1465 855 114 55 U+4E00 53 1134 101 18 U+3053 794 2436 60 66 U+662F 1462 1320 134 130 U+8FBC 43 2306 140 78 U+30BD 565 402 56 51 U+3071 540 2064 95 57 U+3060 1723 2887 88 79 U+304B 325 1900 44 60 U+5F8C 1587 2476 59 70 U+308A 567 2120 49 89 U+3058 1753 1986 45 92 U+3057 1294 851 18 98 U+3057 1741 626 20 119 U+5F8C 892 1947 54 69 U+300C 756 1051 133 100 U+300C 526 1241 133 82 seg_fp 1475 478 91 41 U+3031 552 1463 90 92 U+300C 996 2569 149 99 U+300C 1477 2536 114 99 U+30EC 570 449 63 55 U+30F3 316 679 70 39 U+3059 91 2801 57 115 U+5175 1603 2555 29 56 U+300C 268 579 141 91 U+30BD 1017 2234 54 58 U+300C 1223 2664 144 107 U+30D8 315 613 44 36 U+3057 567 1549 36 106 U+8535 1607 1318 62 96 U+30A2 1770 2965 52 37 U+3078 1601 2616 52 53 U+30EC 1031 2287 62 43 U+3057 550 2401 63 97 seg_fp 27 0 48 55 U+300C 812 1960 81 107 seg_fp 1254 2709 61 49 U+309D 820 2501 28 61 U+30FD 327 652 18 25,200015779_00056_1
U+3092 1822 802 94 109 U+3067 1806 2802 111 72 U+8003 409 2118 110 140 U+898B 642 2352 114 101 U+306A 658 2455 79 103 U+306E 426 2042 87 62 U+3092 1126 2882 84 89 U+3092 1102 369 98 96 U+624B 428 1914 79 117 U+3089 216 1682 62 92 U+308B 1604 373 67 80 U+843D 181 1547 125 130 U+304F 1617 1228 48 95 U+6253 629 1420 107 128 U+304B 1817 2337 113 73 U+3066 650 2243 81 92 U+30CA 687 1701 66 81 U+3082 1600 2695 66 83 U+304B 1616 465 48 60 U+8003 188 2147 103 142 U+82E5 1585 1332 104 138 U+884C 1583 1136 109 89 U+306E 1125 2421 79 53 U+89D2 1834 671 77 128 U+4E0B 181 1862 112 89 U+3066 1337 1444 91 90 U+89D2 886 1506 90 135 U+3067 883 1073 85 80 U+6253 1810 2495 114 129 U+3092 189 1059 89 94 U+6D12 175 1437 125 98 U+6709 633 1038 113 116 U+4E0B 400 1817 115 86 U+306E 199 2083 81 51 U+3060 640 1963 128 95 U+306A 1357 1000 83 94 U+80FD 176 811 108 120 U+308D 1352 477 77 93 U+624B 207 1964 73 107 U+4F11 164 2299 145 107 U+898B 1328 363 112 102 U+4F11 390 2262 135 113 U+624B 193 927 75 126 U+5C3B 1560 1760 147 116 U+305C 863 2540 137 89 U+624B 1368 2017 78 108 U+3066 1595 2918 82 70 U+3092 1340 1244 98 99 U+3044 646 2646 99 64 U+304B 444 1726 40 64 U+306C 1110 1822 107 70 U+738B 1103 2789 121 66 U+304C 1380 2319 72 60 U+3068 658 949 59 80 U+8A08 1089 810 138 111 U+3060 1118 1056 111 89 U+30E4 1857 609 64 56 U+306A 1596 2466 69 82 U+596A 1105 476 105 157 U+30A2 239 1777 50 60 U+3060 419 1018 98 79 U+3067 1586 2628 101 67 U+306A 1829 1576 69 99 U+3055 198 1160 76 88 U+7565 1083 923 158 119 U+3044 1110 1656 93 71 U+8ECA 1344 1895 113 128 U+6E90 1245 2049 66 63 U+53D6 1820 2880 113 96 U+3089 1631 1924 33 86 U+305F 1822 365 90 97 U+305A 648 856 95 93 U+304B 1852 1958 52 60 U+4E8B 1365 1104 68 139 U+3066 885 2265 80 84 U+6240 375 530 137 107 U+5C45 860 2358 127 119 U+5C06 1100 2487 115 86 U+3042 404 712 102 98 U+65AF 1575 535 117 112 U+3081 1841 1157 62 86 U+308C 1810 2717 121 84 U+60DC 864 1996 131 129 U+5148 761 1786 74 71 U+3070 898 2872 82 102 U+308C 1362 2567 82 101 U+3082 1126 1566 74 86 U+3042 1594 966 94 98 U+304B 623 368 125 79 U+6765 1337 1544 98 115 U+308A 907 1898 49 90 U+305F 429 2676 64 89 U+3059 201 1251 65 96 U+3080 179 2415 112 94 U+4F3C 395 2572 140 97 U+4F3C 180 2597 117 95 U+5F15 1583 1479 108 110 U+3065 1590 2374 107 76 U+5C45 616 738 118 107 U+3089 1628 1660 40 85 U+306E 1120 1906 90 80 U+68CA 1097 2576 135 126 U+308B 1618 869 50 83 U+6293 610 551 176 96 U+3051 657 1309 73 111 U+308A 1610 2145 44 89 U+5148 1243 1189 75 72 U+30C8 1654 2228 39 61 U+8ECA 870 1286 112 128 U+307E 1599 2275 58 99 U+3057 392 368 110 85 U+305F 201 2687 69 81 U+304F 442 1376 42 87 U+308A 454 2769 39 106 U+5F8C 1463 616 65 76 U+9280 1336 2849 138 125 U+3055 652 2559 75 83 U+3042 1817 2620 95 97 U+3046 1630 643 32 84 U+6B64 1098 2134 119 94 U+30BD 1840 2090 58 59 U+30C7 1836 2184 97 81 U+3070 895 1643 92 106 U+306D 399 1576 107 96 U+6765 1583 726 93 141 U+9063 1586 2801 99 113 U+3067 639 660 98 61 U+30CA 1179 1143 51 58 U+5F8C 298 366 72 75 U+30A4 1862 533 54 67 U+305A 415 919 108 97 U+99D2 862 2752 139 115 U+306F 879 753 89 55 U+8AA5 847 368 125 125 U+308A 222 2769 41 91 U+3064 698 2721 50 39 U+65E9 398 1264 130 116 U+30CB 1151 1293 69 34 U+305F 1838 1873 72 73 U+3068 1839 1244 51 89 U+306F 1126 2707 87 52 U+3046 905 565 35 94 U+304B 915 1841 35 61 U+307E 660 2051 57 115 U+3060 436 2875 74 100 U+306B 406 638 97 62 U+3046 1862 2401 32 90 U+8ECA 1106 1448 113 113 U+304A 1338 830 105 86 U+3068 900 1420 56 79 U+3089 434 810 52 111 U+3055 1128 1985 67 88 U+306B 192 2510 102 70 U+3064 890 1754 85 65 U+306F 1361 2393 70 94 U+30B5 444 1107 66 62 U+30C6 672 1878 70 67 U+304B 1621 1869 35 56 U+3074 1589 2021 99 78 U+308B 1372 1659 55 71 U+3031 403 1174 40 80 U+98DB 1101 1338 140 125 U+3064 646 1550 75 51 U+308A 664 448 63 96 U+738B 1349 2135 112 76 U+FA55 1807 924 112 154 U+308C 1823 1771 106 102 U+306D 862 905 111 108 U+304A 1814 1348 115 79 U+306B 415 2477 104 73 U+30C8 1410 552 36 64 U+3080 407 2386 103 96 U+3089 1393 2761 43 81 U+3068 209 1350 54 77 U+305F 1589 2081 94 66 U+3093 1582 2541 102 77 U+3057 877 807 88 98 U+305F 1610 1581 69 75 U+624B 1364 2210 74 109 U+30C8 1864 2262 32 58 U+3078 857 1016 127 55 U+30A2 1388 762 53 56 U+3064 650 1177 77 51 U+3078 403 1675 120 48 U+3064 1875 2021 71 49 U+30B3 935 2650 52 35 U+6C5D 624 2785 142 86 U+3084 872 498 92 73 U+308B 903 2476 56 75 U+51FA 1822 1432 96 138 U+3065 1366 2487 102 84 U+305F 653 1233 79 77 U+3068 209 716 49 85 U+98DB 857 1169 135 124 U+30B3 1845 2147 52 37 U+305F 1373 2668 76 93 U+30CA 1406 1717 53 60 U+30A2 457 1174 52 57 U+3068 901 661 40 86 U+53D6 1110 640 89 98 U+30EC 936 2700 73 35 U+3089 1145 1725 44 100 U+304C 912 2129 85 68 U+308B 437 452 46 63 U+3061 179 553 84 102 U+304B 1843 462 50 71 U+3064 1346 918 92 85 U+30CA 1146 1242 71 50 U+30F3 222 464 61 40 U+3064 649 2174 83 72 U+3057 685 1602 14 114 U+3055 1838 1679 67 85 U+8FBC 1801 1071 145 82 U+5408 1090 2326 143 82 U+3064 199 653 77 67 U+624B 1131 2206 63 106 U+308B 1140 746 48 52 U+30CF 666 1838 65 34 U+3064 891 2197 84 67 U+98DB 1337 1779 133 118 U+30CE 218 509 49 33 U+3068 181 2840 30 48 U+300C 1310 629 162 97 U+306D 168 2967 65 41 U+30D9 248 2840 65 43 U+30CA 219 409 58 59 U+3057 453 1458 21 111 U+30CF 1380 675 53 39 U+300C 625 1796 142 88 U+300C 1109 2086 142 85 U+309D 1635 1062 23 74 U+30A4 254 2874 28 67 U+307E 174 2908 50 58 U+300C 162 381 153 100 U+7B49 655 2873 85 68 U+3057 1370 1341 30 99 U+304C 673 2948 79 53 U+300C 1071 1209 181 85 seg_fp 242 2936 18 61 U+30FD 1405 716 19 38,200015779_00056_2
U+306E 276 1159 95 81 U+306E 553 2878 82 64 U+4ECA 748 628 127 127 U+4ECA 968 926 150 150 U+304C 1266 1140 73 69 U+3082 1490 945 59 92 U+3067 995 1441 97 84 U+306A 57 568 70 78 U+3044 1006 2229 92 70 U+306E 1711 2476 88 68 U+305F 1010 1670 76 88 U+306A 1009 2133 80 97 U+307B 765 1407 99 105 U+75DB 1674 725 113 136 U+6E6F 1237 2481 130 153 U+8CB4 285 1855 113 160 U+306A 1028 2825 77 97 U+306A 71 2862 86 95 U+3046 1259 517 45 93 U+3082 76 2168 55 112 U+3066 1249 1496 72 75 U+304B 570 2016 40 55 U+304B 1024 801 40 61 U+6C72 523 1802 132 103 U+306A 1002 638 73 91 U+4F75 1432 1416 155 127 U+306E 775 1057 74 66 U+53C8 276 923 103 104 U+5408 1452 2151 143 98 U+307E 1712 1956 62 91 U+306F 999 579 86 67 U+6765 834 2340 59 94 U+3066 311 2365 74 84 U+306E 58 2276 82 87 U+6C72 980 1322 137 108 U+30CA 1299 1572 58 70 U+75DB 1447 801 120 149 U+4F55 33 893 106 119 U+3044 271 1086 93 59 U+3093 533 1903 115 99 U+3044 296 1790 94 63 U+306F 1722 2893 88 46 U+306A 775 1635 72 94 U+308A 1723 1860 46 100 U+306E 510 532 51 67 U+7F6E 998 1527 119 137 U+3044 1231 953 98 67 U+58EB 1469 1923 103 72 U+3082 70 1889 59 96 U+306F 1011 2075 87 63 U+305B 1688 941 94 78 U+3044 47 1392 97 64 U+5484 1221 1025 120 101 U+3064 290 2109 92 111 U+306C 1698 2136 98 89 U+307E 1704 853 65 80 U+306A 761 1229 81 92 U+304A 586 1204 68 56 U+3044 272 782 93 63 U+5EA7 1454 1550 110 144 U+306C 1690 1020 100 83 U+3054 1483 1044 93 68 U+3072 741 2465 74 63 U+3082 1721 1598 58 86 U+3060 559 2658 88 81 U+306A 282 662 72 115 U+3086 1117 840 62 57 U+306F 1692 651 84 65 U+6C72 751 771 124 103 U+3044 550 2822 85 55 U+3044 988 733 97 64 U+3092 49 1017 87 112 U+30CF 96 2361 67 44 U+3069 787 1506 74 109 U+8CB4 1677 2231 131 139 U+3066 1473 2488 85 89 U+3068 1254 614 51 85 U+3044 46 1138 90 81 U+3066 517 1364 65 54 U+306E 757 2665 58 58 U+306F 49 516 87 58 U+306E 748 2167 57 47 U+304B 1715 1113 43 63 U+304B 1134 1760 38 47 U+3086 654 2080 56 62 U+304B 508 1142 69 51 U+3044 41 663 101 47 U+540C 1470 1825 104 97 U+305F 747 328 97 117 U+305D 323 2456 68 99 U+306E 587 1016 56 58 U+307E 1735 2802 53 83 U+67DA 1213 2166 146 100 U+305B 1696 2056 94 77 U+3051 590 1077 61 72 U+3092 1480 2268 83 111 U+3093 50 2077 98 105 U+304D 1807 1157 38 59 U+305B 43 1993 108 87 U+6C72 534 2561 127 98 U+53C8 818 1885 73 79 U+982D 1466 1701 115 118 U+30C6 104 2406 57 99 U+3072 53 1800 91 89 U+3066 1226 442 82 73 U+4F55 1666 1416 140 113 U+3042 1240 1222 90 112 U+3078 980 1269 125 73 U+30E4 1500 441 63 54 U+3046 797 1120 34 95 U+3093 1010 2535 122 88 U+304D 1131 1806 39 65 U+306A 746 2229 58 76 U+305D 556 2307 74 101 U+3044 771 1732 95 62 U+306F 298 1729 82 56 U+7B48 974 338 113 142 U+306E 52 342 76 83 U+306C 1472 1318 99 77 U+3069 1491 695 63 89 U+305D 1010 1086 63 103 U+30EA 1288 2037 36 63 U+305F 768 532 60 78 U+53E4 1225 850 102 103 U+304D 593 1261 48 76 U+304A 1686 330 96 78 U+3078 530 2492 107 75 U+3086 397 822 55 59 U+306F 559 2763 71 55 U+3066 592 1146 43 56 U+3060 769 865 97 101 U+3091 741 2387 71 77 U+53C8 585 1467 72 66 U+3086 1139 2245 64 63 U+304B 72 713 37 51 U+3075 1227 769 100 67 U+308B 787 1319 42 69 U+3064 515 1009 58 57 U+3093 1464 602 110 94 U+300C 1055 1779 66 93 U+3060 539 1694 78 93 U+3031 1686 1315 33 85 U+304D 159 833 39 65 U+304C 599 1401 60 56 U+3044 1235 714 76 56 U+3075 37 1217 111 70 U+53D6 577 547 55 90 U+306F 272 610 94 66 U+3051 512 679 63 91 U+304B 296 1026 44 58 U+3081 72 2503 65 92 U+3044 740 1970 67 54 U+3068 527 1068 43 60 U+3051 768 2800 62 71 U+3042 286 1407 91 114 U+90FD 1237 2365 117 96 U+304C 800 968 56 76 U+3081 1033 2467 59 72 U+304D 1381 1951 44 59 U+306B 269 524 90 84 U+307E 744 2304 63 76 U+3060 60 1564 90 87 U+3056 1706 1780 104 78 U+305F 1723 2726 69 68 U+305D 571 331 60 75 U+3088 521 1248 51 63 U+3064 1252 382 60 56 U+306E 1257 2290 69 73 U+3093 753 2592 62 61 U+516C 310 2029 71 65 U+3093 302 2551 115 81 U+30E4 316 1351 59 55 U+30F2 1521 2593 52 59 U+4E00 1222 337 113 21 U+3067 837 2270 58 64 U+30F1 1728 1302 72 51 U+306A 319 2641 83 84 U+306B 1004 1984 90 91 U+9262 1445 2021 134 127 U+3064 63 1677 78 55 U+304D 404 365 41 64 U+305A 1481 506 96 101 U+3064 310 2279 84 76 U+305A 1150 2309 55 79 U+3042 1719 2630 83 96 U+3054 1713 1704 91 67 U+3064 1684 416 86 74 U+30E4 1277 2111 63 52 U+3068 856 2856 45 74 U+304A 757 2725 69 76 U+305B 521 1313 54 51 U+3068 1727 1515 40 82 U+3088 1032 2625 56 92 U+3093 502 388 71 67 U+3044 286 1659 89 63 U+308A 1599 361 28 62 U+4EBA 1367 1667 54 54 U+300C 979 868 145 105 U+3067 999 499 91 78 U+305E 70 1299 85 94 U+30C4 1525 2646 60 50 U+3092 1259 2634 79 110 U+3053 1016 1191 63 76 U+30C6 1058 2393 45 75 U+30B3 319 1252 57 33 U+305F 1245 1412 78 76 U+3066 583 637 48 68 U+3078 587 970 61 52 U+3092 776 2875 52 73 U+3053 511 334 45 52 U+3066 836 2441 49 60 U+3076 1474 2857 125 81 U+3046 95 2780 41 77 U+305F 586 751 52 59 U+305F 518 1190 51 54 U+304A 1714 2554 91 68 U+3055 1477 1116 66 91 U+307E 68 1457 60 111 U+3064 584 409 53 55 U+3055 751 1899 52 67 U+304F 527 1455 47 79 U+304D 590 893 49 75 U+305C 736 2029 77 59 U+3046 1039 2714 45 120 U+3067 53 427 88 84 U+304A 517 1415 61 48 U+3075 310 2905 98 48 U+304B 164 791 30 42 U+304B 593 708 41 45 U+3076 1685 489 114 67 U+305D 520 945 45 61 U+3084 277 1520 103 77 U+304B 77 1733 39 68 U+30C8 858 1807 31 56 U+3053 555 2420 60 66 U+30CF 1231 1751 54 42 U+304F 852 2763 57 89 U+3044 307 2836 81 71 U+307E 544 1583 62 110 U+304D 670 1567 40 50 U+3093 54 2591 92 86 U+308C 1260 2800 78 78 U+308B 1281 2875 46 61 U+3064 761 447 76 83 U+304A 510 613 56 60 U+3044 823 2095 60 52 U+3053 1013 1843 73 65 U+3068 584 464 38 74 U+3078 834 2667 61 55 U+304A 841 2721 37 59 U+30A4 1734 1237 39 57 U+304F 828 2150 56 48 U+3093 828 2197 66 59 U+30CF 1270 1695 71 47 U+305A 665 2139 57 63 U+3089 1487 1211 49 117 U+3053 281 387 61 71 U+3082 515 858 51 71 U+3088 83 2680 58 97 U+308F 586 812 47 77 U+305A 1135 897 43 76 U+305B 741 2535 72 56 U+3064 1238 1336 96 76 U+300C 239 331 156 112 U+30B3 1285 1998 46 34 U+300C 528 2100 127 100 U+3071 829 2007 54 82 U+3093 745 2092 63 64 U+3069 519 461 56 67 U+304B 1383 1915 33 38 U+30EA 332 1293 34 61 U+304B 674 1522 34 46 U+305D 842 2508 52 84 U+3092 505 781 66 63 U+305A 408 882 54 80 U+306D 1471 2748 113 103 U+304B 1810 1116 28 44 U+304F 1256 2737 72 59 U+516C 1706 2380 92 88 U+30A4 1509 367 31 62 U+3057 612 1335 20 73 U+30C8 1549 2696 38 62 U+300C 51 814 102 93 U+308A 1714 562 37 89 U+300C 1218 1944 159 93 U+300C 506 1543 161 105 U+300C 1683 1190 138 104 U+304B 408 327 24 36 U+4E8C 1370 1630 34 29 U+30CF 1028 2355 79 32 U+304B 334 2213 32 61 U+304F 1588 325 40 37 U+300C 990 2311 149 92 U+4E8B 332 2747 60 82 U+4E00 821 1977 70 15 U+300C 1436 334 164 101 U+3070 846 2596 57 72 U+300C 1230 1658 139 99 U+30FD 1304 1841 22 40 seg_fp 1521 2378 28 99 U+30FD 1250 1880 22 53 U+4ECA 551 2164 91 127 U+30FD 1302 1745 21 58 U+309D 305 461 25 57 U+30FD 1253 1796 14 34 U+309D 1035 1912 38 73 U+3057 307 1593 33 73 U+30FD 1254 1847 15 33 seg_fp 51 1 46 62 U+30FD 1306 1803 15 31 U+30FD 1252 1820 14 34,200015779_00065_1
U+76F4 1514 821 123 133 U+3031 823 1046 93 138 U+6253 1518 956 120 130 U+4EBA 1739 1148 117 120 U+306E 1753 1061 83 74 U+306E 122 292 88 68 U+306B 1519 433 103 67 U+8CB4 791 1281 140 158 U+7533 353 1479 66 104 U+6E6F 1731 1832 143 143 U+306E 1519 2054 84 68 U+306A 339 2385 81 92 U+3078 803 2626 126 52 U+306E 1299 934 84 66 U+3067 1294 1122 97 86 U+9EBB 559 810 149 129 U+304A 1508 2138 100 80 U+306E 1532 1105 85 66 U+306A 1744 2588 85 82 U+4F55 549 2752 140 123 U+3054 829 297 99 72 U+306B 574 2664 97 61 U+306A 104 1958 90 90 U+306B 1047 2467 101 67 U+306F 814 2676 97 81 U+304C 1083 726 73 66 U+4F55 299 1197 154 121 U+306F 1054 2203 90 54 U+307E 344 1593 66 103 U+9838 1494 1366 136 126 U+3082 1301 2802 63 85 U+7269 571 1498 136 112 U+8D64 1045 800 130 125 U+306F 123 521 78 88 U+75B9 562 949 165 140 U+76EE 124 380 75 89 U+5927 336 2696 127 102 U+4EBA 1273 1478 148 90 U+306A 120 785 82 92 U+3044 1045 1860 103 68 U+5EA7 1272 2533 106 146 U+306B 1286 304 112 78 U+5EA7 1285 518 110 140 U+304B 837 1907 52 59 U+30CA 170 2299 60 81 U+3078 569 1805 118 64 U+4F5C 74 1727 145 109 U+307E 830 561 69 98 U+7621 790 1629 162 139 U+304C 840 2430 69 62 U+73CD 1031 1387 168 137 U+3066 584 508 81 87 U+306F 1298 1578 89 53 U+5EA7 1047 933 109 151 U+306F 1754 1269 85 57 U+3089 112 946 69 110 U+8C46 1034 2340 127 110 U+3072 337 598 104 87 U+3044 1520 1654 106 60 U+6642 548 2536 133 117 U+6C37 1273 1644 137 108 U+3078 98 483 133 56 U+6BD2 792 1772 141 114 U+3053 1529 1737 74 68 U+76F2 1287 1214 107 161 U+76EE 591 1694 84 92 U+5BD2 1275 773 139 146 U+8D64 1729 1580 134 141 U+306A 112 1330 77 102 U+86F8 1500 290 131 131 U+982D 1289 663 115 103 U+982D 1043 1098 121 123 U+51FA 1735 1980 102 125 U+3060 593 1408 91 77 U+5185 104 1219 94 115 U+305F 343 867 76 79 U+304C 610 1614 73 62 U+3067 1040 2830 114 72 U+3082 357 1382 58 87 U+5EA7 1507 2234 104 160 U+3089 1764 2761 52 105 U+3089 1084 1524 55 99 U+4EA4 1036 2561 136 129 U+306C 332 1787 103 89 U+307E 114 2360 68 110 U+3089 1768 935 50 118 U+3044 334 524 96 75 U+3060 346 2616 97 69 U+305F 1067 625 77 88 U+7121 80 1597 137 115 U+3061 1519 1810 92 124 U+308A 843 2821 46 75 U+76EE 818 2511 93 93 U+305F 1303 1379 83 85 U+3044 336 2324 96 58 U+75B9 797 2290 148 141 U+305F 1751 2177 84 80 U+3044 820 2764 74 59 U+30F1 359 1123 77 50 U+3060 1754 468 94 81 U+6CD5 95 1847 133 111 U+306E 642 2216 60 58 U+3044 112 618 91 75 U+306F 1049 1788 85 70 U+982D 1275 1942 118 110 U+3093 329 2139 132 95 U+306F 1526 1583 90 66 U+306F 1282 2455 96 66 U+3044 1750 644 91 71 U+30CA 1801 2253 55 79 U+304B 355 953 41 59 U+5927 1739 1338 111 123 U+3042 1522 1180 99 104 U+307E 595 294 68 116 U+306B 97 1506 102 73 U+5EA7 1502 2687 107 115 U+79C1 1021 2076 141 120 U+5207 330 2813 127 84 U+3093 574 1314 121 95 U+3060 107 2213 90 93 U+305B 317 1702 111 84 U+9EBB 780 2157 164 122 U+3044 576 2390 85 79 U+866B 1290 1003 97 95 U+305D 1760 722 68 113 U+9ED2 1285 397 118 110 U+30C6 631 1151 58 71 U+6848 77 1061 140 159 U+982D 1270 2698 115 107 U+3053 1073 438 78 70 U+30CF 621 1107 69 35 U+308A 135 689 50 96 U+3084 334 2490 99 67 U+3060 1536 1496 84 77 U+3044 819 931 95 70 U+7B48 1731 318 119 144 U+308B 1541 629 55 93 U+3059 832 669 64 110 U+307E 1301 2267 61 100 U+304D 1075 311 75 105 U+3084 82 2059 124 81 U+3089 1551 1933 36 102 U+308C 1279 2184 123 86 U+306E 1051 2771 90 60 U+305F 584 2130 76 77 U+3059 1537 518 65 117 U+3056 350 2233 89 87 U+3053 1305 2104 67 76 U+3044 1044 1722 104 54 U+305F 1059 2684 66 81 U+306F 595 1857 65 115 U+306F 1747 578 86 63 U+982D 1506 2810 106 91 U+3056 827 386 97 82 U+7121 1715 2340 142 109 U+3060 110 2467 100 71 U+3064 344 2557 84 59 U+306F 1057 1303 99 67 U+308A 840 467 51 93 U+767D 1514 2588 83 86 seg_fp 1713 2472 144 112 U+30B3 875 1202 55 30 U+307E 353 678 59 102 U+3064 1739 2111 94 64 U+3048 1048 514 114 109 U+304F 472 1001 48 48 U+5C0F 1048 2267 109 65 U+305E 346 398 92 107 U+3061 1758 833 77 106 U+9154 701 597 75 113 U+5206 1771 1470 80 104 U+9154 450 1867 79 107 U+3082 827 1539 68 77 U+304F 951 1954 53 43 U+30C8 1352 2048 51 59 U+982D 1498 2408 114 113 U+304C 139 885 67 64 U+30F1 851 2090 80 47 U+308B 596 2463 53 70 U+304F 1182 1913 54 50 U+3068 359 1278 50 101 U+30C6 363 1964 61 60 U+304F 1775 1725 45 97 U+308A 964 1996 31 59 U+304C 1766 2683 65 75 U+306F 585 2269 75 109 U+3064 109 2140 82 75 U+3068 1543 722 51 88 U+306F 1518 2534 91 36 U+3068 610 1231 45 89 U+308B 1544 1280 56 78 U+3067 1280 2383 110 70 U+3082 117 2627 72 73 U+30A2 614 736 63 75 U+305E 351 2041 95 103 U+308A 481 1049 28 64 U+9154 951 766 72 108 U+300C 317 1023 148 101 U+3044 582 1976 86 75 U+5EA7 1280 1771 115 153 U+516C 806 1451 121 82 U+3068 361 289 47 97 U+308A 1192 1963 30 62 U+30A4 1084 2005 37 59 U+3064 587 2056 84 70 U+9EBB 94 2710 125 89 U+3068 1085 1197 41 96 U+75B9 88 2812 139 97 U+30A4 862 2017 39 67 U+300C 1043 1942 134 92 U+30E0 860 825 58 47 U+30EC 878 1253 71 29 U+300C 563 609 146 91 U+300C 788 1984 177 106 U+3057 378 773 30 92 U+30FD 882 875 23 41 U+300C 319 1895 136 94 U+30CF 354 1930 73 35 U+309D 856 996 27 64 U+3057 142 1425 26 81 U+300C 804 795 151 91 U+3057 616 406 30 102 U+30A4 363 1052 48 64 U+3057 150 2542 26 89 U+3057 1070 1622 37 98 U+30CF 1081 1972 55 35 U+30FD 630 689 30 40 seg_fp 1289 1762 77 62,200015779_00068_1
U+306E 1164 1862 81 71 U+306E 1649 844 75 75 U+3031 699 1029 94 133 U+3066 465 2191 85 92 U+306E 230 1071 81 82 U+306E 461 876 78 85 U+3089 939 670 65 98 U+306E 1170 769 80 69 U+3060 941 2269 87 90 U+3084 1385 1541 101 78 U+9D28 1859 1053 126 133 U+306A 1647 2414 71 90 U+3042 1882 721 82 87 U+305F 229 1295 79 88 U+3084 1400 2137 93 64 U+3066 682 957 82 79 U+3042 1881 830 85 83 U+306A 925 1014 81 94 U+304C 1410 566 75 59 U+3060 1657 1693 79 96 U+304C 243 638 73 65 U+53C8 430 586 141 95 U+3082 1656 502 69 84 U+307B 225 827 93 114 U+3066 1643 2194 80 86 U+305F 235 523 70 91 U+305F 457 1118 72 98 U+3089 1428 1222 41 114 U+5BB6 1854 353 114 146 U+304C 478 498 69 62 U+306E 687 2182 84 63 U+4E8B 244 1155 66 137 U+5C45 1625 2290 119 110 U+3060 1647 1873 130 112 U+30A2 986 2371 50 64 U+3089 300 2106 55 84 U+5BB6 1871 927 104 130 U+305B 911 373 100 86 U+30A2 1712 1800 54 65 U+30A2 510 1221 48 63 U+306E 1874 1661 85 87 U+306F 692 371 69 90 U+306F 695 471 67 104 U+3046 945 462 38 91 U+306F 463 1680 78 107 U+751F 1390 806 103 95 U+3089 1197 454 34 108 U+306B 1645 1069 93 62 U+305F 1415 2749 60 82 U+3093 220 944 107 101 U+751F 1631 601 117 92 U+30A2 976 1402 58 59 U+304A 1388 1137 100 84 U+30C8 292 1478 42 63 U+3082 939 927 70 80 U+5F53 1136 1115 122 139 U+3060 1406 1033 83 84 U+305F 1172 2071 68 83 U+30A2 275 1391 51 66 U+30A2 1222 1048 48 68 U+4E8B 473 976 60 136 U+307B 453 673 86 102 U+3089 1670 1592 49 96 U+3044 1642 1452 93 72 U+305E 1417 2556 103 87 U+53C8 219 725 121 90 U+30A2 1465 2202 48 54 U+3057 1407 1621 77 119 U+9154 1617 709 135 125 U+305E 1172 1556 92 102 U+9D28 1852 504 131 122 U+3060 1885 630 91 73 U+306C 684 1894 90 76 U+307B 1154 1669 101 102 U+3093 447 768 130 100 U+3060 1886 1858 77 99 U+304F 951 2125 37 104 U+307B 1164 577 88 90 U+308D 702 1489 67 90 U+304B 1678 1522 38 70 U+3059 930 563 66 106 U+306A 1879 1491 77 94 U+306D 1400 1738 78 98 U+3084 917 1316 92 77 U+306E 219 2532 60 62 U+4E8B 234 386 77 141 U+30A2 1238 2159 36 60 U+307B 683 1990 84 99 U+3093 681 2078 101 88 U+7656 1606 929 143 141 U+3078 1388 1841 115 61 U+3069 1898 2101 89 85 U+30CA 1928 1408 59 78 U+30A2 1447 1337 48 61 U+306B 921 1719 104 80 U+304C 1178 1264 70 57 U+305F 465 379 73 99 U+4E8B 1184 1943 69 134 U+5F35 903 1830 124 100 U+304A 1874 2899 97 82 U+3057 1398 2273 100 104 U+9154 1381 2657 114 101 U+3093 1153 659 115 87 U+30B3 489 1301 52 43 U+3081 1642 355 73 80 U+305B 1629 2519 94 85 U+305F 1171 957 76 84 U+3064 206 2060 65 67 U+306F 457 1560 76 94 U+898B 672 1367 106 112 U+30A2 985 771 49 63 U+3055 1995 1940 40 66 U+9055 1135 1330 118 150 U+4E8B 1892 1750 63 115 U+305D 223 2453 47 78 U+3075 1168 2906 102 67 U+307B 491 2641 86 117 U+601D 1403 2917 112 74 U+3042 210 1896 62 81 U+3093 1869 1581 117 74 U+3064 936 1565 86 66 U+308A 929 1198 80 115 U+751F 1172 2396 109 101 U+3055 1308 2254 40 58 U+30CA 1917 1346 70 61 U+5F35 672 599 124 112 U+3093 1164 1763 103 76 U+30E4 436 1400 69 52 U+3084 206 1978 70 63 U+308C 1388 459 131 100 U+76EE 233 2834 56 66 U+304F 460 1929 83 78 U+3093 207 1808 72 75 U+30F1 528 2541 65 53 U+3031 316 2566 65 105 U+898B 682 1178 93 108 U+3072 295 2363 68 66 U+306A 209 1568 58 82 U+9154 1374 913 117 114 U+3075 1139 1478 113 73 U+3044 934 2907 92 66 U+3064 1684 1329 53 41 U+304D 214 1738 49 76 U+307E 299 1968 41 92 U+3078 1395 2494 106 67 U+751F 1623 2807 121 75 U+5F35 442 1803 118 119 U+898B 468 2297 93 121 U+30EC 491 1354 70 34 U+3092 235 2908 60 78 U+3064 1656 2086 80 88 U+4E8C 281 1570 66 42 U+3068 1433 2836 35 76 U+30B3 1443 1910 43 37 U+9154 1377 1405 119 124 U+3046 704 1809 39 92 U+304F 926 1940 82 85 U+308D 492 2429 74 88 U+9762 921 2647 111 110 U+306B 282 1773 70 62 U+3088 318 2433 44 77 U+3064 1400 714 81 77 U+4E8B 711 2256 59 110 U+3057 1634 1143 98 97 U+306E 212 2207 61 55 U+3053 1653 1382 57 66 U+306D 1395 2382 105 112 U+3078 282 2062 76 55 U+3055 937 850 64 75 U+304A 1387 365 101 97 U+3044 1304 2208 51 49 U+30F1 1160 2332 58 49 U+3044 678 880 95 59 U+3064 286 1863 68 49 U+305F 1177 360 65 90 U+30CB 1911 2058 73 30 U+3044 1383 636 94 72 U+3078 1617 441 125 54 U+304F 943 1637 57 80 U+767D 936 2792 82 94 U+3044 463 2107 90 66 U+30A4 442 1458 44 73 U+3051 937 1123 58 67 U+308C 293 2194 66 75 U+305F 710 2371 55 74 U+304F 679 1595 84 82 U+308D 312 2512 50 72 U+4E8B 1186 848 58 106 U+4E09 286 1627 53 69 U+3089 1197 2808 40 77 U+308A 217 2123 50 83 U+9154 1047 2430 72 93 U+304F 693 715 70 67 U+3093 202 1652 70 72 U+3078 1606 2607 124 47 U+304F 218 2608 70 53 U+3060 1181 2649 86 85 U+306F 1879 1273 81 65 U+3068 1904 1174 32 95 U+306E 709 2745 79 82 U+307B 702 2538 88 108 U+304B 306 1913 36 48 U+307E 1671 1992 46 90 U+3093 699 2639 94 87 U+30A2 755 2459 44 69 U+4E8B 726 2829 58 144 U+30B5 1851 2613 53 62 U+30F3 987 2233 57 40 U+3062 932 2033 96 95 U+9154 1755 2656 67 95 U+306B 227 2748 67 69 U+30EC 1443 1952 82 46 U+3093 1985 2507 68 64 U+305D 696 1684 54 107 U+30B3 1915 2802 51 35 U+30F1 995 824 51 37 U+304B 1208 2745 33 62 U+3068 2006 2570 32 60 U+305B 221 2670 58 76 U+3068 946 1458 50 100 U+3066 299 2271 53 76 U+3070 1996 2442 50 63 U+3064 1648 1247 85 71 U+3046 1903 2191 48 109 U+30CA 1636 2748 49 59 U+4EBA 279 1701 70 71 U+305D 2012 2746 34 61 U+30C6 1870 2679 41 47 U+3062 472 2017 78 87 U+304F 223 2364 38 74 U+3093 479 2753 95 116 U+9154 1152 2524 113 129 U+30CA 1919 2002 49 53 U+3058 712 786 68 90 U+30EC 1919 2850 65 27 U+306E 476 2881 96 83 U+3046 2007 2633 27 70 U+30F2 975 2517 50 44 U+3044 1986 1903 48 40 U+307F 1318 2313 26 60 U+9154 1671 2891 71 103 U+3072 306 2693 102 68 U+30C6 1924 2611 43 58 U+305F 1889 2336 60 81 U+307F 2006 2008 26 75 U+300C 1848 1968 158 93 U+300C 902 2462 156 95 U+30CA 1680 2712 55 47 U+3088 329 2786 42 53 U+9154 1439 2012 63 118 U+30EC 1214 2302 43 36 U+30CF 1913 2576 45 25 U+306E 1999 2886 44 36 U+30B3 1210 2267 44 32 U+30FD 986 2568 27 54 seg_fp 1380 2019 67 76 U+4EBA 1988 2933 64 50 U+3068 1895 2421 51 88 U+3031 324 2904 45 91 U+309D 720 1289 33 51 U+3070 2015 2806 32 69 seg_fp 1622 2902 63 74 U+300C 1868 2756 141 86 U+308D 318 2841 54 64 U+300C 1613 2687 148 82 U+300C 1872 2541 107 65,200015779_00070_2
U+65E9 1728 891 139 220 U+306E 1365 1570 135 158 U+967D 1358 1964 192 222 U+6C34 1714 666 129 220 U+306E 956 1859 231 198 U+306E 1396 2890 99 80 U+91CD 1342 1755 189 190 U+524D 955 1579 220 269 U+5DF1 1388 1413 111 111 U+3066 1765 2528 96 121 U+6848 950 755 213 221 U+6238 974 1388 157 208 U+5E74 1324 1075 218 302 U+5E02 957 2087 219 226 U+62F5 1677 1137 229 217 U+5316 1308 728 212 145 U+524D 1404 2197 139 203 U+723E 1700 2788 191 175 U+6025 993 506 175 209 U+4E91 1725 2648 139 107 U+65E5 1417 2778 80 90 U+4E94 1361 2618 176 150 U+306A 1718 2063 165 194 U+516D 1309 903 221 142 U+99AC 621 2071 178 226 U+96A0 971 2329 212 233 U+884C 1669 387 220 262 U+6C5F 978 1168 185 177 U+304C 1788 2265 109 136 U+5F0F 594 1253 251 306 U+4E09 643 1935 103 108 U+3056 1757 1396 154 132 U+6587 1298 510 262 202 U+4EAD 595 1534 198 297 U+3068 1801 1853 56 174 seg_fp 639 1853 93 57 U+984C 585 2317 212 211 U+5F8C 1341 2397 270 211 U+3064 1700 1471 211 461 U+3057 1789 2392 44 135,200015779_00085_2
U+306E 1380 1796 78 69 U+3031 473 2816 70 202 U+4ECF 228 1125 128 155 U+6709 1117 2489 131 125 U+4E8C 1835 1270 103 64 U+84EE 667 556 129 124 U+6D44 236 1358 118 152 U+83E9 667 829 114 137 U+8846 454 1285 105 133 U+5927 674 708 108 104 U+7686 920 1978 97 127 U+5E30 905 2130 122 143 U+5BFF 939 1300 106 126 U+3031 690 2142 76 212 U+963F 237 766 122 109 U+963F 443 2347 118 113 U+5F0F 1591 2060 166 165 U+83EF 666 1850 112 168 U+516B 230 2494 116 62 U+4E4B 1836 1647 131 107 U+5B97 243 2582 95 152 U+3092 453 467 89 60 U+4EAD 1612 2210 125 155 U+5357 902 2545 114 124 U+7121 1124 1973 136 109 U+5357 680 1157 89 122 U+306E 468 1186 82 83 U+7121 440 2175 108 143 U+4E43 958 450 80 84 U+99AC 1597 2518 136 131 U+5F25 444 2466 130 113 U+5185 1143 2841 88 117 U+65E5 699 459 56 74 U+7533 926 1166 97 128 U+8005 1587 1851 138 131 U+6238 1608 1514 90 96 U+7121 229 621 127 104 U+8AE2 1821 454 144 142 U+4E09 1603 2389 114 97 U+6B64 651 2703 127 95 U+6E05 908 762 126 140 U+6D6E 1833 755 134 132 U+85A9 673 977 108 151 U+7DE8 1809 1359 151 137 U+53CA 451 1660 115 115 U+3089 254 1842 72 120 U+6CD5 908 2416 115 105 U+3042 1378 1892 80 86 U+4F5C 1598 1751 129 113 U+666E 442 753 116 136 U+5999 883 2276 147 102 U+7121 661 1309 109 118 U+7389 904 537 113 88 U+7121 872 2681 143 109 U+4E5D 215 2771 138 116 U+4E16 1819 901 143 75 U+3089 241 2351 69 108 U+6BDB 1176 1733 82 81 U+5999 644 1455 142 115 U+34DB 664 2833 118 69 U+8A71 1820 614 139 104 U+6CD5 226 1970 120 113 U+83EF 221 2094 113 169 U+4E4B 1143 2759 117 83 U+5357 247 461 107 122 U+5C31 1133 1166 129 102 U+663C 1362 1508 122 108 U+6E6F 1359 1157 123 130 U+4E0A 1831 1745 131 94 U+6975 1125 1414 152 90 U+5B97 240 1598 105 137 U+9640 453 2590 118 109 U+84EE 664 1707 125 125 U+571F 255 1513 68 67 U+6D44 901 901 131 139 U+8457 1577 2682 146 164 U+5F25 238 889 123 108 U+98A8 1841 1006 150 105 U+5442 1858 1131 76 101 U+3088 1393 1304 56 89 U+524D 1360 1638 113 133 U+6CD5 669 1588 109 99 U+5357 454 2012 100 158 U+6C5F 1601 1404 129 95 U+9640 237 1019 117 102 U+5929 932 1626 103 99 U+5207 436 1103 131 64 U+5973 1841 2032 106 92 U+57A3 899 650 139 94 U+3072 1188 632 66 58 U+5DFB 1823 1497 158 124 U+5B97 226 2901 108 133 U+308A 1393 1391 49 96 U+5FB3 646 2924 141 106 U+4E2D 1844 2121 93 109 U+6D77 915 1831 131 120 U+622F 1577 1618 159 139 U+6EDE 1137 1837 120 130 U+6CE2 1164 2187 97 75 U+6210 1132 1035 125 125 U+7F85 1112 2623 134 121 U+3084 219 2284 112 68 U+7953 1119 1284 159 108 U+3084 228 1756 113 83 U+5916 1115 2956 124 87 U+7A62 1115 1601 158 127 U+306E 1191 690 54 58 U+4E4B 1859 2348 92 79 U+306B 468 1558 90 70 U+793C 1168 2105 88 65 U+7956 881 2921 134 100 U+767B 944 1056 98 102 U+56DB 919 1759 118 70 U+7D4C 663 2028 118 102 U+671D 1355 998 122 137 U+7A62 1121 2277 154 115 U+307E 1375 2145 92 105 U+3066 482 639 44 92 U+308A 1132 739 37 73 U+306F 687 2626 74 47 U+5207 1108 942 139 91 U+304F 484 892 37 94 U+7269 1175 455 87 68 U+5F16 1176 1518 76 72 U+9AD8 898 2794 100 127 U+751F 467 1451 81 105 U+25CB 268 1293 46 41 U+305A 1132 675 52 64 U+5DFB 1840 2430 119 108 U+6E6F 1844 2232 105 104 U+304F 699 2535 47 86 U+308A 1400 1977 44 87 U+9858 658 2418 130 115 U+4E00 943 1533 75 21 U+4E00 465 1025 74 22 U+4ECF 441 2718 126 81 U+3055 1387 2076 58 73 U+4EE5 446 548 116 85 U+8005 1170 2394 80 82 U+4E00 1120 883 106 21 U+3093 473 1855 107 126 U+3082 1199 519 38 59 U+3055 479 1781 57 71 U+767E 1115 526 65 67 U+3055 1132 601 34 42 seg_fp 1354 819 132 91 seg_fp 1852 2772 71 62 seg_fp 1853 2841 69 41 U+300C 932 1441 146 104 U+3078 1124 643 57 37 U+3089 1209 576 21 56 seg_fp 1357 2296 118 93 seg_fp 1851 2895 64 56 U+300C 696 2363 168 98,200015779_00089_2
U+5408 1803 597 134 115 U+306E 925 1387 87 72 U+306E 1604 1032 86 79 U+4ECA 1134 2674 119 125 U+306E 1145 636 87 68 U+306E 690 2700 89 66 U+306E 468 2229 92 76 U+3070 250 627 97 100 U+304C 1843 1170 69 68 U+306E 1153 1664 80 70 U+306E 1368 1515 95 89 U+4F55 676 1049 118 117 U+306E 919 2812 82 76 U+306F 1595 1348 88 60 U+3092 1586 2071 111 75 U+304C 662 1797 144 82 U+306E 1828 2911 76 69 U+306E 1145 1204 92 82 U+306E 469 807 81 78 U+304A 909 1164 107 72 U+306A 923 2352 96 110 U+304A 1359 1085 118 70 U+3081 1146 1366 80 84 U+306E 918 1656 85 82 U+3092 898 1744 112 74 U+306E 696 1173 81 72 U+3082 924 2639 66 83 U+4E8B 477 1389 71 140 U+5C24 1364 1768 110 102 U+8005 455 579 107 132 U+306E 688 1400 86 88 U+5B09 676 1575 123 122 U+304A 1576 1128 129 67 U+89D2 692 1259 86 123 U+5B88 1574 1427 116 117 U+55B0 1582 2600 124 128 U+5927 1598 2485 103 119 U+306E 1602 1980 90 81 U+307B 1819 1758 97 94 U+3081 928 1236 71 88 U+304A 1584 797 126 83 U+3064 250 836 80 68 U+308C 1806 1661 121 89 U+5449 1804 2410 119 118 U+3092 1808 725 105 69 U+3066 235 1735 83 71 U+306F 917 2994 85 54 U+5FA1 1367 1678 96 70 U+3078 907 1324 124 72 U+81F3 1362 852 108 97 U+304C 1611 1543 78 66 U+304C 487 1538 77 64 U+304C 1162 2002 71 76 U+3064 1819 383 100 106 U+308C 1590 554 130 90 U+3042 917 2725 84 86 U+5DE6 1372 510 96 104 U+3069 1837 1853 75 99 U+304C 487 2037 58 75 U+304A 674 2516 124 76 U+305D 471 1181 76 99 U+5B50 895 2895 108 97 U+3060 476 707 92 90 U+304A 1135 395 123 82 U+306A 1826 2543 69 120 U+304D 1825 491 74 102 U+306A 239 1823 83 116 U+6765 447 2699 115 110 U+3089 708 1868 59 101 U+306A 232 2969 100 83 U+30B5 1627 2393 75 74 U+3055 1385 2165 69 88 U+3082 1607 708 67 82 U+304A 1128 1292 121 78 U+306D 1361 390 116 98 U+3044 1144 2099 83 62 U+3081 1151 474 76 97 U+30A4 1638 2300 39 85 U+3066 237 1216 87 75 U+4E16 452 1297 114 74 U+3078 1127 815 122 61 U+305B 454 402 104 69 U+3044 1368 2747 96 68 U+306F 693 2993 83 53 U+3055 697 2224 68 75 U+308A 266 989 50 99 U+305B 682 1968 90 78 U+69D8 1344 624 129 125 U+3084 235 2289 99 91 U+304B 454 2314 111 72 U+3067 920 1080 101 83 U+3067 1598 637 92 69 U+306E 1424 2953 55 57 U+884C 1141 2804 82 135 U+3081 1606 874 70 98 U+306F 241 2922 79 50 U+306D 1815 1018 93 103 U+3082 1623 1880 46 102 U+5C45 911 2061 101 126 U+306E 1822 1383 91 87 U+3055 1718 386 49 58 U+30A2 506 2971 52 73 U+3044 1824 2764 80 57 U+3078 1129 572 128 74 U+3046 492 883 35 106 U+98EF 1581 1222 122 97 U+5F85 898 1827 115 129 U+3075 1121 2162 118 79 U+5C45 1811 2196 96 128 U+3078 1353 1251 121 74 U+30A2 286 743 44 69 U+305F 920 525 71 79 U+306F 919 2278 89 64 U+4ECA 905 619 129 111 U+6240 451 2124 109 97 U+3066 1817 2327 79 72 U+80FD 1813 1255 108 114 U+3093 235 2114 125 87 U+3066 917 1964 82 91 U+30A2 285 2390 50 81 U+304A 450 1855 120 80 U+304D 1144 2957 57 83 U+3089 1616 2928 61 107 U+5C0F 261 399 81 93 U+6240 1139 721 91 95 U+3057 912 733 101 103 U+6240 1140 1558 102 99 U+6975 1344 968 128 99 U+30DB 727 2318 59 65 U+5974 672 2131 135 90 U+3081 701 2578 72 77 U+3078 1134 1453 122 57 U+305D 1610 462 78 91 U+306A 1384 1888 74 116 U+3044 460 1003 94 76 U+304C 1396 1600 64 56 U+304B 265 920 40 71 U+3082 265 2014 50 104 U+3078 683 973 122 61 U+3075 1800 2819 117 92 U+30C8 1444 2279 36 84 U+304B 672 2775 120 66 U+3055 1380 764 60 71 U+3078 1804 1124 127 69 U+304C 946 835 80 67 U+305F 1146 2576 73 77 U+3093 1138 1916 116 88 U+80FD 224 2812 104 98 U+3064 243 1637 90 92 U+3084 461 2898 98 76 U+7B4B 1354 2053 113 91 U+307E 1376 2815 73 113 U+304B 1127 1738 114 70 U+5F85 1808 1962 118 129 U+3046 945 2545 37 91 U+3057 1812 803 110 103 U+3078 1586 973 123 64 U+3072 1425 2447 67 57 U+3078 671 2654 136 57 U+306D 235 2477 101 114 U+3069 913 2469 114 74 U+3055 360 2689 52 57 U+3089 513 1937 47 91 U+98A8 1349 2395 71 73 U+307E 1376 1392 75 111 U+3088 474 1743 72 100 U+3057 688 397 103 119 U+80FD 461 1629 112 108 U+3068 706 1489 73 77 U+308A 1377 2646 42 60 U+3068 1840 2662 46 89 U+307F 1726 444 39 62 U+4E91 229 1104 94 96 seg_fp 261 503 86 108 U+5165 1361 2597 62 50 U+660E 1578 1614 114 96 U+306B 685 629 89 73 U+3093 452 2492 136 87 U+3042 1818 1566 93 95 U+308B 711 2045 48 65 U+6765 907 1461 102 118 U+307E 1382 1147 62 105 U+3060 1604 2747 90 104 U+307E 933 976 60 96 U+306D 687 869 106 104 U+306B 1142 2237 89 88 U+3064 1144 2495 96 82 U+306B 1826 2980 93 62 U+3064 469 1081 89 96 U+305F 924 900 76 65 U+3064 1148 949 84 65 U+3089 1140 1113 82 86 U+3055 1820 1476 76 83 U+3061 476 2818 72 79 U+307F 370 2751 45 55 U+3055 249 1455 64 86 U+3093 678 2932 147 65 U+3058 277 2192 65 97 U+304F 230 1551 100 78 U+3044 1427 2393 54 52 U+3066 1833 2095 68 86 U+3088 1169 870 45 76 U+3060 706 767 87 92 U+3089 1840 912 76 108 U+3055 1383 1309 60 78 U+30CB 737 2469 48 40 U+3093 686 699 146 88 U+305F 1154 2395 67 96 U+30A2 1638 2237 52 67 U+306F 1147 2326 87 70 U+3055 701 2862 53 72 U+305F 1154 1032 68 79 U+5442 1357 2470 40 85 U+308B 260 1931 51 87 U+3058 515 467 53 100 U+304B 1622 2856 43 72 U+3084 896 397 127 68 U+306D 1585 1720 111 105 U+30F3 728 2407 85 45 U+3078 1342 2559 76 37 U+3068 486 2576 52 110 U+3088 696 528 70 91 U+3061 1724 2193 48 78 U+306A 1429 2506 43 72 U+3046 273 1293 38 94 U+304C 1438 2582 47 53 U+308B 942 1579 52 69 U+3055 476 2419 56 75 U+3057 750 1700 18 107 U+305F 928 2191 69 77 U+3078 1587 1831 111 56 U+300C 281 2750 74 110 U+3078 226 2594 115 54 U+300C 1617 406 94 100 U+3070 1733 2106 55 76 U+308B 259 1376 44 78 seg_fp 365 2829 42 45 U+3055 1163 1843 54 74 U+3089 1441 2634 34 51 U+30F3 1197 1521 65 38 seg_fp 1382 2003 80 49 U+3057 956 459 22 70 U+309D 515 2380 28 34 seg_fp 1452 3020 39 31 U+309D 1196 1796 27 31 U+309D 735 2828 36 28,200015779_00091_2
U+306E 1017 1156 74 73 U+306E 550 1277 93 77 U+306E 1462 1288 80 70 U+8D64 987 2027 123 133 U+5B50 1224 364 102 125 U+306B 114 1881 72 82 U+306F 1233 743 94 64 U+306E 1014 1929 85 76 U+306F 1002 912 84 61 U+3067 322 1071 92 74 U+306A 111 823 88 85 U+9AF1 312 916 105 132 U+306A 1231 1075 90 104 U+306E 1450 902 91 88 U+306F 556 2396 94 60 U+3084 1001 1456 102 87 U+845B 1664 862 112 168 U+305F 99 1502 70 99 U+633F 313 2523 132 140 U+672C 1006 2173 105 145 U+304C 1039 2320 63 81 U+6B64 999 2410 115 115 U+306E 103 460 86 82 U+304C 353 1866 78 58 U+306E 119 2923 84 97 U+306E 1686 2906 86 92 U+3031 1480 2510 72 165 U+306B 1689 1234 70 80 U+9F20 1006 986 114 149 U+306E 1233 2919 93 93 U+308C 320 1775 141 97 U+306A 323 658 106 104 U+3067 1451 1625 103 78 U+5E7C 983 359 120 106 U+8005 1218 935 109 122 U+305F 770 529 69 83 U+5165 520 378 138 92 U+5B58 542 1610 118 123 U+308C 99 2423 119 95 U+3044 778 2186 105 67 U+308A 1707 1617 54 107 U+5C11 986 468 114 105 U+8FD1 534 1033 131 126 U+22CE3 297 773 130 127 U+308C 1445 2357 130 102 U+5484 998 1828 121 78 U+304C 126 2134 77 59 U+524D 553 2230 113 136 U+306E 554 2119 94 97 U+9AF1 323 2362 115 143 U+7BED 1678 1048 94 158 U+307E 560 1738 73 102 U+3080 999 1559 104 105 U+3054 1230 1455 115 57 U+306A 1004 579 76 103 U+305F 558 716 68 84 U+306B 113 1016 64 77 U+307E 777 366 74 73 U+3042 114 2808 96 111 U+304C 1706 2658 73 63 U+6E9C 1666 1741 115 109 U+3054 792 2016 103 67 U+306E 351 2744 71 75 U+306F 563 460 71 87 U+3054 330 1160 110 63 U+305F 1684 2116 73 95 U+80FD 1672 2751 113 117 U+305F 561 1920 74 88 U+34DB 1212 848 120 73 U+5DE5 1435 1209 116 59 U+899A 1444 1724 100 146 U+5206 1008 786 75 105 U+9803 543 1176 114 92 U+633F 766 2819 126 115 U+307E 338 1393 58 104 U+3092 771 2961 107 72 U+9AEA 89 1985 107 136 U+753B 1443 1086 117 129 U+8C4A 1680 2373 90 151 U+306F 1450 2482 83 60 U+3081 556 632 76 71 U+304A 322 1947 116 75 U+3082 1464 652 68 92 U+5AC1 970 1248 128 108 U+307E 1244 1710 66 101 U+307E 1468 1983 70 88 U+56FD 1445 369 95 117 U+306E 1460 2899 86 116 U+30B5 559 2952 81 78 U+30E4 1712 2225 75 69 U+540D 1433 1382 107 132 U+4E0A 994 2504 108 96 U+79C1 1209 2669 123 97 U+5DF1 1341 2046 56 66 U+7D50 82 2212 117 110 U+3060 349 2657 98 88 U+3044 322 1326 99 73 U+80FD 1444 772 115 117 U+3066 1448 2163 136 88 U+305F 325 1580 77 87 U+307E 340 2023 75 88 U+3044 1226 1626 94 67 U+3067 782 1911 89 89 U+3068 1471 988 65 74 U+624B 110 1735 73 121 U+3082 1235 604 81 117 U+8CB7 1667 363 104 162 U+3046 1259 2293 33 89 U+304B 1711 1539 41 81 U+3057 1674 1326 105 122 U+306A 1019 2605 75 105 U+306B 575 2649 67 73 U+4F55 757 940 117 128 U+3067 1220 1350 103 94 U+9762 552 2544 106 100 U+3088 1236 1940 81 89 U+5165 995 1361 145 95 U+8FB0 879 605 71 90 U+72EC 79 1617 123 123 U+306F 556 953 79 66 U+8C9E 1463 487 75 165 U+79FB 758 1311 123 125 U+3059 126 2669 69 122 U+307E 114 2529 65 143 U+306D 1228 2486 98 105 U+8ABF 74 625 127 104 U+3056 794 2095 97 92 U+3068 108 543 80 62 U+6CD5 98 725 105 99 U+3048 1464 1877 95 93 U+3084 517 1369 132 62 U+3093 325 2258 143 70 U+3060 117 370 95 87 U+307E 804 2251 60 97 U+306F 107 2346 78 76 U+3056 1244 1536 95 90 U+3055 1242 2401 59 76 U+306A 82 1109 104 104 U+3044 1008 2982 95 52 U+3069 1253 509 79 97 U+304C 1697 767 81 80 U+3082 784 1196 75 102 U+56FD 1674 2525 103 127 U+3059 1244 1816 81 125 U+5DF3 682 2740 61 50 U+3066 1002 2789 88 72 U+4E8B 1242 1191 75 156 seg_fp 107 923 80 89 U+4E8B 795 1069 59 134 U+3054 1015 2859 103 58 U+4E8B 568 810 67 143 U+3055 783 839 70 84 U+7269 766 1800 113 108 U+306B 543 1520 109 60 U+305D 1470 2258 67 95 U+307E 1673 529 76 130 U+3059 1685 657 69 111 U+3084 1220 2226 113 65 U+3056 1016 2918 97 65 U+305D 567 2031 68 88 U+304B 753 1553 124 81 U+3078 1225 2597 118 75 U+3088 796 2478 68 101 U+3056 342 1237 96 86 U+307E 1469 1515 55 107 U+3064 1688 1453 85 81 U+3093 318 483 145 155 U+3059 797 2350 71 128 U+307E 105 1314 65 107 U+3078 321 2118 126 62 U+3078 756 783 153 71 U+6642 976 687 125 94 U+7BED 343 2909 100 120 U+4E00 561 2488 81 22 U+30A4 597 2864 39 82 U+30EC 1737 2298 45 40 U+307E 1688 1942 62 88 U+306F 786 1639 86 70 U+308A 805 1436 56 118 U+3055 349 2173 53 88 U+3044 778 707 78 82 U+3082 1252 2821 59 96 U+305D 337 1678 68 92 U+3046 585 1425 34 101 U+3057 151 1411 19 94 U+3055 1248 2141 69 84 U+308B 806 1705 50 73 U+3069 1254 2760 89 62 U+3058 587 548 58 87 U+304B 1033 1659 44 61 seg_fp 1702 1843 64 108 U+9B22 779 2604 105 182 U+3057 808 435 29 96 U+307F 329 385 55 102 U+5F35 332 2824 110 92 U+308A 123 1210 52 113 U+3057 363 1491 26 92 U+3057 1053 1717 20 87 U+3057 1499 2071 26 97 U+3057 594 1835 22 90 U+300C 1264 2066 82 134 U+3057 1731 2026 15 73 U+4ECA 1459 2674 108 192 U+300C 610 2767 75 139 seg_fp 1045 2703 42 89 seg_fp 99 3 46 61 U+30A2 605 2800 43 50 U+300C 806 627 85 154,200015779_00097_1
U+306E 1360 2590 80 70 U+3070 916 941 90 64 U+306E 1366 1697 79 72 U+3070 1133 2135 100 72 U+306E 234 2043 75 78 U+306F 902 2081 88 61 U+4ECA 443 2076 107 141 U+5947 662 2692 102 151 U+306F 231 2274 79 53 U+306E 1136 872 85 72 U+306E 682 480 88 71 U+3092 1118 1830 106 72 U+4EBA 1114 1698 123 114 U+306E 459 2240 69 63 U+306E 905 1134 91 78 U+306E 1802 1951 93 74 U+4E8C 1797 2047 108 55 U+5916 199 2133 144 118 U+3092 1367 1918 80 66 U+4EBA 1348 1581 125 104 U+30B5 479 1859 72 71 U+75DB 893 1215 107 152 U+306B 465 355 68 79 U+306D 908 835 97 92 U+30CD 1162 2498 74 86 U+898B 904 728 95 101 U+672C 1587 734 109 123 U+5185 228 2341 82 100 U+3092 1107 2902 114 77 U+30B5 1174 1343 65 74 U+3066 905 632 80 80 U+30B5 1387 1360 78 84 U+75DB 670 1447 100 144 U+5949 1564 2744 122 127 U+3073 234 1045 105 98 U+8EAB 1092 2763 117 104 U+5206 460 2322 84 98 U+304C 1823 2751 72 61 U+4ED6 1339 2482 121 91 U+306A 907 2152 96 93 U+3059 243 592 58 108 U+7533 475 1005 53 85 U+9577 1556 2352 117 121 U+4ED6 1343 1475 127 98 U+3066 1588 650 78 72 U+306A 1368 346 74 116 U+76EE 1809 2307 70 107 U+5BBF 219 1683 99 151 U+4ED6 893 1026 119 89 U+306A 456 1110 71 124 U+79C1 1787 1617 127 111 U+3093 668 2499 131 89 U+3082 903 2655 68 110 U+75D2 667 1705 102 150 U+3078 218 2452 109 50 U+306D 1350 873 99 107 U+3082 1136 2389 65 88 U+304C 1145 2688 68 66 U+3044 1358 1072 87 75 U+305F 1585 1774 73 87 U+5FA1 462 459 91 66 U+3044 1354 560 90 67 U+3092 678 688 104 101 U+4EBA 1798 2530 111 94 U+3067 1806 827 89 75 U+7279 652 2847 115 129 U+96E2 673 809 115 127 U+3064 915 523 85 84 U+4E2D 1793 2632 100 93 U+304C 1373 2935 66 62 U+308A 251 1934 49 100 U+3044 446 1321 93 66 U+30A6 939 2869 43 96 U+304C 695 1952 75 75 U+8F9B 437 2769 113 122 U+81F4 231 351 107 125 U+3044 1128 508 94 72 U+624B 688 563 78 122 U+3054 1143 341 96 65 U+3059 1365 752 75 111 U+756A 1809 2131 86 154 U+304C 927 1456 71 69 U+53EA 445 1970 96 97 U+306E 1804 1422 84 90 U+7F6E 1585 1449 96 130 U+60F3 1341 2679 111 121 U+3079 1346 2094 117 71 U+89AA 665 361 123 103 U+3093 1124 782 139 82 U+30A4 476 1750 46 86 U+98EF 1344 1789 129 105 U+306B 227 1479 90 80 U+3055 692 1600 55 85 U+3059 455 1487 92 101 U+3070 1359 2265 93 92 U+306F 451 2516 85 76 U+3066 1130 2307 81 80 U+30CD 1406 2370 59 80 U+3065 1357 1133 115 96 U+3064 904 347 90 91 U+50CF 1335 2801 123 129 U+30F1 1603 2047 90 55 U+5949 1141 1434 73 150 U+306D 1352 2167 97 101 U+3082 1820 1836 57 93 U+306E 677 1265 87 87 U+62B1 425 2899 126 86 U+306F 681 1356 79 68 U+3060 243 1300 95 93 U+5DF3 1696 1882 71 53 U+30E2 920 2794 57 61 U+9063 1595 1114 80 121 U+3078 1105 1254 130 71 U+306C 671 1070 107 98 U+308C 676 945 89 123 U+308F 1143 2604 48 87 U+3059 1810 1284 83 128 U+308A 704 2202 44 98 U+516C 1146 1584 75 97 U+6765 216 2509 97 121 U+5BBF 231 715 91 147 U+3089 1819 634 73 91 U+5E97 1578 885 98 124 U+3046 1842 512 38 107 U+3055 1136 949 68 83 U+308C 1355 1228 83 120 U+307E 254 481 50 109 U+3044 1800 1093 94 69 U+5949 472 547 70 145 U+304A 1799 339 118 71 U+3069 1812 417 103 89 U+8FB0 560 1602 63 82 U+3060 1593 339 100 103 U+3081 918 434 75 88 U+305B 1124 704 92 77 U+3082 705 1170 39 97 U+3054 1809 917 94 67 U+3046 926 2366 42 97 U+5FA1 1582 2669 83 66 U+3093 892 1978 144 87 U+3078 1344 984 122 64 U+306A 212 2715 90 114 U+3056 1144 422 91 85 U+30CF 481 1698 68 38 U+3067 447 2436 101 77 U+307E 1151 598 55 104 U+3088 479 2590 39 79 U+3044 229 1234 78 64 U+516C 459 698 72 97 U+3066 1585 1349 79 77 U+3068 1599 443 83 85 U+9063 1141 1925 82 117 U+3078 1117 2048 124 87 U+85AC 1796 2842 98 140 U+305B 680 2420 83 83 U+4E0B 230 1840 78 96 U+3067 231 872 94 80 U+3051 232 1397 82 91 U+308C 908 1660 84 121 U+307E 687 2311 59 107 U+3088 1604 2138 49 80 U+3057 903 1537 90 119 U+307E 1375 643 54 109 U+308F 699 2038 49 97 U+30CD 278 1585 48 74 U+305B 451 906 83 83 U+304F 469 2662 46 98 U+3069 904 2276 109 85 U+307E 1599 1581 56 103 U+3068 248 2829 36 144 U+307E 471 1387 48 99 U+3055 1816 1509 52 90 U+3055 916 1381 62 77 U+305F 1377 2002 51 94 U+5FA1 680 2598 95 94 U+307E 922 1798 53 100 U+3066 899 2565 81 90 U+304F 1605 2214 40 106 seg_fp 1597 2575 29 84 U+3055 692 1870 58 80 U+304B 706 2134 40 72 U+305F 1143 1044 51 106 U+3078 1582 1016 110 85 U+307E 1825 1174 52 108 U+3069 1813 1739 88 95 U+3055 461 1235 59 85 U+7533 1602 545 57 110 U+305B 898 1904 82 78 U+3068 1145 2213 61 85 U+304D 244 974 54 87 U+3056 1818 993 91 101 U+30D8 1614 1983 74 34 U+3082 1818 2413 55 99 U+3055 1368 464 59 86 U+300C 502 1624 60 88 U+3055 471 810 49 83 U+3057 1626 1681 19 94 U+308B 244 2627 57 65 U+516C 1569 2904 91 86 U+3068 1148 1152 53 94 U+300C 1627 1903 75 118 U+304F 1840 716 37 82 U+3057 1625 2472 17 91 seg_fp 942 2470 20 85 seg_fp 283 1138 17 89 seg_fp 1620 1233 39 115 seg_fp 1928 3250 54 56,200015779_00100_2
U+306F 1124 2186 82 58 U+306A 677 1738 91 105 U+306E 1354 550 82 72 U+5341 210 1359 98 118 U+306A 225 1060 94 97 U+5E74 1106 1210 113 152 U+306E 946 916 64 57 U+8DB3 1113 2615 104 126 U+305F 1800 2413 65 94 U+30D0 480 553 76 67 U+76EE 1131 2045 69 111 U+304A 1796 743 110 72 U+306E 678 991 94 90 U+304C 1371 1582 67 68 U+81EA 930 430 55 132 U+4E0A 427 2080 115 89 U+306E 1154 2528 69 67 U+30A2 1378 2290 59 84 U+65E9 1797 840 105 127 U+516B 222 1273 116 89 U+306F 898 1936 79 73 U+7531 897 576 102 90 U+3089 1139 1604 76 109 U+306E 1134 440 95 107 U+304A 1572 1975 99 87 U+3092 210 2654 83 116 U+304A 1790 351 124 86 U+3070 1823 444 89 101 U+304A 1347 970 106 88 U+306F 1127 1840 85 79 U+6B64 1563 2344 101 80 U+4F55 1108 819 128 123 U+3032 1594 2853 81 139 U+306E 449 1635 82 83 U+75C5 1115 1392 108 129 U+4E0D 894 339 105 87 U+5E74 668 1082 101 137 U+306F 676 1661 82 78 U+304A 1563 2665 107 62 U+304B 1370 2539 47 70 U+304B 1333 1843 107 77 U+6765 1786 1900 98 124 U+3044 204 2806 93 79 U+3064 1791 2318 98 85 U+9055 417 2746 127 125 U+4E01 225 614 97 99 U+3046 469 1719 38 120 U+306F 456 1029 77 62 U+60AA 1107 2267 112 127 U+308C 438 752 127 104 U+30A2 936 1654 48 92 U+30A4 1384 785 38 82 U+3761 227 343 96 148 U+3060 1130 1518 91 80 U+300C 264 1187 72 102 U+8170 1096 2749 116 116 U+305D 1152 344 66 97 U+304B 1793 995 103 73 U+306E 1808 1273 79 85 U+3044 209 2139 93 80 U+6597 898 2871 59 140 U+304A 662 2449 95 87 U+306F 1124 2879 69 117 U+3064 1811 1070 88 86 U+306E 890 2586 88 104 U+3046 469 1428 38 116 U+3042 1629 1376 55 66 U+3055 569 1829 46 65 U+3042 1369 1217 78 84 U+3044 669 1990 86 80 U+5EA6 216 733 110 143 U+306A 217 2428 92 100 U+306D 896 1754 89 112 U+3055 1461 2625 46 61 U+5B09 869 2115 127 134 U+308A 938 785 44 109 U+3064 1358 1918 83 77 U+308A 351 1211 39 66 U+308B 345 1619 41 58 U+3084 895 1540 102 94 U+304A 1621 932 80 61 U+308A 457 2640 53 99 U+4E00 428 2400 112 28 U+3068 566 347 44 53 U+306A 1123 1922 92 105 U+3093 1565 2265 133 79 U+304B 877 1006 117 73 U+306F 442 2874 75 56 U+306A 905 687 89 104 U+3084 1339 2190 107 86 U+3078 881 1861 125 79 U+3084 665 1325 108 87 U+306F 234 980 73 70 U+306B 1801 1791 73 98 U+306A 904 2008 90 96 U+3046 1140 1710 49 121 U+5AC1 877 2756 110 119 U+3072 656 2635 119 92 U+306A 1810 2047 71 132 U+305F 911 1195 60 79 U+4E8B 911 1291 66 170 U+306F 1586 2542 62 105 U+306E 1636 1317 51 52 U+3046 1156 1098 40 117 U+3078 1345 1156 117 77 U+3090 1766 2819 62 67 U+3044 1346 1498 98 78 U+305A 1552 1560 67 67 U+3055 696 337 60 85 U+3089 1562 1289 45 79 U+300C 254 1588 81 117 U+4E0A 437 1115 104 98 U+306D 1347 2386 91 98 U+3059 1806 2183 68 129 U+305F 1356 2002 69 99 U+30E8 1382 896 51 50 U+3055 786 1837 41 65 U+9803 1567 2449 101 92 U+30DB 1609 1757 68 77 U+307E 684 717 69 110 U+3064 1629 1561 53 63 U+3068 794 450 43 52 U+6240 435 2197 91 101 U+3761 1130 958 92 140 U+308B 1375 1746 46 71 U+305F 1819 1167 59 107 U+30C8 1862 2545 29 84 U+308A 576 398 33 73 U+3044 1353 460 89 72 U+4E8B 1146 556 73 138 U+3078 1332 2485 126 77 U+3068 1468 623 40 54 U+3055 1627 1498 48 63 U+3081 1361 1062 74 95 U+3075 188 2887 116 101 U+306E 1803 1558 92 101 U+3055 1701 1649 41 61 U+3082 913 2492 42 99 U+3093 1797 637 138 93 U+3089 466 1316 63 116 U+306F 894 2689 77 62 U+306A 674 2740 89 109 U+9060 1548 2731 111 127 U+30E4 247 1660 69 67 U+306F 437 2570 89 72 U+3055 348 1559 40 59 U+308B 573 1893 39 50 U+300C 717 465 72 129 U+4F55 666 573 114 145 U+3064 1802 1455 87 84 U+306B 1637 864 48 57 U+3060 676 2249 92 95 U+307E 1638 589 57 77 U+3044 1626 1446 59 50 U+3068 344 1153 45 58 U+3060 233 877 91 102 U+3046 262 496 31 110 U+30EC 1377 2838 60 60 U+3044 1629 806 60 48 U+307E 446 2456 61 111 U+308A 460 927 51 108 U+3031 1653 1213 36 89 U+3046 230 2313 46 112 U+3070 1373 1389 88 109 U+3064 901 1118 85 76 U+3088 1130 692 78 88 U+3060 670 826 105 84 U+3088 469 848 47 81 U+304A 436 656 113 94 U+30E8 1372 2929 52 60 U+3044 1797 1382 87 71 U+30A2 1387 714 52 74 U+30F3 1618 1858 73 40 U+3070 1592 2065 78 122 U+30CB 1620 1912 57 35 U+3078 658 1592 116 71 U+306D 655 1487 109 97 U+30E2 246 1796 65 67 U+308B 1701 1712 39 55 U+3093 1350 1294 118 90 U+3088 470 1552 36 83 U+304B 248 1499 37 61 U+305D 693 917 68 79 U+308B 788 1897 38 59 U+3089 1552 1501 43 72 U+306D 1554 1168 66 67 U+308B 1467 2684 36 54 U+30BD 1383 2744 47 73 U+306A 1571 339 45 78 U+304C 1570 718 50 61 U+308B 912 2410 40 67 U+308A 1477 677 30 62 U+306E 1768 2926 62 68 U+3070 1648 1006 54 76 U+9593 1807 1661 74 129 U+3050 1770 2660 75 70 U+3061 1569 564 44 78 U+3070 1564 864 52 91 U+304C 1639 757 61 50 U+308A 801 502 33 71 U+3055 221 2221 67 89 U+308F 1380 1659 41 91 U+304A 1555 800 62 52 U+3070 1643 345 53 86 U+306F 217 2061 83 76 U+304B 232 1976 48 91 U+304B 1569 1105 30 55 U+300C 731 1887 48 122 U+300C 482 351 82 138 U+304C 911 2345 73 72 U+30EC 486 509 61 49 U+30EC 251 1734 88 50 U+30A2 717 1415 43 70 U+3069 1846 2877 76 68 U+3060 459 1214 98 101 U+308F 1565 1376 32 73 U+3068 680 2345 62 79 U+300C 1630 1674 60 121 U+304B 1560 1446 32 56 U+3044 1845 2823 64 54 U+3089 1565 642 47 76 U+3055 1641 1085 39 65 U+308B 675 2931 46 59 U+30A2 479 2927 56 77 U+3064 682 2145 67 84 U+3093 1554 1021 74 68 U+304B 464 2298 44 58 U+3057 1164 2395 17 113 U+3093 1632 1150 68 60 U+3055 666 2852 59 76 U+300C 485 1861 79 143 U+3058 1388 2098 56 92 U+3058 709 1221 65 108 U+306A 1844 2728 66 92 U+308A 1579 416 34 68 U+3042 1632 436 59 81 U+3055 1827 558 51 85 U+3031 268 1844 45 122 U+300C 1399 652 64 112 U+3055 1588 2189 47 80 U+3055 1641 522 43 67 U+3082 684 2529 54 104 U+3055 1564 956 33 65 U+3089 1789 2732 37 87 U+304A 1840 2661 76 67 U+3069 1566 492 60 60 U+3058 947 1440 48 100 U+304B 1569 1238 38 50 U+305F 1637 680 43 79 U+30FD 488 2013 24 35 U+3057 949 2251 14 94 U+304F 662 2072 95 69 seg_fp 227 2547 43 81 U+3057 1398 339 18 108 U+3057 1877 2941 14 62 U+309D 934 1071 31 51 seg_fp 1955 3269 49 71 seg_fp 1684 671 24 25,200015779_00101_2
U+4E8D 679 1545 89 123 U+3032 1152 1526 68 152 U+304C 1589 672 85 74 U+3092 1106 2140 120 79 U+5C0F 221 2322 104 89 U+306E 1127 1689 88 73 U+306E 488 2582 68 70 U+3070 1801 1014 109 68 U+3092 884 2115 120 71 U+5B50 1121 1990 114 130 U+3066 452 1732 78 73 U+304A 436 2687 126 88 U+3092 424 1002 120 82 U+5B50 1123 494 99 116 U+4EBA 1564 563 117 112 U+306E 1351 602 87 91 U+3092 1779 2298 111 82 U+3067 1120 1901 110 75 U+3082 236 1973 71 99 U+306E 448 492 95 87 U+810A 1783 2398 120 164 U+3092 1336 987 103 69 U+306B 457 1370 76 77 U+306A 227 2084 81 113 U+5185 1351 1569 89 123 U+306F 1352 2460 94 64 U+3066 1115 2370 82 70 U+81EA 1132 2452 64 136 U+3070 228 1413 115 77 U+5927 1343 355 98 110 U+3082 465 2480 63 94 U+8338 659 1209 107 149 U+3082 1583 345 72 102 U+98DF 1790 798 122 152 U+304A 888 2596 111 80 U+5B50 1344 709 105 118 U+7740 450 2228 95 132 U+3089 1596 977 65 110 U+306D 1571 758 97 106 U+306E 1618 2928 61 60 U+3089 1143 2732 62 94 U+3070 1573 2832 121 80 U+672B 1568 2355 108 122 U+5929 668 2255 111 106 U+306D 1344 2535 97 108 U+7740 444 1105 101 114 U+3092 1120 626 97 65 U+690E 654 1080 134 113 U+4ED5 1555 468 115 94 U+597D 1114 1774 120 106 U+3092 653 2548 112 87 U+3068 917 1066 64 78 U+3064 224 2520 88 111 U+6162 1114 2598 110 130 U+4ED5 429 1836 135 103 U+7740 458 1470 83 144 U+304C 1602 1923 78 73 U+5150 1797 2165 113 107 U+305B 1574 1092 99 86 U+5207 437 1636 119 77 U+884C 662 543 104 125 U+3044 1129 1006 83 63 U+3082 907 678 63 86 U+8EAB 214 378 105 109 U+5927 1357 2909 92 99 U+3089 690 764 75 123 U+308C 218 1316 138 106 U+306E 910 1590 85 87 U+308C 890 553 84 123 U+5C53 1790 2582 105 142 U+65B9 889 2907 107 105 U+624B 1140 1414 68 132 U+3080 225 1667 106 111 U+306F 1357 1937 86 75 U+6301 1336 842 116 120 U+3046 475 803 38 100 U+304B 1140 1321 57 82 U+304C 698 994 77 79 U+351F 1131 357 84 119 U+7A93 669 2374 107 149 U+6A29 1341 1076 118 133 U+6BBA 438 1235 124 126 U+8449 1347 2093 107 133 U+306A 1580 1401 83 113 U+3092 227 885 101 81 U+74E2 661 1687 132 113 U+81B3 1779 1092 123 136 U+305B 897 2427 81 94 U+3044 891 1155 98 61 U+3092 1573 2499 90 69 U+308C 1565 2707 146 109 U+3044 665 2081 100 72 U+304D 895 466 116 99 U+3042 902 358 89 111 U+7121 434 358 102 139 U+3059 239 1195 87 117 U+3066 442 715 84 86 U+306E 1360 1699 79 101 U+306E 910 2822 76 86 U+3092 1793 711 83 68 U+7269 445 2373 105 96 U+307E 912 1668 74 124 U+307E 464 1946 68 89 U+3068 241 2902 51 101 U+351F 1348 468 87 126 U+306B 1582 1596 84 91 U+62F5 1103 2230 132 118 U+69CB 1334 2326 127 119 U+3089 454 903 81 104 U+5B30 1784 2008 114 146 U+3068 695 1967 62 90 U+3093 660 1440 149 84 U+30E2 1821 1825 65 54 U+8AB0 1341 2706 119 118 U+3060 457 2125 97 89 U+98EF 1789 584 123 101 U+4E8B 1373 1799 69 134 U+3075 653 2151 118 85 U+3081 903 2680 79 101 U+3058 220 493 123 101 U+3082 684 432 62 95 U+3042 901 1490 98 99 U+3075 884 1217 114 77 U+304C 1378 2823 81 71 U+53D6 1571 2019 115 113 U+3093 1122 1247 109 76 U+3060 680 664 96 94 U+898B 895 2200 100 106 U+3057 895 782 99 110 U+308C 1575 1784 102 136 U+3093 662 1884 128 78 U+304A 1557 1693 127 93 U+59CB 1563 2236 118 104 U+3078 662 369 108 59 U+3078 1337 2649 113 51 U+306A 906 2312 82 104 U+3078 1786 957 123 64 U+307E 234 673 67 99 U+3059 1802 2814 70 94 U+501F 1335 1317 117 147 U+3078 885 1008 132 79 U+3081 456 2803 82 112 U+3082 1365 2227 74 92 U+3092 1799 1236 117 111 U+30A6 1840 1896 42 112 U+3075 434 2036 114 81 U+6301 1104 693 127 128 U+304D 1806 1425 100 84 U+3066 1349 1475 81 84 U+3059 1581 2583 83 125 U+3082 1147 1144 47 109 U+308A 242 2765 47 125 U+8AB0 1778 2918 118 94 U+3046 705 886 41 108 U+307E 889 1998 105 94 U+306B 1370 1213 74 90 U+3056 233 2434 100 85 U+3093 226 589 127 85 U+3058 226 1479 125 121 U+3078 436 2929 133 76 U+3075 1126 1064 104 76 U+3066 678 2749 61 61 U+3066 1792 1724 88 76 U+4E00 1356 2037 92 22 U+3071 232 2646 83 120 U+3078 877 2777 141 68 U+306D 889 898 105 111 U+51FA 1788 2728 120 83 U+3055 905 1396 68 86 U+51FA 1784 1532 114 79 U+3064 1806 1348 78 73 U+304F 248 1054 52 129 U+308A 1596 2134 69 120 U+3055 237 1778 67 82 U+3068 1147 907 67 80 U+304F 251 762 44 108 U+3078 889 2522 119 56 U+3051 676 2931 85 96 U+304F 248 2182 55 118 U+3088 258 976 49 87 U+3056 912 1898 108 101 U+30C4 497 649 56 64 U+3078 1559 871 141 62 U+30A2 927 1800 71 102 U+3055 692 1805 55 82 U+304B 1598 897 47 81 U+309E 291 1596 54 61 U+304F 248 1857 47 99 U+3055 695 1356 53 87 U+3046 1594 1181 54 116 U+4E00 460 604 90 18 U+306A 1803 354 82 121 U+3044 1121 2933 97 70 U+3066 1136 826 76 79 seg_fp 906 1297 73 83 U+306A 664 2825 74 106 U+3057 1159 2836 18 94 seg_fp 717 2634 21 99 U+3057 1842 1614 32 102 U+3057 1855 471 21 109 U+3057 1623 1505 34 90 seg_fp 1961 3258 52 78 seg_fp 1590 1294 62 101 seg_fp 1832 430 53 85,200015779_00105_2
U+75E9 535 1770 133 142 U+306A 1676 1160 96 108 U+306A 789 1919 86 99 U+67F3 85 436 124 149 U+304B 1028 2261 52 76 U+306E 560 2547 97 74 U+306A 1677 2424 106 109 U+3067 541 1678 106 68 U+5927 1213 423 104 124 U+306A 334 1198 94 98 U+307B 1235 2343 90 102 U+306A 97 2104 97 93 U+306F 1008 2501 82 58 U+304C 1255 2062 61 62 U+3032 570 597 66 165 U+304A 988 1916 118 93 U+80A5 756 1519 126 105 U+304A 992 2581 112 70 U+30A2 601 2701 53 66 U+7269 1212 1928 115 116 U+304A 1220 2851 110 83 U+8584 1658 1554 102 166 U+80FD 309 422 115 127 U+304B 885 425 37 63 U+597D 1196 567 134 119 U+306A 1239 1629 88 107 U+5C71 1222 2956 109 102 U+592B 978 2361 122 122 U+9154 1439 1514 111 135 U+9162 537 1076 107 137 U+306A 1006 1482 75 120 U+98A8 101 2784 119 112 U+5426 546 786 99 126 U+30CA 805 915 56 83 U+3044 87 1078 94 65 U+3084 986 876 104 110 U+306A 774 524 82 120 U+304B 123 1734 46 78 U+3088 559 2117 61 90 U+6C5F 1441 2272 113 84 U+306A 1472 2901 62 91 U+6238 1448 2380 83 110 U+5411 1001 1015 94 118 U+3084 97 2445 102 78 U+3059 329 2586 94 114 U+3044 1670 2047 88 76 U+30E2 799 1136 59 59 U+5C71 888 2018 61 81 U+3078 1434 924 117 41 U+3084 1663 1036 100 101 U+3084 758 2219 126 94 U+300C 132 1855 73 107 U+5451 543 1447 97 126 U+304B 1474 1287 42 88 U+7D2B 1658 1746 102 147 U+306E 773 733 88 93 U+3082 566 1329 62 98 U+305D 339 2383 70 93 U+3084 1221 1140 99 104 U+5C71 430 1284 71 64 U+3088 783 2334 64 88 U+3080 1447 2506 107 100 U+80A5 529 2800 136 94 U+3084 1440 1749 108 91 U+3060 558 944 99 108 U+67D3 1651 715 114 124 U+3031 1249 678 61 154 U+3084 313 664 108 101 U+3066 994 1811 88 85 U+7740 1232 1750 78 149 U+8170 81 620 123 126 U+304D 1448 2812 105 87 U+304B 670 2218 38 70 U+304B 1568 985 38 72 U+30C6 808 1038 56 93 U+308A 356 2475 48 91 U+307B 332 2164 94 111 U+3084 774 1817 104 82 U+304B 217 1815 42 64 U+80FD 1653 426 130 137 U+3046 359 2703 41 108 U+80FD 759 1230 113 139 U+306D 91 1559 96 106 U+3053 1213 887 97 127 U+3067 551 1244 95 82 U+3046 805 1372 39 113 U+3066 1229 2247 76 75 U+3082 337 1721 70 107 U+306A 329 790 68 134 U+3064 1441 1182 101 91 U+3046 1474 1374 35 115 U+3044 773 2150 96 69 U+5C71 1788 1419 69 61 U+304B 1023 1266 39 64 U+30A1 1715 1292 50 79 U+306F 793 2963 73 107 U+308F 1256 2635 42 80 U+3042 987 616 88 82 U+308C 314 1525 138 108 U+3084 1659 2225 115 67 U+308A 364 2940 45 113 U+30F1 1263 2743 76 55 U+300C 1484 1017 69 94 U+304A 313 1841 113 98 U+3042 1688 2556 82 87 U+308A 1029 2876 53 85 U+3093 537 1568 113 90 U+3044 763 827 91 73 U+3064 334 2277 89 88 U+3066 778 1646 72 73 U+3061 127 2344 60 101 U+3060 1448 648 104 119 U+3057 538 420 100 127 U+3084 1440 2136 110 94 U+308C 1007 2102 74 131 U+3046 1711 2292 29 102 U+3044 1444 422 88 96 U+3068 1683 1910 57 109 U+3067 1683 2969 89 69 U+305F 113 2667 64 90 U+3093 762 639 113 81 U+304D 1444 526 92 99 U+3044 1441 1103 88 79 U+3067 325 1643 97 81 U+30A2 140 1452 47 88 U+3044 95 2015 89 64 U+5C71 1094 1342 56 66 U+3042 1233 1276 85 108 U+3046 1706 570 41 109 U+3053 95 2216 99 124 U+3046 810 2849 32 111 U+3058 363 550 56 113 U+3066 1668 862 70 65 U+305D 343 1416 67 102 U+3078 80 1003 121 62 U+3084 84 1344 119 92 U+3075 81 1140 112 89 U+306F 1016 2665 64 102 U+3093 988 512 93 92 U+3089 1489 2613 46 91 U+3064 981 698 102 84 U+306D 1422 774 124 114 U+3061 1005 780 77 96 U+307E 338 1935 58 130 U+3084 766 2778 118 71 U+304B 121 1928 49 85 U+304B 341 1015 46 91 U+30DE 590 2648 62 42 U+3075 1656 2121 106 94 U+3068 114 778 54 102 U+304C 580 3002 75 62 U+3078 298 2068 132 78 U+3089 1484 2994 47 74 U+592A 781 2451 103 113 U+307E 120 2549 63 111 U+3044 1218 2547 102 70 U+300C 345 1332 81 110 U+3061 792 2675 74 104 U+304F 996 2026 107 77 U+3053 1450 1867 89 141 U+3078 86 1667 120 65 U+3058 817 1719 52 101 U+3093 993 1135 128 113 U+3055 1464 2739 55 74 U+3070 1699 2735 92 119 U+304C 1024 1602 69 71 U+307F 889 488 33 60 U+307F 1572 1055 30 62 U+3044 315 1103 108 75 U+300C 591 2262 72 107 U+3044 1671 2863 96 77 U+305F 560 1925 64 111 U+306A 1233 1388 73 129 U+3058 145 1221 54 122 U+300C 822 2064 69 97 U+3093 553 2454 111 74 U+3058 1487 1648 58 104 U+3044 318 914 89 89 U+3044 546 2041 91 63 U+3055 115 906 52 93 U+3061 1474 2011 59 129 U+307F 224 1879 35 71 U+300C 1712 1461 69 99 U+3093 1674 2638 96 83 U+3044 1227 1523 86 83 U+30C4 834 2593 49 63 U+308F 355 2834 46 107 U+3058 1703 929 61 107 U+3061 1244 1018 58 126 U+307F 670 2287 36 64 U+5C53 102 2925 88 131 U+3055 1008 425 55 90 U+307F 564 550 46 85 U+3060 1016 2962 73 84 U+300C 1022 1383 75 100 U+306A 570 2331 64 123 U+304B 1036 2807 37 73 U+3057 1042 1685 22 119 U+300C 791 450 86 76 U+30CD 1084 3024 53 60 U+309E 1049 2769 54 42 U+3057 1250 2444 46 105 U+3057 1265 2149 16 96 seg_fp 571 2960 57 41 seg_fp 600 2902 25 62 seg_fp 117 3032 77 35,200015779_00113_1
U+3090 922 1061 87 101 U+3044 1835 1718 78 70 U+8349 1812 589 80 129 U+3092 1124 904 105 79 U+3051 696 1217 87 111 U+306E 1816 870 84 65 U+306E 1805 487 95 75 U+3092 696 2934 94 82 U+3070 463 1409 115 62 U+97F3 697 1991 91 150 U+4E2D 911 2478 120 122 U+306F 1834 1627 73 59 U+306E 466 388 80 69 U+306E 1593 623 81 90 U+3067 481 2018 86 70 U+3082 1385 1500 68 91 U+6728 1800 744 104 109 U+3082 945 2612 58 82 U+3066 912 959 76 78 U+30C6 1636 1703 56 77 U+535A 910 2720 132 125 U+3042 705 2486 92 112 U+4F55 1137 2898 122 110 U+4EBA 658 380 137 105 U+6B64 916 2369 111 98 U+5C24 1598 1160 97 105 U+3082 1618 2241 65 102 U+3092 1378 2956 103 65 U+3089 273 2431 66 92 U+4E94 1145 2165 114 84 U+304B 907 1272 104 70 U+3064 695 1115 87 94 U+306A 1614 2944 93 77 U+3082 1375 1119 62 92 U+304A 673 597 104 76 U+306B 1594 1055 77 92 U+901A 459 1867 124 119 U+5EF6 481 2751 107 109 U+4F55 1593 2027 110 108 U+3058 1374 1888 118 106 U+304C 1622 1558 65 68 U+5B64 1129 758 117 120 U+306A 936 2968 78 61 U+5927 1358 481 89 137 U+307B 1812 1032 122 90 U+5EF6 677 1340 131 124 U+3078 459 606 100 47 U+3068 947 2230 49 116 U+308A 1413 2593 52 105 U+5229 1360 1611 115 107 U+6069 475 2129 108 133 U+30A2 965 1922 54 74 U+97F3 477 1586 71 132 U+306F 1827 1414 76 50 U+3044 697 2617 99 58 U+304A 243 2804 107 70 U+306E 699 1727 78 87 U+306E 709 2273 82 85 U+89B3 684 1850 125 123 U+3044 1141 1411 91 67 U+6210 1365 758 98 132 U+308C 451 1287 138 102 U+5F15 675 1486 115 118 U+7ACB 1396 2715 88 93 U+306A 1376 1223 68 116 U+3084 1594 1904 110 101 U+89B3 464 2454 118 126 U+3044 1608 2370 90 82 U+307E 1606 957 68 103 U+304C 708 511 68 66 U+5F15 477 2885 107 136 U+306D 1136 1184 101 96 U+5C31 1347 911 126 109 U+304B 889 648 123 77 U+8A60 1805 1496 118 109 U+308A 955 1551 52 115 U+306A 234 705 100 133 U+3044 1596 1468 88 68 U+80FD 1143 1784 111 129 U+3068 724 2380 59 92 U+3089 946 1341 56 102 U+3067 1358 1046 112 75 U+308B 936 1154 55 91 U+4E0A 453 485 102 85 U+30CF 1623 1647 80 46 U+3075 1132 1476 113 80 U+306E 1150 1947 96 103 U+5B57 462 886 92 151 U+4E94 461 1496 115 71 U+3067 1602 2161 105 80 U+611B 474 2286 94 138 U+307E 1587 458 55 96 U+3051 1137 1002 84 115 U+3084 920 1785 104 111 U+9858 1348 646 122 103 U+306E 463 774 86 92 U+6D3E 1377 2846 133 82 U+3064 255 2161 92 87 U+3044 1385 2331 94 71 U+3092 1368 1790 109 74 U+79CB 1793 365 121 115 U+306A 1837 2300 72 113 U+304C 489 1047 70 62 U+80FD 240 1586 107 121 U+3080 921 1456 100 99 U+3082 265 1154 51 108 U+305F 253 2261 72 98 U+3064 906 840 88 104 U+308A 1171 1648 53 126 U+3080 467 685 93 93 U+3057 1812 944 99 87 U+306A 694 800 65 119 U+306F 1610 2778 84 80 U+306A 915 728 68 113 U+306A 259 1887 62 145 U+3068 1161 1285 51 95 U+307B 1588 788 85 100 U+3093 1823 2088 119 78 U+76F8 458 1744 112 125 U+3075 228 1072 108 78 U+5C71 1470 364 62 62 U+304C 1612 707 75 64 U+3046 1409 2077 33 106 U+3060 718 2163 98 108 U+3044 237 1004 85 66 U+308C 1814 1159 120 79 U+3070 1824 1243 109 76 U+3060 708 1617 95 111 U+3081 258 2873 73 90 U+8B58 904 2856 137 110 U+3064 1397 2404 83 78 U+3093 1357 1331 153 95 U+3055 1152 2053 69 86 U+305F 1400 2513 56 80 U+7A0B 1826 2490 99 108 U+3068 1405 2202 48 105 U+306E 243 1263 87 89 U+6559 230 1727 122 128 U+3088 1172 1559 44 93 U+76F8 1141 2432 104 107 U+3048 697 2808 104 92 U+306F 1606 2456 87 74 U+3089 1615 1277 67 106 U+305B 1825 2023 73 65 U+3046 1855 2707 32 98 U+3067 1376 1423 98 74 U+3078 1576 558 108 70 U+3064 1135 502 98 112 U+304A 1571 365 119 83 U+306F 1141 615 68 114 U+304B 1174 2773 44 75 U+5EA6 261 2662 88 124 U+901A 1135 2542 116 121 U+97F3 493 2592 59 126 U+306F 698 682 60 118 U+97F3 1146 2265 87 151 U+3055 1838 2618 60 89 U+3053 1389 2014 73 60 U+3068 1838 1319 54 74 U+3064 1135 1111 93 87 U+306D 918 2035 110 114 U+3068 934 391 46 92 U+4E57 461 1145 99 136 U+3060 703 1009 95 102 U+308C 1612 2555 76 117 U+308B 1626 2670 53 74 U+3044 1608 2865 86 64 U+304B 282 2357 35 76 U+4ECA 276 2553 55 110 U+3059 267 2033 65 130 U+3084 1831 2953 98 71 U+3078 913 2153 132 83 U+60AA 233 551 103 132 U+3093 1583 880 104 75 U+308B 1839 1108 49 62 U+300C 1393 380 79 134 U+305F 1833 1782 67 63 U+3060 252 1367 107 97 U+4E91 1609 1813 81 87 U+3078 241 2970 125 50 U+304B 935 484 49 89 U+3068 1178 2679 43 95 U+304E 1149 383 92 114 U+53E3 1394 1736 52 50 U+3058 968 1677 64 107 U+3084 1835 1931 97 75 U+3068 260 1465 69 82 U+300C 1871 2242 69 117 U+5584 242 383 73 90 U+3046 722 2695 50 114 U+3069 250 841 98 103 U+805E 1820 2813 112 93 U+3057 732 914 21 90 U+304C 956 567 53 56 U+308B 1855 2409 47 79 U+304D 1852 2889 56 67 seg_fp 252 474 60 77 U+3057 1868 1846 14 65 U+309D 286 942 21 43 U+304B 1952 2196 32 69 U+3057 1625 1382 41 88 U+307F 1953 2262 30 58,200015779_00117_2
U+306E 95 838 92 77 U+306E 1454 964 80 80 U+3092 1438 1711 105 72 U+3082 1686 1062 68 87 U+5E74 764 2237 103 145 U+306E 773 2405 86 91 U+304A 76 939 113 85 U+3092 1201 1456 113 75 U+30E4 117 1830 76 80 U+7CF8 1447 1061 91 145 U+4ECA 1210 826 118 133 U+3093 86 2111 139 97 U+4F55 1204 1314 118 116 U+306E 1668 1434 84 74 U+306B 314 1671 101 72 U+3092 1656 1650 106 77 U+5148 1677 1162 100 121 U+304A 1202 1907 119 79 U+304A 1650 1737 113 87 U+8336 318 1768 115 136 U+306A 553 762 68 109 U+304A 79 579 112 57 U+30F2 820 1380 54 72 U+3073 992 809 114 78 U+7DDA 1430 805 122 135 U+79C1 534 1407 115 117 U+306A 100 1585 77 120 U+308D 560 1736 80 98 U+5C51 1441 1228 105 150 U+30C8 1055 1370 36 74 U+3051 327 1237 84 125 U+304C 571 1546 63 78 U+3084 1213 2467 103 90 U+4ECA 761 2088 113 118 U+307E 322 2121 78 110 U+7ACB 765 734 99 133 U+3075 655 2204 71 67 U+51AC 1672 772 101 123 U+65AD 538 507 104 112 U+3089 1255 1183 41 98 U+7269 1649 1529 125 117 U+3089 1239 2932 62 75 U+306D 1483 2511 71 85 U+6B6F 312 1003 101 140 U+305B 90 1937 89 72 U+308A 120 1700 54 109 U+304B 1460 2425 47 70 U+300C 572 1096 79 118 U+306E 319 2028 83 101 U+8336 314 384 112 138 U+5449 1209 1558 107 130 U+4E09 1438 588 107 77 U+308D 1232 1709 81 102 U+304A 1430 2659 117 97 U+30A2 147 1481 43 78 U+305E 1464 1602 85 92 U+30F1 116 2040 87 54 U+307C 762 1928 121 118 U+3082 1231 2197 70 86 U+30A2 346 1568 60 98 U+5EA6 1214 979 98 121 U+307C 547 1846 103 95 U+3064 551 1292 86 96 U+3093 1667 980 137 89 U+306E 1220 640 82 86 U+306A 1454 1400 71 104 U+3082 1741 2916 32 59 U+3092 145 2609 67 55 U+3069 562 1643 99 89 U+3082 109 459 63 85 U+3044 992 378 102 69 U+308D 785 2624 73 119 U+30A2 362 542 48 83 U+306D 534 957 107 90 U+523B 1668 1310 104 119 U+5A46 753 895 112 146 U+304C 570 662 68 77 U+6B6F 535 2384 105 145 U+3084 760 1124 107 108 U+5451 321 650 102 104 U+8FD4 1650 1843 112 98 U+5A46 530 2730 110 124 U+3072 1044 1805 64 55 U+3069 779 2499 102 91 U+30A2 1266 2567 49 71 U+30F1 566 2129 84 54 U+304B 1246 1110 42 74 U+8A71 94 1144 106 112 U+3059 1449 2028 81 113 U+30A2 360 1927 51 84 U+307C 783 1600 106 99 U+308D 783 1480 78 117 U+30A2 1689 2174 60 78 U+307E 111 651 49 107 U+3070 333 1361 87 129 U+3057 1221 2645 94 100 U+3044 552 1214 81 73 U+3062 1014 2498 83 113 U+3057 313 2245 96 110 U+305F 1729 2856 61 54 U+3073 1044 1604 79 64 U+4F55 1428 1810 114 105 U+3069 785 1271 93 90 U+3078 84 764 114 67 U+305F 542 2018 83 96 U+4E16 81 1043 121 97 U+3064 1648 2750 58 60 U+3081 976 2013 50 66 U+7531 541 378 108 91 U+306D 1213 2745 100 95 U+3089 1740 2764 42 71 U+306B 91 1283 99 85 U+300C 1024 2300 78 128 U+308B 1473 2140 41 65 U+3092 1042 1729 58 59 U+3044 1656 2697 50 50 U+300C 357 2494 66 122 U+306F 428 2447 54 90 U+5473 1434 685 111 98 U+306B 968 1826 55 70 U+306F 656 1044 50 105 U+30A4 1041 1130 35 82 U+3082 1465 2212 48 124 U+3084 92 1367 104 90 U+3073 993 621 101 103 U+30C8 166 2234 36 71 U+306B 792 2870 39 144 U+6B6F 315 2625 102 143 U+30A4 1688 2247 42 120 U+306B 881 381 59 54 U+306B 1455 1916 73 86 U+3051 547 2616 92 102 U+3066 1044 2180 53 51 U+3064 1037 1861 62 53 U+3067 1219 2125 102 69 U+3055 1223 727 65 86 U+3057 1649 2820 58 63 U+3084 1205 2301 120 72 U+3067 973 1737 61 57 U+3051 329 2877 75 126 U+3082 1738 2573 34 63 U+308B 235 2713 37 55 U+305D 1659 2545 40 70 U+3086 663 2283 58 69 U+4E91 1232 2014 76 100 U+3093 1440 2950 120 66 U+306F 234 2637 38 76 U+3068 1659 2617 36 70 U+306B 546 2939 64 78 U+304F 145 2334 54 59 U+308A 1243 2367 50 97 U+3089 977 1898 43 94 U+305F 1734 2494 38 80 U+308B 664 1145 39 58 U+3084 978 2901 101 101 U+308B 434 2537 42 56 U+308B 1114 2340 40 67 U+308B 975 2153 44 59 U+300C 806 396 72 131 U+306F 1115 2255 41 90 U+3093 1451 1494 97 86 U+3088 320 891 65 91 U+308D 780 1828 82 117 U+3057 316 783 99 100 U+3044 969 1646 60 56 U+304B 341 2790 51 90 U+3055 1686 911 59 71 U+3067 93 389 94 67 U+307C 780 2736 96 101 U+304A 1649 681 115 78 U+3073 994 957 112 93 U+3068 1239 1812 59 87 U+306B 1106 506 55 63 U+3052 1734 456 75 77 U+30C8 1744 2382 35 76 U+3044 1003 2402 79 95 U+304B 1511 411 32 59 U+3089 807 610 46 111 U+3044 992 1053 84 72 U+308B 1335 454 42 57 U+306B 1434 2756 97 65 U+304B 351 1163 41 77 U+3073 150 2473 82 70 U+3060 1649 387 73 61 U+3093 1440 2327 122 79 U+3075 880 487 61 63 U+3078 1477 2597 86 55 U+305F 984 1556 40 82 U+300C 575 2256 82 126 U+3061 1054 1525 44 84 U+306F 783 488 68 124 U+306B 1653 2951 52 60 U+304F 1650 2488 59 50 U+3088 1663 2889 32 60 U+3088 322 2360 72 82 U+3068 1737 2638 48 61 U+3044 1212 560 92 63 U+3078 1224 2837 114 62 U+3055 1454 2882 55 70 U+3072 976 1478 55 45 U+308F 1018 2645 47 116 U+304F 1035 1472 68 50 U+3061 157 2399 46 91 U+304B 1746 2710 29 51 U+306A 1729 386 51 72 U+3068 1734 2975 41 53 U+309E 1049 876 50 51 U+3066 1429 502 53 48 U+51AC 1788 2037 69 87 U+308A 1061 1967 27 63 U+304F 1039 1920 59 46 U+308B 1057 1668 32 48 U+300C 1259 390 70 113 U+3069 793 1729 84 95 U+308B 987 2767 91 125 U+3057 1712 1941 13 127 U+3059 1653 455 61 84 U+79CB 77 2887 109 111 U+304B 1249 2872 40 58 U+304B 569 2529 46 82 U+308B 1808 637 37 64 U+51FA 1422 380 63 50 U+3005 571 2877 37 54 U+309D 366 1483 36 73 U+304D 75 2392 38 71 U+306F 1335 373 42 80 U+3005 802 1056 26 70 U+3088 1245 450 46 107 U+307F 1511 472 32 78 U+304A 82 2805 102 72 U+300C 1695 604 91 119 U+3060 82 2481 52 77 U+3078 1036 2088 73 32 U+300C 1025 525 78 117 U+300C 1708 2096 66 113 U+304B 1058 2033 27 56 U+300C 144 2731 70 111 U+3064 75 2331 49 66 U+308B 162 2549 32 43 U+5F15 1040 1225 46 121 U+3089 565 867 44 97 U+3057 595 1937 22 83 U+304F 1125 567 26 78 U+309D 1055 444 20 47 U+3064 1494 375 55 38 U+3059 80 2577 37 83 U+304F 904 437 21 46 U+306F 1802 552 45 66 seg_fp 1050 705 36 62 U+3086 878 565 64 55 U+3057 1065 2110 17 73 U+304F 1481 2819 27 67 U+3057 1451 423 22 79 seg_fp 836 1219 47 44,200015779_00121_1
U+3067 981 1651 99 75 U+306E 998 2652 91 78 U+3044 314 1481 90 67 U+3031 1457 2178 73 187 U+4ECA 1649 1819 121 131 U+3089 104 983 69 128 U+7BB8 962 864 115 160 U+304A 522 2115 115 83 U+3066 984 2368 84 72 U+51AC 1204 1879 116 125 U+8D64 976 2477 109 118 U+306E 316 1234 82 72 U+3092 66 1576 110 74 U+3092 1411 621 112 83 U+732A 965 1422 121 111 U+3092 975 1902 97 76 U+306E 1671 2813 77 75 U+306E 1456 2952 76 101 U+304A 302 2603 113 74 U+4E2D 56 1453 122 115 U+6298 1204 2930 107 122 U+304A 298 525 104 85 U+304A 77 2050 101 91 U+304A 1195 1784 117 80 U+7686 72 1221 116 127 U+60E3 307 2320 103 116 U+60AA 308 1331 108 126 U+304A 1194 414 111 84 U+8C46 977 1290 101 116 U+308F 1448 1927 66 91 U+7B92 1201 2627 116 179 U+30A2 1479 1820 52 84 U+3082 539 1675 68 95 U+3092 1211 2831 87 84 U+3067 532 1606 105 67 U+662F 522 1457 109 124 U+3067 995 2956 104 84 U+4F55 1188 931 126 105 U+306B 972 1025 96 78 U+304C 1228 840 78 61 U+355D 533 1039 105 154 U+79CB 522 2217 114 126 U+898B 1658 2692 99 107 U+306E 1429 521 89 84 U+3092 814 2775 70 61 U+306E 1487 1264 54 60 U+30A2 119 1119 53 77 U+80FD 521 1787 116 139 U+3089 550 1350 52 97 U+82B1 1661 2561 104 133 U+4F53 297 2443 121 131 U+306A 309 1932 101 103 U+53E3 995 1561 73 53 U+30CA 355 2209 51 80 U+3092 308 1704 108 116 U+80FD 76 1664 113 118 U+30B5 1678 772 75 85 U+30C8 819 2373 47 83 U+3058 751 488 112 117 U+3082 1453 410 50 115 U+306D 534 1942 89 110 U+304A 1648 2484 121 73 U+82A5 968 1759 124 124 U+3093 293 903 146 98 U+3064 770 1877 91 81 U+5618 522 872 117 144 U+3054 757 410 113 68 U+5B50 1449 2529 72 103 U+3066 81 1958 88 88 U+304A 1651 1975 114 82 U+306B 1549 1459 64 63 U+3066 979 1196 83 74 U+307E 766 2148 78 115 U+3081 84 873 83 106 U+3093 1195 751 132 87 U+3066 972 786 78 63 U+574A 1423 2652 114 102 U+304B 1228 1686 46 87 U+3044 1433 2119 85 67 U+304A 1198 2417 124 85 U+306B 1217 1174 81 89 U+306F 313 2841 89 57 U+304C 105 1360 70 86 U+3044 298 1025 96 70 U+304B 1227 509 45 81 U+306D 1640 1239 106 103 U+307E 1441 1677 74 129 U+3073 82 2265 110 87 U+307F 790 1249 49 86 U+63BB 958 2005 138 100 U+5E30 1641 1047 116 111 U+98EF 983 2793 112 117 U+3042 1217 1281 86 99 U+25CF 1449 722 66 72 U+3044 79 686 93 78 U+306A 92 2543 75 115 U+5EFB 974 2150 106 89 U+3093 80 2445 127 83 U+3062 318 1100 96 118 U+3093 1205 2102 142 78 U+307E 1663 867 63 95 U+307E 764 751 67 133 U+3078 1637 1340 122 70 U+5C11 312 2926 107 122 U+3078 524 2048 119 72 U+3073 819 2639 85 63 U+3060 551 1194 88 84 U+304B 1666 503 46 64 U+305F 1656 409 68 92 U+3078 294 2772 130 70 U+304A 747 1110 120 82 U+3093 534 2425 110 76 U+4E3B 1459 2791 46 130 U+3082 594 2700 36 88 U+3060 1671 2989 93 71 U+5B50 1485 1337 58 79 U+3092 82 579 87 85 U+82A5 1423 2409 124 115 U+305D 104 2365 61 81 U+3042 1219 2206 85 106 U+306B 86 2650 90 86 U+898B 1412 1159 67 83 U+306B 1675 2155 73 82 U+4E8B 329 1571 66 133 U+3058 772 1701 104 100 U+3060 1648 960 98 80 U+3044 757 677 84 69 U+3082 428 495 41 80 U+306A 1673 1707 83 94 U+904A 66 2157 120 105 U+3086 744 1007 96 86 U+3068 776 1957 78 76 U+4E91 306 1817 89 116 U+3055 1221 682 62 71 U+6240 1644 2890 114 99 U+8005 86 421 83 137 U+306D 577 592 70 58 U+308C 1194 2314 166 92 U+3056 769 2054 104 90 U+30A2 802 2266 60 109 U+3057 975 496 93 106 U+3089 1424 967 48 88 U+304B 559 1279 42 76 U+304F 113 1776 42 96 U+3078 734 2731 69 57 U+3060 1667 1526 94 84 U+3061 822 2557 51 85 U+3093 298 2114 158 89 U+3064 975 693 87 100 U+6240 1199 1062 105 113 U+308F 783 1602 56 84 U+5B50 423 417 63 70 U+3093 1200 1582 130 86 U+306F 1670 1627 81 84 U+5C45 1652 2264 110 125 U+6240 1653 1421 101 107 U+898B 1216 2504 89 94 U+3061 1425 879 48 88 U+307F 1228 588 39 76 U+3061 765 883 74 126 U+306D 521 2826 62 71 U+3066 1663 2396 76 82 U+3084 751 1803 125 75 U+3093 756 1516 142 68 U+30EC 1677 731 71 42 U+3092 1408 1075 69 64 U+25CB 553 2531 59 57 U+3055 1223 2023 62 80 U+306B 294 628 98 76 U+304B 526 2733 39 65 U+308A 755 2547 29 81 U+3053 1414 824 56 51 U+3072 818 2869 72 56 U+304F 740 2493 53 54 U+307E 1493 821 45 77 U+3082 1228 1460 51 131 U+3081 316 2682 74 85 U+3064 812 2931 65 93 U+3092 1488 975 53 63 U+30A2 1679 654 58 73 U+3066 1426 1333 43 56 U+304F 811 2484 64 66 U+308B 1779 634 39 57 U+3055 324 2037 54 75 U+5973 1483 1189 68 54 U+3055 323 824 54 80 U+308A 595 2787 36 80 U+3066 753 2972 57 60 U+307E 589 526 45 66 U+5225 83 2767 99 96 U+3084 736 607 120 73 U+5B50 581 2615 61 80 U+304B 753 2665 34 65 U+898B 520 2617 56 90 U+3057 1036 2238 20 111 U+306F 647 707 51 95 U+5C71 1655 2057 97 94 U+306E 581 2881 59 68 U+308B 1230 1376 57 82 U+306F 1776 545 47 88 U+3055 548 2351 55 75 U+300C 335 427 81 123 U+300C 574 729 73 127 U+3062 97 767 97 116 U+3061 770 1349 74 115 U+300C 1465 1479 79 131 U+304B 787 1187 47 65 U+3088 1009 604 34 85 U+5973 571 2958 77 79 U+308B 830 2703 36 48 U+308A 1494 900 32 76 U+30A2 1452 2035 68 88 U+307A 967 424 113 55 U+308A 435 570 34 81 U+3057 766 2804 15 124 U+304F 328 698 55 122 U+308B 651 799 43 63 U+3084 745 1458 123 60 U+3064 1486 1055 53 50 U+304F 1565 1518 39 91 U+306B 98 2968 79 99 U+304F 1502 1099 31 74 U+3056 1437 1561 76 121 U+3031 127 2860 48 103 U+3089 1683 1159 33 84 U+3057 116 1869 24 96 U+3066 529 2953 41 97 seg_fp 98 0 39 72 U+3057 1017 1104 28 96 U+304F 574 411 61 42 U+3061 579 443 57 77 seg_fp 523 2943 51 29 seg_fp 1484 1546 43 48,200015779_00124_1
U+3092 397 492 108 79 U+306E 1775 2403 72 73 U+306E 639 488 82 76 U+306E 864 348 84 68 U+306E 1320 1592 85 74 U+306A 1093 2617 95 87 U+306E 185 354 88 80 U+4E07 1532 631 98 95 U+4E8B 870 432 68 136 U+7259 404 354 98 122 U+4F53 1733 838 125 154 U+6C17 1764 2491 84 159 U+91CC 1533 747 108 97 U+304C 210 774 78 78 U+306F 1092 2476 84 52 U+306E 1549 865 74 85 U+3060 1099 1740 88 85 U+3092 637 1002 92 76 U+6C17 1750 1009 95 149 U+60AA 863 861 98 121 U+3073 530 1696 70 59 U+5929 632 1588 105 115 U+306A 189 1887 101 116 U+5927 868 2702 90 110 U+3044 423 2824 83 61 U+3078 635 1731 111 57 U+304C 879 1724 83 92 U+3088 1551 2086 67 107 U+304C 1112 2238 80 71 U+307D 1107 1560 90 91 U+3082 1555 1803 67 92 U+5929 632 2341 112 111 U+3089 880 744 62 99 U+304B 1792 1556 45 84 U+9B42 1078 2098 125 121 U+304C 1780 1322 79 87 U+3060 1780 1899 82 90 U+898B 1538 2376 112 103 U+6CE5 1528 490 117 105 U+6D25 857 2821 105 142 U+5BFF 638 835 92 143 U+3073 1655 1244 71 64 U+30B5 1571 1418 66 65 U+9055 1077 2338 118 122 U+306B 650 1474 73 87 U+306A 872 2579 97 101 U+5225 1082 1976 112 115 U+306A 1318 636 94 103 U+3059 1098 774 69 120 U+4EAD 1082 2713 106 158 U+308A 892 2094 48 110 U+3068 1098 336 66 83 U+9759 1743 1751 125 150 U+3092 176 2900 107 80 U+51FA 388 777 123 85 U+304A 179 549 107 80 U+3089 1783 1640 63 90 U+3089 1332 1325 63 131 U+3064 1090 1475 94 89 U+30A2 1129 2542 49 59 U+3089 436 1467 55 106 U+3082 1558 2677 72 72 U+3084 1309 1000 106 98 U+3088 1555 1090 58 86 U+306F 863 1456 84 70 U+7121 1314 1890 106 132 U+4F4D 1753 2666 121 99 U+798F 622 570 110 109 U+524D 1761 1176 95 131 U+306A 197 1043 88 95 U+30A2 677 2637 51 73 U+80FD 1754 1427 116 123 U+306F 192 1820 87 59 U+307E 873 1993 72 102 U+3046 1556 1607 48 112 U+308C 180 2676 147 81 U+753B 614 349 119 123 U+306F 1313 552 85 83 U+898B 639 1093 106 104 U+69CB 181 2220 118 117 U+3066 633 2853 88 98 U+3044 858 1116 88 74 U+3042 866 1826 94 87 U+306F 873 2511 81 66 U+3067 1543 1723 110 79 U+3064 422 2164 84 91 U+60E3 1089 1847 95 113 U+304C 214 2745 78 67 U+306A 1766 330 67 111 U+3072 862 1189 100 90 U+3066 1550 2604 74 70 U+3080 400 588 102 92 U+5185 1319 2476 101 98 U+304A 180 2597 107 85 U+6240 1768 2284 97 94 U+3056 1765 512 90 94 U+4ED8 414 1347 86 118 U+3070 1097 541 91 126 U+6A2A 1069 1239 120 122 U+306A 639 2230 97 90 U+305F 873 576 68 95 U+3081 415 1230 77 110 U+3061 1321 2785 82 72 U+306D 190 2426 89 110 U+306D 405 2406 101 103 U+4E3B 1084 2879 109 91 U+9055 1529 948 118 144 U+306D 1537 1905 111 123 U+3078 413 2512 109 64 U+3089 1796 2105 52 99 U+3092 412 2719 112 97 U+3084 1523 2765 122 56 U+3046 652 1349 51 117 U+3092 185 1248 114 102 U+30A2 1790 606 47 83 U+3066 407 965 80 74 U+3065 1085 669 118 105 U+304F 890 982 50 124 U+304D 631 1936 106 95 U+306B 403 1051 94 90 U+8E0F 1070 431 110 109 U+306F 199 2352 81 71 U+3046 1126 1648 36 99 U+3093 861 1906 133 83 U+3068 639 1814 85 63 U+304D 404 682 99 96 U+306B 1097 1144 70 78 U+3078 859 2436 121 88 U+76F4 1077 1006 108 134 U+3057 308 1963 55 75 U+7984 625 705 115 110 U+3031 454 1900 44 124 U+305E 1099 1380 101 94 U+60AA 186 1592 99 123 U+30A2 440 1576 56 72 U+7A93 634 2459 109 149 U+3044 193 1363 82 57 U+3057 1310 331 87 122 U+304A 1766 2014 106 87 U+3042 1551 2205 86 103 U+3075 412 2884 103 78 U+305D 205 869 65 85 U+3046 212 434 36 101 U+3066 427 2274 64 76 U+306D 860 1538 92 103 U+3082 442 2041 50 122 U+3078 174 717 125 69 U+304B 889 670 46 78 U+30CB 1568 1368 67 38 U+96F2 1522 333 101 146 U+305D 1554 1514 72 94 U+3057 1428 724 64 78 U+30CA 1579 1290 48 71 U+3055 1331 2117 63 91 U+3044 1311 458 87 74 U+3068 1661 1169 37 75 U+306D 855 2322 113 117 U+3081 203 628 66 87 U+3068 1114 895 42 86 U+3093 187 953 130 79 U+304A 1315 2228 110 83 U+3066 1324 2028 70 80 U+30E4 431 1849 78 73 U+307E 1551 2881 76 86 U+3044 192 1720 86 95 U+3093 1750 429 128 79 U+4E8B 423 2579 72 146 U+305F 646 1198 71 87 U+30F3 1802 2225 76 45 U+3078 1547 2028 97 74 U+306F 1779 2894 77 68 U+300C 1571 1221 79 117 U+305F 1429 801 55 57 U+30CB 211 2156 77 39 U+3088 1340 2857 43 75 U+4E9B 1298 1191 115 129 U+3084 629 1283 114 68 U+304B 1561 2823 44 62 U+3075 185 1425 103 81 U+3084 1305 2654 119 72 U+3078 851 1651 116 72 U+30A2 1360 2732 50 50 U+3068 541 1620 33 76 U+304C 1347 2401 72 65 U+3078 400 2356 113 63 U+3046 658 2123 40 114 U+306F 1322 1799 86 71 U+3078 170 2540 125 56 U+305D 1324 821 75 89 U+3055 647 2030 65 93 U+304C 221 1505 72 56 U+3044 1311 2931 97 60 U+30A2 1363 1100 49 69 U+305F 874 1277 65 86 U+5168 1736 697 129 95 U+3065 1332 1470 98 59 U+305F 312 2040 38 61 U+3048 1546 2489 109 95 U+308A 1339 909 48 96 U+3089 1362 2312 46 99 U+3058 1347 2563 74 96 U+30F2 442 1763 55 92 U+3068 1791 2771 43 113 U+309E 675 1875 63 51 U+300C 230 2022 73 124 seg_fp 207 2817 53 77 seg_fp 887 1359 40 94 U+3089 441 1143 52 101 seg_fp 671 2718 24 133 U+3057 442 859 38 107 U+309D 1366 1531 17 34 U+300C 434 1697 93 124 U+3057 886 2203 36 118 U+309D 1588 2309 21 51 seg_fp 1784 753 38 65 seg_fp 1334 1687 51 103,200015779_00131_2
U+306E 646 616 80 73 U+306A 672 1986 88 94 U+98DF 1752 2368 144 138 U+304A 871 980 109 77 U+306F 1117 2021 85 55 U+306E 1108 1360 79 82 U+304A 655 2513 109 67 U+307C 670 1602 101 97 U+306E 886 707 71 78 U+662F 421 690 93 118 U+4ECA 1753 1034 117 141 U+304A 872 1633 117 79 U+4E0D 1102 2485 96 100 U+306E 1370 1319 60 58 U+4E0D 870 458 104 100 U+304B 1521 362 123 64 U+3031 1583 1460 48 107 U+91CF 419 2785 116 137 U+4EBA 188 599 118 90 U+3082 457 1716 49 111 U+306E 1146 720 55 57 U+975E 420 824 118 119 U+304A 1324 2055 108 81 U+5668 422 2639 120 128 U+306E 1335 1749 80 90 U+591C 1774 2232 115 133 U+5B5D 425 2144 98 165 U+591A 1319 2357 108 150 U+96E3 205 2189 115 134 U+4EBA 1335 2135 100 117 U+5FA1 1113 2393 97 69 U+3082 1358 1956 55 84 U+5C45 1315 360 101 133 U+6C17 1546 1095 90 150 U+81EA 1126 2605 63 119 U+5927 1345 2729 86 117 U+304C 680 2947 87 62 U+3046 1161 775 34 103 U+649E 629 370 127 111 U+3044 426 1470 88 77 U+53C2 1552 518 84 140 U+304A 1769 2142 105 77 U+305B 1539 1331 107 81 U+3059 1572 1795 67 110 U+306E 433 1827 86 103 U+3082 664 2406 67 93 U+306A 220 1390 77 95 U+3089 1785 933 57 94 U+81F4 1551 1586 112 132 U+65B9 662 2188 87 114 U+304C 1134 2296 77 72 U+4F53 1329 2859 105 151 U+6728 640 496 95 100 U+3046 1799 1489 37 124 U+5FA1 446 2543 93 68 U+304A 1091 894 105 90 U+65E9 1764 1359 107 129 U+307E 888 1385 79 115 U+304A 653 2097 105 91 U+843D 1560 2099 102 143 U+306A 223 2430 73 119 U+3060 896 2741 90 68 U+6D41 1562 2505 110 123 U+7531 1113 2724 88 93 U+3078 1314 1681 123 73 U+3089 1580 425 42 85 U+3093 663 2856 108 87 U+4E2D 633 691 114 117 U+304C 1578 1245 73 66 U+304A 1319 1493 118 92 U+5973 1442 938 71 59 U+304A 203 2666 116 89 U+306E 228 2319 78 96 U+5C45 1103 1681 92 133 U+7D50 640 1720 115 131 U+3064 434 1086 81 93 U+306A 876 1970 92 122 U+8CB0 875 1722 107 139 U+306F 206 953 83 59 U+3084 626 1161 125 89 U+306A 1107 533 64 116 U+3066 892 2294 68 71 U+3082 895 2948 67 67 U+3059 1789 2002 83 119 U+9418 883 2818 113 119 U+60AA 418 369 100 123 U+306F 444 2956 89 41 U+89AA 423 2043 119 94 U+308C 1317 584 145 91 U+3089 1589 1982 40 94 U+308A 672 807 47 108 U+821E 1787 2743 97 128 U+3042 214 686 78 86 U+3055 442 1927 55 90 U+53C2 1763 350 96 130 U+304A 1103 2097 107 87 U+3044 1343 2494 80 72 U+5408 887 2558 104 107 U+3092 895 1505 70 117 U+3067 658 2322 108 80 U+3067 658 1332 96 70 U+3044 1093 651 95 68 U+305B 890 2673 84 72 U+3067 1097 362 110 75 U+307E 1567 757 60 111 U+5FA1 876 372 90 62 U+3078 1095 1082 119 81 U+5A35 650 2609 113 96 U+6240 1329 1844 103 111 U+304B 1795 864 46 69 U+307E 1118 1907 81 92 U+304C 617 904 144 66 U+3089 689 975 48 100 U+3044 206 1036 86 83 U+306A 668 1402 69 115 U+69CB 649 1851 125 123 U+306C 422 1615 106 98 U+96A0 1098 1545 101 116 U+5A35 869 1080 119 113 U+3066 1797 2908 68 75 U+300C 1380 969 63 121 U+3064 882 2203 92 94 U+305F 217 2823 69 89 U+6240 1095 1261 103 86 U+4F55 201 1617 113 139 U+304B 1586 1906 43 77 U+307E 1343 1577 63 97 U+3093 656 1507 121 88 U+3068 454 1355 46 89 U+307E 1785 1866 58 134 U+3055 891 1306 57 80 U+3058 1603 658 57 92 U+307E 1579 1695 53 101 U+3093 1328 855 121 76 U+3066 219 2088 81 84 U+4ED5 1776 2652 112 77 U+3067 438 2427 102 85 U+3088 233 371 46 88 U+3060 1123 2843 76 104 U+3055 1335 1034 67 93 U+3068 237 1855 54 93 U+8DB3 868 568 113 135 U+3089 1365 2638 48 98 U+306A 888 788 63 113 U+304F 412 1192 105 71 U+304C 1127 2945 78 66 U+3072 877 1869 109 87 U+3059 897 2093 87 109 U+3055 1332 1233 61 83 U+3046 1383 1375 33 109 U+306E 1108 1160 76 96 U+76EE 1130 2188 57 98 U+4E91 215 1979 77 104 U+307E 1343 669 54 97 U+3072 207 1121 90 90 U+884C 435 2298 92 126 U+307E 1773 596 70 101 U+308A 450 1259 52 98 U+306F 1106 444 83 69 U+5FA1 668 2710 100 66 U+3068 450 579 36 89 U+3066 1563 2406 69 73 U+7740 1566 2252 85 153 U+306F 1567 2929 88 63 U+3044 1778 1786 86 81 U+5FA1 891 1199 99 81 U+306F 1779 1267 80 62 U+304B 1578 1413 41 57 U+3076 196 1209 132 95 U+305F 1770 786 70 76 U+305F 212 775 61 81 U+308A 220 855 57 106 U+623F 1452 1000 53 84 U+3093 203 1298 113 87 U+3044 426 499 85 78 U+3057 431 951 85 125 U+3044 206 2555 96 87 U+307E 1108 989 67 90 U+3060 219 2933 99 85 U+6240 209 1757 105 100 U+304B 1364 2568 39 68 U+3057 243 460 23 91 U+3055 677 2790 53 70 U+304C 1357 2259 72 92 U+3092 1803 2508 71 117 U+3089 1337 494 69 98 U+304B 245 2757 43 67 U+3068 1580 989 41 94 U+305B 1330 775 78 81 U+4ED5 870 2482 116 79 U+5FA1 1109 1454 90 83 U+304B 452 1545 40 72 U+3068 674 1081 51 70 U+3059 1560 870 69 118 U+65E5 1791 1189 54 71 U+3044 880 906 75 54 U+3057 265 1478 26 118 U+3066 1583 2769 54 141 U+3057 1605 2628 31 132 U+3046 1354 1135 39 102 U+3055 1123 1818 62 87 U+304A 884 2374 100 103 U+3089 688 1251 45 84 U+3054 1782 1619 98 61 U+3057 1809 693 23 90 U+3056 1795 1676 82 103 U+3058 1781 479 98 125 seg_fp 1929 3256 53 66,200015779_00139_2
U+306E 441 701 85 85 U+3089 683 1021 64 113 U+306A 228 1207 84 97 U+306E 1603 1457 65 60 U+5F8B 200 887 119 161 U+90A3 860 2133 130 129 U+306E 442 2611 82 77 U+306E 212 1432 92 94 U+306F 432 1080 96 59 U+65E6 868 2008 118 97 U+3081 900 466 76 109 U+6709 876 1228 109 128 U+30B5 1585 1855 69 88 U+6240 216 1548 90 92 U+5B9A 891 310 104 150 U+9045 1116 482 121 118 U+304B 1366 1500 48 76 U+4EBA 210 1318 118 112 U+5FDC 655 1276 104 151 U+3078 209 1665 102 54 U+3066 657 422 75 95 U+306C 203 775 117 92 U+898B 1110 2877 113 105 U+76F8 651 1154 119 119 U+308A 919 999 52 109 U+306F 1798 1818 85 61 U+7FA9 221 1057 86 134 U+3059 212 2567 82 122 U+306A 676 1448 85 80 U+59D1 418 579 127 94 U+3082 1361 901 58 94 U+306A 1343 491 75 118 U+304A 1330 1703 127 86 U+306E 1797 1334 74 69 U+53C2 203 1714 99 150 U+3061 1366 1372 61 118 U+308C 1783 1714 140 101 U+6C17 1106 1816 108 177 U+4EBA 431 2689 121 95 U+5F53 207 317 98 136 U+3089 1129 1709 55 100 U+3082 1789 2875 84 95 U+3064 1566 1050 87 99 U+9762 433 807 98 103 U+3082 903 900 64 103 U+7530 427 2265 113 72 U+306B 1114 2156 95 81 U+3054 1116 1085 118 114 U+3055 1801 1411 57 98 U+304B 1134 1633 53 75 U+3061 1358 1111 71 115 U+3046 469 1783 35 114 U+5012 415 925 121 124 U+4ED8 1577 674 74 115 U+3066 1340 2257 84 71 U+3092 879 2893 99 79 U+3082 1365 609 55 99 U+306E 1339 707 88 97 U+3053 1340 1240 95 122 U+81F4 1112 2251 105 140 U+3067 1334 803 112 99 U+30DB 1833 2425 63 59 U+3089 886 2532 83 110 U+3055 1802 2312 61 82 U+307E 881 2352 87 104 U+3042 1577 1966 88 93 U+968F 429 1146 111 129 U+306C 1111 758 114 92 U+306E 1570 2894 79 62 U+3042 1344 1008 95 103 U+80FD 1785 1897 111 108 U+305E 1122 2783 102 87 U+3089 1349 1592 77 110 U+306F 450 423 64 128 U+3084 1334 312 121 72 U+3069 464 2134 75 98 U+3046 1825 752 38 98 U+3051 432 1907 96 115 U+820E 416 2356 139 143 U+3092 658 1678 109 106 U+3044 1559 2346 97 67 U+3059 1343 2768 73 95 U+3059 1114 1517 100 115 U+3059 1793 1216 104 104 U+30A4 1599 1765 43 70 U+5B58 1789 958 99 146 U+307E 1122 1389 70 129 U+3051 1796 2194 86 123 U+3068 682 2177 57 85 U+304A 651 2291 113 100 U+80FD 1555 1334 112 116 U+9577 1094 2001 120 155 U+3066 1557 1147 79 73 U+30A2 1163 386 54 90 U+4E16 1322 1800 131 107 U+304B 467 2763 44 62 U+898B 431 1408 105 115 U+304B 1149 603 44 81 U+3046 1621 1514 31 81 U+3066 1116 2401 93 100 U+308C 434 2009 79 124 U+3059 660 2847 92 78 U+304A 1772 2608 114 93 U+3761 1574 309 88 130 U+7247 1559 570 104 103 U+3059 895 697 88 115 U+307E 661 2756 74 87 U+79C1 1542 2759 126 111 U+5FC3 1784 2036 110 82 U+3067 1123 984 96 99 U+308D 665 2058 84 113 U+6240 658 1571 99 106 U+3046 238 2058 35 105 U+4E8B 905 1622 68 163 U+898B 665 1796 94 118 U+5EA6 889 2778 99 108 U+7ACB 648 1929 111 121 U+304C 679 2923 85 59 U+3044 656 2682 95 62 U+3068 1813 849 51 93 U+4E0B 1355 2358 83 115 U+306A 1582 799 72 127 U+904A 1325 2043 130 100 U+3044 884 1518 95 102 U+8A71 1342 1914 105 127 U+9063 670 539 95 117 U+307E 911 577 53 118 U+4F55 1095 2525 129 122 U+3059 1579 932 68 118 U+79C1 429 317 103 107 U+307E 1348 2657 54 109 U+3055 902 1127 60 85 U+3064 894 822 94 87 U+3046 1593 441 43 119 U+3082 1578 1224 71 94 U+305B 1790 668 85 83 U+5206 450 1277 81 118 U+3084 1668 1601 80 58 U+3078 1777 2794 129 89 U+3044 1329 2579 100 80 U+3055 900 2276 58 74 U+305B 427 1681 114 98 U+3044 1105 1303 98 86 U+4ED8 1795 419 85 126 U+3046 1369 381 44 116 U+3046 690 857 39 103 U+307E 217 2444 60 121 U+3056 1127 1197 100 101 U+3044 203 2359 89 85 U+7247 1786 311 98 98 U+623F 1912 1552 55 86 U+3064 672 2397 87 78 U+51FA 417 2506 135 88 U+305F 1571 2238 71 102 U+3059 1682 1663 51 76 U+4F55 415 2839 125 91 U+3084 640 2598 124 84 U+3053 212 2176 66 76 U+4E16 184 478 136 96 U+30CB 1842 2560 54 42 U+306F 1564 2649 96 78 U+306B 892 1783 83 115 U+652F 879 2634 106 152 U+300C 1826 1543 81 125 U+3055 1356 2476 56 97 U+5973 1898 1492 65 52 U+6240 1102 2656 116 126 U+304C 915 1348 89 84 U+304C 1594 2157 77 81 U+307E 444 1537 68 136 U+30F3 1830 2492 82 54 U+3055 681 752 58 99 U+304B 683 953 42 64 U+304C 1819 2122 79 78 U+306F 890 1913 88 74 U+307E 1813 561 56 100 U+3081 1804 2703 75 93 U+308A 1598 2055 49 111 U+5973 320 2667 69 52 U+30DE 1152 320 65 35 U+305F 218 1961 64 94 U+306F 669 669 88 76 U+306B 1568 2533 82 104 U+304C 1361 2861 75 51 U+306E 211 2896 90 79 U+3081 226 586 79 100 U+3057 704 2484 26 114 U+305F 893 1432 60 86 U+308A 246 1863 42 103 U+3056 218 2253 102 98 U+300C 1593 1644 82 132 U+3089 1151 683 49 82 U+304B 246 683 39 75 U+307E 1813 1112 56 105 U+300C 232 2728 95 154 U+30CD 1401 2917 62 72 U+305D 1807 1608 61 110 U+304B 920 2452 37 79 U+3057 1376 2135 42 124 U+623F 332 2733 50 80 U+3057 701 319 21 101 U+304B 456 2932 53 61,200015779_00140_2
U+3092 671 881 93 69 U+90CE 1806 436 99 148 U+58F2 1102 907 122 163 U+306A 1118 1829 92 113 U+306E 1342 2567 88 78 U+3092 203 625 109 74 U+306A 1113 2637 89 87 U+91D1 1112 333 124 137 U+3067 644 2755 101 80 U+592B 658 717 108 144 U+7FA9 458 339 82 147 U+4EBA 417 1058 127 105 U+306A 221 1154 106 105 U+306A 671 2031 98 100 U+5927 1799 825 92 111 U+306E 1113 2869 86 130 U+304C 457 1187 92 73 U+306A 439 942 101 99 U+3092 1129 479 81 132 U+3066 1121 823 84 75 U+4F53 1327 1081 130 140 U+4EBA 1093 2739 136 129 U+308D 1585 441 79 117 U+3082 1592 2038 60 137 U+3089 1374 1369 60 104 U+306B 1348 2902 63 98 U+306E 1838 2319 61 68 U+306F 663 1793 86 55 U+306F 1804 757 84 44 U+304C 1145 1488 73 73 U+306E 1793 2667 73 88 U+6B63 627 2501 138 92 U+3059 438 1975 84 134 U+306A 234 845 91 101 U+5F8B 640 2858 118 138 U+7269 1106 1370 127 100 U+3044 1573 888 91 66 U+7537 1342 1971 97 126 U+306A 1353 2118 71 132 U+3082 1126 2335 65 94 U+6301 200 716 122 126 U+3064 433 605 99 102 U+7269 1104 1088 123 85 U+597D 200 1289 123 99 U+3044 1568 1678 98 81 U+306E 213 2011 77 75 U+3082 673 2386 55 90 U+80FD 1107 1587 116 126 U+3046 1353 2753 49 127 U+5F53 200 2349 97 117 U+3084 1309 2675 133 80 U+5730 1785 2429 116 99 U+6982 1780 947 143 95 U+3042 1795 1267 92 89 U+7537 1334 1240 105 119 U+597D 203 359 133 110 U+898B 664 967 99 100 U+3082 1568 2905 64 97 U+7537 650 2154 105 126 U+8CB7 1793 602 103 121 U+597D 1767 2785 139 110 U+8CB7 1118 1212 96 137 U+3067 885 2005 99 89 U+306E 899 682 93 112 U+7537 1336 2407 96 130 U+3059 885 2531 86 148 U+7537 211 482 97 124 U+3067 648 2300 104 85 U+3082 678 1668 62 96 U+3089 1812 1529 53 103 U+3044 894 507 99 63 U+4E00 1337 1025 103 24 U+76F4 641 2614 115 123 U+3055 904 789 69 105 U+3055 1360 765 70 77 U+5176 200 2193 103 139 U+3067 1567 1565 104 92 U+30A2 1397 924 52 69 U+3075 1562 954 112 86 U+306F 1120 1743 91 85 U+3082 1813 2548 44 113 U+4F55 1090 1979 136 131 U+30E2 704 345 55 51 U+5ACC 1325 611 133 127 U+591A 894 339 101 148 U+30CD 1389 1861 65 78 U+305D 1126 2444 70 101 U+3055 198 2913 73 83 U+308C 1783 2007 83 154 U+3093 207 1050 129 89 U+5FC5 410 2885 123 111 U+80FD 429 1275 113 136 U+3046 475 1415 40 125 U+307E 458 495 62 105 U+305D 446 2238 70 109 U+7537 202 1410 99 121 U+79C1 645 1457 119 106 U+3054 446 1557 111 75 U+3082 225 2081 64 103 U+306E 1845 2926 60 54 U+3089 1574 2774 70 131 U+30C8 973 920 30 74 U+3082 925 570 47 112 U+306B 951 1271 43 65 U+4ED5 409 2476 132 95 U+7A0B 1780 1070 114 102 U+306A 439 2581 66 101 U+304C 1830 1176 63 78 U+3060 217 1555 95 93 U+3046 444 2346 49 123 U+30A4 926 1624 45 74 U+308F 1575 2425 66 125 U+5973 545 2095 75 59 U+306D 1335 1659 105 105 U+3044 1344 528 92 69 U+6027 1558 1288 110 114 U+3066 657 1262 89 95 U+9063 1126 633 101 112 U+304A 946 1030 64 56 U+30A6 710 415 48 97 U+307E 896 2377 67 152 U+3069 1815 2157 77 151 U+3078 1556 1965 121 78 U+306F 668 1362 84 63 U+305F 211 1912 67 87 U+308A 226 2780 37 104 U+3055 1570 2288 64 105 U+3044 883 2290 92 88 U+60AA 1569 1409 93 148 U+3069 676 1879 101 72 U+8005 1590 1035 83 131 U+8CB7 1568 642 99 138 U+306E 1570 2174 82 113 U+304C 1604 1170 69 76 U+3093 658 1947 143 77 U+306D 863 2807 119 96 U+306D 1554 1846 121 116 U+3046 462 818 44 128 U+307E 678 1074 61 93 U+306B 1113 2236 92 100 U+30F1 911 2919 78 58 U+306E 955 1086 50 55 U+300C 473 2152 72 137 U+80FD 1781 1658 113 135 U+3068 224 1651 61 83 U+3056 447 1632 105 128 U+304B 1818 1435 40 93 U+307C 1577 332 121 109 U+3068 453 719 62 96 U+3093 1100 2539 157 90 U+30CF 924 1562 75 40 U+3044 430 1769 99 71 U+3078 416 2791 124 61 U+623F 554 2161 58 89 U+3069 694 1565 77 99 U+3054 889 2114 114 69 U+3051 1797 1896 86 121 U+3089 1342 2253 84 141 U+3078 1331 1769 117 83 U+5750 198 2485 96 124 U+300C 932 1478 79 120 U+3084 858 1837 141 71 U+3044 1795 1797 86 97 U+3064 1169 746 50 71 U+304D 1373 326 60 101 U+6240 1105 2115 119 117 U+30C4 1624 557 42 59 U+601D 207 1756 92 85 U+30DE 1385 870 61 42 U+3031 719 490 42 153 U+308B 1816 1352 51 82 U+307E 440 1836 75 133 U+3055 232 967 54 89 U+3064 1353 435 88 89 U+5973 1791 328 116 84 U+3056 902 2184 103 100 U+305B 425 2687 84 86 U+304B 222 2713 46 72 U+3051 882 1103 45 63 U+3064 877 1384 51 46 U+306E 878 1203 45 46 U+3059 1020 1486 55 95 U+307F 959 1207 37 62 U+304C 966 1140 50 66 U+3064 230 1843 58 65 U+3042 874 1254 50 51 U+3046 887 1026 30 78 U+304F 1368 1566 38 88 U+305F 1564 2551 66 110 U+3055 876 1337 41 48 U+3088 897 2685 49 122 U+306F 212 2612 67 100 U+304B 1587 1757 58 95 U+3055 906 1741 57 88 U+3084 1031 1431 60 55 U+3068 1590 786 61 91 U+3046 908 1907 40 110 U+3066 882 1161 41 47 U+3057 1599 2659 26 117 U+3044 873 1301 49 37 U+3057 1394 1485 15 86 U+5F15 943 1350 51 67 U+3057 699 1166 31 94 seg_fp 722 619 25 55,200015779_00141_2
U+508D 984 1529 132 141 U+306E 783 492 80 72 U+306F 1002 1457 92 60 U+5C0F 99 788 109 96 U+3032 1247 904 78 147 U+306E 102 2332 86 86 U+4F53 762 1032 125 165 U+524D 325 1050 112 128 U+3067 1209 2564 106 82 U+5E2B 316 359 120 135 U+3067 1450 1955 96 82 U+3067 1669 2626 102 74 U+3092 543 1423 111 73 U+5973 745 358 144 100 U+3070 569 2889 82 107 U+8535 552 1244 109 162 U+3082 1006 2919 74 93 U+306E 780 2003 89 88 U+865A 1432 1795 126 134 U+5168 769 906 118 118 U+306B 340 1195 74 67 U+307B 1453 1437 88 98 U+8EAB 986 1896 96 117 U+304C 123 1019 86 80 U+8535 89 2604 115 148 U+4FD8 1444 1655 112 121 U+304B 1244 2916 54 86 U+3082 1018 1066 67 94 U+6BCE 1663 1090 124 119 U+304B 1260 1068 32 71 U+3066 1447 1036 81 97 U+672C 99 2419 102 157 U+7537 1447 1284 92 128 U+3067 1000 992 107 75 U+5FE0 547 985 108 138 U+3092 997 2036 101 93 U+3082 580 1723 50 116 U+6301 1200 2776 128 128 U+307B 333 2440 94 98 U+3082 1695 1591 60 90 U+304C 352 622 78 64 U+98FD 1438 2061 119 114 U+5F15 1219 1258 102 117 U+7537 989 1302 104 129 U+5DF1 1230 2310 90 96 U+304B 315 702 112 73 U+597D 979 1180 132 110 U+3082 808 2679 51 105 U+306A 1460 691 105 110 U+3089 1014 2813 70 106 U+304A 545 1518 120 77 U+3075 758 1475 121 96 U+70BA 762 2100 119 136 U+529B 106 1104 86 89 U+5973 752 1195 140 82 U+65B9 1218 816 108 103 U+306A 338 2631 95 96 U+597D 1420 1153 144 108 U+305F 115 667 69 101 U+52D5 313 2872 113 130 U+7537 773 1853 98 125 U+3089 1237 2192 70 117 U+60DA 1203 2437 129 109 U+4E21 1658 2384 119 95 U+304C 806 813 78 70 U+80FD 1668 1316 118 112 U+3089 1264 1138 47 93 U+547D 84 2852 118 117 U+65B9 1667 2501 103 103 U+3059 1238 1914 89 105 U+898B 1673 971 100 96 U+306A 1008 689 103 103 U+60DA 82 1447 132 117 U+89AA 86 2202 126 106 U+304B 1031 1690 39 86 U+60DA 315 1275 126 114 U+308C 311 2350 152 100 U+5E2F 1664 483 120 154 U+3070 116 1697 82 116 U+307B 334 771 94 96 U+6CE2 92 893 122 131 U+767A 316 1953 114 134 U+305B 995 2271 102 86 U+9854 1666 1455 114 126 U+3088 339 866 66 96 U+306A 993 800 103 97 U+81E3 571 1129 86 106 U+305F 118 1587 62 98 U+3066 329 2160 81 73 U+5F25 91 1208 127 136 U+8EAB 1211 2665 108 110 U+4F55 532 2038 128 104 U+76F4 317 485 107 130 U+306B 1233 1803 75 95 U+306B 123 1346 67 88 U+3093 987 893 148 96 U+767D 1680 2861 77 140 U+5C45 528 529 128 150 U+304B 1252 2094 48 99 U+6301 994 2129 115 110 U+3060 792 706 102 108 U+306E 1226 598 93 98 U+4E16 1668 364 111 92 U+7AEF 768 570 122 134 U+3082 806 1552 49 119 U+3089 1020 1775 64 113 U+3092 1225 697 107 106 U+306F 554 1948 91 72 U+5FA1 329 979 96 67 U+3064 106 1818 79 95 U+9762 1663 2724 110 132 U+3067 550 692 115 95 U+3089 358 1583 47 107 U+3044 1447 2355 99 70 U+305D 1456 2662 85 103 U+306E 781 2786 91 113 U+3069 1474 1543 81 90 U+305D 1473 825 67 94 U+304A 539 2336 115 90 U+3067 98 2085 108 87 U+3055 1460 2558 62 93 U+3089 556 2225 67 97 U+3060 1218 1594 137 98 U+4E8B 338 1707 73 142 U+3059 563 794 74 102 U+7B48 1427 2872 120 143 U+3042 337 2256 84 93 U+3055 789 2900 66 107 U+60AA 776 2435 103 130 U+3089 1704 2258 44 95 U+306E 1686 2013 80 83 U+3071 1247 1368 79 115 U+306E 779 1670 96 98 U+304C 342 1849 86 88 U+306E 1450 2764 89 101 U+306F 785 1774 87 60 U+898B 550 1599 112 109 U+60AA 995 365 102 133 U+65E5 1700 1229 48 54 U+304B 126 1913 45 81 U+306F 1003 606 90 83 U+304B 357 1501 39 81 U+9A12 311 2744 121 98 U+3060 1251 364 84 113 U+3044 781 1390 87 86 U+7269 1434 2453 121 105 U+829D 542 352 118 161 U+3069 354 2535 81 96 U+307D 1460 2250 88 106 U+306D 1665 1707 114 109 U+3044 548 2748 94 75 U+304A 1670 889 103 81 U+30C4 1505 2186 47 51 U+308B 1257 2017 46 82 U+306A 123 456 62 122 U+305F 342 1403 60 100 U+304B 1705 2178 42 85 U+3060 1688 2094 95 88 U+3082 1707 1896 49 116 U+3064 107 578 90 92 U+308B 580 895 39 73 U+3066 1688 788 65 90 U+306B 100 369 91 84 U+304B 123 2778 40 57 U+3078 997 2500 119 84 U+67D3 1667 660 103 124 U+3053 552 2430 92 106 U+3044 1000 505 94 98 U+3068 576 2609 42 113 U+3078 547 2826 117 77 U+306F 1456 601 83 89 U+3044 774 2576 98 78 U+306D 998 2368 114 130 U+306B 782 2237 88 95 U+305F 1008 2665 67 75 U+308F 1029 2577 53 89 U+308A 125 1989 48 103 U+3082 1254 478 48 124 U+308A 1248 1485 57 121 U+3078 1667 1818 117 91 U+3053 1235 1705 75 96 U+306F 791 2338 78 67 U+3068 812 1286 42 97 U+3044 1449 493 99 108 U+308B 577 2533 49 78 U+306A 1466 366 69 110 U+304B 578 2141 47 84 U+3068 580 1836 45 103 U+3064 361 2093 53 72 U+3057 1042 2740 26 71 U+3057 1497 918 23 110,200015779_00142_1
U+304A 1780 2178 106 71 U+5341 1562 973 96 81 U+5C0F 1341 444 89 85 U+304A 1552 2370 122 81 U+304A 1333 356 112 71 U+4E03 1559 1737 98 62 U+5927 652 884 106 111 U+304A 1559 1270 115 70 U+3066 432 996 91 79 U+6E08 1334 1756 113 131 U+306F 1569 544 86 63 U+4E8C 1343 1195 102 47 U+9053 1778 1218 117 133 U+501A 1768 1376 131 145 U+8846 1343 2415 121 111 U+5916 426 2591 109 125 U+89D2 1797 839 83 157 U+304C 1595 896 74 66 U+304A 1779 355 112 72 U+4E09 1344 1022 106 63 U+306A 1796 1523 77 122 U+8005 433 516 115 153 U+4F55 1776 707 125 120 U+82E5 438 365 90 150 U+4E8C 1572 1064 93 45 U+92AD 1343 1271 111 120 U+92AD 1569 1823 113 123 U+5408 879 2744 107 153 U+9054 878 2324 118 131 U+3089 463 668 66 105 U+92AD 1567 1508 112 115 U+3031 1368 864 61 144 U+3059 1357 2004 71 121 U+5FA1 678 1635 84 63 U+4F53 876 611 113 147 U+3059 229 1793 73 121 U+3067 669 779 94 83 U+5927 1093 2780 121 96 U+4EE3 1567 768 104 126 U+5176 878 1718 106 180 U+3082 449 2492 70 90 U+904A 430 1371 128 123 U+92AD 1567 1133 110 121 U+3078 1791 2421 100 75 U+3065 880 2463 132 128 U+904A 1535 2684 128 88 U+5341 1343 1096 89 78 U+8336 1567 625 117 140 U+305E 1582 2172 98 94 U+304C 1363 2550 70 63 U+306A 903 758 89 98 U+306B 1786 1742 84 92 U+59DC 1325 2770 111 130 U+3054 208 1374 122 114 U+585E 1564 1358 106 128 U+7570 658 1728 97 141 U+3059 665 2503 81 117 U+3046 267 2545 33 92 U+5FA1 897 363 92 67 U+53CB 895 2191 96 123 U+304A 209 779 113 98 U+3075 1559 431 100 91 U+304C 1142 1178 83 77 U+65E6 663 1004 96 96 U+9063 1345 559 94 106 U+3061 685 2737 62 110 U+3046 926 1585 35 126 U+51FA 428 1791 112 91 U+80FD 433 2049 107 134 U+3066 1581 2879 59 106 U+306E 249 2486 64 59 U+5E97 1339 2146 104 136 U+304A 1785 2487 105 87 U+6F38 1337 770 99 115 U+3060 1341 2909 95 90 U+308A 682 2278 55 102 U+7269 425 1096 126 118 U+3082 456 1685 76 88 U+304A 884 2104 96 87 U+3068 684 2913 54 88 U+6298 658 1338 100 126 U+751F 1327 2649 110 98 U+4F55 1101 1755 111 103 U+307E 1370 1896 50 105 U+3068 1598 2266 48 104 U+306F 1114 1656 94 74 U+3067 662 2018 105 91 U+904A 1771 2772 118 94 U+3044 1783 1977 88 90 U+307E 1117 948 100 117 U+306E 1123 1865 89 105 U+60AA 666 363 95 131 U+304C 462 1961 78 76 U+751F 1117 1280 106 87 U+898B 666 1876 90 135 U+751F 1117 365 100 94 U+3059 1126 2579 83 121 U+308A 1830 2675 44 102 U+306A 1584 1958 64 113 U+3059 1127 1069 78 108 U+306E 1357 2290 75 96 U+3093 1568 2063 120 96 U+5BBF 1780 2270 102 143 U+3067 892 977 106 77 U+59DC 1103 1388 118 156 U+304C 1600 1640 66 43 U+5ACC 419 2737 120 145 U+309E 269 1301 50 62 U+3082 1798 1097 67 92 U+307E 677 2381 62 111 U+30E2 693 2642 60 61 U+3084 1801 565 85 105 U+306B 1784 999 95 97 U+3068 1809 2066 45 97 U+3069 447 2286 117 86 U+898B 444 1216 101 132 U+3051 1589 352 54 76 U+5C71 442 1488 103 100 U+304B 1134 2866 44 65 U+3044 225 2408 71 63 U+3067 1347 1644 96 92 U+3031 693 1469 57 144 U+3064 222 1135 90 93 U+3064 218 882 100 92 U+3044 1117 2373 94 97 U+3066 226 1224 73 75 U+4EE3 877 1898 124 118 U+3068 246 661 46 100 U+59DC 1105 490 120 149 U+3044 209 1593 110 93 U+304D 904 2594 62 117 U+4E8B 1136 1968 71 153 U+3066 1117 2120 86 85 U+3054 900 1063 97 101 U+3046 469 2373 40 118 U+3064 674 2848 78 67 U+300C 265 1949 67 123 U+3054 671 2123 100 64 U+308B 229 574 64 87 U+3066 1786 2944 67 65 U+5B9F 896 452 83 146 U+540A 1795 437 92 127 U+5E30 1795 2573 94 105 U+3067 442 2890 100 99 U+305B 883 1487 105 98 U+304C 680 1257 83 86 U+305A 1798 1852 99 121 U+3044 1342 1572 89 69 U+306B 438 1597 97 88 U+3056 675 2187 103 99 U+3055 670 581 75 102 U+90A3 647 1132 122 123 U+3056 1130 2284 99 86 U+304B 1141 2699 50 74 U+308F 226 2658 51 84 U+7533 1136 852 56 103 U+304C 1363 671 77 77 U+3044 668 498 88 77 U+308B 467 1881 52 72 U+307E 233 1684 65 109 U+3056 906 1162 93 99 U+3078 1559 2637 112 52 U+307E 235 456 60 113 U+307E 1132 2473 67 103 U+3050 1349 1396 100 73 U+308A 922 1995 49 103 U+304C 906 2899 70 90 U+7B97 1557 2464 111 173 U+3068 1151 748 43 89 U+623F 337 1959 65 81 U+3056 224 1493 100 102 U+304B 228 2923 45 82 U+3044 444 2187 86 68 U+305F 1120 2929 62 72 U+3046 691 684 35 101 U+3084 198 1051 124 83 U+3068 1150 1567 36 81 U+3044 889 1268 103 85 U+3053 226 374 74 77 U+5973 332 1886 78 67 U+7FA8 214 2138 99 159 U+305F 211 2742 59 83 U+3057 430 857 87 128 U+307E 904 1357 67 128 U+304A 217 2037 104 84 U+3054 1120 2214 85 73 U+3057 227 2297 61 118 seg_fp 913 874 53 96 seg_fp 199 2826 84 101 U+3057 1602 2775 42 100 U+3089 1377 1469 52 106 U+3060 1142 640 77 105 U+3057 1831 1638 34 105 U+3057 1826 2860 40 79 seg_fp 254 972 30 89 U+3057 489 771 19 82,200015779_00146_2
U+7FA9 1020 730 91 140 U+3092 1011 400 101 70 U+306E 564 2030 83 76 U+3082 1256 714 76 93 U+306F 1018 892 86 55 U+3084 538 2417 109 90 U+4F55 1438 2388 118 117 U+306E 1264 2250 60 65 U+304A 991 484 123 78 U+4E4B 1454 2513 89 117 U+597D 1675 1040 118 109 U+304A 109 1839 101 75 U+98DF 1236 824 115 160 U+5948 1447 2218 103 145 U+884C 549 2123 99 139 U+30A2 1268 1596 58 88 U+30C6 1499 2117 58 76 U+3042 350 398 86 90 U+3067 128 548 98 76 U+753A 1435 2637 118 113 U+884C 1220 1712 106 125 U+8150 1233 554 124 169 U+30DB 138 2362 68 76 U+306E 789 1561 84 102 U+6E6F 553 1872 101 132 U+306E 789 1224 90 89 U+5E47 780 829 119 155 U+304A 561 485 109 86 U+5C3B 1685 1657 116 111 U+5185 1687 409 90 119 U+795E 780 1334 113 129 U+8C46 1240 401 110 124 U+306F 332 2594 78 63 U+3044 786 1771 84 67 U+30A2 835 403 68 66 U+306A 1697 539 67 109 U+306E 1689 1235 80 86 U+8F9E 996 572 122 137 U+304C 1705 1797 76 76 U+7121 1010 968 112 133 U+30A2 379 2179 51 77 U+7570 1474 404 89 152 U+3082 581 1759 56 79 U+304B 133 1744 43 77 U+306A 582 663 73 109 U+3066 554 1681 79 76 U+3046 818 695 42 117 U+3059 345 1466 87 129 U+6E21 1222 1850 116 126 U+51FA 1684 939 114 73 U+3068 1487 1366 47 102 U+898B 1472 561 103 118 U+3081 338 2478 72 114 U+9593 786 1019 93 96 U+5C45 1669 1881 110 139 U+8EBE 997 1115 120 159 U+306A 1020 1931 93 89 U+304C 599 395 77 66 U+7BED 107 2096 100 143 U+3075 1451 1289 103 77 U+3084 1228 1501 104 93 U+5185 1676 1343 100 122 U+3082 822 568 54 128 U+3092 1004 2203 102 114 U+3067 1688 1165 107 70 U+5C4B 124 398 105 123 U+3064 555 1591 91 78 U+8FD4 533 2285 126 114 U+306A 1679 2246 78 114 U+3032 804 2353 70 161 U+3088 778 2801 73 92 U+306B 346 661 94 73 U+3076 334 759 119 114 U+51FA 971 2615 138 85 U+3066 1021 2533 58 73 U+3081 347 1644 69 106 U+3042 123 1151 82 99 U+81B3 1212 2341 112 137 U+5C45 336 1220 101 149 U+4E8B 1019 2046 69 156 U+3068 810 1661 52 87 U+6599 320 2680 108 149 U+5C45 1205 2632 121 137 U+3055 114 2265 61 82 U+3060 344 2001 80 93 U+306E 1221 2961 84 63 U+3068 590 1191 47 86 U+306E 1013 1376 83 101 U+3055 1681 2450 73 99 U+30CF 1488 2055 72 50 U+3092 1460 1066 89 144 U+3093 1683 644 131 78 U+9AEA 551 2539 95 179 U+3068 1034 1478 47 95 U+3060 800 1460 104 100 U+3066 349 1133 72 73 U+3046 599 1081 37 111 U+3059 348 1873 77 123 U+306F 340 2266 80 113 U+30CE 836 472 41 77 U+3044 1468 786 92 76 U+305F 1474 864 74 79 U+306D 1213 2060 108 106 U+8239 90 1617 125 124 U+305B 565 973 93 104 U+6E6F 1439 2893 104 134 U+306F 1696 846 89 74 U+306E 1448 2787 84 98 U+308B 138 1311 44 77 U+304A 101 2661 102 126 U+3081 1474 690 81 98 U+898B 1231 1097 96 118 U+3068 137 1395 54 89 U+3060 804 1149 93 74 U+306B 775 2539 91 106 U+306F 1685 1566 86 74 U+3082 1237 2854 58 83 U+306F 565 1403 85 78 U+3092 1244 2483 74 136 U+8005 765 1932 112 131 U+3057 774 2153 103 137 U+304A 106 1502 115 99 U+5E8A 532 2894 108 125 U+7406 317 2825 106 87 U+601D 564 1297 91 101 U+306E 987 2917 91 75 U+30F3 145 2441 72 45 U+7D50 528 2748 113 111 U+3044 1460 1212 88 78 U+4E3B 765 2915 100 115 U+3066 349 1370 69 85 U+3046 1032 1825 45 112 U+3044 339 1055 89 73 U+80FD 998 1586 117 141 U+3066 1467 1957 72 81 U+9593 1691 2099 77 149 U+3075 768 1838 109 98 U+3051 998 2786 79 86 U+51FA 324 1766 118 109 U+3066 1239 993 82 96 U+306D 1226 1234 98 105 U+306B 1680 1462 84 105 U+308A 368 558 50 111 U+304C 1490 1766 74 89 U+305E 1708 739 95 97 U+3064 1461 1862 91 89 U+305F 355 495 64 68 U+30DE 363 2119 69 49 U+308C 118 759 112 100 U+3064 1008 2429 85 109 U+3089 154 899 42 95 U+8336 323 2921 100 106 U+3078 1234 1342 96 68 U+304C 808 2066 84 68 U+3068 595 571 47 87 U+308B 1483 1569 50 92 U+3084 996 1736 121 92 U+3081 118 2779 67 94 U+3046 1497 1481 41 95 U+304F 592 847 45 112 U+4E91 1011 2323 86 101 U+3058 374 2378 53 99 U+3064 164 1068 46 63 U+3055 1469 1662 72 106 U+308F 1694 2576 56 123 U+3078 1225 2167 97 71 U+304C 145 1247 83 73 U+3044 768 2720 101 66 U+99D5 102 1937 102 134 U+306E 111 2951 83 69 U+308B 1707 2018 52 74 U+3064 341 967 91 93 U+305F 1675 2697 64 101 seg_fp 1277 1394 65 113 U+308B 1013 2866 51 53 U+30CB 142 2509 58 40 U+3031 151 2528 48 118 U+3089 376 874 59 93 U+305D 145 645 58 103 U+3060 1033 1269 82 104 U+3057 584 1480 44 110 U+3078 105 2889 111 66 U+304B 1025 2707 43 76 U+30B5 1022 2988 56 54 U+308B 1255 2763 50 81 U+307F 796 2299 46 85 U+304B 153 818 34 83 U+3089 1268 1975 51 84 seg_fp 225 987 57 39 U+4E00 108 1036 98 19 U+3057 1710 2800 25 152 seg_fp 240 1046 28 37 seg_fp 1483 954 61 105 U+304C 1691 2944 56 95 U+3057 624 765 28 93 U+3057 1725 2355 24 91 U+309D 375 1603 29 47 U+304F 811 2638 35 83 seg_fp 1661 3285 58 17 seg_fp 14 3252 48 95,200015779_00147_1
U+306E 1776 456 79 72 U+3067 425 749 92 73 U+306A 1347 1956 96 97 U+4EA1 415 848 111 101 U+3092 1765 812 91 75 U+90A3 1763 673 111 114 U+30A4 689 1438 34 89 U+3031 1377 2275 47 112 U+9019 1331 1740 108 122 U+3070 668 2201 106 69 U+3067 1567 1534 78 77 U+3088 1346 1360 65 94 U+306E 1801 2858 77 68 U+795E 646 1847 107 151 U+304A 641 866 100 74 U+3042 1785 1233 76 84 U+5185 424 615 92 111 U+6240 213 1955 88 94 U+304A 1329 1650 103 77 U+3059 447 2724 76 146 U+30A2 690 1379 50 62 U+306F 216 2093 83 50 U+30B5 689 1535 54 68 U+3078 1093 508 109 45 U+30A2 1358 2539 73 94 U+306E 246 1075 50 50 U+4ED5 193 751 113 97 U+5185 640 357 91 104 U+65E6 1763 543 98 103 U+3067 431 527 85 72 U+3088 1787 1610 63 96 U+3082 445 1054 64 86 U+5165 1337 1863 117 85 U+3046 1587 1894 43 89 U+3051 1120 2646 66 76 U+4E7E 1784 2656 116 118 U+306E 899 2911 82 61 U+6240 1774 352 94 82 U+304D 1323 1025 103 87 U+3092 432 2395 89 87 U+3082 1807 2928 67 80 U+30A2 246 654 46 71 U+5408 198 863 111 117 U+9577 1772 1882 106 137 U+3044 1326 806 88 76 U+304A 872 1369 93 86 U+6C72 1558 1419 101 101 U+3089 458 1427 45 87 U+3084 405 364 126 61 U+52A9 641 2310 125 107 U+30C8 1170 581 30 76 U+79C1 1539 1201 121 126 U+3042 1167 2067 53 59 U+3042 1345 2633 85 105 U+30A2 1365 1546 61 81 U+307E 232 2625 53 106 U+3092 1543 811 46 49 U+3042 665 2668 87 121 U+6368 641 1620 107 129 U+3044 1767 1530 91 76 U+7686 642 721 94 126 U+5408 1113 2729 92 80 U+3081 1602 872 59 70 U+3084 199 559 99 95 U+308D 1154 750 48 75 U+306A 1791 2129 70 99 U+3064 425 2090 86 73 U+624B 1170 1319 43 83 U+30C8 1633 2015 34 75 U+714E 1772 903 98 145 U+25CF 673 1300 56 56 U+3069 431 1158 115 88 U+304C 228 2729 81 66 U+307E 1166 2440 62 64 U+3069 220 2799 100 64 U+306E 1164 1811 50 42 U+3093 869 1732 122 86 U+9AB8 1772 2419 113 134 U+304A 1315 349 110 102 U+3066 431 981 73 70 U+304C 1814 2552 59 82 U+306E 253 2164 57 72 U+3046 907 1937 37 109 U+3070 1794 2007 81 123 U+308D 1089 1107 41 60 U+306A 1347 2741 74 105 U+305B 1569 1809 76 84 U+308C 1560 2839 114 78 U+3066 426 2299 74 79 U+3042 659 2026 93 92 U+3075 1079 1234 57 58 U+805E 207 1250 95 120 U+3042 1079 2034 58 65 U+3081 1549 2172 42 59 U+308C 651 2111 116 82 U+4E0A 1550 1613 104 87 U+5148 1097 357 98 116 U+3092 1154 2012 70 54 U+3046 247 1131 38 101 U+30A4 1374 2214 39 77 U+25B2 429 2909 101 49 U+3070 1619 2331 58 61 U+3084 246 2231 74 61 U+306A 1163 1238 61 72 U+304A 204 1696 102 77 U+9054 646 955 98 117 U+304C 232 1869 71 64 U+5165 1077 689 65 57 U+3078 883 2848 121 74 U+5973 1687 2671 65 60 U+3042 928 1034 52 58 U+795E 648 2512 111 117 U+3057 882 2051 95 119 U+308A 456 2482 51 125 U+3051 1555 2541 51 77 U+3092 1080 1175 61 50 U+3066 1777 1146 82 75 U+3055 1165 1860 38 66 U+3084 1447 2028 73 59 U+3073 1162 1739 68 56 U+3060 211 976 93 87 U+3042 1548 2481 49 58 U+3066 1779 2322 83 69 U+3064 898 2452 84 91 U+308A 1346 690 47 94 U+305F 1555 599 72 84 U+308A 862 720 38 80 U+304D 1162 1928 48 79 U+8005 658 1087 87 126 U+3067 1614 2522 67 51 U+3068 686 2896 44 105 U+3044 1084 1417 47 65 U+308C 1557 466 77 134 U+30A2 681 631 53 60 U+30B5 1366 1472 64 78 U+3052 1787 1314 101 115 U+65AF 412 1545 104 128 U+304B 1078 1535 61 49 U+307E 1351 1097 55 117 U+3042 1543 865 50 53 U+5C0F 1614 2117 54 51 U+6765 1616 2573 63 63 U+3069 888 1830 102 98 U+6B64 1159 2812 65 62 U+3055 1167 2380 45 61 U+3066 1158 1637 56 47 U+3059 1458 2087 48 80 U+3079 417 2002 120 78 U+3055 1090 2382 39 53 U+3086 1150 1684 58 54 U+3076 853 1039 58 54 U+306A 225 1386 67 126 U+307E 1359 2419 62 114 U+306E 1548 2330 46 49 U+3068 1612 811 34 61 U+3084 627 553 112 83 U+307E 452 2595 60 128 U+3044 1084 1650 47 41 U+30A2 1096 2315 38 69 U+308A 691 2785 42 114 U+30F2 1819 1736 48 73 U+307E 1081 2435 56 66 U+307F 1176 2310 38 66 U+3080 1160 1067 59 55 U+300C 1371 2087 78 124 U+3078 194 1612 120 64 U+3044 425 2212 91 81 U+306F 1585 2944 76 54 U+3080 1084 1361 49 55 U+3070 1174 2877 60 63 U+304B 1132 2578 40 78 U+304D 1162 1464 54 50 U+30C8 1611 691 45 90 U+3051 1547 2284 45 47 U+3051 1610 996 46 60 U+307E 1577 1704 56 106 U+3068 1554 2112 29 60 U+3089 1177 2135 37 68 U+305F 1784 1428 55 98 U+3092 1599 940 58 54 U+305F 1336 881 69 79 U+3084 414 1345 116 79 U+304B 1176 2250 32 63 U+308A 940 1090 33 64 U+304C 868 912 45 48 U+3055 1099 2821 37 51 U+305F 898 2540 67 82 U+300C 1591 1105 77 123 U+304B 870 980 27 60 U+307F 906 1541 38 103 U+3044 210 2436 94 85 U+304D 853 436 43 74 U+3046 237 2868 39 82 U+3070 1081 2238 55 77 U+305F 1347 2846 74 86 U+3084 1666 1058 68 46 U+3092 1083 1973 54 56 U+3075 1147 2199 77 54 U+304F 926 903 56 56 U+6876 1610 2177 69 78 U+3059 1337 1218 78 135 U+307E 1091 2872 52 62 U+306A 859 1093 44 62 U+3075 1144 678 58 70 U+3064 1162 1412 49 51 U+3089 440 424 57 117 U+3070 861 594 52 70 U+304C 1169 1002 54 67 U+305B 930 964 54 65 U+3070 936 833 54 51 U+3073 1539 915 55 72 U+304B 908 1453 41 85 U+3092 1547 2235 47 48 U+305B 213 1513 70 85 U+623F 1689 2760 56 60 U+304B 1092 1825 32 49 U+3078 1156 822 65 41 U+5FD8 1560 347 74 123 U+308B 1567 2613 30 58 U+305D 219 369 63 85 U+4E2D 1542 2385 56 52 U+306A 852 350 51 80 U+308B 1097 1584 30 52 U+308A 1096 1292 30 57 U+30CF 1370 2170 57 37 U+3084 422 1677 107 77 U+3089 1093 2101 37 73 U+3055 891 1653 59 80 U+3066 1077 1478 49 47 U+308A 233 452 45 112 U+3075 1074 2174 61 58 U+3066 1623 2637 43 41 U+3089 253 1776 34 95 U+3055 222 2520 60 102 U+3084 1148 1126 80 43 U+3092 1159 1526 62 46 U+308B 1092 803 34 50 U+306A 892 2174 78 148 U+308B 1555 986 31 62 U+3067 1074 1770 71 44 U+3059 899 2324 64 126 U+3081 898 2724 74 111 U+3031 943 464 35 100 U+304B 863 669 30 55 U+304C 1586 1326 80 70 U+306F 1345 452 60 115 U+3093 1615 2474 56 45 U+304A 883 2629 105 91 U+304F 1831 2774 22 70 U+304B 1346 622 40 76 U+3068 1083 1909 37 55 U+4E09 1616 2280 57 48 U+304A 1157 960 58 42 U+304B 689 1215 39 72 U+3078 1538 2438 62 35 U+300C 896 1302 93 105 U+3062 229 2308 79 136 U+3075 838 855 67 59 U+3044 1615 2397 54 31 U+3046 1105 951 22 68 U+3059 1678 1108 44 73 U+304F 1611 2435 50 37 U+25CF 1121 884 52 52 U+3058 1814 1052 57 96 U+3046 1175 1169 22 70 U+3044 853 818 47 35 U+305F 446 1873 56 122 seg_fp 945 760 30 69 U+306F 1093 2970 45 36 U+309E 1366 566 58 59 U+25CF 1169 2518 51 55 U+25B2 886 1233 79 36 U+30FD 1832 1813 18 36 U+25B2 1071 2513 68 47 seg_fp 861 520 58 66 U+3046 456 1248 35 106 U+300C 1609 2713 69 115 U+30A2 1179 2943 48 65 U+3058 671 460 64 98 U+3053 1577 2764 67 75 U+308B 673 1751 54 89 U+3068 943 563 28 71 U+309E 1340 958 80 71 U+308B 668 2416 56 96 U+309E 464 2149 60 61 U+3075 927 680 62 66 U+3069 224 2940 84 61 U+3089 470 1755 21 85 U+3057 1105 1038 14 61 U+309D 1094 1875 25 34 U+3078 1617 2250 60 33 U+30E4 924 396 57 78 U+3057 1186 1574 20 64 U+3057 1821 2226 34 91 seg_fp 1700 2738 29 27 U+304A 1343 2941 94 69 U+308A 865 1153 38 43 U+3057 1096 1693 26 81 U+3066 917 1157 66 45 U+3044 932 651 43 34,200015779_00147_2
U+306E 988 1576 85 82 U+89D2 973 716 83 130 U+6BCE 1174 422 121 115 U+5CF6 1210 2349 91 151 U+5927 1210 1996 94 110 U+306A 769 1334 75 101 U+820E 1431 1744 113 130 U+75DB 290 363 103 139 U+304B 1674 1293 42 76 U+91D1 1189 631 107 118 U+3082 1672 2196 68 87 U+58F1 977 1035 77 136 U+5F10 971 1299 106 87 U+306B 1441 1325 63 68 U+308C 1651 2544 110 94 U+304A 744 2094 111 76 U+9E7F 1193 2201 110 135 U+3060 1428 893 85 79 U+308C 1409 1240 128 97 U+5CF6 1212 1816 94 158 U+30E4 578 2751 62 71 U+3078 1629 1237 129 70 U+65E5 1446 2621 60 66 U+6210 1206 1200 101 96 U+5C71 1652 1608 101 86 U+6CA2 1645 1489 106 115 U+6E6F 1207 2743 107 119 U+8B1B 1198 2503 122 124 U+3088 750 513 73 90 U+3084 957 2185 126 92 U+8B1B 958 362 116 108 U+306D 535 2593 94 102 U+7530 1423 1659 95 66 U+306E 298 1015 50 59 U+306E 1214 1723 80 88 U+697D 740 1095 112 142 U+304A 1419 1410 100 88 U+306F 1197 361 82 47 U+6C5F 1198 1627 112 79 U+308C 60 638 141 87 U+3067 968 946 113 82 U+3006 979 1185 70 101 U+3084 957 591 106 98 U+306E 579 1463 53 54 U+5C45 1417 2106 114 133 U+306B 1675 2934 70 71 U+5FA1 1213 2651 100 62 U+306D 731 358 98 97 U+3082 1445 693 44 112 U+306D 1649 1134 91 102 U+306F 90 1278 81 62 U+6BD8 1187 758 109 119 U+3042 319 1583 89 94 U+306B 757 1241 91 87 U+7D0D 1652 1858 101 111 U+3078 1417 1581 115 70 U+65E5 1214 551 54 65 U+5949 1667 1705 70 149 U+3093 752 2729 118 93 U+3089 1671 1371 51 105 U+92AD 1438 2892 103 111 U+307E 987 2051 71 122 U+3060 1005 1835 88 78 U+307E 1215 1482 71 114 U+304C 1453 2326 84 72 U+3046 780 1693 45 115 U+5E33 292 2230 121 110 U+7530 1192 1307 109 60 U+958B 310 2094 94 120 U+306D 71 1105 99 98 U+306A 979 1935 99 122 U+304A 303 1985 111 103 U+3084 1448 1055 74 65 U+3064 301 602 88 77 U+306A 148 2038 36 80 U+5C71 1206 2107 97 79 U+82B1 1212 2892 111 119 U+3064 529 579 81 84 U+6765 1429 2399 99 124 U+3080 508 1751 60 70 U+3031 597 2864 48 144 U+306A 88 1343 95 100 U+3078 69 1208 124 73 U+3044 976 2372 100 70 U+3092 1641 473 87 110 U+7F85 1189 890 113 117 U+5165 980 1743 117 87 U+306A 1418 357 92 101 U+4E0B 301 1106 50 53 U+3060 532 370 103 106 U+306E 1456 989 59 64 U+304B 782 1809 45 63 U+3042 514 1613 52 61 U+304B 1462 1874 38 78 U+3069 1688 2622 70 90 U+306A 775 2620 66 114 U+30C8 149 1834 37 55 U+3061 1003 2744 72 107 U+4E8B 998 2620 76 125 U+3046 781 702 41 95 U+3078 723 453 130 79 U+3092 137 2351 58 52 U+307E 1208 1099 90 96 U+3084 980 2847 113 83 U+3057 81 450 85 107 U+305D 1438 1143 75 89 U+30A2 1027 2926 69 78 U+30C8 360 1488 38 69 U+3051 510 1821 48 83 U+8D64 137 2500 61 64 U+3093 763 2412 121 82 U+7531 1665 2832 94 86 U+80FD 1648 2300 107 150 U+81EA 1670 2712 72 115 U+5973 285 1197 65 71 U+306B 510 992 53 63 U+3064 584 1250 51 75 U+3093 1420 797 136 87 U+3084 63 915 109 103 U+304B 325 511 42 90 U+3046 318 883 43 111 U+305F 1642 858 80 74 U+4F55 951 500 114 91 U+3064 1642 769 94 89 U+639B 1411 2707 135 95 U+51FA 975 1674 112 66 U+3076 520 2501 126 85 U+3084 789 1966 74 92 U+3060 762 1501 101 89 U+3066 525 1485 35 106 U+3064 324 2921 80 78 U+3089 763 991 66 104 U+306D 1400 550 99 89 U+3060 326 2749 90 89 U+3078 1404 646 110 55 U+4E0B 587 1527 53 59 U+3069 764 619 88 80 U+6240 73 734 92 100 U+307F 787 2935 52 70 U+306B 509 1897 53 58 U+305F 762 893 68 96 U+306A 315 1781 67 97 U+3089 311 792 70 92 U+3076 308 2839 114 80 U+3076 288 1680 129 97 U+3081 1431 1500 73 79 U+4E09 965 1410 121 69 U+3066 1662 2114 77 79 U+3066 84 1649 86 79 U+308D 523 2027 45 77 U+3078 519 2695 127 59 U+3055 1221 1024 60 77 U+306E 1446 2816 76 71 U+3068 523 1174 36 73 U+3078 63 1737 117 69 U+3044 511 1120 55 54 U+3044 78 1582 88 69 U+304C 1664 1041 80 93 U+3092 55 2560 71 57 U+5019 1444 2245 83 80 U+5C0F 57 2418 65 56 U+3072 133 1979 64 55 U+308B 782 1428 55 73 U+306E 798 1894 64 67 U+3084 62 556 114 92 U+3064 516 1410 52 75 U+30F2 338 1351 51 96 U+3076 509 479 127 93 U+3061 372 1214 41 65 U+3075 500 1675 65 65 U+306F 1436 2037 84 51 U+3082 370 1072 40 74 U+308D 587 1919 53 60 U+3042 543 2406 81 92 U+30A2 118 1005 51 69 U+30C4 335 1439 71 49 U+307E 781 2830 51 102 U+3068 372 1013 37 61 U+3076 503 2102 80 63 U+3055 1649 599 57 77 U+3078 581 1004 58 47 U+3089 778 1593 67 103 U+5973 582 1613 69 50 U+3044 987 2540 116 68 U+3057 1668 1978 82 129 U+3066 142 2663 55 49 U+3084 957 868 116 81 U+30F2 571 2254 53 93 U+308A 74 2179 38 64 U+307F 778 2243 54 83 U+304C 588 945 57 61 U+304A 55 1920 68 59 U+3093 312 2446 122 91 U+25A0 544 698 64 60 U+3051 1667 2453 79 91 U+307E 324 2546 66 113 U+3088 593 2043 36 59 U+3055 993 2282 61 87 U+3061 592 877 38 69 U+767E 983 1491 85 88 U+305F 295 682 70 87 U+771F 138 2410 54 84 U+3044 140 1928 45 51 U+30EC 589 2827 74 51 U+6876 61 2487 58 63 U+9854 135 2268 66 75 U+3046 595 1381 28 79 U+3055 1216 1389 62 87 U+306B 135 2572 62 46 U+51FA 499 794 71 50 U+3055 778 2329 58 88 U+3079 505 1351 69 56 U+308A 591 2103 46 71 U+306B 61 2354 46 53 U+3068 595 1184 34 63 U+3066 586 1054 45 44 U+30A2 126 1464 55 59 U+304B 782 2163 44 79 U+3031 133 2911 48 103 U+3053 512 1973 42 48 U+3042 65 2066 55 64 U+308B 1463 2521 58 71 U+306A 514 910 44 80 U+3060 363 1150 59 62 U+5F15 580 796 50 77 U+3050 509 1067 61 51 U+307F 337 2660 49 89 U+30F2 124 2810 53 74 U+4E8B 1653 355 74 119 U+304D 69 1981 42 82 U+25B2 87 2731 91 45 U+25A0 91 370 60 56 U+3059 68 2247 43 51 U+3059 519 1259 49 86 U+3066 590 1329 37 48 U+3089 1454 1953 56 89 U+3057 786 795 24 98 U+3056 587 1779 73 66 U+304C 157 2122 43 52 U+304F 595 1844 34 73 U+3050 80 2299 43 54 U+3089 137 2177 43 78 U+3075 585 1103 50 79 U+30E4 126 2877 61 56 U+30FD 584 2349 26 28 U+304C 76 2132 49 52 U+3057 352 1872 21 85 U+3068 78 2615 29 51 U+308B 74 2668 33 38 U+3089 1451 466 33 78 U+30FD 140 1525 20 38 U+53E3 590 1986 43 48 U+3058 116 836 60 84 U+3057 1680 672 21 94 U+306A 334 2348 65 108 U+30A2 808 2502 78 87 U+3057 1019 2440 35 103 U+300C 342 1296 84 97 U+4EBA 579 1687 77 93 U+3057 537 843 16 61 U+3057 174 2615 15 48 seg_fp 1663 953 46 89 seg_fp 330 769 24 34,200015779_00152_1
U+306E 1229 1476 80 74 U+306E 1447 2559 81 70 U+672C 1218 948 97 162 U+672C 1445 386 96 141 U+7D75 1213 817 117 120 U+3088 337 540 65 93 U+304C 1697 521 67 71 U+306B 994 543 91 63 U+5C0F 321 1892 87 88 U+65E9 1422 1994 110 131 U+4E2D 1209 1767 103 120 U+99AC 1444 1534 92 120 U+305E 1451 1046 99 98 U+306E 1220 1663 84 81 U+3060 766 2236 99 88 U+4E09 1438 1428 101 73 U+3088 558 1503 66 83 U+3044 768 1989 87 56 U+9262 1660 387 125 125 U+672C 770 2065 87 139 U+3044 1225 389 78 59 U+3042 102 2674 72 91 U+30A2 1707 1070 48 74 U+306E 1230 2442 75 68 U+306E 1681 1704 75 89 U+80F8 1421 2429 117 109 U+304C 1240 1135 71 70 U+306F 1673 2130 87 52 U+306E 773 1662 79 79 U+60AA 1671 1828 100 125 U+518A 528 810 127 93 U+306B 1230 1887 64 75 U+3082 1008 2263 57 92 U+30DB 1713 2208 63 72 U+4E2D 759 1443 108 135 U+8535 315 2003 105 136 U+306E 774 2771 84 80 U+304C 1249 1387 71 65 U+304A 756 1762 117 79 U+59D1 1205 2163 121 98 U+304C 1473 1683 67 64 U+5E97 767 2646 91 123 U+3057 309 1461 106 101 U+3053 1658 2780 88 101 U+3044 1210 733 96 76 U+7269 1654 778 124 104 U+308A 121 1600 52 95 U+898B 320 1135 84 112 U+5BB6 1451 559 91 145 U+3084 1656 972 104 91 U+306E 1225 2971 80 65 U+3042 996 2614 84 85 U+6B64 1441 1157 100 82 U+304A 1654 1335 117 98 U+5A46 1214 2280 104 135 U+8846 760 2858 112 88 U+3067 1436 1886 99 81 U+305F 338 1783 63 97 U+4E8B 1009 2125 70 140 U+308C 311 1718 113 94 U+5A46 985 382 106 135 U+304B 1417 2652 119 58 U+304C 353 2178 59 60 U+306B 557 641 67 89 U+3044 997 1877 87 76 U+6301 531 1073 112 124 U+3042 1225 1980 87 95 U+3042 324 855 91 105 U+304A 989 1789 102 87 U+304A 532 2124 110 92 U+5C45 543 1303 103 116 U+501F 535 1616 111 134 U+308A 127 723 51 89 U+3042 1226 2894 77 77 U+3084 993 1680 101 80 U+308C 537 2941 115 79 U+5A46 1659 1983 106 122 U+306B 114 1174 76 97 U+25CF 339 656 62 55 U+3067 780 1599 87 60 U+306E 1663 2971 78 69 U+304A 987 1209 109 87 U+66F8 981 2362 111 155 U+6B63 976 643 120 93 U+3046 1472 909 35 102 U+306A 123 1294 61 115 U+306D 1662 1145 92 112 U+30C6 1042 1099 59 81 U+305D 1240 1571 54 91 U+306D 1213 2708 110 114 U+306D 327 384 93 98 U+308A 1465 2304 48 98 U+3053 536 2584 97 108 U+305F 998 1440 68 115 U+3057 92 1711 98 102 U+3073 1660 2589 112 80 U+4F5C 1423 1785 121 103 U+308C 319 959 118 100 U+306F 776 2974 77 56 U+3078 311 486 121 71 U+756A 330 2514 77 160 U+982D 316 2710 99 105 U+6240 1655 1603 109 99 U+306E 101 2765 70 69 U+304C 1686 1514 76 67 U+3066 992 2527 74 82 U+4F55 976 2780 114 89 U+3082 1001 2958 61 80 U+9593 1453 1289 67 104 U+3031 1685 2635 72 145 U+306B 340 2410 61 83 U+8C4A 77 2004 107 167 U+51FA 1208 1220 125 82 U+3044 1671 2532 73 68 U+3068 1459 2944 47 99 U+3060 777 1013 95 98 U+3060 999 742 102 96 U+51FA 776 645 95 102 U+7D75 84 2417 117 136 U+5909 103 405 95 134 U+306A 559 1994 100 109 U+306F 1229 2825 77 51 U+304B 359 1050 32 49 U+3065 555 935 102 72 U+308A 1457 2854 52 94 U+3066 542 2698 79 82 U+3075 1214 449 102 71 U+5E30 1650 601 107 100 U+3068 800 2336 47 82 U+3066 768 2546 76 84 U+59D1 86 1063 109 106 U+30E0 355 729 62 55 U+3078 1652 1266 111 59 U+3084 753 845 124 80 U+76F4 326 2260 87 145 U+3078 763 572 99 77 U+305F 113 610 62 113 U+3067 93 2565 95 92 U+305F 108 1508 62 91 U+56FD 90 2204 91 94 seg_fp 1680 2881 86 90 U+3060 1453 704 103 96 U+3088 1002 840 62 97 U+304F 1426 2795 92 59 U+3078 534 2790 108 57 U+3066 548 2492 70 82 U+3066 547 1203 74 84 U+7D75 80 2845 112 107 U+304C 138 969 67 84 U+3078 990 1396 120 71 U+3064 114 1416 74 89 U+306F 1444 2236 82 68 U+898B 545 1854 93 133 U+3081 1009 1295 69 91 U+3053 772 1119 92 122 U+3082 117 1878 56 101 U+304A 1207 528 111 75 U+3032 578 473 68 168 U+5A35 74 858 126 102 U+305F 1230 1306 65 80 U+304F 539 2384 82 102 U+3089 576 2849 51 96 U+304C 1462 2137 70 93 U+3058 1708 880 50 91 U+3068 789 1246 60 82 U+30B7 1046 1031 72 54 U+3067 989 2874 93 83 U+3046 800 923 30 91 U+3066 562 1753 61 96 U+4E91 780 2425 76 118 U+305F 331 1250 66 80 U+3031 348 1306 55 130 U+30F3 1715 2298 62 32 U+305D 793 387 51 100 U+306B 354 2814 35 185 U+304B 799 1836 45 60 U+3089 1715 1430 40 90 U+304C 117 2301 42 78 U+304C 1018 2038 67 65 U+304B 576 2205 45 74 U+308B 1247 2065 50 69 U+3061 1018 1561 59 122 U+3089 341 1625 62 94 U+304B 125 1813 50 68 U+305F 792 751 63 87 U+3089 1466 809 60 102 U+30BD 1047 962 39 60 U+307E 1227 2603 57 101 U+304B 356 1562 43 62 U+308B 568 1414 62 72 U+3057 790 1893 43 92 U+308B 1013 2695 47 52 U+30C4 140 542 52 63 U+3066 550 397 66 54 U+4E00 543 762 87 16 U+3053 794 492 49 65 U+308B 1704 703 37 59 U+30CB 1719 2347 49 40 U+3089 1487 2708 31 79 U+3089 1039 1951 39 98 U+3057 589 2276 20 97 U+3031 1725 2371 44 130 U+3093 547 449 74 78 U+53E3 1226 2525 69 69 U+309D 591 1012 19 44 U+306F 100 2958 71 68 U+30FD 391 789 18 33 U+304B 1254 594 45 53 U+3057 805 1326 40 114 U+3057 1254 639 40 103,200015779_00155_1
U+306E 790 1351 77 74 U+75DB 313 2380 105 190 U+304A 1658 1494 114 81 U+3031 576 2463 63 170 U+4E09 775 1836 108 73 U+306F 998 954 83 65 U+306E 322 1356 83 67 U+809D 986 1718 119 143 U+306F 785 1749 74 58 U+809D 757 1454 126 120 U+24E60 986 1864 112 170 U+3061 800 1233 59 96 U+5B22 1648 1586 132 145 U+6BCD 73 596 139 83 U+6CE3 1664 635 115 116 U+304A 1438 847 103 77 U+304C 1034 2037 68 69 U+5B22 1433 936 120 135 U+6C17 107 1673 90 169 U+3066 1225 965 86 73 U+5B22 529 435 125 148 U+304A 765 2669 111 64 U+304A 1434 2758 100 82 U+65E9 85 2100 101 117 U+4E73 91 462 121 117 U+3068 347 785 46 81 U+30BD 1265 1642 52 69 U+3093 1443 1157 114 92 U+304C 1478 522 68 72 U+3031 1465 2371 61 132 U+3046 340 462 48 107 U+5927 96 770 89 98 U+308A 1250 2118 47 107 U+3064 785 618 82 79 U+3066 557 1172 74 81 U+3058 1225 1909 118 122 U+306A 1676 2125 84 110 U+308A 1468 2281 48 92 U+30CD 1718 1348 59 64 U+307E 1232 1436 90 104 U+3082 791 2088 69 92 U+307C 1682 2435 102 114 U+5E7F 983 534 84 126 U+3064 325 1544 87 112 U+304A 310 1441 118 97 U+3093 555 677 111 77 U+304A 319 877 112 100 U+304A 545 1259 103 101 U+306A 1005 753 71 114 U+80FD 96 1523 109 123 U+3071 1005 2308 86 111 U+3093 1672 2005 131 104 U+304B 578 2252 43 70 U+3058 1227 542 112 114 U+51FA 1444 1820 109 86 U+306B 987 661 93 91 U+3088 562 1792 66 77 U+304A 554 360 103 68 U+90AA 973 366 129 162 U+3044 552 1711 97 79 U+69CB 981 1355 124 140 U+3092 331 1839 95 97 U+304F 129 2220 29 111 U+308C 776 466 78 144 U+3046 1708 2550 36 94 U+3084 1210 2656 110 61 U+307E 325 2256 92 96 U+3076 534 2317 121 97 U+30A2 136 1393 58 63 U+304A 532 2789 111 70 U+304C 127 699 74 55 U+3057 103 878 90 108 U+3064 1004 2120 89 117 U+3066 1452 1633 71 75 U+30C4 1276 1250 53 54 U+3060 103 1285 89 98 U+3053 771 2190 103 123 U+307E 117 2561 58 106 U+3066 544 2715 69 70 U+3064 787 1124 82 113 U+3093 324 1255 107 76 U+3093 1675 1811 116 80 U+3080 549 1970 97 84 U+69CB 1655 2812 126 128 U+3042 1691 1922 88 91 U+80FD 1437 615 112 134 U+304A 1436 1728 113 94 U+51FA 1216 1157 116 85 U+3051 1003 2551 91 102 U+3092 546 2141 101 106 U+305D 796 1000 62 118 U+7A4D 767 1596 115 130 U+30E4 1495 2080 59 82 U+30A2 1261 1539 56 84 U+3093 778 2955 72 60 U+5B22 754 2746 121 117 U+3064 1464 1368 73 79 U+5E74 771 1927 104 157 U+5B50 885 909 58 58 U+3078 765 819 118 70 U+306A 563 1589 70 124 U+3056 1239 1344 96 93 U+3078 1441 457 117 82 U+3058 776 364 107 108 U+3093 1214 443 128 86 U+3064 558 1889 84 82 U+306D 1444 364 104 102 U+307E 1242 2773 48 101 U+308B 349 685 38 70 U+304A 1216 1047 110 107 U+3031 1254 2192 62 133 U+3075 104 2351 87 111 U+5FA1 107 373 82 66 U+308A 1022 2416 54 100 U+601D 322 1973 91 94 U+3066 779 725 72 76 U+307E 341 973 58 125 U+300C 810 934 67 98 U+300C 1264 2565 70 112 U+3067 557 1465 94 112 U+30E4 1264 1807 68 73 U+306B 321 2677 92 91 U+30CD 1485 756 60 78 U+3066 1673 1259 81 69 U+305E 1455 2185 97 99 U+5473 89 1838 118 139 U+3044 1213 2961 90 67 U+3082 1583 2566 38 54 U+306B 1011 1252 68 90 U+3060 105 1981 104 100 U+3055 1685 1735 56 80 U+601D 1677 1078 89 88 U+3075 318 2067 98 81 U+52D5 522 2871 122 95 U+3055 786 2879 52 75 U+3088 1254 2030 46 90 U+5B22 1416 2873 125 133 U+300C 1473 2663 84 136 U+3088 1697 758 51 111 U+30F1 1718 1410 67 53 U+30C4 1045 2238 47 60 U+3080 330 1653 93 77 U+3005 357 2582 37 91 U+3055 571 599 60 77 U+308A 366 1726 41 80 U+3062 574 784 93 114 U+3068 561 989 79 76 U+3055 340 1170 59 88 U+3068 1699 966 46 98 U+3064 570 900 76 87 U+3066 317 2912 79 87 U+305F 1678 536 69 72 U+3055 1242 366 48 76 U+3046 1697 871 40 99 U+308B 1017 859 48 79 U+306B 1669 2640 99 92 U+306F 1680 2946 84 65 U+3064 1226 659 89 95 U+3075 989 1498 108 91 U+3082 896 970 33 64 U+3078 309 1106 124 59 U+3055 1464 1085 59 73 U+304B 1247 2718 45 62 U+3068 1032 1591 56 93 U+308A 126 1180 44 107 U+305D 331 367 65 97 U+306F 1003 2822 85 87 U+3068 1461 1446 65 73 U+304D 550 2963 65 71 U+3062 1461 1261 99 108 U+306F 112 2675 79 83 U+3070 1799 419 56 68 U+308A 577 2408 51 89 U+306C 992 1143 104 104 U+3064 1684 1172 79 83 U+3079 1666 2237 119 86 U+300C 1705 374 79 106 U+308A 903 1032 32 62 U+3068 1231 753 66 93 U+3059 329 590 56 100 U+306F 1682 2746 81 60 U+3058 132 1081 60 111 U+30EA 1503 2007 34 77 U+51FA 551 1358 107 99 U+306F 779 2576 80 62 U+308A 124 2461 54 113 U+5B50 1572 2508 55 53 U+3046 1799 363 26 60 U+3066 781 2314 74 92 U+3055 345 2180 50 77 U+3044 996 2916 108 83 U+30EA 1279 1735 33 73 U+3070 1339 2580 56 61 U+30BD 1499 1939 43 49 U+3057 1235 2872 45 93 U+3078 776 2417 103 59 U+3046 1016 1026 47 126 U+3046 1351 2506 23 75 U+308B 1031 2709 50 76 U+3061 1578 2709 39 66 U+3089 1697 2328 59 118 U+3057 1266 841 23 113 U+308A 572 2052 54 95 U+3066 111 2872 59 112 U+3078 999 2647 96 59 U+3031 1247 2371 53 147 U+3031 1469 2463 45 147 U+30FD 150 1454 20 33 U+304F 142 971 46 108 seg_fp 36 0 48 68 U+307E 1574 2772 41 52 U+3031 1249 2281 47 126 U+306D 1557 2826 72 51 U+308A 1588 2618 31 48 U+3057 138 2754 43 126 U+3057 356 2768 33 130 U+3057 1491 1520 27 109 U+3057 574 2606 25 107 U+308B 795 2480 54 89 U+304F 1566 2666 50 38 U+3057 603 1064 22 103,200015779_00157_1
U+3082 1009 1809 68 95 U+306E 1011 2134 71 68 U+5C0F 312 950 104 102 U+306A 1686 1086 89 85 U+4F55 984 1565 113 143 U+4EBA 970 2221 126 106 U+304A 1665 2142 101 81 U+304A 1215 1417 106 89 U+30A2 811 1752 55 76 U+70AD 538 1252 99 152 U+898B 534 2556 111 112 U+6587 1010 1985 75 123 U+6BDB 1460 704 97 103 U+304A 1219 2326 102 79 U+304A 772 2140 105 99 U+308A 120 1713 60 122 U+4E57 317 445 100 141 U+304A 314 849 110 87 U+4EBA 990 1202 113 103 U+30A6 1043 2713 46 67 U+307B 1230 795 88 106 U+3761 324 2516 89 148 U+3031 126 1072 65 150 U+7269 536 1710 116 136 U+5243 87 350 117 133 seg_fp 997 1014 100 175 U+3031 1727 1361 47 130 U+3060 553 981 115 104 U+56DB 979 1923 118 57 U+3060 1229 1682 103 104 U+5243 1215 1536 110 140 U+70AD 749 1207 123 143 U+308D 102 971 78 130 U+304A 537 661 105 102 U+306A 551 1572 107 114 U+30CD 579 1952 85 85 U+3088 1449 573 89 99 U+662F 1223 630 94 131 U+306E 1231 1927 84 92 U+306F 779 2575 80 49 U+3761 1450 1489 99 153 U+3088 1454 1374 71 88 U+3082 337 2120 69 93 U+6597 101 1852 83 138 U+56E3 761 1371 108 120 U+306E 777 1118 82 64 U+3092 1221 2043 84 81 U+3067 1000 1716 100 80 U+306B 332 343 71 82 U+6BDB 1678 1700 92 112 U+300C 1716 2047 72 101 U+304A 90 1348 109 106 U+307E 1688 1501 61 99 U+3031 1486 1790 62 140 U+5C45 304 616 114 131 U+30DB 1699 1194 85 67 U+866B 1447 840 102 112 U+7F8E 997 656 114 148 U+25CF 785 1648 67 61 U+9577 1202 1031 107 126 U+5B22 760 2250 121 147 U+3059 1460 444 78 129 U+306D 319 1333 109 121 U+3093 1669 2477 127 77 U+3092 1441 2879 79 110 U+304C 1697 1949 79 64 U+30CA 592 1100 44 74 U+304B 1016 2495 41 60 U+3093 1218 2663 121 99 U+304A 1435 2046 110 105 U+76F4 766 2627 97 126 U+305D 113 839 63 126 U+592A 785 343 90 92 U+5B22 1201 2413 129 157 U+3067 544 2440 100 105 U+306B 1005 1443 78 85 U+3072 1441 2271 114 80 U+305F 548 2671 79 94 U+3059 107 1575 81 141 U+7A62 1667 930 121 134 U+30A4 1722 1278 39 72 U+3078 746 1557 134 63 U+304B 578 1855 41 83 U+5B22 1657 2243 127 148 U+9054 520 2765 123 126 U+305F 1678 1601 66 83 U+30CD 1263 2160 64 76 U+3031 124 2424 58 143 U+3069 1254 901 77 106 U+3068 1474 1932 42 94 U+3068 575 551 54 92 U+5618 1663 2585 108 131 U+866B 1669 1827 101 108 U+3082 1803 2058 43 68 U+4E0A 324 1546 96 92 U+56E3 544 1445 98 116 U+50E7 301 1081 119 120 U+306F 1455 1071 85 65 U+306A 1458 1148 74 120 U+300C 1487 2407 66 122 U+30F1 1264 2261 67 43 U+756A 549 2139 92 161 U+308A 111 1991 50 128 U+3093 780 2477 120 75 U+3060 321 1206 100 101 U+3060 106 487 97 106 U+30A4 582 413 40 102 U+5B50 226 2092 55 69 U+304B 1260 539 42 78 U+3046 349 1895 41 123 U+307E 336 1664 73 122 U+3089 110 684 55 117 U+3067 1454 975 109 85 U+3082 1261 1803 43 123 U+5927 541 2309 107 126 U+307E 1475 2483 51 105 U+3078 318 1453 118 82 U+5F62 982 1326 118 114 U+3044 1445 1277 100 96 U+592A 771 977 93 103 U+30A2 587 341 53 77 U+3072 541 879 116 94 U+3068 332 2021 73 99 U+5426 1443 1667 101 131 U+3053 1224 2779 78 112 U+305B 327 1786 84 109 U+30BD 363 2251 52 67 U+25CF 1003 2570 68 65 U+306E 783 455 85 79 U+306E 1223 2889 84 97 U+3067 1671 2725 106 74 U+3068 129 1220 36 109 U+300C 795 675 76 109 U+30F1 1692 814 81 57 U+3046 1569 2371 27 65 U+30F1 590 2036 76 53 U+3055 794 2403 49 79 U+4E91 558 762 76 118 U+3055 1694 2404 52 76 U+30E0 1039 2653 50 46 U+3046 342 2668 43 92 U+30CB 583 1183 54 38 U+306F 1009 919 81 70 U+30E4 351 2423 69 68 U+756A 1000 2836 86 134 U+304F 1241 1267 44 124 U+3082 228 2173 37 75 U+3068 110 2566 56 110 U+304B 115 588 51 95 U+5E7F 533 2898 85 101 U+5B50 1791 1995 62 62 U+3082 894 732 35 64 U+51FA 1216 342 114 86 U+30A4 809 1830 40 111 U+304F 1442 2705 77 71 U+30F1 1720 355 70 56 U+4E91 1455 2152 68 115 U+3061 1458 2779 65 107 U+3059 1247 431 57 106 U+75DB 81 2701 114 157 U+305F 1440 2595 80 96 U+3060 779 2753 99 79 U+307E 1467 346 65 96 U+300C 809 2010 67 104 U+3088 323 2889 71 94 U+304B 799 2828 37 84 U+3070 1558 2438 70 66 U+5F62 977 2360 112 100 U+304B 799 1482 45 79 U+305F 1683 573 66 90 U+308A 231 2244 29 68 U+3055 1244 2580 47 87 U+304C 125 2251 80 86 U+3044 85 2866 119 105 U+308B 344 741 57 78 U+3044 1664 2927 77 61 U+3088 777 546 70 86 U+3055 103 1458 72 116 U+306B 1017 801 67 106 U+5B50 882 653 67 74 U+300C 131 2148 70 147 U+308A 123 2338 47 126 U+3089 781 2913 66 87 U+308A 1821 2117 29 69 U+30EA 368 2324 42 105 U+304D 328 2783 72 102 U+756A 772 805 84 146 U+3070 885 2050 63 65 U+304D 1692 470 55 96 U+30FD 1759 407 27 50 seg_fp 1272 1158 26 117 seg_fp 1672 2804 92 117 U+3046 893 1950 27 88 U+8912 982 448 112 133 U+306A 1688 666 91 110 seg_fp 47 2 47 71 seg_fp 1740 868 26 35 seg_fp 1065 2788 40 34 U+5FA1 1000 350 88 62 seg_fp 811 1070 24 26 seg_fp 842 1942 46 39 seg_fp 1006 533 86 92 seg_fp 635 2100 37 33 U+308A 893 799 41 69,200015779_00158_1
U+3092 452 1788 75 60 U+3055 561 562 44 62 U+306E 466 902 58 52 U+306A 1813 1247 71 66 U+306A 2758 1373 57 95 U+3057 1921 790 51 63 U+307E 1069 590 50 85 U+3082 1058 1122 64 82 U+306A 1064 941 53 92 U+306A 2742 722 91 91 U+3082 1066 1540 53 81 U+306E 1057 1035 71 86 U+3066 2742 962 65 65 U+3082 1805 1556 60 71 U+662F 1264 1082 73 87 U+3042 1802 1635 68 64 U+3088 1792 1755 54 65 U+306E 2212 484 54 57 U+5DF1 1272 1413 67 64 U+592B 1262 1249 81 89 U+3064 2873 359 56 65 U+306A 1062 1375 68 91 U+4ED5 446 1856 95 68 U+3060 458 1491 76 77 U+304B 1799 1326 87 61 U+3061 2753 1622 59 122 U+3064 1157 532 46 59 U+306B 453 823 67 61 U+306A 2069 1589 81 78 U+898B 2744 623 73 98 U+306A 465 1238 53 93 U+304C 1286 1182 59 70 U+304B 1286 1337 35 59 U+3064 1928 851 43 63 U+30A2 2795 870 39 67 U+3057 1153 477 51 56 U+304B 1357 937 32 63 U+306A 322 1208 63 71 U+65B0 451 1582 76 94 U+307E 1814 911 59 98 U+304B 572 508 33 58 U+307B 320 1294 62 81 U+3057 2874 294 53 67 U+65AF 1786 1827 72 97 U+3046 2769 1028 29 95 U+3082 2065 1877 58 103 U+3055 1267 1712 51 64 U+3093 2752 1269 92 90 U+3082 2616 1588 47 79 U+306E 1054 1467 72 77 U+308C 2750 492 65 113 U+308B 312 1874 71 85 U+3055 1054 1895 46 73 U+3042 2214 382 58 55 U+3055 2739 1753 56 66 U+307C 2382 277 76 69 U+304B 2176 1079 34 53 U+3075 2280 319 66 68 U+3046 467 960 37 82 U+98A8 458 1146 80 83 U+3061 2390 349 38 81 U+5927 2610 1260 64 87 U+306E 1789 1930 65 60 U+3093 1801 1168 114 73 U+306E 315 1050 61 75 U+3060 1803 1010 90 71 U+4E8B 2078 1675 46 118 U+3046 324 1378 37 109 U+305B 1254 1854 68 67 U+3042 1058 1628 82 75 U+307B 462 650 64 84 U+30E4 2090 1238 56 57 U+3053 1060 761 71 81 U+3061 1819 1469 50 89 U+3093 1051 842 88 77 U+3055 2176 1129 32 48 U+3042 2615 1684 61 70 U+3053 322 1000 44 49 U+3068 1070 1776 34 92 U+5F62 442 1693 95 83 U+300C 1863 837 65 103 U+3093 1052 1272 98 87 U+306E 2607 1513 63 75 U+3064 2734 1908 73 78 U+3044 2604 1187 66 58 U+4ED8 314 910 57 75 U+3055 2478 1751 44 74 U+306B 2477 485 40 56 U+3053 1815 1089 62 81 U+3093 1265 1925 76 57 U+305F 1266 1632 51 56 U+307E 1276 1553 48 78 U+662F 2483 1277 59 110 U+3044 2607 1434 67 78 U+3064 458 1930 72 46 U+3055 1355 992 35 52 U+69D8 301 1122 89 87 U+3093 457 730 95 75 U+306F 2489 1390 61 53 U+308B 1811 1697 43 55 U+3055 2222 534 38 50 U+9577 2612 1103 53 78 U+3060 1047 671 94 77 U+3069 2772 1121 39 83 U+3068 2616 1824 45 82 U+3066 2064 1800 64 76 U+304A 307 780 82 66 U+304C 2297 384 59 58 U+30A2 1298 1481 38 59 U+306E 2476 346 53 59 U+30C4 2648 979 37 38 U+3084 305 1795 76 79 U+3072 2033 1466 109 68 U+3053 1057 1226 60 54 U+304B 2770 1468 35 68 U+300C 487 588 72 109 U+304A 2731 1835 85 71 U+3053 2764 1224 49 56 U+3093 457 1406 81 67 U+3068 2376 558 30 55 U+30DE 2778 821 62 44 U+308B 1071 1702 34 72 U+6240 2475 412 59 74 U+304B 2496 1595 37 65 U+30E2 2641 926 39 44 U+306F 323 1699 40 94 U+3046 2493 1661 31 100 U+300C 1285 975 65 104 U+307F 1279 1779 31 76 U+304D 2618 1352 40 79 U+3053 2756 390 69 99 U+305F 1806 1387 57 77 U+3064 2488 1521 60 74 U+30F2 2099 1172 48 72 U+30E8 2639 1930 34 38 U+3044 313 1567 64 56 U+30C8 2659 1025 30 56 U+3053 2485 249 51 50 U+53E4 460 1063 58 76 U+308B 2222 432 40 44 U+3079 2479 1450 77 64 U+305F 2748 1537 60 82 U+304B 2086 1533 39 60 U+308B 2621 1752 41 69 U+3031 2402 426 30 82 U+304B 321 1497 40 74 U+3064 317 849 62 64 U+3082 475 1332 32 81 U+304C 324 1623 65 72 U+300C 1075 531 73 86 U+300C 2111 1117 62 104 U+300C 2502 211 92 113 U+3031 2106 1278 39 96 U+3031 2102 1338 35 103 U+300C 2830 342 33 139 U+309D 2508 300 17 38 seg_fp 2390 505 35 52,200015779_00162_1
U+72EC 80 641 299 318 U+7A3D 86 939 324 398 U+7406 73 272 297 392 U+6599 90 72 275 334 U+53E4 108 1293 240 329,200021637-00002
U+6C41 1422 2004 90 109 U+9999 1157 1669 88 139 U+3073 569 1680 81 75 U+8338 904 1387 74 151 U+53E3 475 1448 70 66 U+732A 447 1304 109 129 U+9C60 1429 883 130 122 U+590F 770 1130 73 98 U+5DDD 904 1287 71 96 U+3093 433 1597 86 94 U+306E 1167 1825 67 50 U+7269 1153 1893 101 97 U+3044 433 1541 72 55 U+7099 206 1313 89 113 U+5E73 911 895 81 134 U+304D 1567 1507 56 76 U+7269 216 1428 91 100 U+6728 1294 342 74 93 U+3056 782 1506 70 62 U+305D 338 1994 55 67 U+9B5A 1503 2153 76 104 U+3051 1458 1369 59 124 U+647A 1493 2268 89 100 U+3052 443 1696 81 75 U+7329 1290 1141 94 110 U+8C9D 1586 477 54 109 U+3093 777 1439 81 70 U+306E 1317 1327 52 48 U+971C 1547 1123 74 126 U+306E 1401 2307 57 54 U+308A 1323 1373 45 97 U+305B 922 1128 54 76 U+304E 1422 584 87 101 U+5207 554 1841 98 84 U+308F 565 1622 66 64 U+25B3 1433 1929 72 39 U+307F 1574 280 78 103 U+308D 1431 497 53 67 U+624D 568 1753 74 92 U+3066 1432 290 61 59 U+3046 1441 351 40 118 U+305F 784 1388 44 53 U+3093 905 1205 84 72 U+9BDB 213 1564 96 104 U+3086 1399 2154 66 72 U+3042 563 1528 63 93 U+548C 329 2070 82 85 U+67DA 320 1831 87 91 U+3069 785 1310 53 78 U+98A8 1239 1509 77 99 U+3046 785 1222 31 89 U+307B 405 355 46 51 U+305F 1461 1290 43 67 U+25B3 1449 817 74 33 U+306E 1043 1451 59 53 U+3093 441 1757 73 78 U+3066 644 525 51 44 U+5927 867 260 52 47 U+307C 1249 1364 47 70 U+3075 1548 1247 70 84 U+6253 1033 1517 68 97 U+98EF 875 2005 123 97 U+306B 297 509 48 48 U+5CA9 1427 1138 84 132 U+25B3 471 1244 64 31 U+25B3 227 1253 63 30 U+308D 245 405 43 49 U+8C46 444 1833 58 105 U+8EAB 1469 2377 117 94 U+3059 1548 1379 81 89 U+306E 1301 463 57 48 U+9CE5 1011 322 47 80 U+305D 1338 2534 50 57 U+308A 1394 2224 60 81 U+304F 792 1566 28 71 U+6839 1388 2375 92 100 U+3059 1058 1223 41 87 U+3005 1334 1255 33 57 U+3072 248 364 42 42 U+4E09 402 273 53 38 U+305F 1333 2310 45 80 U+306F 304 295 34 49 U+25B3 891 1930 61 33 U+308A 1570 1318 40 74 U+304D 1051 1135 45 83 U+306A 192 468 49 74 U+308A 205 541 31 64 U+304D 526 270 37 47 U+4E21 573 268 55 61 U+3051 525 401 44 60 U+3092 861 428 53 45 U+3064 643 323 51 44 U+3069 414 411 38 48 U+3052 248 452 51 59 U+306B 806 303 48 48 U+30DF 351 1927 26 63 U+3046 1254 1434 30 81 U+308A 589 469 26 57 U+308B 1596 384 30 61 U+548C 1171 511 86 97 U+3086 807 262 45 38 U+3057 465 268 43 55 U+306D 296 346 50 48 U+308A 532 316 24 50 U+5343 1014 252 46 69 U+76EE 1291 539 85 93 U+4E0A 752 261 46 47 U+306B 644 446 51 49 U+3061 300 451 38 59 U+5206 426 313 24 46 U+304D 1338 2394 40 82 U+307E 656 269 27 54 U+3093 462 323 61 39 U+306E 347 276 41 34 U+3044 865 396 44 25 U+3078 332 2157 97 38 seg_fp 1059 1357 27 79 seg_fp 1342 2470 27 69 U+308D 654 370 32 40 U+25B3 913 817 69 41 U+308F 871 341 32 50 U+308A 709 312 24 51 U+3050 873 309 37 31 U+3059 575 330 48 55 U+3092 732 498 56 47 seg_fp 1063 1322 31 36 seg_fp 1748 1522 63 106 U+304D 705 266 30 38 U+308B 252 503 23 37 U+309D 1583 1466 27 36 U+3088 591 427 27 39 U+4E0B 760 312 35 44 U+304B 530 370 27 31 U+304F 659 408 20 28 U+304C 307 398 46 29 U+3088 760 378 35 39 seg_fp 1748 1650 63 140 U+3059 743 420 42 36 seg_fp 355 337 30 52 seg_fp 599 393 17 35 U+308F 966 355 21 52 U+25B3 1175 1597 68 27 seg_fp 678 487 14 37 U+3044 963 418 35 35 seg_fp 308 428 29 25 U+3050 961 316 30 41 U+3057 822 369 12 49 seg_fp 357 311 25 18 seg_fp 768 456 12 24 U+309D 1347 2377 22 30,200021637-00004_2
U+90E8 845 1813 103 183 U+5E73 844 1167 84 159 U+828B 1126 2394 60 185 U+5207 432 1428 59 69 U+8338 656 1065 66 140 U+6D45 479 803 88 96 U+3082 1530 609 43 86 U+3051 666 2003 50 109 U+9D2B 1438 1268 96 102 U+90E8 1626 1764 102 179 U+3044 1446 1099 69 63 U+8ECA 1331 803 72 130 U+305F 1446 963 70 97 U+5E73 1632 1178 84 162 U+306E 862 1745 58 53 U+306A 1525 379 59 92 U+25CB 1641 1087 56 55 U+771F 1387 277 64 103 U+6D3B 655 962 75 88 U+307C 1390 547 71 88 U+3073 295 1548 58 89 U+306C 1288 1348 57 99 U+3086 661 1463 55 69 U+8338 1223 1015 67 162 U+9032 873 1621 50 98 U+306A 1019 1068 60 79 U+571F 1385 388 60 80 U+5929 1439 804 82 98 U+79CB 843 1348 90 119 U+3046 1403 633 35 93 U+3075 668 2542 70 77 U+3093 1612 515 97 80 U+3082 1227 1592 39 79 U+306A 1153 2026 58 83 seg_fp 76 519 84 151 U+306E 379 966 61 75 U+3070 659 1556 53 80 U+3073 679 2305 61 80 U+306E 356 1877 47 71 U+3051 1315 1989 47 106 U+9D28 1461 2205 85 119 U+304B 1129 1740 83 78 U+6F2C 290 1279 71 104 U+3064 667 1835 50 69 U+307E 663 1730 43 102 U+3044 1518 546 63 44 U+304D 1464 1548 73 110 U+308A 361 1944 35 110 U+9055 421 1506 69 104 U+623F 1243 2497 92 114 U+677E 1299 1753 79 86 U+76AE 1467 1736 63 109 U+7CBE 841 1484 92 131 U+89D2 665 1274 53 119 U+5E72 235 2215 58 102 U+306B 1277 378 60 72 U+306E 1643 1644 62 57 U+725B 1267 2367 60 113 U+305F 668 1917 37 88 U+305D 441 2214 63 92 U+3046 692 2458 27 78 U+3080 1108 799 72 73 U+5927 1015 799 67 93 U+3006 631 866 80 83 U+4EBA 230 2333 74 78 U+521D 1220 812 75 74 U+308A 399 1041 27 95 U+3069 689 2384 46 73 U+3093 1013 975 74 70 U+308A 1147 1951 50 88 U+84EE 1109 2219 98 124 U+3073 1345 1079 61 77 U+304F 572 2396 48 57 U+5927 655 779 73 86 U+751F 347 1737 54 100 U+7247 561 2215 93 79 U+306A 458 359 40 60 U+304C 1532 468 58 58 U+3091 1336 987 65 94 U+3072 428 1612 60 65 U+305F 1469 1394 40 88 U+3046 492 1965 27 96 U+5F15 1469 1854 64 103 U+3054 1387 491 70 53 U+306E 1195 611 50 52 U+304E 573 2310 54 69 U+3090 580 2541 41 63 U+3081 1283 524 52 73 U+304B 1124 893 29 70 U+3046 562 1736 21 87 U+304D 1339 2391 65 89 U+308F 1168 1880 25 73 U+307C 1091 1378 80 103 U+306A 453 2329 54 51 U+305F 1300 1441 39 60 U+3046 1121 1483 21 86 U+25CB 860 1092 54 54 U+307B 646 274 48 60 U+9577 1283 1512 58 81 seg_fp 1726 442 36 60 U+3075 475 2064 62 78 U+9EA9 327 2513 79 86 U+3054 1107 1271 58 83 U+304D 1294 1280 43 63 U+308F 310 1398 28 82 U+3053 1027 920 37 54 U+3090 528 1407 56 82 U+308A 1207 658 30 71 U+3055 490 1025 43 60 U+8336 1623 284 70 131 U+304F 499 928 35 96 U+9752 1199 475 43 111 U+308F 578 2454 28 83 U+3093 829 389 85 65 U+3044 1153 1817 56 52 U+3061 1481 2021 47 92 seg_fp 88 692 78 137 U+304D 1626 446 45 66 U+548C 325 2215 69 97 U+308A 470 417 29 54 U+7CF8 1005 264 71 104 U+7D50 660 2201 82 105 U+305F 452 2407 33 91 U+3044 1213 1543 59 33 U+305F 1319 1890 31 98 U+3093 225 2520 81 83 U+3068 517 326 26 55 U+304C 1352 2337 48 58 U+305D 646 336 38 60 U+308B 582 360 29 44 U+3055 1351 2211 35 73 U+304F 533 1280 52 48 U+3053 841 340 35 47 seg_fp 1769 370 43 45 U+3053 515 288 30 38 seg_fp 1737 502 22 45 U+3068 495 1882 23 83 U+3089 349 2317 34 102 U+3069 563 1828 44 85 U+3089 306 1480 24 82 U+79CB 1626 1450 94 132 U+3093 540 1911 57 72 seg_fp 1774 417 35 49 U+304F 644 392 28 48 U+308F 545 1331 26 71 U+84EE 907 279 96 107 U+304B 358 2445 16 57 U+3051 447 2507 55 75 U+309D 1362 2286 19 42 U+3058 257 2418 35 94 U+3057 1318 447 15 72 U+3054 1111 1034 67 103 U+3053 1485 1980 26 52 U+304D 578 311 34 51 U+309D 1474 1484 27 64 seg_fp 1812 317 24 62 seg_fp 1494 1700 64 8 seg_fp 1787 938 48 113 seg_fp 1810 272 26 65 seg_fp 1793 779 43 104 seg_fp 1793 1195 41 10,200021637-00011_2
U+5C0F 1391 960 80 70 U+5207 1388 1124 80 63 U+3084 1390 883 69 57 U+8033 502 919 80 135 U+76AE 452 2215 63 93 U+5207 1487 2032 83 64 U+306A 382 2013 76 85 U+56DB 942 1158 82 82 U+53E3 1406 1051 53 53 U+8F2A 1484 1905 90 112 U+3052 318 921 76 105 U+4F4D 729 2269 80 93 U+6728 510 773 78 109 U+716E 1489 1272 77 161 U+9644 934 1389 93 109 U+5B63 935 1234 81 143 U+3061 1476 592 60 117 U+67DA 1484 1721 92 102 U+8336 927 1600 95 114 U+304B 1386 795 87 68 U+61F8 1348 1966 61 84 U+3051 581 1919 56 94 U+713C 1560 788 104 129 U+307B 450 2403 51 78 U+677E 556 1709 88 94 U+5207 1419 2307 74 58 U+982D 1573 1106 71 78 U+5207 1304 364 109 81 U+4E94 744 2188 58 62 U+9BDB 740 1703 100 115 U+3046 448 2481 37 103 U+304B 1269 2250 73 68 U+3054 449 2316 68 89 U+308D 1336 1488 47 65 U+3093 701 970 88 75 U+8557 1577 914 65 118 U+6C37 1328 1316 82 96 U+624D 1568 277 84 106 U+306E 1588 1041 41 53 U+8FBC 957 1504 49 76 U+751F 1432 2382 42 79 U+306B 714 1029 48 58 U+3058 784 1966 40 71 U+7897 921 1729 107 104 U+5B50 1512 1820 45 71 U+306B 708 379 58 49 U+306E 957 1850 53 56 U+308A 390 1923 40 92 U+304A 1331 1423 62 65 U+9752 355 1334 40 119 U+305F 579 1843 42 73 U+548C 1230 1094 50 66 U+89D2 1433 2191 54 104 U+6817 1424 2480 72 97 U+3055 1356 1754 46 73 U+6885 1478 1447 87 93 U+3082 532 1584 32 66 U+3046 1350 1885 38 76 U+3088 766 2034 46 60 U+304A 518 1312 61 61 U+624D 1307 264 102 111 U+308D 507 1382 57 84 U+3053 1456 478 75 101 U+305D 1228 1032 46 59 U+3051 449 1582 50 70 U+3046 1205 391 52 107 U+308A 1587 490 36 88 U+8150 599 1419 84 138 U+304B 373 1708 86 78 U+304F 1332 458 51 60 U+30B1 1333 2056 62 70 U+3054 708 889 73 83 U+3093 759 1896 87 68 U+307B 1572 2178 61 90 U+3084 706 1089 62 51 U+3055 1235 842 40 53 U+3057 760 1826 58 71 U+308F 401 1845 28 81 U+9DFA 627 2261 71 134 U+307E 927 297 47 74 U+8C46 624 1277 66 113 U+5BC4 723 1257 68 100 U+7CF8 707 763 62 113 U+548C 1273 2472 63 103 U+3044 522 1532 49 44 U+90E8 928 1923 92 83 U+3093 1566 2400 87 68 U+8349 1575 2474 53 100 U+304C 1223 498 52 51 U+306E 346 1465 46 69 U+3057 1303 1465 14 188 U+3055 1005 264 40 65 U+25CB 953 1092 48 42 U+304B 460 1526 24 58 U+308A 310 1532 74 108 U+304D 1582 404 60 86 U+3044 392 1788 51 48 U+3089 1276 2315 47 68 U+3053 929 460 37 49 U+3078 1229 1162 68 33 U+3044 997 334 55 43 U+304F 723 1134 25 62 U+3068 1365 1826 27 57 U+307C 923 383 66 71 U+304F 753 341 24 48 U+3055 322 777 55 78 U+3078 1269 2575 83 31 U+3046 1582 2255 32 69 seg_fp 161 66 215 182 U+305B 731 1375 56 52 U+308A 662 318 21 56 U+305F 590 282 42 55 U+3057 540 1459 12 85 U+30DF 1244 962 23 68 U+56DB 742 261 53 44 U+3068 1247 902 19 60 U+3068 1231 310 30 78 U+3044 1335 614 66 52 U+3092 590 389 48 48 U+308B 601 336 23 41 U+3089 1215 551 44 65 U+304B 758 308 20 41 U+304B 936 255 26 42 U+306A 449 345 37 63 U+3075 512 353 54 44 U+304D 652 271 35 36 U+3057 1295 2374 24 93 seg_fp 335 863 19 32 U+308F 1348 525 32 85 U+3044 518 323 42 31 seg_fp 1234 596 69 137 U+308C 1578 2314 39 92 U+308A 458 404 26 43 seg_fp 939 79 150 141 seg_fp 1232 748 84 11 seg_fp 647 1393 15 34,200021637-00013_2
U+90E8 836 1731 120 176 U+5206 510 1401 101 97 U+828B 1283 570 75 152 U+306E 863 1647 55 71 U+5439 509 1282 95 91 U+3093 1089 531 110 102 U+5927 1366 1890 80 90 U+5375 518 1518 73 153 U+7269 847 1353 92 109 U+828B 1160 1573 59 132 U+6625 862 1474 65 133 U+4E39 1179 961 97 99 U+5207 1367 2002 89 63 U+82B1 1486 294 93 133 U+677E 1411 1296 93 97 U+308D 305 2337 49 82 U+5C71 1161 1301 85 71 U+5438 846 1214 93 108 U+67DA 334 1429 88 85 U+308A 1499 516 51 107 U+7C95 1204 1769 93 93 U+3093 417 996 82 96 U+5BC4 1439 2238 82 119 U+6E05 710 800 61 95 U+3044 1218 1941 51 56 U+8336 1159 1382 90 95 U+591A 517 1784 83 171 U+3046 269 1082 48 116 U+307E 1436 974 79 97 U+83CA 1174 309 79 135 U+306A 146 401 47 63 U+306E 357 1530 45 45 U+3068 285 948 44 57 U+6625 333 1749 61 151 U+3055 428 1078 42 70 U+82B1 352 1595 71 74 U+86EF 1170 1083 113 93 U+540C 692 2220 60 90 U+307C 1455 1074 61 84 U+685C 510 2241 105 131 U+98A8 1426 1408 86 106 U+304A 292 2263 83 75 U+3076 1196 2563 93 81 U+8EAB 1358 2081 88 95 U+3053 1460 1161 40 60 U+305B 1439 2369 70 62 U+3059 570 931 57 120 U+3053 1103 422 62 95 U+7261 1181 865 97 99 U+3086 430 918 58 72 U+3076 1089 634 91 75 U+83CA 1212 2258 83 134 U+306E 430 398 47 48 U+304B 817 290 84 63 U+304F 1118 1914 46 57 U+3044 413 1150 66 51 U+305F 363 337 52 52 U+5927 1445 813 75 92 U+82B1 1172 1483 80 83 U+304D 581 837 48 91 U+3065 1092 1974 93 87 U+3061 367 387 40 59 U+3093 204 2081 116 93 U+304D 254 314 45 61 U+3089 1204 1996 55 86 U+307E 1408 515 49 75 U+306B 305 419 57 50 U+3044 533 1989 67 40 U+304B 1453 916 36 64 U+856A 281 2518 87 101 U+3090 1340 1593 55 87 U+3093 1197 2470 89 84 U+304B 346 295 79 51 U+3064 1393 444 65 60 U+540C 702 1272 53 73 U+3058 425 827 71 89 U+304D 1536 1939 59 75 U+3055 932 281 46 58 U+304D 1500 436 57 84 U+307E 843 346 44 77 U+3066 1214 1883 55 53 U+307B 1544 1804 50 64 U+305B 281 1023 45 58 U+3093 924 334 85 61 U+3055 1414 371 44 69 U+308F 1453 1812 35 89 U+3055 498 296 48 48 U+3053 1218 2398 60 73 U+3055 1449 1740 53 71 U+3057 1540 1739 56 67 U+306F 538 2395 47 93 U+3084 1540 1880 56 55 U+5927 221 1930 60 83 U+3057 1132 2048 21 125 U+308A 161 465 28 52 U+3089 1460 1902 37 80 U+307F 690 1727 68 90 U+3093 493 338 62 57 U+307C 740 295 72 112 U+304E 933 396 70 80 U+3050 1343 1455 65 51 U+3057 731 904 16 117 U+3053 239 2024 29 57 U+3075 318 1913 62 91 U+3080 1560 797 59 71 U+25CB 874 1125 47 46 U+308B 261 372 27 41 U+7ACB 1549 921 72 87 U+305D 696 1813 46 61 U+3048 520 2494 75 102 seg_fp 13 373 45 39 U+3057 326 2423 12 83 U+308F 1356 1509 26 80 U+5C0F 1439 2455 85 77 U+304E 433 332 56 66 seg_fp 0 452 51 61 seg_fp 0 582 48 65 seg_fp 204 363 27 56 seg_fp 11 416 28 56 U+304F 338 1998 32 62 seg_fp 0 1321 57 147 seg_fp 8 521 27 57 seg_fp 1 1746 61 161 seg_fp 0 1639 39 64 seg_fp 1438 2547 75 97 seg_fp 0 274 50 44 seg_fp 0 1497 49 112 U+3057 1590 855 26 63 seg_fp 8 319 31 49 seg_fp 0 1168 50 118,200021637-00015_1
U+6C34 213 2241 62 157 U+8D64 1181 1262 82 119 U+6C34 1210 2392 67 145 U+5B63 1483 1306 79 158 U+716E 1083 598 79 133 U+76EE 528 2437 63 111 U+540C 698 1223 90 134 U+3060 375 2411 71 97 U+3093 1215 2012 110 95 U+5E73 1146 887 95 115 U+3046 933 2356 55 146 U+76EE 1194 1393 50 98 U+3044 396 1054 108 74 U+307C 370 1893 79 99 U+971C 1283 800 80 136 U+9BF5 481 1273 91 132 U+98A8 372 2071 90 96 U+5343 136 907 64 110 U+306A 150 2604 61 79 U+7D79 179 1760 91 117 U+7CF8 1070 2258 70 118 U+25CB 715 1143 57 52 U+307E 1108 497 44 85 U+3082 1072 1572 40 69 U+6817 187 1912 85 138 U+8FBC 1489 1589 79 89 U+5DFB 1192 2246 92 123 U+90E8 1471 2121 109 112 U+56DB 1483 1204 86 79 U+540D 1168 1502 86 105 U+7D05 1323 2208 76 102 U+3075 1063 1992 83 102 U+3051 512 1847 64 109 U+3055 928 2040 60 76 U+307B 931 2261 70 94 U+30DF 1368 363 40 95 U+305B 202 2393 86 79 U+307C 144 1342 100 100 U+306B 375 2511 76 88 U+3082 282 1325 49 111 U+8584 484 1417 79 133 U+3075 1199 291 77 104 U+3064 368 2242 75 110 U+9644 1481 1470 90 115 U+305F 392 858 97 123 U+4ED9 1193 2537 103 103 U+767D 1331 2309 68 82 U+98A8 928 2520 91 105 U+7329 926 1346 81 105 U+7C9F 1070 1809 83 140 U+3076 1061 2550 94 84 U+3046 366 1979 53 106 U+308A 385 1549 63 108 U+98A8 147 1548 100 105 U+304D 1210 402 54 100 U+716E 1457 461 89 149 U+3075 922 1955 76 90 U+304A 244 871 83 76 U+306F 1069 1339 45 71 U+304E 510 1972 86 82 U+3055 1497 1685 63 96 U+308F 517 1744 41 104 U+3093 210 2466 76 82 U+3065 266 1432 89 79 U+308C 516 967 111 78 U+25CB 1494 1122 64 60 U+306B 228 292 47 57 U+3093 1345 583 97 87 U+3046 1112 398 31 107 U+76EE 1175 1029 57 107 U+308F 535 2235 41 115 U+3075 1281 939 76 97 U+3058 162 2432 36 167 U+591C 1319 1381 92 102 U+308B 946 1892 44 61 U+5B50 934 910 73 100 U+306E 941 1515 49 49 U+3042 535 790 68 100 U+308A 1268 1034 78 120 U+663C 1333 1263 54 115 U+4E4B 1509 2001 48 117 U+3093 1062 2470 90 73 U+8449 370 1751 68 145 U+9BC9 835 295 85 105 U+307F 932 1803 81 93 U+304A 1039 908 86 80 U+308A 918 1565 68 86 U+3044 1055 1516 63 48 U+304B 508 2348 65 72 U+306A 616 365 34 52 U+3046 924 1009 59 105 U+3086 156 294 57 52 U+304B 1369 519 36 66 U+306B 669 423 53 46 U+3057 1518 1777 24 127 U+3053 1077 2409 42 61 U+3046 145 1434 60 127 U+3054 1058 1023 63 72 U+3053 1235 1955 42 58 U+306B 160 343 50 50 U+3066 224 347 47 42 U+84EE 1198 1800 117 127 U+3046 1486 362 36 109 U+3057 757 298 61 69 U+3059 1060 1410 70 105 U+308A 1306 1568 72 99 U+308A 683 327 23 45 U+304F 399 1490 51 62 U+3065 1329 1481 79 46 U+91D1 296 282 51 80 U+30DF 685 372 23 47 U+3089 541 890 40 75 U+4EBA 121 1009 91 86 U+30DF 1509 1906 42 91 U+3065 391 1440 79 52 U+5730 1315 1745 86 77 U+3066 603 325 53 38 U+3054 258 1035 69 54 U+3068 1487 277 36 79 U+3005 957 1454 36 50 U+304F 284 1503 46 94 U+3093 760 365 72 50 U+3069 948 1096 57 74 seg_fp 681 284 34 40 U+3088 1197 1599 49 67 U+308B 109 299 36 68 U+306B 105 471 50 49 U+3093 130 1095 82 103 U+304F 400 2333 35 66 seg_fp 622 424 23 30 U+3086 107 523 41 39 U+3064 110 428 38 40 U+305C 420 338 62 44 U+308D 493 334 41 48 U+3059 231 388 36 52 U+3067 104 564 52 40 U+30CF 105 370 43 32 U+3057 181 390 22 70 U+304C 1326 1833 63 51 seg_fp 1636 711 122 139 U+3092 552 360 46 47 U+304F 1338 1525 40 42 U+3088 768 447 44 42 U+30DF 1339 1882 34 67 U+307E 435 287 32 56 U+307B 370 323 38 57 U+3072 239 464 54 46 seg_fp 1650 593 115 113 U+304F 304 435 27 50 U+3079 107 404 51 22 U+3057 624 284 15 41 U+3058 315 368 29 33 U+3082 555 325 34 30 seg_fp 1667 488 60 112 seg_fp 510 387 13 33 U+3092 375 381 42 39 U+304F 245 437 22 27 U+3057 152 1070 19 71 U+3084 295 398 37 45 U+304A 485 271 46 56 U+3051 80 521 21 45 seg_fp 367 433 50 55 seg_fp 549 299 17 23 seg_fp 364 267 37 60 U+3057 314 473 17 65 seg_fp 1648 1920 92 101 seg_fp 786 410 39 26,200021637-00019_1
U+8A9E 575 1127 133 126 U+7269 588 988 128 119 U+90CE 189 2296 115 149 U+5E74 1482 1159 90 127 U+58F2 920 1306 89 127 U+8A18 582 1706 141 106 U+4ECA 1068 2039 89 117 U+4E2D 778 1278 90 99 U+985E 586 728 116 129 U+4EBA 1480 2037 88 73 U+66F8 1048 588 105 121 U+753A 267 1251 94 85 U+660E 416 1914 103 115 U+7AE0 1323 2208 106 128 U+518A 418 1251 117 118 U+5B5D 918 2045 96 132 U+5546 935 1155 79 127 U+5409 180 1667 137 147 U+4EE3 571 1565 143 104 U+90FD 177 557 125 128 U+5C0F 1197 633 101 90 U+5B9D 1343 754 86 100 U+6587 195 2070 134 117 U+7D30 422 2034 107 94 U+8AAD 410 1371 115 133 U+8A0E 582 565 125 123 U+5341 418 913 100 79 U+767E 1066 1155 71 86 U+4E07 1472 621 101 114 U+6771 194 400 108 139 U+5C4B 191 917 117 107 U+5DDD 1071 2166 70 128 U+6765 1062 1521 90 114 U+56DB 277 1360 74 55 U+4E94 414 798 108 95 U+4E09 177 2201 143 68 U+672C 789 651 84 114 U+985E 596 1272 115 129 U+7BC0 1486 844 82 127 U+7BC0 1352 861 75 132 U+8A18 777 1382 110 89 U+672C 189 685 128 113 U+7528 1344 2021 77 107 U+7528 1204 1007 77 100 U+6765 914 1548 95 90 U+65E9 1473 366 96 99 U+8A33 941 2446 72 83 U+4E00 602 1500 98 30 U+4EE3 1476 1312 106 104 U+65E9 1328 370 97 118 U+66F8 405 569 124 156 U+529F 1331 1349 101 68 U+5C4B 179 1909 129 132 U+5207 414 1519 110 80 U+4E01 284 1435 64 76 U+7528 1489 996 75 101 U+7269 593 1819 112 123 U+6765 1198 2396 82 133 U+7528 1344 1008 77 94 U+7BC0 1210 866 73 125 U+6CA2 787 2374 74 72 U+8A18 1334 1447 107 87 U+3057 778 796 89 78 U+554F 197 798 97 103 U+59D3 1047 1288 105 102 U+5973 906 1928 116 76 U+5973 1190 1929 114 75 U+4E09 1056 726 100 66 U+55B0 266 1145 89 94 U+5206 428 2249 97 99 U+8B1B 941 2326 74 96 U+6B64 409 475 131 107 U+9996 1478 2182 79 112 U+6765 1202 1511 91 123 U+985E 1329 2337 96 106 U+5875 1330 1152 96 145 U+5F15 1342 508 71 98 U+54C1 1341 2471 84 113 U+767E 1488 1937 69 87 U+5EAD 1192 1150 104 132 U+65E9 434 2134 77 106 U+679A 418 993 114 101 U+9053 781 1152 94 116 U+4E16 1463 756 112 74 U+3057 1347 1563 77 84 U+5927 1065 371 84 83 U+65E9 1189 376 95 117 U+5EAD 1194 2027 104 145 U+7269 422 1612 111 95 U+5F80 1190 2300 96 95 U+5973 1332 1930 110 72 U+8A18 1468 1429 117 89 U+677F 182 2458 141 103 U+6587 1343 2126 95 84 U+99AC 264 1043 84 86 U+5B57 1342 625 89 113 U+985E 773 1477 83 117 U+8A13 1189 2194 96 100 U+30CF 430 731 77 62 U+8A13 1192 1301 100 101 U+7530 196 1824 108 85 U+4F55 787 2084 75 66 U+96E3 1046 468 113 116 U+58F1 433 1095 73 158 U+7406 775 524 100 111 U+76F8 1052 875 102 93 U+7269 411 2424 106 107 U+76EE 292 1527 47 71 U+5F80 1047 1420 99 96 U+5165 945 2549 66 52 U+3057 771 1599 90 74 U+54C1 429 1721 97 105 U+5F80 1199 1410 90 101 U+985E 1479 2298 73 100 U+72B6 1086 2495 74 74 U+3031 1356 1686 77 178 U+6587 929 618 85 89 U+308A 432 2348 54 76 U+5C71 784 2448 63 59 U+7D4C 909 2205 97 95 U+5916 791 2006 77 73 U+672C 1209 742 84 95 U+5F80 919 1454 88 87 U+8A33 924 852 95 85 U+4E00 1477 2131 85 24 U+5973 1046 1934 124 69 U+5176 799 1916 41 89 U+54C1 792 2159 75 75 U+8B1B 912 726 108 120 U+7FD2 1091 2412 64 69 U+5EA7 780 2557 69 99 U+624B 1110 2322 36 75 U+5343 937 367 73 86 U+54C1 1059 978 96 71 U+3057 1482 2407 85 75 U+4E2D 967 957 50 63 U+4E16 1060 803 97 66 U+5F15 1472 505 95 100 U+306A 1336 1655 81 79 U+3031 791 1696 78 170 U+5FA1 780 2505 66 47 U+5165 1098 2589 59 47 U+3082 793 2315 44 57 U+5927 1249 1681 50 49 U+679A 1464 1718 76 62 U+672C 960 1757 47 78 U+5927 965 1685 44 50 U+3005 1368 2585 21 71 U+672C 1251 1748 42 78 U+647A 1463 1804 68 62 U+3005 459 1827 26 74 U+4E2D 902 1682 49 56 U+672C 966 1027 50 70 U+306A 776 894 89 87 seg_fp 938 533 70 74 seg_fp 792 931 79 164 U+5F15 1206 513 63 95 U+4E26 1466 1568 60 64 U+3066 804 2239 44 72 U+4E2D 1183 1678 48 60 U+306A 1495 2480 50 76 U+672C 902 1756 43 77 U+306A 787 1674 51 82 U+3031 1493 2493 80 170 U+6575 595 366 103 168 U+4E2D 1531 1563 48 70 seg_fp 1614 2298 81 84 U+6599 781 368 98 125 U+3005 1095 1047 21 54 U+672C 1184 1752 44 73 seg_fp 1723 631 40 39 U+4E00 1479 1689 47 15 seg_fp 1599 2413 89 136 seg_fp 717 132 44 39 U+30CB 1505 1645 14 25 seg_fp 1726 538 28 49 seg_fp 1700 679 20 54 seg_fp 1703 587 60 43 seg_fp 616 196 37 51 seg_fp 1621 2138 66 135 seg_fp 1723 367 36 66 seg_fp 1728 494 35 37 seg_fp 1721 434 41 37 seg_fp 1725 472 38 19,200021637-00019_2
U+306E 1272 1095 80 135 U+5802 278 2504 119 181 U+306E 293 710 105 157 U+8349 1542 1145 162 227 U+306B 1556 802 147 122 U+6A4B 1169 1936 185 189 U+7518 226 2095 156 187 U+306E 1175 2700 115 101 U+624B 908 1482 103 239 U+6839 1144 1315 255 221 U+6B64 1555 943 150 167 U+624B 1182 2180 92 204 U+8882 495 463 247 237 U+4E0B 519 2654 159 149 U+306B 276 1237 118 86 U+6CC9 242 2304 161 182 U+5143 1246 1547 136 151 U+305B 607 1586 104 185 U+53D6 523 1127 203 200 U+571F 862 1772 158 119 U+306E 920 2207 110 166 U+7D19 1497 1398 254 223 U+83D3 1223 796 158 275 U+306E 233 2672 112 142 U+306B 838 2683 106 137 U+8239 1107 1710 254 208 U+3088 615 703 69 201 U+308B 978 1215 61 135 U+51FA 517 1378 216 192 U+305F 1501 2384 80 206 U+518A 815 771 283 202 U+4E4E 833 1255 122 194 U+5F53 525 2087 179 258 U+308B 293 1923 68 150 U+6642 503 2377 226 202 U+6238 249 452 147 239 U+306A 228 1354 192 188 U+304C 1272 2147 90 86 U+96C6 837 450 203 307 U+306F 1603 1602 92 63 U+7F8E 1182 529 218 249 U+308C 226 1617 127 170 U+5982 826 2387 217 195 U+77E5 1518 2024 211 239 U+308A 605 916 91 191 U+4E16 1469 1684 261 214 U+7FA4 258 912 168 329 U+7230 1518 453 208 318 seg_fp 1223 464 114 51 U+3089 356 1533 74 164 U+7523 858 1933 166 259 seg_fp 1567 2719 63 107 U+305F 293 1799 68 122 U+306B 1591 1890 116 130 seg_fp 1509 2603 115 115 seg_fp 552 1843 51 93 U+88FD 1142 2408 188 188 U+308C 1587 2289 85 206 U+3057 663 1786 36 243 U+304F 959 2582 48 113 seg_fp 566 1937 70 109 U+306A 903 1012 155 144 U+3089 1637 2194 72 139 seg_fp 1373 2263 52 79 seg_fp 1200 2554 134 107 seg_fp 957 1096 102 114 seg_fp 1009 1431 49 51,200021644_00004_1
U+5916 985 2333 84 136 U+4E8B 1147 2228 90 188 U+5341 812 2502 87 122 U+306E 851 460 58 122 U+306B 1492 1815 65 91 U+3092 666 1884 70 120 U+91CF 1505 455 68 149 U+3059 255 2490 62 159 U+7D04 1299 1982 116 130 U+305A 1164 649 92 134 U+306F 987 2502 75 48 U+8AC7 822 738 101 141 U+306B 1170 956 68 83 U+306A 1336 441 63 144 U+5206 1637 2707 84 118 U+304C 848 2637 63 101 U+96E3 821 1656 106 150 U+5E74 979 1190 83 140 U+8CE2 487 1540 101 136 U+3070 1336 819 77 51 U+5176 1475 1474 92 127 U+5176 656 1335 89 110 U+306D 1316 716 98 96 U+7269 655 2292 92 117 U+4F50 299 862 80 76 U+83D3 1631 2057 80 148 U+305F 1636 1136 90 149 U+6570 1476 779 111 125 U+5E02 1297 1478 90 181 U+99B4 976 1568 95 164 U+305F 488 2022 86 144 U+6761 1478 1031 103 116 U+65E5 987 2599 58 81 U+6CC9 1310 1305 90 137 U+7B46 819 1059 98 143 U+306E 528 737 59 50 U+30B1 1504 923 63 68 U+753A 302 1039 75 70 U+5C3D 674 647 74 155 U+672C 1463 2496 100 153 U+305F 1314 2700 75 119 U+8AF8 495 809 101 133 U+3070 839 2012 75 61 U+7FA4 300 1791 105 185 U+306B 1341 1886 41 72 U+6587 836 598 75 109 U+5951 1303 2359 96 179 U+624B 1651 1475 60 121 U+8239 233 1111 100 94 U+4E8C 819 2758 88 61 U+62FE 642 2030 110 133 U+3057 1637 783 91 124 U+624B 993 1431 59 141 U+69D8 1623 2597 94 108 U+3059 1658 1781 47 151 U+6821 1146 1069 99 123 U+6A4B 236 1205 107 105 U+4ED5 1619 2470 99 97 U+7B49 1504 628 70 122 U+88FD 1633 1605 106 165 U+306A 1152 2561 60 126 U+7528 982 2703 77 120 U+6BD4 991 1346 82 71 U+5BDF 506 1690 79 179 U+3042 1488 1163 76 136 U+5B50 518 1085 62 90 U+5C4B 232 1314 96 85 U+8CC0 302 943 72 91 U+306E 1639 2340 70 101 U+6DF1 305 699 75 77 U+3093 1473 2283 113 120 U+9813 1152 821 97 108 U+3092 1314 2550 75 138 U+9001 1146 1790 89 122 U+308C 489 2330 108 109 U+6B63 1163 1210 82 94 U+83D3 975 1938 90 160 U+4E8B 839 1407 61 128 U+3066 1166 1648 48 121 U+89A7 500 563 102 168 U+306A 1490 1921 64 119 U+3092 504 1875 66 131 U+3082 1503 2369 38 98 U+5FC3 818 2088 95 71 U+5B50 998 2101 58 100 U+3084 1139 2026 96 108 U+3075 812 2395 99 98 U+52A0 1147 1462 95 100 U+6C5F 240 1516 96 73 U+83D3 310 2118 97 164 U+306D 1327 1024 72 108 U+305F 1011 1706 40 125 U+541B 515 942 65 110 U+3042 665 1461 77 132 U+5DDD 312 787 62 72 U+4E00 512 465 86 29 U+3078 1166 1571 72 51 U+53EA 654 1218 103 107 U+308B 1662 1930 39 99 U+7E54 240 1403 95 103 U+308B 1008 1828 36 89 U+306C 1007 439 81 85 U+3066 1329 1157 49 124 U+601D 814 2279 90 114 U+5B9C 493 1201 92 119 U+306B 1679 467 44 79 U+3092 1162 1321 64 141 U+3075 477 2608 105 106 U+307E 1510 1605 38 123 U+306A 671 2416 52 110 U+306F 1153 2526 66 47 U+306B 856 2191 37 65 U+306E 983 2222 73 106 U+304B 1346 897 38 125 U+3089 1026 1067 32 128 U+3055 1028 600 41 107 U+308A 1161 2684 47 142 U+308B 1673 907 33 92 U+5B50 333 2311 65 98 U+308C 822 1909 102 109 U+306F 504 2268 61 56 U+5B50 1651 2212 63 93 U+307E 688 1626 35 135 U+308B 1178 2135 33 86 U+308C 651 2529 111 118 U+308A 1486 1292 75 158 U+307E 523 2131 34 119 U+3068 1174 2406 27 104 U+3044 1645 692 90 87 U+306C 1317 1663 76 90 U+304F 520 1395 37 112 U+3078 1158 594 94 39 U+3075 651 2165 91 123 U+305B 1333 2097 53 129 U+53F8 325 1982 70 115 U+3044 496 2519 70 84 U+3055 862 859 35 102 U+308B 265 2385 45 104 U+306A 1002 815 82 100 U+3051 840 1818 56 87 U+3089 1361 595 22 111 U+308B 853 1291 35 91 U+304C 1022 969 68 94 U+4E09 661 452 99 113 U+308A 1190 1912 29 96 U+304B 1187 453 47 124 U+3057 697 1764 23 140 U+304C 687 952 81 103 seg_fp 1648 1366 84 84 U+3057 1682 997 21 145 U+3068 526 2415 36 94 U+3070 658 2655 81 154 seg_fp 1030 527 43 62 U+610F 1485 2672 67 144 U+308A 1027 709 31 103 U+304B 1672 573 37 116 U+3057 1358 2221 20 156 U+3057 721 806 13 152 U+3082 700 547 42 83 U+3057 1371 1749 19 145 U+3089 715 1577 22 91 U+3068 868 1201 28 82 seg_fp 1654 1266 33 106 U+3057 1532 2038 20 121 U+305F 697 1050 38 98 U+3057 273 2063 19 319 U+3078 843 976 76 62 U+3066 1484 2169 57 112 U+309D 1519 1729 23 56 U+3057 562 1316 13 183 seg_fp 861 1541 25 86 seg_fp 1028 911 36 67,200021644_00005_2
U+3093 1328 2226 106 109 U+5E2D 359 676 77 136 U+3059 689 630 82 110 U+306B 1500 1934 83 64 U+3042 683 2710 76 90 U+306E 372 829 61 69 U+306E 1016 1713 65 64 U+306E 202 2176 60 64 U+5165 998 2355 106 73 U+6C5F 1666 443 88 95 U+3092 851 1753 70 66 U+306E 692 2630 59 67 U+306E 533 874 62 55 U+6D41 1666 679 87 100 U+4EBA 1494 1835 99 96 U+58F2 1497 1487 91 137 U+3082 1023 2006 44 89 U+5165 182 2310 106 80 U+6238 1664 553 72 113 U+5206 1163 1158 115 97 U+539F 1498 864 89 103 U+306A 528 2049 59 114 U+3082 533 1462 49 86 U+5225 683 1229 80 111 U+884C 1660 795 89 96 U+5916 352 1273 104 103 U+3082 537 1878 40 89 U+898B 1503 2013 90 102 U+9957 186 1893 101 140 U+5546 1503 1362 87 119 U+3072 850 2051 78 81 U+3082 206 1537 48 84 U+5BB6 849 1180 77 111 U+91CF 1178 1265 63 118 U+88FD 1335 1991 85 133 U+66F8 1499 658 84 123 U+3082 211 1798 45 86 U+5B50 1675 1042 62 90 U+51E6 845 959 85 124 U+7D20 1343 551 68 133 U+306E 859 1104 56 60 U+306E 529 1970 59 65 U+306E 1347 800 52 65 U+305A 1506 2707 85 104 U+7230 1186 550 68 132 U+8336 363 540 81 123 U+597D 1333 1208 83 81 U+8CB7 357 1551 85 128 U+6A4B 1656 1394 88 106 U+4EA6 843 2562 76 82 U+6B64 1504 566 89 77 U+306F 1511 2420 65 40 U+51E1 1659 1518 86 88 U+7528 1012 2434 64 87 U+53EF 828 2650 92 99 U+88FD 194 539 87 134 U+3092 1337 1125 73 65 U+83D3 1669 904 70 123 U+4F55 842 858 85 90 U+306F 201 1009 61 42 U+3032 1042 1538 58 165 U+306A 1184 2405 72 90 U+4F8B 1649 1635 90 109 U+6170 835 552 104 130 U+6765 1507 983 76 116 U+3082 858 2473 45 75 U+904E 1179 2097 79 91 U+5FDC 196 2036 81 122 U+8A71 1656 1156 86 108 U+898B 843 1837 93 97 U+62F5 675 2131 100 104 U+6597 860 1932 51 120 U+308C 676 1561 97 90 U+83D3 1505 1119 77 131 U+83D3 1023 542 71 131 U+3066 854 2139 52 68 U+304D 1349 2702 56 108 U+3042 1505 2475 72 105 U+304F 221 1695 27 98 U+304B 692 555 82 74 U+306B 1181 695 78 80 U+8239 1649 1285 96 87 U+3068 199 1455 60 63 U+306B 1338 1901 75 62 U+3059 1502 2123 80 95 U+306B 1521 2317 37 88 U+624B 198 1164 56 98 U+306E 856 1679 58 58 U+541B 1337 1641 70 92 U+591A 1012 2111 67 125 U+934B 684 919 92 115 U+4E0D 1182 2202 77 89 U+306B 704 2347 36 70 U+6210 1177 1735 84 107 U+5B50 532 762 63 89 U+83D3 1340 883 68 125 U+306F 1514 807 69 36 U+53CA 1170 2301 102 105 U+53E3 364 932 65 61 U+54C1 347 2120 93 97 U+306F 362 1222 69 36 U+305B 1175 986 71 91 U+306F 202 1399 65 44 U+6765 520 1649 74 130 U+306B 380 1126 40 71 U+308B 553 555 37 79 U+3092 1177 1397 83 107 U+6C42 358 1675 94 107 U+5B50 1516 1264 59 82 U+4EBA 1324 695 98 98 U+4EBA 343 2519 101 81 U+5176 201 1050 49 110 U+3092 1021 799 81 98 U+306F 859 797 59 36 U+3079 1173 2646 88 55 U+304B 190 1636 85 69 U+305B 1341 2137 67 76 U+3079 517 1174 92 64 U+3059 1345 2432 63 108 U+306F 686 2436 69 38 U+805E 191 2590 85 106 U+539A 185 2383 85 124 U+713C 515 946 99 106 U+84CB 679 2480 90 136 U+5C11 685 1806 85 90 U+7389 535 656 81 89 U+3082 696 1717 47 78 U+5177 1016 1885 57 115 U+4EE5 1177 1514 80 69 U+304F 1029 2236 26 93 U+5728 849 1481 75 110 U+6170 1322 1752 97 120 U+7528 855 2222 61 92 U+9053 1008 1793 81 88 U+3059 1513 1639 57 104 U+8AF8 1324 1507 96 112 U+53D6 357 1010 98 94 U+81EA 367 2583 57 121 U+3082 867 1597 36 82 U+3066 546 1329 30 125 U+4E00 1017 450 83 18 U+3051 1342 1308 64 97 U+308C 998 2640 104 91 U+308B 1358 1402 34 81 U+308A 543 2161 33 102 U+305F 214 828 44 84 U+3059 1024 1048 61 116 U+306B 1031 1270 35 77 U+308B 1528 2218 36 74 U+306F 693 1425 60 35 U+4E00 1520 450 74 21 U+7389 1188 1845 49 105 U+3066 711 1103 30 117 U+5B50 1350 1023 55 86 U+3089 1523 2578 36 111 U+969B 185 1264 89 110 U+88FD 1011 895 90 134 U+3042 692 1477 63 84 U+306B 707 1336 34 73 U+308B 542 1798 34 70 U+5B50 1028 693 62 89 U+306A 533 1062 53 106 U+308A 379 1457 34 95 U+4E00 365 446 82 20 U+3066 203 2742 60 72 U+3075 838 2316 72 89 U+306F 1016 1364 64 36 U+3066 1198 1609 31 109 U+4E3B 369 2416 53 98 U+3057 1184 783 71 109 U+308B 218 916 31 81 U+3069 1028 2731 56 78 U+3082 858 1387 48 84 U+4E5F 842 2744 87 58 U+308B 378 2020 36 81 U+306A 1011 2544 60 95 U+51FA 526 1565 72 77 U+305F 375 1918 44 104 U+3089 373 2702 55 107 U+308B 1359 2541 36 82 U+308B 1036 1159 36 92 U+3065 691 2008 79 66 U+307E 1010 1500 71 83 U+306B 871 1311 27 79 U+308B 1523 1744 36 82 U+3088 386 1384 27 76 U+308A 375 2310 33 110 U+304F 220 2506 24 80 U+4E00 191 2263 82 20 U+3066 698 747 58 77 U+308B 1198 1071 33 72 U+308B 1200 2568 34 71 U+306B 874 702 29 77 U+3068 1362 2315 28 96 U+308B 864 2401 36 59 U+3069 711 1636 50 84 U+308B 1201 892 34 98 U+308B 707 2251 34 75 U+306F 1184 1954 54 67 U+3068 1365 2636 23 72 U+3088 382 2221 25 87 U+306B 547 1241 30 89 U+3055 1029 1417 42 78 U+3057 1204 2681 15 129 U+3068 716 1019 24 81 U+3057 233 677 13 128 U+3089 715 828 28 93 U+3057 718 1884 14 129 U+304B 1205 2510 28 58 U+309E 1208 2023 49 54 U+3048 234 2690 40 43 U+3081 365 1789 72 126 U+309D 716 2077 20 45,200021644_00008_2
U+5408 342 965 104 109 U+5C0F 1642 694 83 71 U+767D 360 1292 65 102 U+6642 507 736 90 84 U+306E 844 1548 67 67 U+3092 1321 1849 75 70 U+3092 518 1038 69 64 U+53C8 984 1016 101 97 U+306A 846 1883 67 121 U+306A 1330 1365 64 117 U+4E94 1480 656 82 74 U+3092 998 1229 71 65 U+56DB 1477 559 90 65 U+306E 203 2465 60 54 U+306E 679 1125 57 62 U+306B 511 833 75 59 U+7F6E 1646 556 74 112 U+672C 525 2549 73 106 U+3092 1493 1484 73 66 U+306E 684 1862 58 78 U+4E03 1142 807 94 63 U+56F3 506 1420 96 106 U+306E 851 2237 63 59 U+6728 354 1638 74 103 U+5730 341 879 91 77 U+76EE 204 2533 60 91 U+7D14 656 890 105 108 U+53C8 1149 694 100 100 U+306B 678 2387 81 79 U+304A 995 1309 83 74 U+7269 1318 971 82 96 U+7AF9 510 2268 88 101 U+306E 526 1537 61 65 U+3072 192 816 74 79 U+5176 1330 1601 53 126 U+306B 669 1435 81 67 U+6597 357 2064 63 120 U+5207 352 2547 88 72 U+6D6E 1316 1237 85 110 U+7802 668 1207 87 90 U+6CE1 669 1760 96 98 U+3092 995 677 82 101 U+76EE 523 1816 61 91 U+7F6E 1490 2118 77 115 U+4E8C 352 1908 82 53 U+7ACB 1493 1018 72 98 U+308D 1000 1391 69 86 U+304A 1489 1572 76 61 U+7528 1653 1148 63 88 U+3070 676 818 94 50 U+306E 1483 2715 86 109 U+304A 513 1114 78 78 U+6CE1 1317 1736 94 97 U+67C4 1639 801 92 93 U+7BED 500 1919 98 135 U+7C8B 663 1000 94 117 U+934B 503 917 91 113 U+6BCE 1645 1877 94 102 U+5EA6 1482 750 75 114 U+5CA1 354 1526 77 98 U+307E 1165 1487 55 110 U+7ACB 1665 1766 61 102 U+6210 671 1519 86 97 U+6CE1 831 1140 96 99 U+306F 1000 1768 69 44 U+308D 515 1194 72 82 U+5C3A 347 1978 92 98 U+771F 355 1405 73 120 U+934B 1483 1364 91 111 U+6C41 839 1758 75 115 U+6C34 1003 551 67 112 U+308A 212 1632 32 98 U+6C34 1650 2460 84 91 U+4E8C 514 2478 80 55 U+7DBF 347 1760 86 132 U+7D5E 180 1526 104 106 U+7802 834 1316 92 92 U+767D 1498 2359 71 105 U+934B 988 1113 91 100 U+7DB2 1311 1941 93 104 U+60AA 841 1634 80 108 U+7CD6 820 1423 100 111 U+3066 695 1632 34 112 U+716E 1160 2116 88 142 U+6CE1 1490 2595 91 98 U+3051 1167 1128 68 98 U+6CE1 1000 2363 95 101 U+5982 500 1617 95 81 U+7ACB 1183 2258 64 101 U+7CD6 657 1307 101 107 U+6D17 180 689 98 109 U+3059 851 2727 57 93 U+306A 1328 765 56 104 U+3072 1019 2728 82 94 U+307E 199 2038 55 106 U+306B 1166 2744 83 72 U+7DB2 990 1822 92 107 U+308D 1491 1645 69 76 U+304B 185 1262 84 82 U+4E0A 1321 1081 75 79 U+63BB 1146 1381 110 102 U+53F3 197 2366 80 88 U+610F 1642 1252 80 108 U+304F 1516 2007 28 101 U+66AB 1486 1880 87 119 U+716E 1640 1640 95 113 U+7BE0 507 2125 91 126 U+3066 1509 1224 30 122 U+53F3 842 2118 81 96 U+53D6 1331 2714 73 109 U+6B64 829 1052 91 76 U+6FE1 184 1738 94 116 U+6753 1645 921 78 102 U+6C72 1005 2595 88 98 U+3066 372 736 30 119 U+306B 1657 2000 78 76 U+3092 519 2374 79 96 U+3084 669 2216 86 78 U+306A 1170 1808 74 108 U+716E 1472 883 94 122 U+6753 1317 2061 83 91 U+3093 353 2393 101 81 U+304C 862 1247 49 59 U+304D 363 1165 53 112 U+901A 828 2327 109 104 U+3066 1184 1245 33 118 U+308C 671 698 73 108 U+3066 1181 556 35 120 U+306B 187 2198 81 62 U+304F 538 1707 27 92 U+3092 1651 1036 74 99 U+306A 682 2465 73 102 U+3046 1342 645 26 116 U+3088 376 1083 29 81 U+3092 1662 2566 70 79 U+5EA6 842 2529 79 117 U+3084 1313 562 85 83 U+6753 990 1934 85 95 U+7BED 179 2635 94 135 U+51FA 194 900 73 87 U+304D 1505 2465 49 106 U+305B 1486 1129 71 94 U+3072 1331 2603 75 98 U+3046 698 2293 29 105 U+306B 378 2462 32 68 U+3066 206 1123 32 129 U+5B50 1334 2173 66 96 U+3066 199 2270 55 81 U+3075 345 2190 82 98 U+306A 841 828 69 104 U+3092 1010 2473 74 93 U+3066 1668 1515 34 111 U+308A 1346 1482 30 106 U+3078 529 2070 64 44 U+51FA 685 1958 80 90 U+3057 1193 1647 18 147 U+308B 695 2739 39 86 U+3066 1331 2381 59 82 U+3078 1339 1192 61 35 U+3057 514 2702 87 129 U+304F 375 2722 33 102 U+3066 1017 1647 32 107 U+305F 213 1853 39 95 U+5B50 1012 2045 61 84 U+3089 1196 2017 27 86 U+3066 1024 2235 29 126 U+6C72 1325 2486 87 111 U+305F 1193 2378 37 102 U+308A 863 2003 31 104 U+304D 372 2291 48 96 U+308A 874 2443 26 63 U+308B 214 1950 34 81 U+30C5 1664 2327 73 70 U+3057 1524 1718 16 155 U+3055 537 2675 40 71 U+304C 1185 1921 64 100 U+3057 550 1276 15 133 U+305F 695 2651 48 87 U+3068 1515 2252 35 77 U+3073 1174 2491 85 93 U+308B 698 2136 35 64 U+306B 1025 2151 27 85 U+306F 1168 1601 64 54 U+8F2A 1150 886 92 106 U+3056 693 2065 81 74 U+3068 863 637 29 96 U+304F 214 1420 28 90 U+308B 1342 868 35 86 U+3057 1027 1476 17 153 U+3055 1014 791 43 83 U+3057 1681 1362 13 126 U+308A 861 927 32 105 U+305F 213 1337 42 85 U+3057 1027 873 18 125 U+308A 704 2565 30 92 U+3078 214 2789 66 45 U+5C11 1658 2085 72 104 U+308B 861 738 31 69 U+3057 219 988 18 130 U+3088 382 2631 30 91 U+306B 1352 2291 24 84 U+3057 1685 2173 16 158 U+304B 1183 1058 30 72 U+3055 1675 2652 40 86 U+3057 1653 2669 90 154 U+3078 1179 997 61 47 U+309D 1690 2395 19 49 U+3005 876 2651 18 58 U+309D 224 2146 19 33,200021644_00012_1
U+5408 797 1299 105 100 U+4E8C 1450 1533 94 58 U+767D 975 933 74 91 U+5206 1466 2202 74 112 U+7D30 1454 686 94 111 U+767D 971 2122 78 94 U+672B 1461 799 72 109 U+5408 794 2711 107 102 U+65B9 1286 1296 95 106 U+306E 175 1694 58 54 U+7F6E 1455 2425 77 128 U+3092 165 2097 69 62 U+6C34 645 1745 65 113 U+5272 811 1182 78 105 U+5165 640 778 100 71 U+767D 1136 1180 75 91 U+80FD 1615 572 90 99 U+3092 324 928 79 67 U+4E8B 1296 2336 76 161 U+25CB 980 461 77 78 U+5E72 158 1486 83 90 U+6C34 333 797 68 116 U+306B 174 739 75 79 U+306E 1291 938 82 82 U+5165 1277 1960 103 77 U+3082 503 1503 47 85 U+5EA6 325 2295 76 134 U+4E4B 1123 1535 111 80 U+4E8B 341 2157 51 122 U+5C11 819 690 78 96 U+6C34 803 2375 94 91 U+516B 961 1283 102 57 U+6642 161 1383 90 87 U+7BE9 1623 2207 78 132 U+306A 333 1591 65 97 U+7C73 959 1045 102 104 U+5BC4 1297 1500 86 123 U+4E09 1461 1612 75 79 U+304D 176 2470 46 97 U+6975 1457 566 91 105 U+7C73 956 2244 105 98 U+5408 952 2526 110 92 U+306E 825 1092 56 65 U+306A 1461 2572 66 116 U+3092 803 1770 78 80 U+4E8C 802 2486 88 56 U+539A 150 2356 84 109 U+4E0A 956 1883 106 87 U+53F3 815 984 77 103 U+5176 340 560 55 117 U+7F6E 644 1163 70 113 U+306A 330 2510 63 100 U+3066 811 2283 63 71 U+6BB5 1453 1711 91 102 U+306F 493 1929 62 40 U+306B 1294 1415 81 79 U+7D19 153 2586 92 112 U+5347 801 2549 80 105 U+306B 1460 1823 79 65 U+7C89 1112 1403 125 107 U+5C24 1298 560 91 105 U+7C89 479 1992 96 108 U+7D30 639 2313 92 103 U+7F6E 487 1609 71 112 U+5C11 1622 938 75 96 U+3042 1453 1022 79 95 U+306A 1299 2509 67 104 U+7C00 165 1942 67 138 U+304F 195 993 27 104 U+5408 953 1365 107 84 U+3092 489 938 73 69 U+7BB1 1626 2086 71 112 U+3066 664 1602 31 122 U+25CB 1130 808 95 95 U+65E5 656 947 50 72 U+307B 658 564 73 93 U+591A 819 555 69 126 U+4E0B 493 2172 63 87 U+304B 323 1802 84 77 U+3042 1287 2157 75 97 U+25CB 968 1643 80 78 U+663C 495 1242 62 115 U+677F 158 1590 86 91 U+3072 815 2186 70 85 U+6BB5 167 567 86 98 U+3066 1641 1632 33 120 U+53BB 494 1039 63 100 U+308D 1630 1839 62 89 U+4E0A 331 692 72 88 U+4E0A 166 1775 82 94 U+4E94 810 2646 74 69 U+6368 315 1365 108 118 U+6D78 637 1042 92 117 U+7C73 803 1641 76 107 U+83D3 1301 686 74 121 U+7CB3 951 1998 121 106 U+4E0A 966 692 102 84 U+3075 1614 2538 82 106 U+3082 831 881 43 81 U+4E8C 961 2466 87 44 U+81FC 640 1418 80 78 U+4E8C 648 863 78 60 U+65B9 1122 1777 91 94 U+7528 1294 2043 66 90 U+7CDF 476 802 94 114 U+3092 162 2710 77 109 U+6210 171 1117 77 97 U+3066 829 1512 32 113 U+4E7E 1612 695 96 95 U+77F3 641 1295 77 110 U+3066 1458 2330 63 76 U+308A 1313 2614 34 101 U+5BD2 1119 924 116 117 U+7814 1614 1422 84 102 U+3066 1315 1633 36 114 U+308C 329 2610 66 113 U+304A 1621 1769 78 67 U+633D 628 1870 99 108 U+7A2E 1281 1756 96 111 U+306A 487 2617 53 92 U+3070 337 2737 59 75 U+9905 956 803 108 108 U+5B50 1302 823 72 87 U+6240 1456 1310 85 91 U+304D 642 2484 80 88 U+6F09 481 562 98 106 U+6975 952 1755 110 102 U+88FD 1120 1632 105 129 U+88FD 1296 1039 83 126 U+3066 1630 2435 58 80 U+591C 484 1380 87 115 U+308A 349 1689 31 91 U+6975 958 562 114 102 U+85AC 1622 1290 73 114 U+6D17 799 2072 85 112 U+307C 330 1105 80 87 U+3059 335 1981 58 91 U+306B 482 2275 85 74 U+308A 1476 2686 38 120 U+3075 1449 1905 87 107 U+306B 1644 1538 32 93 U+3080 483 2521 77 81 U+304F 351 1873 28 95 U+7389 1132 1296 83 88 U+306F 493 2115 61 35 U+3066 657 2753 68 64 U+3066 506 689 33 108 U+3072 1465 2101 70 93 U+3057 357 1201 15 145 U+6652 1129 1070 99 83 U+4E26 165 2180 66 108 U+3065 1628 1171 78 59 U+7BE9 639 2577 98 122 U+3057 1655 1924 18 146 U+304D 1471 1184 50 105 U+305F 188 1216 45 90 U+308A 503 2705 33 98 U+3072 642 2087 79 101 U+304D 484 1829 80 91 U+308B 1312 2254 38 72 U+3057 1650 798 17 122 U+304D 660 2200 49 100 U+308B 350 1484 37 86 U+3057 1651 1022 15 140 U+308B 191 1305 34 69 U+3069 676 669 50 84 U+3068 1483 924 30 73 U+3078 190 1890 55 42 U+3068 839 793 24 90 U+305F 191 897 43 86 U+306B 666 1512 28 86 U+304A 484 2367 77 63 U+4E00 486 1183 85 20 U+304B 196 827 32 71 U+306B 830 1421 29 88 U+308B 347 2071 33 63 U+306B 1651 2353 25 81 U+3072 1627 2731 79 87 U+3079 180 2280 84 69 U+308B 1646 2642 33 81 U+3068 1480 1416 37 88 U+306B 661 1996 37 87 U+304F 827 1957 28 89 U+3088 827 1868 32 92 U+3057 1326 1179 20 112 U+3068 510 1733 28 89 U+3005 1319 1871 22 63 U+308B 1479 2007 37 90 U+3005 200 666 19 68 U+304B 663 2413 31 70 U+3005 353 2432 19 58 U+3069 511 2437 63 80 U+3089 1493 1109 22 89 U+3053 348 1023 37 74 U+309D 1646 1229 19 49 U+306B 687 2702 21 46,200021644_00013_1
U+5165 1310 777 110 88 U+306E 507 811 76 86 U+306B 350 575 78 84 U+4E38 506 565 95 92 U+3059 182 920 73 109 U+3092 1329 2497 79 64 U+306E 1658 774 63 66 U+306E 195 1749 55 58 U+5165 498 1293 99 85 U+306E 354 1040 63 57 U+6C34 1656 1290 62 115 U+6642 500 1638 87 94 U+716E 178 2491 80 145 U+6597 195 689 65 125 U+4E09 831 1899 88 75 U+5009 970 1040 129 120 U+7814 1486 1025 89 108 U+306B 1331 1220 72 71 U+6642 666 1941 90 86 U+306B 1322 686 77 70 U+4E2D 828 1766 91 112 U+53C8 1148 570 107 92 U+5C0F 831 1056 89 79 U+5C0F 993 927 94 87 U+304A 1493 1334 79 62 U+66AB 497 1514 86 110 U+7D30 1487 1642 92 116 U+7F6E 1328 862 69 119 U+9732 171 1832 90 147 U+8D64 347 675 84 100 U+3092 678 1033 73 63 U+65E5 1665 1984 51 72 U+6B64 506 2297 75 85 U+7A0B 1315 1316 87 109 U+4E0A 1328 1007 78 80 U+706B 1661 2485 66 97 U+304D 206 565 49 109 U+3092 507 1203 74 63 U+3092 1651 1201 70 65 U+306B 1653 2080 69 55 U+7802 1319 2250 100 104 U+5668 1327 564 77 108 U+716E 498 1736 85 133 U+80FD 1645 1639 83 100 U+8A00 821 806 102 106 U+767D 355 795 64 96 U+716E 667 1546 89 119 U+5185 508 2389 71 91 U+4E0A 1655 668 73 89 U+4EA4 1319 1625 105 112 U+25CB 843 463 81 82 U+306E 687 693 62 74 U+8D64 825 929 98 110 U+3066 346 2552 59 79 U+9921 1312 1105 91 104 U+88FD 1318 1744 84 136 U+6F09 1492 2429 89 98 U+9285 666 1122 88 99 U+8C46 357 901 58 120 U+5927 821 566 113 104 U+7802 172 1522 98 99 U+3086 334 1487 85 86 U+3066 201 1380 33 120 U+716E 666 2305 83 142 U+7C92 498 684 104 101 U+7802 669 795 95 86 U+76EE 847 2618 52 69 U+3059 1167 1461 81 101 U+3091 347 2021 72 90 U+76C6 815 2004 109 105 U+9732 341 1113 85 152 U+7CD6 666 902 89 113 U+306A 354 1747 57 109 U+85AC 1500 880 76 119 U+3066 1660 2390 52 81 U+3065 341 2732 85 90 U+934B 667 1225 89 110 U+7CD6 171 1628 96 111 U+3042 508 923 75 94 U+5510 807 1641 117 113 U+7BE9 1490 1921 89 132 U+308D 1498 1415 66 87 U+767E 831 2523 85 79 U+67D3 503 1882 89 103 U+7CD6 1319 2371 93 110 U+3057 181 2065 80 98 U+516B 826 2462 98 52 U+3070 196 2167 62 108 U+9ED2 1652 853 78 104 U+3066 1353 2709 35 121 U+7DB2 333 2130 90 103 U+7802 495 2615 99 99 U+88CF 1491 2290 82 122 U+6975 1650 557 88 96 U+706B 1167 672 77 106 U+306A 513 2088 63 115 U+9EBB 1643 1070 90 109 U+7D0D 829 688 95 102 U+4E7E 1642 2157 92 97 U+3066 1517 751 34 121 U+3066 1669 1503 27 125 U+7802 794 2132 128 98 U+80E1 1650 981 79 72 U+304D 1496 1830 80 88 U+5347 876 1314 59 97 U+7CD6 493 2720 94 111 U+517C 678 2041 69 129 U+3066 1514 2709 35 121 U+9921 965 1174 123 115 U+3064 183 2648 67 99 U+5B50 351 2356 66 87 U+306B 1162 781 80 75 U+306D 1160 1160 81 107 U+6753 337 2235 80 111 U+25CB 835 1537 82 82 U+6D17 1644 1754 84 122 U+3072 187 1107 70 88 U+3052 680 2513 77 106 U+8272 1665 2590 57 124 U+3042 347 2643 64 86 U+53F3 670 557 84 136 U+304F 1346 1507 28 103 U+308A 526 2201 34 103 U+3072 1660 1881 67 89 U+7ACB 676 1682 73 101 U+76F4 1167 1354 68 102 U+304F 202 2374 28 100 U+3086 345 1948 70 73 U+3065 513 1011 88 78 U+7F6E 672 2619 75 102 U+3066 689 1422 40 117 U+3051 1505 647 66 109 U+3051 1168 938 68 101 U+3066 1518 2150 29 125 U+51FA 353 1261 74 91 U+3066 1187 1035 27 105 U+3066 367 1369 31 103 U+308B 1351 2138 38 90 U+3066 523 1379 36 119 U+3042 176 1213 69 80 U+8C46 820 1154 101 96 U+3066 1504 1231 51 83 U+3057 1357 1881 17 140 U+308B 693 1867 34 64 U+3042 668 2460 74 77 U+308A 213 819 28 92 U+25CB 995 803 105 105 U+3092 183 1981 80 83 U+305F 1348 2032 46 101 U+3052 188 1294 91 90 U+304D 524 1082 45 101 U+7CD6 811 2247 120 105 U+3088 1348 1425 32 81 U+308B 369 1572 35 84 U+305F 688 2720 46 66 U+306B 1516 2539 30 77 U+306B 678 1337 72 70 U+3066 696 2171 28 124 U+306E 887 1414 44 50 U+306B 522 2500 32 99 U+306B 1518 1140 28 88 U+306B 1678 2719 29 106 U+305F 696 1785 35 83 U+304F 192 1029 46 72 U+306B 1669 1419 27 84 U+308A 1191 1261 31 88 U+3081 192 2746 59 78 U+52A0 1325 2582 87 89 U+91CF 812 1367 46 101 U+3089 207 2276 29 101 U+308B 363 1854 35 78 U+5206 818 1276 49 74 U+308B 690 2789 37 45 U+304F 370 1653 24 84 U+308B 528 2006 37 75 U+306B 362 2459 30 70 U+4E00 1656 445 87 21 U+306B 1518 2061 28 90 U+3057 1686 2263 16 130 U+3057 1529 1501 12 131 U+304B 1526 564 25 77 U+304B 1519 1759 28 71 U+304B 1191 867 23 66 U+3057 1531 2612 14 97 U+4E00 875 1280 59 16 U+3078 1359 2659 46 47,200021644_00016_2
U+9060 360 1628 71 123 U+3092 360 1541 78 62 U+5165 1656 2111 93 79 U+306E 207 559 66 67 U+5C0F 519 1029 87 79 U+306E 1506 1046 80 90 U+767D 1342 1287 69 93 U+767D 1517 557 76 101 U+516B 511 549 117 68 U+5FC3 846 1845 91 90 U+5206 1337 2699 72 112 U+5165 191 1244 94 71 U+306B 1665 2431 80 71 U+9060 1666 2186 69 116 U+8D64 513 898 90 113 U+91CD 513 645 92 116 U+5F97 844 1951 86 92 U+5165 1167 1126 104 86 U+3086 1504 2012 73 85 U+25CB 528 449 78 78 U+306E 1346 1200 63 61 U+89D2 1514 788 68 116 U+7D05 1331 674 86 114 U+53F3 1340 1083 75 98 U+306E 1345 1523 59 73 U+306A 1016 2117 65 116 U+3042 853 1217 75 71 U+516B 354 2520 83 53 U+3092 1185 1036 75 67 U+4F59 182 2274 103 113 U+5165 1492 1837 101 74 U+7CD6 1659 1590 87 108 U+6F09 192 669 90 106 U+53C8 1335 562 94 104 U+5347 518 1349 79 101 U+25CB 523 1637 80 76 U+7C89 1502 1282 93 106 U+25CB 685 798 93 94 U+306A 1179 2210 72 109 U+5FFD 1014 1234 86 111 U+306A 204 1572 63 110 U+5165 1172 2623 87 71 U+3066 1337 2604 57 75 U+706B 1666 2319 74 90 U+3066 1184 1216 58 73 U+5927 1510 683 84 94 U+3066 854 2054 58 75 U+308C 850 1545 71 107 U+91CF 1178 554 79 132 U+3092 1670 1716 66 58 U+306B 353 1878 79 74 U+306A 201 1922 65 123 U+3066 1015 1667 65 82 U+7802 1663 1490 84 89 U+7C89 188 803 91 103 U+706B 1021 741 72 90 U+308C 1014 1081 91 89 U+5C24 1005 2413 86 90 U+4E09 507 1885 101 72 U+706B 1182 1313 71 84 U+6F09 1509 1162 83 99 U+5510 499 1748 112 115 U+6210 515 781 98 114 U+308D 1340 1906 65 88 U+8272 1022 1765 64 106 U+3058 1698 1347 35 127 U+306B 1666 2028 73 62 U+3051 1670 2601 64 97 U+91CD 355 2582 66 105 U+6210 676 1157 101 106 U+306F 1344 1025 64 42 U+716E 357 2252 74 140 U+706B 359 1772 69 91 U+9921 1322 797 97 104 U+8A70 353 2407 80 103 U+53BB 201 1803 62 104 U+516B 677 923 117 73 U+6210 351 2702 81 103 U+53F3 366 552 78 109 U+7D05 1169 2428 90 101 U+305A 1179 1678 90 94 U+3066 1510 1918 54 74 U+7CD6 352 1405 93 112 U+9921 1326 1401 89 102 U+5C11 1512 1514 79 93 U+934B 1326 1623 93 109 U+76EE 528 2691 51 67 U+88FD 844 2144 85 139 U+3066 362 2160 55 75 U+9285 1663 1797 76 87 U+3092 1183 2534 69 69 U+308A 218 1679 33 107 U+306B 1182 1417 70 61 U+66AB 1327 2242 89 102 U+53F3 1676 551 74 94 U+3070 1024 1171 74 54 U+88FD 361 678 76 131 U+7802 347 1302 94 93 U+714E 1665 1231 79 111 U+306B 1492 2332 89 64 U+306D 1178 1999 75 103 U+304F 1359 2361 27 98 U+8C46 1519 919 57 115 U+77E5 841 1449 92 97 U+3051 866 635 68 106 U+5EA6 1006 2520 81 123 U+7F6E 363 957 68 116 U+8C46 507 1135 100 90 U+4E45 194 2471 71 92 U+7149 189 1450 93 103 U+5341 508 2625 90 59 U+306B 1020 846 79 59 U+7D05 1175 914 92 107 U+3092 1338 1750 73 69 U+3061 1024 1362 61 100 U+306B 1358 916 34 80 U+3092 1507 1398 78 96 U+7149 1494 2407 88 98 U+934B 1662 1905 84 106 U+3066 1193 825 51 68 U+3066 1202 1873 30 116 U+3066 1341 2150 56 75 U+9ED2 1012 1885 75 111 U+304F 1036 2007 25 89 U+4E94 507 2561 89 64 U+7389 855 2440 54 82 U+3051 364 2059 64 114 U+7F6E 1664 926 75 111 U+3066 1195 2704 31 108 U+9921 668 1281 102 105 U+3052 1021 1573 70 93 U+308A 1197 2317 36 101 U+91CD 675 1026 97 112 U+3051 1184 1574 64 87 U+624B 1014 2715 57 101 U+3053 1036 1486 40 66 U+3066 219 1326 31 109 U+7802 503 2113 100 99 U+3092 199 921 75 95 U+3070 860 921 79 55 U+8FFD 186 1030 96 109 U+304A 1337 1840 73 62 U+7CD6 505 2235 108 101 U+3051 1030 989 60 74 U+76C6 503 1986 110 108 U+3084 1501 2183 72 81 U+308C 848 842 81 90 U+88FD 1673 663 75 124 U+308B 378 1183 36 94 U+304F 213 2703 28 94 U+3057 880 2289 15 136 U+3089 223 2165 27 102 U+308B 1686 1141 34 79 U+4E5F 1012 2331 73 68 U+308B 1030 2234 38 92 U+305F 372 1077 44 108 U+3089 1035 633 42 107 U+3081 1500 2577 69 84 U+305F 1686 1040 35 97 U+304B 373 1952 41 111 U+304B 1683 2506 37 105 U+3078 849 2526 71 65 U+3057 882 1292 15 149 U+3064 1507 2517 62 60 U+3057 1699 789 16 121 U+767E 510 2477 87 70 U+3057 1540 1592 13 136 U+4E00 518 1301 80 16 U+3057 881 1070 22 127 U+3088 874 991 38 79 U+3057 1362 2471 18 124 U+3057 394 813 15 127 U+304B 1051 556 27 79 U+3066 1675 2711 38 105 U+304B 1527 2273 29 60 U+3055 876 760 40 79 U+516D 520 2414 75 53 U+308B 1201 2107 36 77 U+304C 215 2048 57 122 U+308B 1525 2101 30 75 U+3057 223 2573 17 123 U+304B 1045 921 25 65 U+30C5 1523 1726 62 55 U+3057 846 1708 72 122 U+308A 219 2382 30 83 U+304C 885 554 61 76 U+304B 1201 1505 27 66 U+3057 1208 701 19 118 U+308B 1522 2658 32 51 U+3057 1213 1767 16 103 U+3005 229 1160 16 59 U+304B 875 1669 29 48 U+3057 1349 2011 33 146 U+309D 1539 1782 18 31 U+3005 1039 2648 16 47 U+305F 876 1712 30 68 seg_fp 1881 2249 57 98,200021644_00017_2
U+767D 152 552 81 97 U+5009 955 2462 101 110 U+3092 1611 1622 77 64 U+306A 1451 564 70 124 U+5165 624 665 101 78 U+306B 1613 581 79 71 U+767D 805 2008 66 96 U+5EFF 800 553 74 97 U+5C11 1457 2595 71 113 U+53F3 966 551 77 101 U+306E 976 2246 59 64 U+4E09 141 1770 93 75 U+76C6 141 1864 97 109 U+5301 957 1722 84 94 U+7D30 794 1038 94 112 U+8349 279 905 114 145 U+5301 809 683 69 95 U+25CB 158 449 82 80 U+7F6E 1616 2078 75 121 U+9060 633 888 68 122 U+3092 639 567 75 67 U+308D 1610 1153 70 81 U+53C8 1441 809 90 100 U+671D 955 2346 91 101 U+96EA 784 1881 92 112 U+845B 1613 1466 73 139 U+5272 1607 1956 85 111 U+304F 661 2309 27 99 U+6642 1444 1622 89 86 U+7802 793 2131 89 94 U+306B 1612 1387 82 71 U+5C71 963 2607 78 88 U+3066 476 819 61 77 U+3092 1455 2501 69 67 U+706B 631 1024 78 100 U+672B 803 1152 72 108 U+767E 152 1112 61 67 U+3079 1292 1634 78 54 U+80A5 947 1292 100 90 U+88FD 964 674 78 130 U+3059 1291 1514 76 102 U+80A5 1446 1029 91 84 U+76EE 814 2736 54 88 U+65B0 955 2119 91 117 U+88FD 1286 1370 80 138 U+304A 1606 1079 75 59 U+934B 1444 1872 91 108 U+7149 622 1524 92 106 U+5C71 1116 1202 86 91 U+6C34 1457 2363 67 126 U+6C42 306 1102 97 111 U+4E8C 794 2591 90 49 U+25CB 1113 789 95 96 U+25CB 299 791 100 100 U+76F4 630 1644 71 101 U+98F4 945 1403 95 99 U+76EE 164 1211 51 70 U+3066 641 2627 59 84 U+304F 1619 671 59 100 U+7A2E 1444 1123 86 116 U+7389 142 694 102 89 U+6912 953 2718 114 97 U+307E 487 552 50 117 U+4E94 959 1521 81 75 U+5510 138 1630 93 120 U+307B 959 1843 76 86 U+5510 788 1752 82 106 U+3066 1295 1285 56 73 U+6C37 1604 964 82 85 U+6975 1106 915 109 105 U+6C42 1450 903 85 113 U+3066 651 1394 31 111 U+6975 792 916 92 102 U+3055 649 2732 49 86 U+25CB 155 1515 82 82 U+3066 815 1614 36 114 U+3092 801 797 83 105 U+9577 633 2181 81 119 U+767E 798 2647 79 77 U+7149 1281 924 89 106 U+9905 1097 1423 112 108 U+767E 151 2410 72 62 U+3075 1610 2313 82 97 U+80A5 299 1289 110 90 U+6C42 959 1165 85 102 U+3066 1623 2220 54 77 U+3051 1460 2254 58 95 U+7BB1 633 1881 75 123 U+4E94 143 2490 80 56 U+7C89 132 806 124 102 U+3072 1623 2483 72 92 U+6912 1105 1307 118 96 U+76EE 163 2622 47 65 U+3066 1308 789 36 117 U+3051 638 1303 60 101 U+767E 949 1614 87 81 U+4E00 959 449 91 19 U+56DB 152 1037 73 44 U+3066 655 759 34 111 U+7CD6 794 2248 85 103 U+88FD 1102 1042 115 134 U+308B 1634 2740 39 79 U+308A 662 2513 30 105 U+5207 468 930 85 95 U+5C11 1615 1704 78 94 U+304B 1305 1048 34 59 U+516B 158 2349 76 44 U+308F 1468 2168 36 86 U+306F 1458 1723 57 36 U+307F 1630 856 29 86 U+3081 1459 1330 60 81 U+3051 1623 2648 67 98 U+306B 798 1286 69 78 U+3068 661 2427 27 91 U+714E 835 2374 62 90 U+305F 1469 1422 42 97 U+308B 977 1054 35 91 U+306B 961 2025 75 81 U+308A 1468 685 34 108 U+3055 1310 569 43 81 U+3078 1289 1129 71 35 U+5C0F 1450 1784 109 68 U+3057 1323 645 20 135 U+306A 805 1366 51 98 U+5F62 624 2018 88 91 U+3057 1641 1234 14 142 U+7802 132 1999 98 94 U+5341 142 2552 68 63 U+3057 1643 1783 16 159 U+306B 651 1143 32 77 U+308B 1633 771 33 81 U+3058 866 2466 27 109 U+305F 979 946 36 106 U+308B 1469 1521 39 87 U+53D6 1456 2055 68 93 U+3057 507 667 20 133 U+3057 1320 1679 15 167 U+3078 1473 1980 54 81 U+308B 492 1018 35 82 U+7CD6 131 2115 108 96 U+3055 1470 1253 39 75 U+305F 792 2378 30 59 U+3057 665 1750 12 123 U+3057 994 813 13 126 U+3069 987 1930 50 91 U+3005 1476 2730 22 78 U+3057 1313 1173 20 113 U+304B 1641 2586 23 62 U+308B 794 2438 25 40 U+304B 655 1238 26 64 U+3057 835 1466 19 134 U+308B 1641 2410 30 74 U+3082 792 2486 27 49 U+3078 663 2113 45 49 U+306E 787 2534 37 37,200021644_00019_1
U+306E 1509 1847 67 66 U+53F3 1509 1726 72 90 U+65B9 1333 1662 74 103 U+6975 1507 574 89 101 U+306A 371 573 60 133 U+5E03 518 1610 73 117 U+3092 1507 1632 76 66 U+3092 517 1739 76 62 U+7F6E 1504 2192 71 115 U+6642 345 2731 92 91 U+9152 1495 2484 86 104 U+76F4 209 575 73 97 U+306E 854 1912 64 70 U+9EA6 1181 2438 66 121 U+5C0F 1506 937 81 73 U+306A 196 2551 63 145 U+7C89 1497 1508 96 104 U+53C8 1011 1705 81 84 U+6210 358 1657 84 104 U+4F4D 676 2369 96 97 U+516B 1001 1803 97 68 U+306E 1180 2574 62 61 U+306A 361 1770 66 125 U+306A 197 1509 65 116 U+306B 849 2127 78 74 U+5E73 1172 1749 76 102 U+4E26 521 2366 73 106 U+306E 1499 822 86 89 U+5C0F 1171 2355 83 62 U+5409 1651 930 90 105 U+306E 860 968 57 61 U+307B 1176 1372 77 89 U+6597 853 2394 67 123 U+3061 366 1069 54 110 U+306E 192 935 81 92 U+306B 203 699 80 83 U+3086 1338 581 67 89 U+306B 523 1152 75 76 U+3092 1009 1499 74 67 U+5305 1013 1583 79 100 U+3082 1192 823 45 86 U+7F6E 683 2723 81 109 U+91CD 1008 1887 66 119 U+7C89 1012 573 96 104 U+3061 1344 1410 59 122 U+5FA1 1503 1262 83 111 U+9EA6 1513 1028 68 124 U+306E 1514 1174 66 57 U+7F6E 687 569 78 114 U+76AE 191 1041 84 123 U+4E0A 1512 702 74 90 U+306A 1186 929 63 126 U+3051 200 2179 67 91 U+3042 1019 934 70 73 U+6577 516 1819 84 137 U+84B8 352 2115 84 139 U+7A0B 1329 924 79 116 U+8584 1338 2432 79 120 U+3080 196 2089 73 84 U+5176 524 2047 53 154 U+76AE 1336 2255 71 112 U+9EBB 1001 2363 96 110 U+3042 349 2273 82 90 U+539A 1167 574 86 117 U+6696 674 2147 90 106 U+6210 1004 2021 85 97 U+7B2C 1341 1880 60 119 U+4E0B 855 2017 65 86 U+6B64 841 1656 85 82 U+3080 190 1295 77 87 U+7B49 1012 2609 66 117 U+80E1 1002 2258 86 86 U+91CE 1651 1061 92 98 U+7C00 848 802 74 148 U+88FD 1501 1929 81 117 U+982D 1654 1305 89 103 U+6B21 1334 1780 81 103 U+706B 853 2613 69 100 U+76F4 520 1036 79 97 U+5305 695 925 74 105 U+81B3 1496 1391 85 100 U+9921 993 2134 102 105 U+3092 1012 2749 70 75 U+3092 685 817 86 97 U+304F 1346 2562 45 83 U+7C00 845 1750 76 146 U+4E0A 200 807 77 100 U+5305 859 579 75 98 U+306F 357 1187 67 37 U+9921 673 701 96 101 U+4E0A 1012 1267 77 90 U+4E0A 517 2196 71 88 U+3082 1344 2731 44 95 U+4E00 1509 460 103 21 U+5F62 341 824 99 85 U+3066 1518 2716 33 119 U+306A 1173 1159 63 111 U+3064 1016 1033 64 65 U+9921 997 2494 96 101 U+4F55 347 1239 86 102 U+3066 692 2632 60 76 U+308A 213 1623 36 102 U+84B8 513 1240 81 146 U+3082 372 1541 43 93 U+306A 847 1426 69 106 U+3092 191 1175 84 100 U+9921 988 1380 100 109 U+7BED 509 1395 95 126 U+3066 1039 790 34 121 U+4E0A 839 1051 87 97 U+4E0B 692 1654 63 77 U+9945 1652 1179 108 105 U+306F 200 2029 60 39 U+3064 1336 1352 67 63 U+308A 370 2430 39 83 U+84B8 520 2708 84 133 U+7149 1325 1545 90 98 U+304F 1205 708 24 99 U+3078 541 1533 60 52 U+3044 686 1849 72 49 U+5C11 850 2208 77 92 U+308A 375 1893 34 107 U+304F 213 1392 30 94 U+9945 668 1362 108 116 U+3069 1199 1475 53 73 U+25CB 1660 808 88 86 U+3066 198 1932 56 78 U+308A 382 704 31 96 U+308A 873 2520 28 80 U+3092 849 2726 87 103 U+3081 201 1831 61 84 U+3066 524 1962 53 72 U+3067 1345 1232 75 91 U+3078 529 2307 65 46 U+6268 348 2011 110 95 U+306A 1181 2032 55 92 U+308C 531 684 70 113 U+308A 867 1531 29 92 U+3066 1358 2112 29 121 U+305D 543 581 47 101 U+308A 545 913 32 111 U+3066 1196 2224 32 107 U+3072 1020 1158 73 85 U+308C 357 1336 75 112 U+305F 370 2530 46 104 U+3081 1331 798 78 119 U+3055 209 1745 46 86 U+306B 1039 694 28 93 U+308A 1192 2726 35 95 U+308B 1194 1055 35 90 U+306F 1340 2370 61 45 U+305F 702 1146 41 99 U+3057 1534 2056 16 128 U+308B 704 2270 37 68 U+305F 1523 2310 38 90 U+982D 682 1489 79 94 U+308B 371 2638 36 78 U+308A 209 2696 43 126 U+3088 1199 1565 29 80 U+304B 381 926 35 63 U+308B 1524 2402 27 61 U+3081 1174 1866 65 79 U+306B 1176 1948 70 68 U+308B 863 1305 38 98 U+308B 702 1246 38 97 U+3088 549 818 32 98 U+304F 1195 1643 26 87 U+308B 213 2445 36 85 U+307F 875 699 27 85 U+3088 1357 1038 32 87 U+3068 1358 2644 23 89 U+306B 1521 2614 27 98 U+3068 1185 2654 47 71 U+306C 191 2355 72 92 U+304B 710 2076 26 55 U+307F 711 1046 27 95 U+3078 878 1159 52 46 U+3066 534 2578 36 128 U+304F 1357 1123 26 90 U+3068 873 1207 23 101 U+305F 371 990 41 80 U+3068 378 1457 25 85 U+308A 1194 1264 32 104 U+304C 379 2373 49 59 U+306B 1356 2024 26 88 U+308B 1351 698 36 88 U+3055 703 1914 40 79 U+306B 711 2475 23 73 U+3005 874 2303 22 75 U+3078 714 1575 52 61 U+304B 214 2285 29 70 U+309F 708 1735 39 97 U+3079 519 2495 97 56 U+304B 1029 1099 32 66 U+309D 712 1992 19 58 U+3057 717 2543 15 91 U+3057 1213 2119 23 102,200021644_00022_2
U+306E 1426 576 68 79 U+306E 137 1772 65 63 U+706B 133 575 71 104 U+65B9 1086 835 94 104 U+306E 1277 2369 65 60 U+306E 133 1451 70 63 U+306E 1598 1508 67 63 U+306E 459 1148 58 67 U+306A 1103 953 59 113 U+3058 1302 2685 39 148 U+53F3 1272 2256 78 99 U+4E2D 1594 1384 75 110 U+3092 127 697 75 74 U+5206 129 1192 78 112 U+304B 1255 573 87 84 U+5207 1586 1165 85 76 U+5FA1 599 818 105 107 U+7D05 1249 1114 93 111 U+5C0F 603 577 89 86 U+5C11 293 1733 80 91 U+25CB 607 470 84 81 U+25CB 774 468 80 77 U+767D 769 2014 75 90 U+7F8A 919 1105 103 121 U+540C 1276 2629 68 77 U+662F 1588 564 72 123 U+5C0F 280 1106 84 67 U+3092 1429 1761 76 66 U+3042 290 717 71 74 U+5165 283 2094 101 78 U+4F55 1259 1959 87 96 U+3082 1593 709 49 85 U+4E2D 455 2612 65 131 U+308D 132 861 65 81 U+9EA6 134 1628 76 147 U+5341 600 1324 85 74 U+516B 774 2459 93 53 U+7A2E 1580 1595 92 117 U+5272 442 1235 79 110 U+306A 1267 887 62 115 U+3082 1290 2169 42 77 U+91CF 127 1308 64 126 U+5C0F 767 715 90 80 U+3051 1272 676 63 102 U+5347 766 1121 84 103 U+7C89 281 1516 100 110 U+767E 772 2534 88 79 U+6C42 1582 815 87 100 U+767D 1269 1335 64 93 U+5C0F 125 1545 87 76 U+4E03 607 1253 75 62 U+7802 758 2128 96 95 U+4E45 592 1761 117 91 U+8A70 443 2261 88 99 U+306E 294 1309 62 70 U+3092 449 1476 74 69 U+6F09 1424 1976 95 113 U+308C 1275 2047 67 113 U+3082 143 2197 43 101 U+3092 291 1647 73 65 U+4EE5 444 1558 84 82 U+845B 130 1966 75 141 U+9921 1247 1445 94 100 U+76EE 625 1406 49 76 U+5176 462 2495 48 118 U+5408 434 1351 110 106 U+3066 131 1096 56 76 U+5EFF 606 2459 88 74 U+5CA1 137 2383 71 98 U+7FB9 924 1279 107 143 U+25CB 928 803 102 102 U+88CF 1422 1834 86 128 U+6F09 284 1407 89 98 U+53F3 448 1036 79 100 U+716E 445 2122 84 121 U+5510 757 1760 100 106 U+7802 441 1781 93 98 U+3092 1584 1045 82 103 U+306B 129 2306 76 68 U+88FD 1095 560 83 137 U+9921 1243 1223 101 102 U+304A 126 793 73 64 U+69D8 1408 684 93 105 U+96EA 764 1886 92 109 U+3092 449 2014 87 101 U+7CD6 440 1895 93 108 U+76EE 791 2634 54 73 U+9EA6 595 685 106 131 U+3052 289 812 80 87 U+84B8 921 922 106 127 U+8C46 294 1185 59 119 U+716E 278 570 84 134 U+901A 1250 2448 101 106 U+8D64 765 563 99 121 U+7C89 118 1853 106 106 U+305B 296 2749 69 81 U+53C8 1424 1452 89 94 U+591A 452 569 65 130 U+5C11 450 704 74 103 U+7C89 589 1063 113 101 U+308A 1281 999 31 97 U+308B 1280 787 40 74 U+25CB 611 1656 83 82 U+3066 1454 2269 27 115 U+3042 1262 1774 72 88 U+845B 604 2003 92 134 U+80A5 1579 942 98 82 U+5301 606 2618 97 78 U+25CB 774 1653 85 82 U+9921 1573 2141 97 99 U+306B 1442 800 30 72 U+8272 1272 1554 62 119 U+7149 288 2465 88 97 U+52A9 589 1897 108 85 U+9921 1577 2482 99 108 U+3066 472 1650 30 123 U+3066 1611 1897 30 131 U+308D 1434 2615 73 102 U+3066 473 2370 31 112 U+7CD6 759 2245 108 101 U+307C 1440 2508 74 94 U+9921 1410 1641 101 107 U+81B3 592 939 96 99 U+307E 142 2497 46 112 U+4E0A 1590 2028 80 98 U+308B 308 992 33 89 U+5176 1431 1171 50 122 U+3066 1611 1259 31 111 U+3066 1613 2343 28 121 U+308A 1118 1064 31 98 U+3066 312 2172 32 103 U+3057 160 947 17 141 U+304F 1425 893 66 82 U+3042 296 2588 67 78 U+4E0A 1424 1288 77 94 U+3057 323 1824 17 148 U+8C46 762 819 101 98 U+305F 308 902 38 90 U+305D 1448 2404 42 99 U+306B 1614 2253 28 90 U+306B 1611 1716 30 84 U+308A 1291 1857 31 93 U+306B 1452 2724 38 110 U+306F 305 2685 56 41 U+307F 1414 1075 86 90 U+304F 315 2366 26 90 U+4E00 1579 452 88 25 U+3068 152 2112 25 89 U+4E0A 1434 1536 69 96 U+3057 1131 701 16 127 U+3078 468 2764 61 60 U+3065 301 1972 76 59 U+308D 1594 2710 77 112 U+3066 140 2759 57 77 U+306B 1454 2097 29 74 U+308A 1301 2554 29 71 U+4E00 772 1047 75 16 U+3088 317 2279 30 88 U+308B 1444 981 35 88 U+3078 1457 1395 48 43 U+305C 140 2608 79 72 U+3082 453 904 61 115 U+3005 1290 1680 20 79 U+3068 472 809 24 87 U+3053 1620 2605 31 98 U+3057 1621 1800 19 97 U+3057 1467 2168 16 99 U+309D 325 2035 17 43 seg_fp 0 2720 38 89,200021644_00026_1
U+5165 1437 1294 105 82 U+5165 149 1574 95 74 U+4F59 1280 2017 103 115 U+4E8C 1607 1283 84 57 U+4F59 143 1451 105 106 U+767D 635 593 75 96 U+5207 1113 584 94 76 U+3092 1456 1766 79 73 U+6C34 161 1148 64 111 U+3086 1622 1866 66 72 U+5408 1433 968 106 116 U+767D 797 588 76 94 U+3065 1458 2100 81 67 U+767D 1611 925 69 97 U+3082 487 714 50 90 U+3070 1128 1580 80 57 U+306E 319 1200 66 62 U+76C6 792 1889 106 118 U+4E09 795 1794 93 74 U+5206 484 1535 75 115 U+6C34 1453 763 61 119 U+524D 1599 584 92 110 U+4E94 1445 895 78 74 U+306A 330 2127 59 117 U+89D2 320 938 66 122 U+5408 137 1337 112 98 U+89D2 329 2473 67 128 U+716E 157 1786 77 129 U+3092 482 2627 71 61 U+3092 1614 1478 76 67 U+672C 1618 1355 74 117 U+5510 796 1656 93 115 U+5165 312 1804 95 78 U+662F 478 595 73 108 U+524D 466 827 85 108 U+306F 338 2730 57 117 U+306B 471 955 75 64 U+25CB 959 820 97 96 U+89D2 1458 1504 69 129 U+7F6E 1620 2121 76 124 U+5982 465 1331 91 76 U+5510 481 2241 75 131 U+5929 325 2619 76 105 U+3066 1288 585 63 82 U+89D2 632 715 77 114 U+716E 1449 1860 84 138 U+3042 162 2427 71 78 U+7A0B 1287 2141 79 101 U+6F2C 1612 2005 89 116 U+25CB 633 483 80 86 U+934B 1441 582 87 116 U+6D41 1114 849 93 104 U+9921 1273 693 95 109 U+3092 322 1519 71 64 U+7C89 312 1398 91 101 U+7F6E 165 2181 67 115 U+5176 164 585 47 112 U+591C 1116 1159 87 118 U+7B2C 481 1874 62 127 U+89D2 803 819 72 108 U+6E9C 1115 681 88 99 U+6C34 1457 2494 86 98 U+5927 787 708 107 99 U+76EE 822 2549 54 78 U+307B 1453 1097 64 74 U+89D2 1611 1036 68 119 U+5929 1606 1170 82 102 U+5C24 321 2367 77 95 U+3057 1626 2260 74 94 U+5D29 161 1928 73 121 U+307E 1131 1387 48 99 U+6F09 1276 1072 98 105 U+91CF 483 1662 60 124 U+304B 1126 1649 79 78 U+76C6 479 2478 84 132 U+5927 312 843 82 90 U+7F8A 943 1137 99 112 U+305B 1121 1488 74 90 U+4E2D 1284 888 64 115 U+304B 1287 1473 78 71 U+6F09 310 1286 93 107 U+5929 1452 1645 86 112 U+3066 1460 2286 64 80 U+25CB 800 492 81 81 U+56A2 1452 2604 93 148 U+3059 476 1211 78 106 U+304F 502 1415 25 101 U+767E 808 2452 80 76 U+7149 933 934 128 126 U+306B 1462 2768 80 70 U+25CB 801 1546 82 84 U+6BDB 1461 2380 83 100 U+304D 1308 1545 46 101 U+3066 1311 2756 59 72 U+7149 157 2309 85 96 U+5929 628 850 97 87 U+672C 631 1231 96 81 U+716E 482 2713 84 132 U+76EE 814 1336 50 69 U+306C 1610 1560 81 89 U+3066 1314 1871 31 122 U+7802 787 2021 100 103 U+56DB 799 1172 75 50 U+3066 1473 1366 33 125 U+308A 344 2242 30 109 U+3069 1472 1193 46 77 U+3066 344 1879 32 121 seg_fp 1 2098 46 121 U+8A70 308 594 84 114 U+4E5D 816 2362 75 58 U+3057 476 1033 75 98 U+7149 313 2009 93 108 U+307E 1633 1734 42 118 U+767E 799 1239 77 79 U+4E8C 634 1178 74 38 U+307C 1630 2353 85 87 U+3088 1634 712 32 90 U+548C 1287 2254 88 97 U+3066 337 713 26 114 U+308A 186 2580 36 84 U+6B21 474 1791 76 93 U+8FBC 1282 1193 83 85 U+524D 161 819 64 118 U+307E 1301 1661 51 105 U+9285 1622 2710 91 126 U+534A 647 1322 62 85 seg_fp 4 2417 46 101 U+3089 1327 2345 31 98 U+306E 1298 809 50 81 U+4E09 490 2386 70 73 U+4EE5 139 725 90 91 U+308A 1627 801 36 112 U+3066 501 2104 35 120 seg_fp 0 2303 71 100 U+308A 166 1033 38 105 U+307E 1141 1806 52 122 U+304F 1479 2009 34 91 U+7CD6 783 2146 108 102 U+3078 1292 1013 63 44 U+7FB9 950 1306 101 136 U+306A 1140 2030 54 108 seg_fp 2 2626 78 94 U+3066 175 1658 39 116 U+3088 171 944 35 91 U+3066 1647 2539 32 143 U+3081 1307 2518 67 79 U+8C46 324 1074 62 114 U+304F 1307 1359 28 98 U+305C 1288 1769 78 98 U+8FFD 309 1602 93 103 U+516D 154 1270 76 70 U+8C46 792 953 89 95 U+3057 188 2035 16 128 U+3057 1148 953 19 136 U+3055 1138 1293 44 77 U+308B 190 2769 36 84 U+3078 1146 801 53 37 U+308B 1155 1945 40 87 U+305F 187 2670 40 94 U+308A 1157 2135 31 108 U+4E00 1121 1116 79 22 seg_fp 1 2514 70 91 U+308A 1649 2437 32 102 U+306B 1331 2608 26 73 U+308B 1642 1649 32 88 U+305F 1147 1722 42 85 seg_fp 12 2207 23 93 U+308B 497 1132 34 78 U+3088 1311 1283 29 76 U+306B 503 2011 28 92 U+30CB 1668 1950 22 35 seg_fp 29 2761 54 54 U+304B 1326 2450 27 67 seg_fp 0 1985 57 96 U+3078 1477 695 43 52 U+304C 190 2521 55 59 U+3005 348 1711 22 72 seg_fp 0 1872 47 107 U+3057 1485 2184 20 108 U+3057 1328 2679 28 85 seg_fp 0 1754 18 107,200021644_00027_1
U+5165 457 573 108 94 U+5165 464 2231 106 96 U+5165 784 2672 117 81 U+9752 938 928 110 133 U+9752 323 2113 68 127 U+6642 618 1223 93 93 U+7D05 791 2478 97 121 U+306A 310 771 65 122 U+3070 476 813 80 53 U+706B 792 1308 83 94 U+85AF 779 561 98 153 U+53C8 635 2364 102 104 U+9D2C 456 889 90 141 U+3092 314 1736 78 69 U+3066 797 1870 58 77 U+5857 144 1131 100 145 U+7D05 620 1394 84 114 U+6D41 146 1467 96 103 U+306A 1611 822 63 122 U+8577 789 720 91 135 U+7F8A 944 1114 96 124 U+306E 799 1017 62 65 U+308D 793 1613 70 80 U+3059 157 1591 71 91 U+7F8A 628 1514 76 121 U+306B 790 1229 75 63 U+3092 475 2136 74 70 U+306A 481 1540 60 129 U+7FB9 455 1049 90 159 U+8981 1597 687 91 113 U+305A 298 1270 92 107 U+7FB9 785 862 87 151 U+7FB9 306 2371 99 153 U+7F8A 1425 1110 106 124 U+304A 789 1534 78 63 U+308C 481 2308 67 116 U+5B50 472 2015 78 92 U+3079 149 569 90 121 U+7FB9 949 1284 104 143 U+9752 316 1479 66 115 U+4F55 136 812 91 104 U+5C71 476 2492 85 101 U+25CB 1274 814 90 93 U+6210 471 1415 87 113 U+7A2E 775 1101 98 116 U+52A0 307 1827 96 82 U+5C71 475 1783 83 95 U+4EA4 610 697 109 119 U+25CB 1115 810 96 97 U+9D2C 1104 928 106 157 U+308C 476 674 76 116 U+633D 633 2467 100 117 U+7FB9 474 2706 88 131 U+5CA1 625 567 79 111 U+6894 463 1884 103 109 U+25CB 1436 812 94 94 U+3092 811 2592 66 63 U+7149 609 1102 99 108 U+809D 1594 567 91 104 U+25CB 947 812 96 96 U+5C71 1268 934 97 89 U+3057 191 1752 20 201 U+80FD 787 2146 96 107 U+5439 1266 1105 116 105 U+3066 807 2742 66 84 U+308C 644 2116 60 127 U+3070 485 2426 86 54 U+3082 318 659 45 88 U+6210 634 1998 89 107 U+7C89 296 1605 105 113 U+7269 141 1290 99 104 U+3082 167 1032 47 84 U+7FB9 618 1642 91 152 U+3088 339 2736 41 88 U+8336 638 2592 84 141 U+7A0B 790 2258 85 113 U+4E00 785 466 100 21 U+3092 790 1413 81 106 U+5439 470 2607 94 89 U+306F 631 1333 61 44 U+7FB9 1273 1280 103 143 U+3066 643 966 33 122 U+308A 493 1668 34 109 U+308C 158 915 59 114 U+7FB9 1113 1279 101 146 U+3082 648 1883 45 92 U+3082 486 1298 40 95 U+7F8A 316 2253 78 110 U+3082 336 2616 49 98 U+7D05 1430 935 103 98 U+3066 340 1988 30 120 U+7FB9 1429 1289 106 141 U+3079 157 1705 87 56 U+3089 820 2034 31 101 U+306B 823 2372 34 93 U+307F 328 1378 31 82 U+3057 823 1692 19 174 U+308A 1623 944 32 109 U+308A 326 892 32 111 U+3092 645 2733 84 95 U+5176 315 1019 46 117 U+304B 817 1961 29 73 U+308A 664 2244 33 101 U+5916 308 1137 88 115 U+3068 328 569 22 91 U+308A 176 694 31 106 U+3068 496 1210 21 88 U+3068 343 2527 26 90 U+3078 166 1398 66 57 U+3068 658 1798 25 85 U+3078 326 1931 64 51 U+3057 658 851 14 112 U+30CB 677 813 20 31,200021644_00033_1
U+306E 366 1326 69 72 U+306E 371 863 61 65 U+306A 1662 2151 59 125 U+306E 1178 1659 65 70 U+5E03 188 713 84 119 U+5165 336 2515 103 80 U+5DFE 199 850 72 102 U+306E 366 1549 62 75 U+306E 1185 861 53 65 U+306E 1324 1120 111 105 U+5EA6 1656 1553 78 118 U+53D6 1662 2029 67 104 U+4E2D 1171 736 79 100 U+306E 1168 1076 78 90 U+88FD 1166 2083 84 140 U+6C37 841 1119 110 101 U+3092 1653 1464 69 68 U+306A 699 598 68 131 U+6C37 1152 2735 110 96 U+305F 364 2736 45 95 U+713C 1160 1739 106 116 U+6C34 1321 952 113 100 U+3092 851 1600 74 71 U+5F15 855 604 76 130 U+304A 848 1246 81 69 U+5F62 341 1431 105 97 U+5408 183 2015 111 124 U+6700 1173 599 77 118 U+7802 1005 606 98 97 U+6C37 181 2406 103 86 U+9905 1158 1533 94 110 U+3042 1653 1194 74 94 U+306B 1509 833 81 74 U+3092 198 979 69 61 U+5C11 1008 1801 86 104 U+6708 1172 953 67 104 U+304D 1022 1914 49 112 U+4E0A 347 2196 80 88 U+5019 1017 1074 71 57 U+7A2E 346 1785 89 107 U+7CD6 167 2619 98 120 U+7F6E 1168 2385 81 119 U+308D 853 1331 68 88 U+3042 858 756 65 96 U+3092 351 2425 70 64 U+713C 349 1655 98 113 U+308C 1658 1055 61 116 U+8A70 996 1544 95 103 U+3061 857 2270 66 106 U+3084 1512 603 75 99 U+6885 354 1197 89 114 U+716E 1004 1391 86 124 U+6708 1330 1307 72 112 U+306E 362 1909 58 85 U+5176 207 1441 47 126 U+3059 1510 909 70 97 U+7802 179 2512 97 89 U+25CB 516 829 94 94 U+56F3 356 737 93 99 U+304D 376 1063 54 117 U+4E21 1016 2521 67 97 U+3079 1660 600 91 100 U+7F6E 192 1734 77 135 U+5E83 188 1064 84 126 U+6FE1 336 2611 94 109 U+5C11 1012 1165 83 97 U+306B 848 2394 83 82 U+3066 1030 1667 35 115 U+3075 1650 877 82 92 U+5982 350 963 96 93 U+3052 200 1208 104 96 U+3064 844 2495 80 104 U+9921 333 2303 98 101 U+9762 1005 2632 85 94 U+3066 215 1872 31 133 U+5BD2 504 947 111 116 U+305F 1186 2522 45 110 U+3051 1016 2153 71 114 U+3066 1676 1901 30 111 U+304D 858 955 73 147 U+306B 1171 1992 75 68 U+3084 1170 1185 76 86 U+53C8 997 955 98 106 U+7A2E 1160 1870 92 117 U+25CB 1332 827 88 90 U+7D05 506 1138 109 93 U+308B 220 605 34 89 U+3066 1033 2381 30 133 U+304C 1674 2497 53 97 U+6885 493 1299 117 116 U+3066 215 1316 33 111 U+308B 1676 1365 34 80 U+7CD6 1005 725 93 112 U+304B 844 1702 88 81 U+4E0A 194 1561 81 94 U+3078 213 1682 61 50 U+308A 1672 2275 33 108 U+4E2D 363 1995 57 137 U+306C 842 2016 95 115 U+3092 187 2756 72 72 U+3051 852 2628 63 124 U+3057 883 1422 17 170 U+3046 1196 1270 22 108 U+304F 1674 969 37 86 U+308F 871 1781 38 98 U+4E00 364 493 88 17 U+3057 1694 707 16 155 U+3057 1532 1063 17 154 U+3046 1540 702 22 111 U+3092 1016 861 74 90 U+306A 1175 1377 60 86 U+3046 874 2147 24 125 U+304B 870 1903 34 115 U+306F 1021 2041 43 114 U+4E00 1174 492 87 15 U+308B 1183 2630 35 76 U+306B 1034 2283 31 96 U+308A 711 731 33 131 U+3055 1667 2630 45 89 U+3005 1041 1269 18 92 U+3079 1505 1015 80 60 U+3089 881 850 21 116 U+304C 1679 1295 49 71 U+308B 863 2751 36 73 U+305B 206 2140 60 116 U+3068 1681 1678 25 80 U+308B 1193 1461 34 58 U+3057 1683 1759 20 132 U+3057 1200 2232 18 151 U+3078 1015 2721 72 105 U+3078 356 2134 73 48 U+306C 1648 2726 82 98 seg_fp 335 603 142 107 U+3066 215 2263 34 130 U+3053 1676 2398 37 79 seg_fp 40 988 78 116 seg_fp 50 880 65 65 seg_fp 48 1141 70 79,200021644_00039_2
U+5206 1524 1535 73 115 U+65AD 1037 616 81 124 U+306E 687 2116 85 84 U+4E8B 1184 2614 71 155 U+9060 1520 1762 70 140 U+3092 523 2009 83 67 U+5857 1185 1216 103 132 U+3092 1345 2784 79 82 U+8863 517 2097 91 116 U+8272 1350 2192 79 106 U+7269 685 2519 90 115 U+306B 523 2235 84 65 U+767D 1531 751 69 93 U+767D 536 1106 73 105 U+3092 373 2128 69 73 U+306B 1346 2312 90 84 U+9905 688 613 98 114 U+3066 1521 1660 57 77 U+7F6E 1666 1665 79 121 U+306E 1200 1479 62 74 U+306A 1525 974 69 109 U+540C 1185 2779 76 85 U+6975 364 1136 89 115 U+304F 554 1235 26 109 U+7A2E 691 889 90 114 U+304B 208 610 90 83 U+6C37 1670 2285 85 93 U+6C37 360 1631 88 101 U+7802 520 1729 101 109 U+304B 1678 613 80 95 U+3066 542 2511 37 122 U+716E 1665 1801 84 134 U+7269 1181 1365 93 89 U+716E 1509 2531 84 131 U+306E 706 1021 71 66 U+3057 368 2482 81 95 U+662F 1346 2653 80 113 U+713C 689 753 103 110 U+3059 1179 2496 82 99 U+25CB 864 857 88 85 U+7802 1669 2396 88 106 U+8863 1188 613 85 112 U+706B 1515 1927 77 101 U+3066 368 2381 73 85 U+7CD6 515 1860 101 121 U+3066 395 614 39 121 U+306A 1048 774 55 129 U+53D6 1521 1399 72 115 U+3092 1347 1416 76 80 U+7CD6 1666 2508 94 115 U+304D 1683 1535 48 112 U+3042 372 1267 74 98 U+7815 1664 1410 85 113 U+308D 369 1838 69 94 U+306B 532 1017 75 66 U+5176 552 604 51 128 U+3066 1202 2004 38 148 U+308F 229 721 38 84 U+9EC4 1341 2068 79 119 U+3051 527 2388 71 106 U+304B 1179 2179 85 85 U+3066 1350 2547 62 84 U+3066 1543 607 39 125 U+8A70 1669 1947 84 103 U+5C11 1345 1514 76 108 U+304F 713 1975 31 110 U+304D 700 2365 55 134 U+306B 526 2789 79 66 U+647A 520 1378 90 105 U+304D 380 1458 55 145 U+3064 368 2225 73 51 U+3066 1369 1913 34 126 U+971C 847 966 103 136 U+304A 369 1759 76 60 U+308F 1201 2260 41 92 U+5176 1357 609 53 123 U+7BB8 516 2654 82 119 U+3081 1682 796 73 118 U+3079 199 1029 94 75 U+3066 1536 2392 30 119 U+304F 1691 1296 29 93 U+3042 688 2652 75 103 U+3066 1206 1091 38 113 U+3051 371 2289 71 103 U+3051 1192 966 68 106 U+3044 1677 929 68 56 U+4E2D 1346 740 75 133 U+304B 685 1903 92 77 U+306D 1339 953 87 121 U+305F 544 1491 46 121 U+3051 1517 2295 75 102 U+4E00 686 503 104 22 U+3070 383 2585 64 96 U+306B 1191 752 75 77 U+3059 203 909 80 112 U+305F 1696 2075 35 97 U+306B 1534 2057 35 83 U+934B 1514 1213 95 117 U+306F 389 767 43 111 U+647A 1669 2762 88 100 U+304F 1544 860 27 92 U+304F 391 2777 32 84 U+307F 367 1001 83 118 U+308B 1701 706 35 85 U+3057 234 1105 19 190 U+308A 1206 1884 36 126 U+3057 399 1929 19 185 U+307F 1336 1295 94 97 U+67F1 837 1206 119 101 U+308B 545 1611 41 93 U+3092 1677 1099 75 86 U+4E0A 1192 1576 70 106 U+52A0 1332 1750 98 90 U+4E00 1676 497 88 23 U+308A 1050 905 32 137 U+3092 1676 2637 79 104 U+5C11 1680 1192 74 92 U+305F 557 759 40 96 U+308B 1700 2169 34 89 U+304B 1197 2379 47 92 U+3005 1372 1638 19 82 U+304B 215 834 51 93 U+308A 715 2748 31 107 U+305A 1353 1186 80 112 U+306D 545 867 64 112 U+3089 401 2680 26 86 U+3068 1541 2666 37 80 U+304B 1209 845 41 124 U+3078 1360 872 64 64 U+3055 395 881 41 112 U+3057 1551 1080 19 130 U+3068 1191 1795 67 88 U+304B 1532 2166 37 131 U+3089 403 1365 24 112 U+308A 1370 1071 31 112 U+3057 1512 2727 84 143 U+3089 1696 986 51 113 U+3078 1538 1333 55 46 U+3078 1204 1693 60 68 U+304B 548 2329 27 60 U+3078 1346 1847 81 61 U+3057 1372 2401 26 148 U+304B 1538 2755 34 59,200021644_00041_2
U+4E8B 174 2113 85 185 U+306B 316 637 89 78 U+672B 159 1447 84 107 U+306F 499 614 54 111 U+3092 980 763 71 78 U+4E8C 813 1108 83 61 U+5408 1615 1996 103 108 U+3092 1470 1905 80 80 U+5341 1135 2476 104 88 U+5408 312 968 113 109 U+4EA4 333 1840 89 138 U+306E 157 1232 87 86 U+4E0A 1138 1803 94 83 U+6C34 184 2544 66 138 U+3082 1492 2279 48 98 U+7D30 156 1343 92 104 U+306E 342 2706 71 114 U+91CF 816 742 66 131 U+3070 1639 2346 82 56 U+3092 501 2273 76 76 U+6253 654 2134 87 117 U+306B 335 1762 85 78 U+7D30 1456 1661 97 110 U+304A 1127 747 85 71 U+53F3 988 2612 80 112 U+5B63 332 2513 83 155 U+65B9 656 2717 88 105 U+25CB 1131 506 78 84 U+7D05 660 2520 88 112 U+308D 1136 837 69 90 U+6C37 1120 611 109 101 U+306E 982 2735 86 88 U+306A 349 2099 59 131 U+308D 492 967 70 93 U+5301 492 1777 92 107 U+305A 1627 1317 67 102 U+5206 817 612 89 121 U+6C34 805 982 89 99 U+306A 670 2266 70 130 U+7814 963 996 88 113 U+7D05 491 2151 93 108 U+6C37 497 2375 83 95 U+4E45 1131 1914 114 93 U+7BE9 980 1837 82 143 U+80E1 156 996 86 85 U+76EE 1164 2576 58 77 U+7A0B 812 1325 83 103 U+5165 481 1919 99 84 U+306B 1616 1021 78 77 U+85AC 971 856 81 120 U+306B 1635 2550 82 78 U+845B 974 613 79 128 U+59DC 1468 1164 74 134 U+767D 1300 1093 71 94 U+52A9 1126 2038 109 86 U+306A 662 1235 62 128 U+845B 333 1609 78 137 U+3079 1465 739 91 113 U+7389 1284 1223 101 84 U+304A 488 874 82 68 U+304F 1635 793 28 107 U+7269 153 628 96 102 U+6C37 476 751 100 97 U+306B 650 1150 77 63 U+3057 833 2317 77 105 U+672B 1471 1769 77 110 U+7BB1 973 1702 81 120 U+304A 1637 2656 80 71 U+308D 976 1445 71 84 U+76F4 1639 2424 74 105 U+3051 1623 1193 71 116 U+4EA4 1622 1857 93 128 U+306E 676 2623 64 66 U+624B 827 1683 58 121 U+3059 1457 619 86 100 U+5165 646 1901 96 83 U+3082 846 2090 39 110 U+3064 1467 2009 82 112 U+7CD6 1456 1315 96 124 U+751F 1470 1044 65 101 U+3066 516 2017 33 116 U+3066 678 1992 34 131 U+590F 345 2366 73 143 U+308D 505 2561 67 82 U+52A0 163 1810 93 72 U+7D05 488 1525 85 116 U+3072 994 2504 79 96 U+7D05 1283 974 103 96 U+3057 1643 600 20 186 U+3064 835 2443 70 57 U+52FA 816 1188 64 117 U+62FE 482 1647 92 118 U+6975 1122 1672 115 109 U+5F62 641 1685 92 90 U+3066 168 882 59 80 U+6912 152 1108 106 103 U+304A 499 2495 79 62 U+304A 977 1360 75 69 U+3082 1481 1548 47 86 U+845B 1135 2142 95 137 U+9732 1292 1331 101 121 U+306B 814 896 71 67 U+76EE 1148 1267 56 70 U+767E 486 1235 84 92 U+308D 1635 2757 85 84 U+3066 840 1536 28 132 U+25CB 1142 1559 76 77 U+3066 1639 1594 36 130 U+307F 817 2200 94 100 U+706B 1616 915 76 93 U+3075 982 2277 91 112 U+3066 673 1540 34 125 U+80FD 1621 1743 84 111 U+5165 802 1446 92 90 U+3066 843 1930 34 140 U+98F2 159 2697 100 114 U+767E 1134 1163 79 78 U+3066 1006 2117 29 131 U+7CD6 1284 1476 104 97 U+3042 169 2329 75 94 U+516D 1144 2391 89 73 U+25CB 1294 839 91 89 U+3059 662 621 64 117 U+308B 671 737 41 96 U+3090 652 1053 76 67 U+308A 851 2615 33 106 U+3066 353 1232 30 118 U+3057 1499 858 16 168 U+308A 197 2422 32 124 U+308B 192 1985 39 98 U+308B 353 2002 40 73 U+306B 678 1791 33 91 U+306B 182 767 28 101 U+308A 363 2229 30 122 U+304B 350 1368 42 119 U+3066 997 1217 36 123 U+306B 845 1828 32 100 U+3057 522 1058 16 167 U+304F 666 859 54 84 U+3075 1468 2192 89 98 U+3068 855 2723 27 101 U+305F 1647 2116 41 111 U+76EE 502 1354 60 107 U+3057 1507 2509 22 237 U+308A 686 2394 29 117 U+3057 1161 931 15 145 U+3089 360 1484 34 122 U+3092 170 1584 70 82 U+3057 1645 1437 21 163 U+3088 1495 2409 39 102 U+306B 1489 1465 26 83 U+3057 1009 1536 15 147 U+3068 857 2525 27 88 U+3082 184 1674 44 105 U+304B 1638 1108 32 86 U+304B 1501 2127 29 66 U+3057 536 2653 14 155 U+308B 1014 2392 33 105 U+306B 1008 2007 24 109 U+3057 685 1361 22 163 U+304F 347 847 28 104 U+3088 346 744 37 103 U+306B 998 1122 25 96 U+3078 174 1913 77 64 U+3057 359 1096 22 140 U+3089 1658 2234 25 112 U+3089 670 944 31 112 U+3078 505 1464 67 47,200021644_00042_2
U+4E09 1229 3239 114 85 U+90E8 1201 3105 151 116 U+6851 1293 1119 134 124 U+6F22 2100 2112 91 100 U+6276 1306 985 132 110 U+76CA 684 1898 71 103 U+990A 1133 1477 322 360 U+5168 1220 2969 142 112 U+9332 1117 2546 366 319 U+7523 1133 1234 105 139 U+56FD 1315 1272 104 112 U+79D8 1115 2240 339 264 U+3042 1654 2197 64 67 U+98FC 828 2245 80 81 U+306E 839 2163 62 55 U+8695 1131 1857 295 351 U+306B 1642 2128 81 65 U+306E 1805 2346 66 64 U+304B 1789 2230 87 62 U+306E 2112 2372 71 69 U+3072 1798 2158 74 68 U+4F5C 835 2054 89 84 U+548C 2093 2032 94 80 U+518A 1220 3347 143 104 U+7D75 1635 1819 84 109 U+8695 1792 1890 78 117 U+8695 2103 2224 85 123 U+56FD 1966 2285 74 89 U+990A 1796 2033 88 118 U+8AF8 1958 2196 84 84 U+3072 840 2328 78 75 U+4E0A 844 1962 57 87 U+6B73 841 1752 73 124 U+59CB 1949 1875 85 74 U+79D8 1793 2419 88 74 U+6B64 2090 1765 95 66 U+306A 681 2019 69 86 U+7B2C 1140 989 97 138 U+4E00 1125 1166 103 20 U+3059 1637 1932 69 94 U+30CF 2114 1973 62 31 U+66F8 2100 1844 84 112 U+5E76 1957 2038 64 85 U+3059 463 2198 93 133 U+3092 593 2240 83 91 U+304B 855 2413 25 53 U+3057 475 2053 79 68 U+4E8B 1809 2490 53 93 U+305F 1646 2048 47 70 U+308A 1998 1954 32 56 U+3093 672 2114 77 101 U+305F 843 2466 46 68 seg_fp 1821 2288 33 60 seg_fp 1977 2127 36 55 U+3005 863 1874 29 60 U+3089 1668 2262 48 70 U+308B 491 2124 39 70 seg_fp 606 2141 32 96 U+3057 1638 2239 93 147 U+304B 1662 2005 22 44,200021660-00003_1
U+4E8E 619 2355 139 142 U+7532 2318 1443 101 169 U+4E2D 613 2784 133 151 U+6C34 1268 740 190 149 U+65E5 1988 1678 69 113 U+5343 2266 3221 159 149 U+4E4B 1932 2772 161 123 U+4E4B 277 2810 167 125 U+4E4B 945 1909 173 127 U+4E4B 2287 1007 173 129 U+4EBA 601 3018 174 125 U+7686 604 3216 153 158 U+800C 1615 1448 136 133 U+6851 927 2551 172 179 U+8005 2262 2554 170 160 U+5176 1933 2086 168 159 U+826F 276 757 147 175 U+4EE5 597 1933 172 103 U+4E4B 1286 1902 156 121 U+5965 1262 1423 179 175 U+4E0D 2253 2790 167 112 U+6751 1588 3429 166 157 U+65BC 1253 3445 187 141 U+65BC 2266 1678 184 142 U+6851 260 2355 173 176 U+990A 923 2765 193 194 U+6D5C 1283 986 151 174 U+6CD5 1613 1217 154 152 U+4EE5 597 3476 154 128 U+5176 1912 3427 168 161 U+90E1 1600 2771 165 140 U+5BA3 1935 2980 148 132 U+5171 935 3211 154 137 U+5BDF 1945 1885 170 178 U+4E4B 1614 1004 174 127 U+6C34 1943 2334 162 156 U+5F80 1935 749 168 157 U+8695 270 2543 158 217 U+5B66 1920 3196 164 199 U+5176 948 1195 167 168 U+8F3F 252 3215 192 169 U+5B66 944 1657 169 204 U+76F8 1263 2555 160 142 U+4E5F 267 1242 177 134 U+5DDE 2296 746 145 164 U+56FD 621 2572 128 144 U+6DF9 1954 985 175 171 U+6CD5 946 2122 172 147 U+5C4B 1595 3210 149 147 U+6B96 594 740 185 150 seg_fp 263 1470 172 154 U+548C 248 1925 177 142 U+4EE5 950 1027 159 99 U+6C17 1616 2322 157 182 U+5C45 1251 3215 176 153 U+58CC 1259 2080 187 187 U+4E0E 1288 1206 161 160 U+4F3C 1259 2796 169 123 U+6A29 247 3000 176 180 U+5730 1266 2329 187 126 U+9060 2272 2963 163 168 U+5E30 1582 1667 197 169 U+5DDE 1276 1661 149 147 U+7A2E 585 1689 187 152 U+7559 1952 1222 133 161 U+6F22 278 2103 146 188 U+7A2E 255 1019 179 145 U+5176 1261 3645 164 169 U+56E0 626 1009 122 131 U+571F 1954 2557 121 114 U+56FD 2298 2112 130 148 U+53CA 270 3465 156 126 U+662F 277 1674 175 167 U+4EE5 1598 2122 169 102 U+8CA9 602 2124 201 148 U+69CB 1251 2990 177 161 U+5411 2291 2340 146 138 U+690D 939 2327 175 157 U+8AF8 2260 1885 182 193 U+6240 939 1458 179 157 U+591A 1613 2505 109 215 U+990A 1596 741 203 168 U+8695 2276 1207 163 180 U+6B96 1910 3640 180 154 U+9020 592 1213 191 163 U+7D0D 1602 2987 153 135 U+5176 253 3667 176 167 U+70BA 602 3660 152 174 U+8695 600 1433 161 192 U+4E4B 1600 3660 162 123 U+5730 949 736 186 131 U+91CC 2287 3445 125 122 U+800C 2288 3663 123 126 U+8695 932 2985 157 186 U+90F7 1599 1900 175 147 U+7E41 928 3649 181 182 U+591A 1943 1440 151 182 U+80FD 936 3442 149 162,200021660-00004_1
U+53EF 2211 2523 163 170 U+4EAB 848 853 165 203 U+524D 1505 952 182 177 U+4E4E 1512 1409 179 170 U+53EF 2212 1409 165 162 U+4E8E 1863 2521 141 144 U+5247 2218 1191 147 160 U+5B66 530 2282 175 209 U+523B 1166 1191 183 168 U+5E74 869 1793 152 163 U+4E95 534 2731 169 179 U+6210 1191 1394 169 174 U+4E8C 861 1272 158 78 U+4EA6 1522 1649 163 145 U+5247 1866 700 152 154 U+66F8 1183 1836 169 200 U+80FD 2208 1633 156 160 U+70BA 1188 1631 160 177 U+65BC 1515 713 182 147 U+548C 840 1096 173 137 U+5F97 2196 3185 176 167 U+6210 2219 1841 167 165 U+65E5 1243 979 73 100 U+4E4B 2213 716 182 132 U+958F 857 1407 165 111 U+9803 1186 700 164 157 U+5DFB 1188 2058 198 169 U+620A 877 1576 155 165 U+9996 1182 2265 174 198 U+4EE5 1189 2548 168 104 U+7BE4 545 2964 144 189 U+4E21 2221 2973 143 136 U+5FE0 553 3184 157 154 U+5E83 1833 2052 173 184 U+7DBF 1859 1402 151 186 U+8ABF 2189 2065 194 160 U+4E4B 1538 2975 163 121 U+9069 1847 2274 175 177 U+6625 863 2183 189 184 U+4E4B 1850 1862 188 112 U+7AEF 1522 3391 160 170 U+4E91 1217 3208 139 113 U+6587 530 2092 166 139 U+685C 518 2533 171 157 U+65E5 1572 1211 68 98 U+77F3 509 1876 159 123 U+7528 1885 2958 114 130 U+8C48 1872 3166 126 178 U+4E0D 1847 3419 161 118 U+6D41 1543 2524 165 153 U+51FA 547 1626 120 161 U+653F 1523 2297 188 142 U+7D79 1865 957 157 160 U+52A9 1519 1856 174 154 U+7CF8 1853 1596 166 191 U+4E16 1850 2745 175 122 U+8B02 2195 2748 161 157 U+6CD5 2214 962 154 165 U+4E5F 1524 3640 176 143 U+4E4B 1202 2966 172 122 U+5B5F 869 1990 158 160 U+7D75 1860 1173 152 176 U+8B58 530 3406 188 177 U+7109 2237 3405 131 170 U+74B0 1194 2736 174 160 U+6CA2 1543 2731 147 165 U+4E00 1529 3223 151 29 U+738B 1550 2090 122 113 U+7136 2219 3624 155 159 U+7406 2203 2320 164 129 U+591A 1861 3613 127 183 seg_fp 1592 3291 17 61 seg_fp 2011 3737 39 57,200021660-00005_1
U+540C 1831 1115 94 94 U+8695 1612 1255 94 121 U+8695 946 1134 95 125 U+306B 1389 1280 92 71 U+89E3 1616 2052 95 145 U+540C 2048 1120 89 95 U+98FC 1597 1121 109 96 U+306E 1619 1802 88 99 U+9020 731 1608 106 110 U+6851 2242 1116 120 138 U+306B 1183 1657 88 77 U+53D6 2050 1291 111 108 U+306E 1831 1598 113 113 U+5177 1612 1671 106 118 U+6577 751 2386 96 136 U+306E 1839 2213 77 70 U+69D8 2249 1646 109 107 U+6728 2055 1410 105 118 U+306E 956 1611 72 89 U+7528 1183 1993 83 107 U+6728 2251 1407 114 120 U+4E8B 2269 1854 73 223 U+306E 732 1832 114 99 U+6BD2 930 1292 121 142 U+8695 1394 1131 92 121 U+63A5 2246 1286 124 109 U+306E 2062 1770 83 73 U+990A 721 1128 93 163 U+65AD 1399 1485 81 153 U+306E 2261 1770 83 67 U+56F3 1619 1921 88 107 U+5BB6 733 1452 98 143 U+4ED5 2250 1548 104 92 U+9F20 1183 1752 104 142 U+69D8 2047 1646 112 101 U+4E8B 765 2899 61 215 U+4E8B 1845 2668 69 215 U+4E8B 2075 1862 71 205 U+8AF8 1613 1404 96 112 U+8695 740 1300 96 130 U+306E 1187 1914 73 70 U+9023 1169 1276 117 114 U+9053 1620 1540 107 113 U+308B 1840 2561 89 93 U+5FCC 943 1470 98 113 U+866B 1832 1277 102 126 U+75C5 1838 2294 90 130 U+306E 750 2787 92 91 U+60AA 753 2660 97 107 U+8695 1182 1131 101 108 U+5FC3 1182 2124 100 71 U+4ED5 2056 1539 97 92 U+9664 1842 2433 88 120 U+6851 1836 2047 103 145 U+3050 1213 3048 58 89 U+8695 1179 1508 116 119 U+9632 1190 2947 89 96 U+5C4B 746 2272 96 107 U+4ED5 736 1942 98 98 U+6CB9 1396 1373 91 108 U+9F20 1198 2722 90 126 U+5584 750 2527 79 119 U+304D 1202 2340 51 95 U+308B 1406 2079 74 101 U+69D8 733 2043 104 97 U+4E8B 1412 2207 64 231 U+5E76 780 2143 72 117 U+3092 1203 2866 65 65 U+308A 744 1735 60 96 U+4E8B 1207 3148 66 173 U+3059 1409 1652 50 111 U+5E76 1216 1410 68 72 U+9001 1829 1411 94 97 U+3059 1201 2204 49 88 U+5E76 1886 1929 62 110 U+3079 1380 1771 115 58 U+3079 1181 2297 100 59 U+308A 1866 1511 37 102 U+3056 1415 1995 62 82 U+4E8B 1860 1720 67 199 U+304B 1427 1823 31 73 U+3089 1430 1896 29 84 U+4E8B 1198 2455 58 172 U+9644 1238 2620 63 88 U+4E8B 971 1794 47 107 seg_fp 971 1716 48 93,200021660-00007_1
U+98DF 1458 796 130 122 U+4E43 1460 1176 104 112 U+547D 611 3415 128 137 U+4E4B 1045 3228 105 106 U+53C8 1472 3043 123 92 U+9119 817 2663 118 119 U+4E4E 603 1747 103 128 U+4E4B 2340 2109 103 100 U+4F5C 810 1739 116 114 U+6642 168 1191 117 119 U+53C8 1249 2100 116 81 U+795E 2121 3201 122 135 U+5247 1470 3575 121 112 U+6642 1041 3567 116 120 U+4E4B 1687 1182 110 103 U+795E 385 2486 119 139 U+5FA9 389 2684 128 110 U+795E 1449 991 121 115 U+6709 189 2864 97 129 U+9063 393 2855 122 128 U+5BE7 832 3022 105 140 U+592A 2126 3015 120 102 U+5177 618 3590 106 110 U+6709 1906 2092 101 122 U+7A62 811 2294 129 113 U+9957 1472 3209 119 134 U+65E5 827 2115 95 84 U+795E 1684 3389 123 116 U+9996 1459 1539 105 131 U+592B 1024 1167 115 107 U+800C 1045 2861 96 98 U+5230 1684 2837 112 114 U+5DF2 1702 2668 94 95 U+98DF 163 1579 128 128 U+5B9F 174 1940 117 142 U+4E4B 2132 1925 110 94 U+5E83 1241 790 107 132 U+53EF 830 3235 117 111 U+8CAF 1025 2098 120 119 U+662F 169 1004 133 126 U+5929 2124 2649 113 108 U+805E 1916 1168 107 124 U+4EA6 1256 1364 101 106 U+4FDD 170 1389 117 108 U+4E4B 592 803 123 119 U+990A 2333 1537 128 142 U+672C 2319 1353 139 130 U+4E2D 1917 1725 106 138 U+990A 2137 1539 119 140 U+770B 408 3769 101 130 U+5929 385 1949 119 106 U+4EA6 1267 3586 106 101 U+5176 365 798 131 106 U+662F 378 1560 126 121 U+65E5 1928 1007 93 85 U+6708 1687 1355 89 121 U+539F 1903 1546 111 119 U+8272 827 1924 98 119 U+7269 1022 1555 122 105 U+5099 1025 1921 121 122 U+7A81 183 2500 116 125 U+795E 157 1765 130 122 U+6562 589 1188 131 109 U+54C1 1023 1369 112 110 U+56AE 1249 2278 113 125 U+5C0A 806 1170 109 136 U+5F8C 380 1753 127 111 U+65BC 2123 1364 114 111 U+4E4B 195 3433 107 106 U+6089 1028 1729 106 122 U+5C0A 1683 1906 112 134 U+9957 1042 3018 112 143 U+7A81 827 2852 121 115 U+4E4B 1041 2294 109 100 U+81EA 1482 2280 77 125 U+5929 404 3047 111 112 U+9802 192 3599 110 109 U+98DF 1683 3204 126 124 U+5263 600 2312 128 96 U+5C0A 1909 3743 106 138 U+5247 1470 2091 102 109 U+4EBA 386 3431 150 106 U+67D4 1261 3391 102 125 U+6B7B 175 2312 125 115 U+56FD 1468 1919 98 110 U+53E3 1481 2485 87 73 U+4FDD 1877 2286 139 105 U+964D 1687 2459 135 129 U+7167 380 2119 112 105 U+795E 185 3239 118 115 U+52C5 1671 2270 129 114 U+4FDD 1677 3752 126 114 U+795E 1893 2644 122 141 U+56FD 1909 1913 106 112 U+671D 2128 996 111 113 U+767E 1029 2487 113 114 U+591C 1680 1544 127 120 U+8466 1911 1351 114 151 U+5EFC 593 1940 130 106 U+5247 1250 2657 113 113 U+5316 189 3783 129 105 U+8A31 1683 3576 122 120 U+5F80 396 3590 123 109 U+990A 589 1363 123 146 U+7269 586 993 135 99 U+51FA 1041 989 79 113 U+56AE 1468 1718 109 126 U+898B 1689 1722 106 116 U+5410 833 3763 117 91 U+4FDD 1677 3024 129 109 U+6708 1054 3764 80 117 U+4E8B 374 992 122 136 U+5C0B 2129 1164 117 142 U+5DF2 194 2135 94 93 U+5176 183 3046 106 123 U+898B 808 988 119 114 U+4FAF 1666 996 125 101 U+81EA 1269 1551 71 113 U+5728 2127 3383 107 128 U+539F 2102 2276 123 121 U+7A81 823 2492 113 123 U+6BBA 595 2672 135 106 U+51E0 1046 2675 107 78 U+6BDB 1252 2849 123 100 U+6483 601 2475 127 135 U+53E3 845 3599 79 56 U+4E4B 170 819 112 113 U+5B9C 1909 2836 114 108 U+662F 1043 3394 116 125 U+98EF 1460 2846 129 112 U+898B 1907 3564 123 115 U+8695 2332 1722 110 138 U+7167 2123 2829 108 111 U+53D7 1683 2086 111 131 U+6708 1917 3205 82 119 U+98DF 1903 2464 125 127 U+5C31 1672 793 129 114 U+72ED 1244 1166 126 109 U+51FA 1255 1921 86 114 U+65BC 2125 3566 118 107 U+59CB 2325 1922 116 87 U+723E 1925 3011 78 122 U+5FFF 819 1355 110 119 U+6BDB 1251 3212 128 105 U+672C 2127 790 136 123 U+4E8B 2330 2278 118 136 U+81EA 1289 3768 64 107 U+65E5 2362 1199 57 85 U+8A00 619 3773 106 112 U+8D77 2113 2095 131 114 U+629C 598 2113 133 108 U+4EE5 822 3418 132 100 U+591C 798 791 139 118 U+552F 186 2670 121 117 U+9A6B 1255 3022 116 137 U+718A 408 3233 112 128 U+8695 2135 1719 111 146 U+9C2D 1472 3751 124 149 U+4E0A 1907 802 118 97 U+53E3 1259 1747 81 62 U+5FA9 613 3228 132 123 U+5EFB 1454 1361 136 98 U+591C 1904 3392 123 116 U+5F8C 611 3036 129 111 seg_fp 1010 771 108 99 U+5929 2137 3751 125 121 U+9C2D 1239 986 125 125 U+51FA 1475 2659 96 111 U+6211 591 1563 120 117 U+4E2D 463 1196 58 79 U+5C71 1259 2469 105 90 U+7136 811 1556 108 99 U+6D77 1486 3397 114 117 U+7565 454 1383 75 88 U+7136 610 2852 110 109 U+592A 392 2307 110 108 seg_fp 588 2238 94 49 seg_fp 1236 1671 61 41 seg_fp 1248 2422 77 41 seg_fp 575 1498 103 80 seg_fp 2436 1460 39 40 seg_fp 1071 1485 18 62,200021660-00008_1
U+795E 2032 1096 123 169 U+5B88 2474 1437 90 130 U+308B 2471 1320 104 99 U+547D 467 2657 127 151 U+795E 2472 2965 106 160 U+3092 2467 1084 100 108 U+662F 2476 1948 107 130 U+53BB 2037 1270 110 100 U+306E 459 1993 87 69 U+3092 2265 1213 82 90 U+5927 2040 1930 116 101 U+547D 448 1856 121 130 U+3092 2056 1794 88 121 U+5927 2261 1316 106 111 U+3084 2045 2754 116 113 U+5FA1 2485 2821 102 144 U+91CE 2280 3380 109 155 U+3092 2278 2946 101 121 U+4E09 2273 3096 105 92 U+5730 2247 1084 120 109 U+3068 2274 1701 88 122 U+4E09 2258 2155 113 82 U+3092 481 2822 94 92 U+6240 2275 2788 96 157 U+6240 2043 1626 112 150 U+6700 2477 3150 107 133 U+9664 2468 1192 112 113 U+3068 2066 2528 91 131 U+3092 315 1814 82 79 U+308B 1585 3149 86 88 U+3059 2483 1839 79 109 U+5929 1185 2440 79 80 U+5FA1 1868 1369 87 104 U+56E0 1872 1091 72 92 U+6708 2285 3207 80 134 U+9B42 460 2465 112 96 U+990A 490 3260 101 150 U+8695 312 2192 101 118 U+5B50 464 2353 100 108 U+5728 2267 2399 111 123 U+964D 2486 3421 102 140 U+53F7 2255 1840 107 142 U+305A 1601 1480 77 90 U+3082 1605 2858 46 98 U+5F8C 905 2611 76 83 U+3064 1461 1296 71 92 U+795E 1043 1913 76 107 U+585A 2032 2062 130 119 U+98FC 306 2423 104 104 U+5929 448 1510 122 98 U+3064 905 3103 70 78 U+6FB3 1181 3220 84 88 U+6CE2 765 1893 83 75 U+795E 1181 1245 84 122 U+8B77 2463 1582 111 130 U+793E 1172 2714 96 81 U+5B88 1732 1413 67 94 U+6708 2271 2257 79 120 U+3082 328 1903 58 85 U+3066 1729 3258 61 81 U+990A 2270 1417 79 160 U+521D 2481 3307 107 88 U+5B88 1726 3352 80 105 U+3092 312 1386 85 72 U+3092 2484 2093 73 106 U+3066 770 3812 65 90 U+59C9 444 2071 113 124 U+4F7F 1868 1904 90 103 U+6765 1731 3066 69 111 U+3070 1050 2213 79 81 U+6B64 2477 2729 95 87 U+53C8 765 1751 93 64 U+5730 905 1651 85 69 U+68DF 449 1733 103 110 U+7269 1586 1092 87 74 U+3042 1882 3344 67 84 U+56FD 1041 3116 72 93 U+53C8 1038 2852 87 75 U+4E39 1036 2937 84 80 U+4E91 450 1359 92 70 U+795E 1039 1097 89 102 U+732B 2469 2223 105 98 U+7269 1873 3161 84 83 U+5927 1183 1098 91 78 U+3044 2054 2318 84 84 U+3064 307 1988 91 75 U+3092 1466 1199 66 87 U+306B 1879 2571 71 71 U+9F20 625 1900 88 103 U+3066 502 3030 50 126 U+672C 446 1141 116 105 U+7D0D 1588 2458 83 93 U+53C8 1581 3428 91 74 U+3042 1601 1252 70 76 U+3066 1321 1267 65 80 U+3067 633 1452 65 64 U+308A 1599 3331 45 97 U+4E8B 440 999 109 134 U+5CA1 308 1278 87 100 U+4E39 762 1814 93 71 U+53C2 1584 3504 73 107 U+5E02 455 2207 100 127 U+3092 1872 1816 74 71 U+77F3 2474 2343 86 96 U+5C0F 624 1518 84 59 U+90E1 1318 2852 80 82 U+4EE5 479 2929 107 76 U+72FC 1724 2970 86 92 U+795E 1862 1484 83 116 U+306E 1736 2391 62 56 U+4E39 901 1855 92 75 U+81E8 2483 3590 106 107 U+306E 1459 2247 61 53 U+7D66 2037 1394 113 108 U+3092 326 2326 83 79 U+65E7 445 862 102 139 U+5FA1 1731 1594 75 99 U+6CE2 910 1937 76 75 U+5929 491 3171 106 96 U+8A63 1732 1097 78 91 U+6B8A 447 1617 112 113 U+3082 1058 2489 49 84 U+7236 2272 1590 110 105 U+72FC 1586 2758 87 92 U+9664 627 2007 83 84 U+304D 306 1583 98 91 U+660E 1186 1178 84 63 U+5F8C 1043 3025 73 89 U+5176 1592 1572 71 95 U+6234 623 1712 87 99 U+7D79 770 1115 77 84 U+5074 1723 2457 84 95 U+696D 1316 1483 87 117 U+3092 1882 3254 77 88 U+6851 300 1680 102 127 U+3075 622 2385 88 64 U+7ACB 1585 2972 75 82 U+8A18 442 1261 117 99 U+6642 1876 3598 75 70 U+5A9B 475 3417 114 106 U+6B64 1863 1291 82 67 U+5BAE 905 1278 77 74 U+5B88 1313 1683 84 98 U+732A 1866 2660 88 92 U+5F8C 1455 2309 76 93 U+9E7F 1728 3736 74 83 U+308A 1056 2743 43 91 U+6765 1449 2789 74 110 U+540C 1328 2762 62 80 U+7ACB 1729 2644 72 92 U+4F5C 1871 3065 85 88 U+6240 1316 3459 74 96 U+713C 1048 1394 77 81 U+592A 908 1100 83 80 U+541B 1182 2621 75 82 U+6589 1311 3800 84 108 U+6FB3 1181 2803 83 97 U+8695 772 3366 69 94 U+732B 624 2100 83 79 U+8FB2 1318 1360 84 118 U+3092 1595 2135 66 89 U+74BD 1730 1705 68 99 U+8ACB 1727 1904 75 92 U+4F5C 1729 1325 84 75 U+65AF 1319 2294 73 88 U+970A 1322 2095 69 101 U+306A 1596 3249 47 81 U+53BB 1586 3062 69 80 U+305B 2273 2522 95 85 U+3066 910 1783 62 66 U+306F 1877 1605 56 88 U+306B 1456 2414 73 65 U+72FC 1863 1712 89 88 U+4EBA 1172 1751 100 65 U+306B 1741 2563 63 62 U+795E 768 2171 77 84 U+5929 313 1022 101 106 U+4E8B 1450 2989 70 132 U+7D66 1320 1927 75 83 U+6D25 1184 3307 77 105 U+5206 914 3005 70 96 U+8A63 624 1365 80 83 U+5782 905 1432 78 84 U+306A 919 3754 50 85 U+6559 1044 1561 80 90 U+6E08 1596 1807 74 92 U+3092 1460 1803 73 61 U+4EE4 1871 2000 94 92 U+7D66 1867 2303 79 89 U+3068 2081 2214 38 101 U+4F5C 1725 3831 88 67 U+718A 1183 1656 72 93 U+72FC 1449 1103 86 86 U+3075 2468 2625 100 90 U+3066 1893 2943 36 104 U+5927 626 1118 96 69 U+5B9C 1046 2584 75 80 U+3092 1599 1184 73 68 U+306E 916 1597 62 47 U+696D 902 3427 84 117 U+5FA1 1050 1811 71 97 U+77F3 614 1578 86 72 U+3042 1452 3137 68 75 U+51FA 1877 2855 79 85 U+53C8 1322 2681 86 72 U+306F 1051 3681 54 78 U+306B 1325 1106 66 74 U+3059 775 1677 66 73 U+5C0A 775 2678 61 92 U+4E8B 1596 1667 71 125 U+6DFB 1450 2697 79 81 U+9E7F 1876 2755 72 90 U+5411 647 3209 85 65 U+3070 1597 2647 81 102 U+306E 1450 3550 63 49 U+793E 1876 3760 83 76 U+59EB 462 2565 103 83 U+4EBA 1451 2179 88 66 U+306E 1327 2389 64 51 U+3092 1055 1487 71 63 U+308C 1601 2548 53 97 U+716E 1042 1292 77 87 U+3064 1457 2496 67 92 U+6751 1182 2524 74 81 U+3092 768 2771 76 65 U+3093 1457 1641 95 71 U+539F 641 2850 80 84 U+5176 1183 2077 79 102 U+5176 1454 2072 74 101 U+99AC 913 2079 77 77 U+308A 1750 2110 37 99 U+958B 305 1464 97 111 U+795E 905 1188 84 92 U+3066 336 2064 39 111 U+672B 1189 2181 72 88 U+5E30 1459 1478 78 82 U+793E 1181 2280 86 78 U+7E54 771 1262 87 97 U+59CB 1032 3766 91 76 U+306F 1052 1205 58 77 U+306E 1737 1529 64 49 U+3075 2038 2404 114 104 U+7F6E 1732 2745 70 108 U+5E30 1726 2020 79 88 U+306D 1450 3305 63 85 U+3081 1048 3846 67 59 U+8695 903 3326 78 95 U+30D0 1469 2018 68 42 U+91CE 1314 3061 73 94 U+306B 1192 2365 70 59 U+6D25 1182 2902 78 102 U+6C11 913 3239 80 83 U+8A63 1582 3624 74 76 U+3066 776 1358 57 57 U+308C 1464 1383 50 85 U+3092 906 3548 77 70 U+3092 1333 1608 64 67 U+539F 772 2092 68 75 U+306B 917 1720 56 60 U+4E91 1869 1202 68 58 U+8C4A 306 1121 105 143 U+7551 1720 2306 92 68 U+4EBA 1437 3482 95 61 U+77E5 1435 3610 83 76 U+308B 1066 2414 42 67 U+3059 1883 3510 68 76 U+304B 1061 3212 41 54 U+6B64 1876 3675 79 67 U+7230 767 3002 69 92 U+5EFA 1320 2937 91 110 U+3046 1063 3266 31 87 U+3082 784 3170 46 71 U+3075 1868 2399 78 70 U+308A 789 3680 39 64 U+3072 2278 3786 103 102 U+3075 2035 1510 109 99 U+795E 1181 1813 79 97 U+5929 1189 1587 75 74 U+3055 1611 1415 41 65 U+5927 644 2774 75 77 U+62B1 641 3581 81 72 U+5F09 761 2501 76 85 U+518A 759 2601 89 73 U+3066 1613 1907 30 107 U+3075 1314 2017 88 65 U+9A13 1315 2206 80 76 U+306A 1195 1916 49 73 U+74BD 1594 2025 70 104 U+3044 641 2330 52 51 U+8DE1 907 1521 74 72 U+308A 1197 3707 42 84 U+591A 636 1182 55 92 U+306E 1583 3717 65 46 U+3082 926 2229 42 59 U+3044 908 3634 72 40 U+53E4 632 2448 72 86 U+304B 2094 2684 35 79 U+306B 918 2937 46 61 U+4F0A 764 2418 79 79 U+3068 1212 1368 31 82 U+9858 1459 1871 73 79 U+7269 765 1535 83 70 U+306A 1058 2036 44 79 U+308B 1464 2903 42 71 U+7523 771 1420 68 111 U+5143 906 2299 80 77 U+3080 324 2646 96 88 U+308A 1206 1992 36 78 U+306A 1057 2666 51 73 U+77F3 621 2189 78 70 U+306E 1040 3505 83 74 U+3068 2306 3587 44 71 U+5FA1 907 1352 77 83 U+4E5F 905 2551 90 56 U+7BC0 1589 3790 57 114 U+305B 1319 1861 71 55 U+308B 1740 3457 40 62 U+3092 1732 1820 69 63 U+4F46 907 2019 75 60 U+306E 774 3465 64 52 U+990A 769 3249 70 111 U+3081 504 3747 91 126 U+7D66 1059 1663 56 61 U+5B9A 495 3625 103 112 U+56FD 909 2469 77 67 U+307E 1463 3224 44 77 U+3068 2512 2446 33 94 U+56FD 903 2872 76 60 U+306B 1896 3835 53 72 U+3057 2293 1983 22 166 U+3075 1310 3383 78 70 U+3044 2492 2543 61 77 U+5F66 1185 3006 67 100 U+306E 2495 3729 73 135 U+3092 768 3096 69 71 U+796D 1043 2299 80 109 U+5927 761 2029 81 60 U+304D 1466 2590 44 99 U+56FD 766 1966 84 54 U+306A 788 3599 42 80 U+732A 1723 3636 76 78 U+3068 794 3749 40 61 U+56FD 906 3176 78 60 U+3057 2313 2600 33 175 U+3055 656 2936 40 73 U+3082 1059 3349 47 80 U+795E 774 3521 69 79 U+3042 1190 3626 61 79 U+3068 928 3680 26 73 U+6545 1730 3528 58 87 U+4E16 897 2694 82 57 U+3066 1755 1198 31 110 U+308B 1450 3778 46 43 U+3086 1874 2471 66 63 U+793E 760 2268 87 69 U+308A 1750 3178 33 89 U+6240 1441 3834 79 66 U+3059 1321 3713 64 75 U+3044 656 3667 64 47 U+304F 1467 3386 35 86 U+306B 1331 3555 48 53 U+30DF 921 3839 36 61 U+30D8 1462 1971 77 43 U+547D 1179 3105 95 108 U+732B 643 3483 79 76 U+5E30 1595 2242 82 71 U+7530 1732 2222 63 66 U+3057 669 3010 22 104 U+53E5 644 2588 66 60 U+3075 1039 1738 78 71 U+91CC 1052 3590 61 81 U+3089 1622 1332 28 79 U+3068 524 3532 25 77 U+3068 2500 1724 28 111 U+304D 637 2534 69 58 U+3068 655 2258 29 71 U+3068 346 2745 36 89 U+3044 2290 3696 75 74 U+306B 643 2654 67 48 U+30CF 1192 1536 58 42 U+3068 1898 2102 29 80 U+306F 782 2328 50 76 U+7533 1207 1455 31 72 U+6B64 1173 3818 82 86 U+304F 652 1268 31 83 U+3092 781 1210 61 48 U+306F 1743 2855 78 98 U+308A 1065 3425 38 70 U+3057 1905 2180 19 114 U+4E0B 662 3117 57 83 U+3078 1868 2535 94 42 U+3092 638 1651 61 56 U+30CF 917 2386 60 40 U+3068 937 2162 24 65 U+3089 1902 3429 24 75 U+4E91 350 2849 61 89 U+304D 649 1811 40 83 U+308C 1047 2119 76 89 U+3057 352 2531 25 112 U+3057 1346 2557 20 124 U+304A 651 3285 76 42 U+3089 1484 1562 23 77 U+308C 1451 3685 48 85 U+304F 662 3376 56 94 U+59EB 1178 3425 67 69 U+547D 1178 3504 89 93 U+3044 1328 3329 53 48 U+306E 663 3333 59 54 U+5728 1317 3624 76 79 seg_fp 789 2948 36 43 U+796D 777 2842 55 75 U+3089 1347 1785 18 75 U+3068 792 1606 23 69 U+3066 674 3748 31 73 U+3057 1626 2317 18 129 U+4E00 909 2435 78 23 U+5C4B 1317 3163 65 84 U+3057 1353 1173 29 93 U+4E09 904 2768 73 51 U+30B1 921 2819 32 45 U+3005 333 2949 42 108 seg_fp 1477 1720 36 82 seg_fp 672 3722 30 45 seg_fp 1349 2445 56 54 U+3068 1340 3244 28 82,200021660-00009_2
U+4EBA 2167 770 93 75 U+8695 749 785 89 108 U+3092 757 914 75 67 U+3064 1055 843 69 65 U+3082 1079 761 40 82 U+4EE3 2032 900 87 88 U+5EFF 2038 769 73 65 U+5929 1738 769 95 80 U+7687 2183 848 56 102 U+540E 1443 771 78 90 U+306E 1596 771 70 61 U+81EA 917 776 55 117 U+672C 314 853 98 95 U+96C4 1874 758 94 84 U+990A 596 774 61 142 U+7D66 460 784 54 80 U+4E8C 2032 848 82 49 U+6851 1285 758 77 115 U+3092 1210 864 61 63 U+308A 209 1081 40 91 U+305F 208 1003 44 78 U+65E5 336 783 49 57 U+306B 316 1065 78 62 U+3072 581 923 91 79 U+3078 200 928 62 68 U+7D00 312 965 105 82 U+7565 1885 854 78 95 U+898B 191 836 60 95 U+7687 1740 871 76 93 U+4E8B 458 963 52 113 U+3089 926 897 26 85 U+3066 1036 917 65 56 U+3075 468 867 47 91,200021660-00010_1
U+4E2D 2281 1214 82 132 U+4E2D 2080 801 95 133 U+306E 1878 1697 83 91 U+3066 1880 3286 74 92 U+306E 2092 2477 113 104 U+3064 162 2114 88 111 U+690D 978 2112 123 108 U+4E8E 982 1386 104 107 U+91CE 1195 1742 116 119 U+3092 2100 2721 77 109 U+5E1D 1874 1531 105 149 U+5143 1872 1805 103 95 U+308B 164 2226 104 93 U+306F 348 1281 84 103 U+306E 164 3802 83 100 U+306B 2089 1125 93 80 U+8695 2088 2336 108 129 U+4F10 152 1883 111 114 U+6708 1213 1182 76 113 U+59CB 2276 1718 107 82 U+6C0F 2100 1758 101 118 U+6642 2092 1947 96 111 U+306E 1879 805 70 67 U+6708 1453 1086 57 89 U+4EF0 151 1140 98 107 U+83EF 2270 1378 103 152 U+7AE0 327 1126 103 144 U+4E5F 1194 1377 116 90 U+4F0F 2079 1502 116 95 U+6B64 335 1010 92 83 U+6851 768 1196 96 124 U+4EE5 550 2130 106 98 U+6C0F 1880 2248 93 108 U+8EAC 756 1015 108 104 U+884C 352 3797 103 104 U+53C8 2093 3402 110 81 U+306E 2101 1876 69 61 U+9EC4 1864 1374 115 139 U+3064 360 3207 90 101 U+4E8B 2306 2045 75 228 U+7530 356 2898 84 74 U+4E09 339 1401 90 81 U+3065 1874 2479 102 104 U+529F 549 1944 111 93 U+3092 1652 1248 88 97 U+9CE9 1200 3031 119 118 U+83EF 2077 950 93 147 U+3084 2091 3275 90 92 U+8695 1878 3543 92 111 U+306F 2101 1361 55 108 U+51C6 2088 3490 105 118 U+5236 157 2650 103 140 U+4EE5 773 2868 108 83 U+3066 2115 2182 49 127 U+3092 170 2499 95 127 U+4E4B 573 2868 111 84 U+3070 352 1945 87 106 U+624B 1885 2354 58 113 U+9CF0 153 3667 110 101 U+53C8 143 3564 124 84 U+6708 351 1497 70 106 U+7CF8 2094 2598 93 114 U+7701 764 2298 89 121 U+6589 1004 3036 104 144 U+98FC 1872 3400 101 98 U+306A 2099 2845 72 105 U+8695 1862 880 92 140 U+5983 986 2856 118 76 U+306E 2287 1932 130 94 U+6212 989 3218 113 117 U+3092 1879 2921 88 102 U+306B 146 1029 88 74 U+7E6D 551 1191 94 120 U+5983 1862 1932 116 78 U+7D4C 1864 1040 104 99 U+662F 1195 1012 120 112 U+3059 181 1996 54 111 U+547D 1190 1565 137 132 U+5A66 770 2486 107 123 U+3092 364 3086 73 110 U+308B 373 3553 83 100 U+79F0 541 1389 111 101 U+5171 550 2299 104 101 U+6797 332 2769 110 104 U+8A18 1431 986 95 73 U+9675 1875 2123 98 115 U+6851 127 1496 123 129 U+89B3 757 2109 132 116 U+5206 557 1007 97 98 U+865E 1190 1924 120 145 U+738B 2086 3799 97 76 U+5C71 352 2654 80 91 U+6562 557 3616 135 99 U+3066 364 2496 44 142 U+6851 1877 2771 90 129 U+6234 1209 3762 113 126 U+3044 1652 1358 78 68 U+3092 175 1764 64 103 U+8695 2282 1549 100 133 U+6851 974 1566 133 127 U+5177 976 1753 113 111 U+5949 352 3664 112 123 U+59CB 2081 2079 116 98 U+306B 343 1628 82 64 U+4F10 1183 2285 125 113 U+306F 1882 1246 86 102 U+7551 349 3000 94 79 U+5357 2092 3624 96 135 U+865E 333 2205 102 137 U+670D 563 3041 130 109 U+6771 995 3593 123 126 U+66F2 996 1946 88 99 U+7CF8 548 1583 97 98 U+308C 336 1828 117 108 U+9CF4 1207 2836 108 117 U+306A 173 3323 67 104 U+793C 1423 859 99 92 U+3092 1893 3665 70 70 U+63A1 1864 3037 109 121 U+52B9 542 1771 126 105 U+308A 2300 1826 63 91 U+7D66 1643 799 98 99 U+308B 174 3002 85 103 U+308A 180 3428 54 136 U+5176 1208 3399 119 119 U+3078 1633 1432 139 74 U+72A0 2071 1628 122 114 U+5973 754 1767 122 91 U+3066 2105 1222 41 112 U+52E7 761 3046 113 113 U+305B 158 2808 89 85 U+4E8B 787 3402 101 110 U+308A 1669 1497 53 110 U+6255 1203 3215 114 118 U+5A66 757 1568 114 153 U+60F0 564 3777 109 118 U+52DD 982 1008 102 99 U+897F 1874 2031 89 94 U+4F7F 777 2669 131 111 U+89AA 983 3406 132 104 U+306A 350 1726 66 95 U+3068 352 2358 85 136 U+4EE4 1441 1195 75 83 U+5EDF 562 2674 93 112 U+7FBD 1198 3598 125 121 U+91CE 338 2076 110 113 U+7BF7 997 2294 112 117 U+305B 157 1268 76 86 U+6BCB 758 1952 120 85 U+4E91 1445 1298 66 67 U+964D 980 1194 121 113 U+90CA 559 2501 98 96 U+6709 563 3418 101 107 U+8695 758 3225 122 122 U+3075 1633 901 102 96 U+67D8 1189 2668 122 96 U+3088 1673 1006 51 88 U+3066 179 1357 37 118 U+540E 984 2673 97 159 U+6BCB 1186 2124 132 90 U+3059 2103 2959 82 114 U+4E8B 178 3132 63 201 U+3055 383 3374 46 90 U+767B 776 3772 113 104 U+90F7 1000 3770 118 127 U+7981 761 1375 123 127 U+304B 392 3309 32 71 U+3069 386 3473 82 77 U+308A 1890 3156 58 140 U+304B 2125 3207 33 74 U+6BCB 568 3246 106 75 U+304B 1901 2590 37 72 U+6851 1199 2477 124 140 U+67D8 117 1656 124 91 U+3068 2127 3076 35 115 U+3089 1901 2661 32 93 U+306B 1901 1156 32 86 U+3057 1912 3753 17 151 U+7B50 990 2480 110 130 U+3089 200 2894 23 103 U+65E2 784 3605 98 110 seg_fp 547 1124 70 35 U+3057 1683 1097 29 144 seg_fp 647 2216 33 52 seg_fp 1285 2750 39 67 seg_fp 1080 1851 30 51 seg_fp 1263 2598 28 46 seg_fp 641 2772 37 48 seg_fp 1297 3516 32 40 seg_fp 1193 2231 78 44 seg_fp 544 1513 71 34 seg_fp 1096 3334 30 31 seg_fp 665 3500 40 26 seg_fp 659 3316 47 25 seg_fp 565 3543 42 23 seg_fp 565 3358 64 32 seg_fp 1302 2394 31 79 seg_fp 1076 3854 41 52 seg_fp 668 3713 36 28 seg_fp 664 3144 38 28 seg_fp 814 3526 29 56 seg_fp 1066 1284 47 26 seg_fp 1303 1106 28 32,200021660-00012_1
U+9593 1141 1433 93 98 U+8695 1133 1209 100 122 U+306E 937 2041 76 83 U+306F 1147 1541 84 101 U+4EBA 914 1924 130 114 U+3092 512 1032 88 116 U+7981 1148 2023 97 139 U+5A66 919 1786 105 133 U+9CE5 2225 1009 64 133 U+306E 2024 1846 76 81 U+306B 512 2926 100 82 U+306B 1793 3083 101 90 U+306E 1143 1355 81 60 U+3060 1792 2047 110 82 U+306B 2022 2060 84 74 U+4E8B 1576 1208 84 181 U+98FC 1361 3086 103 104 U+308B 2233 2769 102 103 U+3064 1154 2868 88 124 U+9CE5 2023 1538 72 126 U+5973 1138 1815 110 87 U+3081 1150 2336 89 126 U+65E9 2009 2581 91 136 U+52B1 307 1051 115 102 U+306F 1583 2987 90 124 U+696D 931 2629 95 148 U+68DA 2008 3785 102 88 U+3092 2023 3090 80 93 U+3092 1371 2939 100 125 U+53C8 1354 3785 131 98 U+83CA 2224 1355 85 135 U+306E 2226 2435 114 98 U+6589 1359 1188 103 147 U+3092 517 2051 100 107 U+304F 1814 2918 52 142 U+306E 1577 3381 126 108 U+7E54 2230 3216 112 128 U+3031 527 1242 74 175 U+306E 516 1178 74 66 U+6A39 2017 1929 116 111 U+304F 2029 2744 49 141 U+306B 2222 1271 90 71 U+51FA 2450 2408 91 92 U+3092 1161 1910 74 104 U+505C 1160 3525 96 158 U+629C 715 1680 109 123 U+306E 2439 2286 102 118 U+7F6E 2020 3205 80 134 U+6B64 2227 2201 111 100 U+6240 2012 3464 94 145 U+3031 539 2732 50 169 U+3092 1161 2725 73 121 U+3078 502 2358 146 61 U+990A 1133 1022 81 161 U+3066 725 1410 75 94 U+3032 965 3221 57 181 U+3066 1372 2668 84 105 U+677E 1784 1463 107 104 U+8695 1354 2806 119 125 U+7FBD 2230 2550 96 91 U+306E 1805 2547 86 81 U+3061 2459 2862 62 115 U+306E 1800 2302 111 120 U+8CDE 508 3027 95 170 U+3067 935 2932 103 117 U+3054 2011 1015 98 85 U+3068 2236 1902 73 111 U+3042 1792 1017 83 104 U+84CB 1786 1587 104 122 U+7D66 1361 1490 89 118 U+7CA7 1138 2479 108 140 U+307F 1351 1739 98 109 U+7528 1796 3190 84 108 U+3058 540 3196 51 222 U+6F54 1349 1028 104 124 U+9CE5 2252 2305 67 136 U+624B 742 1524 62 126 U+308B 2452 2512 83 114 U+4FD7 2211 1158 95 102 U+81F3 2441 1824 85 105 U+3070 736 3103 91 139 U+8695 2444 2163 95 124 U+306B 2441 1716 82 83 U+8695 2010 2925 113 130 U+3064 2434 1368 86 118 U+5176 917 1265 92 129 U+306B 2453 2638 74 85 U+306B 723 2266 104 78 U+304D 2229 1806 80 95 U+3044 1559 1017 93 71 U+7E6D 721 2574 93 160 U+308C 910 1144 90 107 U+624B 942 2474 67 132 U+85A6 1790 1717 96 138 U+5E73 914 1541 104 106 U+5176 2006 1404 93 130 U+5A66 1132 1672 109 135 U+308C 1790 2773 103 137 U+52DD 2443 3565 99 108 U+6642 2436 1485 95 109 U+3072 1784 1208 92 115 U+5929 1587 3141 98 112 U+3065 1363 1842 95 87 U+7BC0 2436 1599 78 113 U+305B 1145 3799 88 75 U+52B9 508 2196 124 117 U+308A 1395 3658 46 112 U+3068 1808 3761 77 126 U+3072 1154 2622 93 90 U+306F 1801 1326 56 111 U+6851 2015 1685 96 133 U+5B50 1601 3278 67 96 U+306A 1569 1409 84 111 U+3092 2440 1133 70 104 U+540E 1588 3512 80 106 U+4F59 919 1411 89 105 U+3075 1553 1095 109 102 U+307E 2448 3226 86 104 U+3084 1799 2139 90 78 U+7FFC 2432 993 96 137 U+7CF8 726 3268 110 131 U+3092 744 3414 71 116 U+6234 2440 3440 104 130 U+3070 2021 2426 102 125 U+3081 753 3780 77 87 U+3082 1590 1693 63 107 U+305B 1791 3491 93 98 U+3092 951 3764 85 114 U+3059 940 2136 58 115 U+307E 949 2797 53 131 U+3075 2218 2092 100 95 U+306A 721 2857 88 111 U+610F 1803 3331 77 132 U+3072 1372 1611 81 91 U+3092 2239 3557 79 68 U+3075 2431 3823 100 76 U+308A 1594 1523 46 152 U+3082 1176 3378 61 123 U+308C 738 2968 68 118 U+308C 947 3652 85 109 U+3066 1612 2356 42 152 U+5BBF 2023 2166 74 135 U+3084 712 2064 107 74 U+306A 1376 3538 72 118 U+306B 720 2738 88 85 U+3089 939 1021 43 127 U+304D 942 2328 55 117 U+751F 930 1657 65 107 U+304D 727 1945 98 120 U+7A0B 2440 2747 92 109 U+3057 1614 2047 25 185 U+304D 2246 3105 90 91 U+3092 1370 2268 92 125 U+3082 1606 2511 42 111 U+306A 734 1814 71 124 U+308C 2441 1931 84 112 U+304F 957 3408 63 132 U+306B 1582 2255 81 99 U+305B 1361 3206 85 77 U+85C1 1795 1867 89 161 U+3080 1581 2642 89 98 U+306A 334 1671 72 131 U+6851 1358 2111 103 149 U+30CF 2243 2888 72 64 U+3079 908 2254 142 76 U+3059 1599 3647 59 125 U+306E 2246 3460 69 72 U+3060 2226 1551 67 133 U+6B62 1158 3703 91 80 U+304F 2040 3352 33 98 U+308A 357 1806 44 166 U+308C 508 2568 104 143 U+3068 763 3546 48 91 U+898B 2254 3640 75 103 U+7D66 325 1398 94 134 U+3046 749 2135 42 125 U+3089 1396 1999 34 101 U+5176 492 1421 96 144 U+305D 1822 2653 53 120 U+307B 512 1742 99 121 U+309E 2248 1680 51 103 U+3057 355 1167 32 213 U+3070 2468 2042 58 92 U+3082 1830 2433 42 113 U+3057 551 1848 25 196 U+308B 1162 3078 94 108 U+3057 1390 1336 24 158 U+3057 755 2375 21 195 U+308B 2270 3749 39 68 U+3053 1589 1961 66 83 U+7D66 534 3421 72 102 U+304B 1387 1939 42 61 U+63A1 1362 2403 106 126 U+3076 714 1145 124 123 U+304B 2447 2989 87 71 U+304C 2267 3837 64 54 U+3089 1589 3770 50 125 U+304F 1163 2996 75 77 U+306E 2015 3624 81 137 U+3044 2224 1497 84 48 U+305D 538 2425 53 131 U+3082 2262 3350 39 106 U+3044 2456 3765 64 54 U+3046 2249 2654 45 118 U+306F 737 1027 47 115 U+308B 1812 1121 45 80 U+304D 740 1280 48 114 U+3044 2241 2024 69 57 U+3068 2477 3681 29 82 U+3073 527 3530 96 110 U+3088 1809 3594 53 117 U+3057 1184 2173 23 156 U+3068 2033 1102 38 104 U+3089 2036 2304 41 123 U+3046 1827 2211 36 106 U+308D 1573 1818 81 117 U+3075 315 1526 103 125 U+3057 2040 1202 28 195 U+3053 962 3566 48 63 U+3046 2455 1254 38 122 U+3044 505 1571 91 40 U+3075 1356 3408 101 114 U+3055 532 1641 44 84 U+7D66 1384 3296 62 99 U+305F 2467 3330 47 101 U+3057 758 3640 78 132 U+3066 531 3665 71 195 U+3057 1614 2812 32 173 U+308A 1388 2532 60 157 U+304B 1611 2742 41 71 U+3057 2487 3061 29 160 U+3057 2257 2956 39 151 seg_fp 1436 2778 22 24,200021660-00012_2
U+53D7 1284 1258 96 147 U+8695 401 3428 112 128 U+53C8 215 2852 107 122 U+5E2D 1057 2483 91 177 U+3092 852 1807 101 110 U+6642 1700 2182 103 96 U+3092 2345 2319 80 101 U+53C8 2326 1138 124 105 U+3070 2135 893 112 113 U+9152 636 1089 96 96 U+3065 1485 3390 110 111 U+8695 429 1643 101 127 U+9AEA 208 1552 107 137 U+306B 1278 3380 88 98 U+306E 839 1360 133 102 U+3092 224 1716 86 100 U+6642 1920 2492 97 125 U+5316 223 2105 101 93 U+5185 639 1783 80 113 U+6E29 2334 1633 106 114 U+4E95 1679 2765 127 137 U+7ADC 1699 2417 99 116 U+6BCD 395 3600 118 89 U+306E 1707 2543 80 71 U+53C8 1274 3112 105 102 U+96F2 1702 2629 93 133 U+307E 216 2980 106 116 U+5FA1 642 940 102 139 U+8695 1046 3497 99 126 U+306E 2334 2804 119 108 U+4F5C 1060 2814 91 104 U+306F 639 1926 90 110 U+6642 1065 1292 102 95 U+6C17 852 1628 71 159 U+5929 1271 2300 93 101 U+3084 1055 1696 104 91 U+8695 2339 2688 104 116 U+7CA7 213 2214 108 124 U+8695 2330 2044 105 119 U+4EF0 1694 1932 111 116 U+304F 1933 2931 60 171 U+751F 2345 2910 84 126 U+967D 843 1473 103 132 U+864E 1477 1345 107 119 U+3086 210 3108 91 94 U+967D 2340 1237 103 127 U+306E 1485 1474 111 93 U+8005 619 2823 93 119 U+8695 827 3527 111 124 U+671D 1268 929 104 107 U+5BFF 429 961 95 146 U+304B 408 2919 100 70 U+306E 642 2741 71 60 U+3064 2122 1611 91 116 U+6851 2117 2083 102 132 U+5BA4 1058 3642 80 127 U+53BB 2338 894 99 109 U+52E2 1273 2489 102 130 U+3092 651 1199 70 108 U+5165 831 946 130 73 U+3068 1704 1178 79 124 U+65E5 866 1274 55 80 U+98A8 434 2207 111 110 U+6771 2127 1006 95 131 U+5F62 1692 1803 105 100 U+6642 1487 1127 99 93 U+7E6D 836 2803 95 145 U+306B 2345 1757 85 69 U+306F 1714 2287 68 110 U+3072 1278 2631 96 82 U+306E 1279 2421 76 58 U+5BA4 2342 2182 85 127 U+3092 2128 3095 86 81 U+3064 1065 2200 82 142 U+5186 1493 2514 84 107 U+3092 431 2799 79 83 U+3092 432 1261 86 84 U+308C 866 1023 70 109 U+6367 628 1314 100 125 U+3092 2128 2227 95 105 U+304F 869 2653 37 133 U+3092 1289 2721 71 105 U+7528 2130 2822 79 108 U+3068 1067 926 85 125 U+6851 1905 1346 113 134 U+3092 1077 1971 64 101 U+306F 1923 1230 70 105 U+306F 1080 1402 60 103 U+767B 1259 2146 121 127 U+3068 838 2959 86 145 U+3092 1290 1142 87 97 U+898B 1705 1306 88 126 U+3057 1486 3299 88 85 U+306B 1493 1840 85 77 U+5BA4 435 1800 90 133 U+3066 2341 1515 77 90 U+304B 1279 3487 96 74 U+3066 2149 1362 42 141 U+5176 1696 1663 100 127 U+3092 1069 2664 71 110 U+308C 1277 3651 109 96 U+6E29 1050 3078 99 110 U+66F4 632 2053 119 159 U+305B 2138 2563 78 113 U+304E 436 1140 87 80 U+7B49 1706 3367 74 130 U+3092 2343 3231 99 122 U+8695 1907 3730 121 119 U+524D 1912 1111 104 111 U+5165 427 2466 120 92 U+3066 1494 2922 70 96 U+3066 627 3747 49 121 U+306B 1046 3788 91 74 U+67D4 2127 1927 86 146 U+3080 2123 3580 92 79 U+3073 1914 1597 104 110 U+53C8 392 3297 126 113 U+87C4 1681 904 124 137 U+795E 829 3692 101 166 U+7720 1907 893 120 113 U+304F 1716 1053 42 113 U+304B 206 3218 103 66 U+5DE3 1271 3218 87 137 U+308B 1061 3321 90 128 U+305F 1294 1655 70 148 U+5176 2118 2695 91 118 U+8EAB 1488 2259 88 125 U+304D 2122 1823 102 104 U+3061 1307 2019 55 110 U+3086 1915 2744 90 105 U+3061 2364 3455 57 106 U+6642 2334 3563 106 106 U+4F3C 1491 1944 89 91 U+671B 1713 3034 64 131 U+3082 644 3197 44 103 U+308C 2334 3772 122 84 U+304F 1927 1858 65 127 U+591C 1486 3047 98 116 U+3092 205 3788 86 75 U+67F4 1063 1530 93 145 U+3067 625 3078 88 96 U+65B9 2129 1154 79 113 U+3070 1296 1514 84 129 U+308A 2354 2551 58 104 U+5915 841 1156 86 113 U+8DEA 1488 1575 99 140 U+3092 1498 2393 63 99 U+5B58 1276 2843 95 122 U+3050 1729 2065 44 105 U+3066 1082 2348 43 121 U+307E 2126 3664 87 99 U+7D50 217 1841 97 132 U+5BB6 633 1613 93 158 U+4F0F 1480 924 111 94 U+306A 636 2208 71 129 U+85AA 1065 1805 93 151 U+3092 449 2332 67 106 U+306F 1504 1228 54 98 U+3068 1923 3108 74 123 U+306B 2126 1290 88 74 U+308A 1925 1000 64 100 U+306F 1930 2619 60 106 U+5C3D 847 2511 83 125 U+306A 426 1377 96 97 U+308A 1071 2949 55 110 U+63A1 2121 2342 104 117 U+308B 1061 1174 97 113 U+3059 455 1494 53 116 U+3061 1301 1803 60 112 U+306A 222 3532 72 85 U+3057 2113 1504 100 100 U+3082 1083 2102 47 103 U+308A 2356 1024 61 94 U+3075 855 1926 99 99 U+3082 419 3737 76 116 U+307E 2347 3345 87 107 U+306B 435 1949 81 88 U+306A 2128 1728 63 87 U+3059 1282 2967 87 143 U+3042 1914 2008 97 102 U+96A3 625 2583 96 134 U+3057 251 2627 28 214 U+3092 1713 2909 72 114 U+306A 2121 3199 90 91 U+4F5C 2338 2440 110 93 U+304F 242 3381 39 125 U+304F 1306 3548 43 98 U+3072 233 1978 90 96 U+308B 1942 2854 43 83 U+306A 845 3114 72 117 U+308A 1516 2126 41 138 U+3084 1915 3248 92 106 U+304E 864 2142 96 114 U+3058 247 1078 45 167 U+308B 2338 3041 86 135 U+308C 1295 1402 61 109 U+306A 1932 3495 53 108 U+308B 1943 2403 48 88 U+306F 227 958 53 121 U+3066 238 1378 41 155 U+308C 828 3239 95 144 U+306F 1505 3182 54 97 U+8FD1 628 2470 100 115 U+306B 1698 3275 80 83 U+65E2 849 2287 105 116 U+3086 426 2674 79 96 U+3078 1906 2213 120 90 U+3070 848 3383 59 111 U+304D 1928 1493 51 102 U+307E 642 2958 52 115 U+3081 207 1275 84 100 U+3080 1703 3170 88 100 U+308A 654 2334 45 140 U+308A 619 3632 65 112 U+306A 242 2365 64 108 U+306B 849 2405 85 77 U+3061 643 3438 59 90 U+8D77 1908 2300 103 103 U+306A 1073 3202 61 114 U+305F 247 3273 47 109 U+3088 636 3547 40 83 U+610F 2133 2948 75 125 U+81F3 2349 3669 75 102 U+305F 1517 2036 48 90 U+3086 1700 1450 84 89 U+307E 448 2529 50 144 U+308B 1507 1724 78 91 U+3059 1504 1021 48 104 U+306B 1493 2644 76 97 U+308B 1709 1545 91 98 U+30CF 431 3013 77 41 U+307E 1283 1916 80 99 U+3057 2367 1846 26 183 U+65E5 1300 1054 48 66 U+3057 1950 1698 27 161 U+3059 1076 1060 52 111 U+3072 1912 3605 91 101 U+3055 2146 3306 49 90 U+3082 459 2042 61 130 U+306A 1498 3588 57 100 U+3093 1279 3738 105 111 U+3057 1733 3507 20 175 U+305F 2143 3769 51 91 U+304B 1517 3511 32 77 U+3046 647 3326 34 116 U+305F 1933 2113 61 102 U+305B 854 2030 83 102 U+3069 247 2488 59 118 U+3057 2374 1390 20 127 U+304B 452 3066 36 78 U+306B 837 3812 49 64 U+308B 205 3696 101 80 U+3089 2161 2458 32 102 U+3057 2158 3390 26 171 U+304F 1717 3697 53 144 U+308A 1477 3690 79 162 U+3057 1957 3353 25 141 U+3052 647 1451 71 160 U+309D 2379 3166 21 54 U+3057 440 3140 39 158 seg_fp 231 3627 37 82 seg_fp 1520 2745 37 186,200021660-00014_1
U+4E8B 2350 2804 89 247 U+306E 2349 1551 91 74 U+4ECA 413 1369 149 143 U+8695 2144 2165 110 134 U+8695 1507 2181 102 123 U+5375 1070 2135 105 145 U+65E5 437 1252 90 78 U+5609 2138 848 140 160 U+516B 2132 1809 147 72 U+306E 2145 2060 88 67 U+6C34 862 1005 85 145 U+8695 2137 3120 110 124 U+7A2E 2329 2405 135 133 U+3007 1511 861 96 90 U+51FA 1719 2988 93 125 U+6C38 2142 678 123 138 U+73CD 2137 3000 121 117 U+795E 2333 1221 124 149 U+5375 640 2498 106 135 U+66F8 432 1088 121 143 U+306F 1087 1441 64 119 U+6F2C 851 2328 108 130 U+8695 623 3458 114 131 U+3092 1499 3035 92 80 U+304D 218 2379 103 125 U+73CD 640 1137 110 111 U+8695 851 2758 115 135 U+4E03 1284 2374 109 82 U+8695 1493 1156 114 119 U+53C8 402 3415 133 108 U+306B 1500 2687 99 73 U+306B 854 2226 92 83 U+306E 1059 2006 145 106 U+4E2D 859 2071 88 132 U+86A2 1484 1915 130 107 U+73CD 1500 2034 106 119 U+8695 1715 2182 113 119 U+53C8 198 2944 132 88 U+7523 1291 2082 96 175 U+884C 435 950 118 117 U+5375 1290 1801 106 114 U+67D8 1930 989 120 108 U+8695 219 1553 104 141 U+3007 1725 859 94 88 U+53C8 209 1955 128 108 U+8695 211 3745 110 127 U+6C34 846 1938 114 121 U+8695 647 1286 110 125 U+3007 1497 1798 97 92 U+9821 208 3058 112 117 U+65E5 2161 1191 86 74 U+86A2 1911 1931 134 106 U+6C38 2137 1315 148 140 U+662F 650 3015 84 126 U+3066 849 1833 81 101 U+5165 845 1176 132 83 U+8695 2345 2092 113 132 U+8695 1921 3141 117 121 U+73CD 1923 3019 111 107 U+5BD2 1492 979 139 124 U+611B 640 3284 95 151 U+3066 1305 1193 45 188 U+8695 1291 3094 113 138 U+9802 209 2089 110 122 U+56DB 1712 2888 106 72 U+306B 1070 2532 93 79 U+8695 1723 1168 112 118 U+73CD 1712 2050 115 104 U+77F3 203 3198 104 109 U+306B 1069 3069 89 68 U+73CD 1071 1154 109 113 U+8695 2344 1385 113 129 U+3092 1069 2304 105 80 U+7A2E 2130 1908 116 122 U+306E 636 1420 127 110 U+6570 2334 2236 129 137 U+4E94 424 819 116 88 U+5E76 2392 1945 87 110 U+8695 1937 1156 107 122 U+8695 1932 2164 104 125 U+4E16 420 1547 121 78 U+3092 640 2654 95 86 U+25CB 1945 860 93 91 U+306B 2146 1696 102 82 U+73CD 1071 1719 114 121 U+306F 1518 2320 69 108 U+3007 2142 2753 96 94 U+8695 220 3327 106 121 U+3042 2359 2561 87 144 U+3007 1928 2748 97 95 U+3066 1297 2986 75 89 U+FF2F 1716 2754 98 90 U+5609 2128 1498 129 164 U+3080 652 2911 90 95 U+8695 1067 1302 110 121 U+5EA6 416 3605 103 137 U+7523 645 2749 87 163 U+6708 1509 2556 75 119 U+8A18 2144 1047 135 115 U+86A2 2132 2878 130 101 U+4F5C 1494 3150 112 111 U+5EA6 436 1887 103 166 U+7523 1069 2631 87 174 U+8695 223 2516 83 135 U+305A 1297 3378 107 133 U+51FA 1505 3516 94 98 U+611B 1066 1003 123 142 U+767D 228 2235 71 146 U+306C 850 1373 116 96 U+7D19 1071 2405 122 112 U+3092 1292 1941 85 114 U+8695 1068 1868 115 129 U+5EA6 423 2483 106 158 U+6708 2209 3568 55 100 U+3007 1717 1801 98 95 U+695A 202 3582 125 143 U+3042 208 2678 105 113 U+751F 432 2647 75 128 U+4E09 1501 2456 105 78 U+7570 2337 1659 123 124 U+7F6E 857 2473 94 143 U+308C 1082 3247 81 120 U+306B 861 1602 93 83 U+56DB 418 3527 90 68 U+611B 1924 2871 116 147 U+8695 420 2996 102 131 U+86A2 1061 1586 131 108 U+3059 419 2776 99 105 U+69D8 850 1481 105 118 U+3042 2141 2321 98 121 U+51FA 857 3156 103 92 U+306B 438 1661 90 77 U+65E9 1290 1400 104 142 U+3092 646 3152 100 110 U+611B 1718 987 114 141 U+5165 1051 3154 136 102 U+4E09 438 1781 100 94 U+540D 2339 1800 106 118 U+8695 1702 3145 118 121 U+3007 1068 852 100 102 U+611B 637 983 108 139 U+6708 1791 2382 51 90 U+307E 1522 2788 49 122 U+305B 1062 2815 96 72 U+65E5 1311 2483 55 82 U+3064 1480 1311 66 71 U+518D 208 955 121 125 U+306B 840 3527 110 68 U+9045 850 2914 122 107 U+3092 1084 3515 74 118 U+304D 874 2613 50 117 U+751F 232 1182 64 129 U+308B 2383 2699 46 90 U+4E0A 1072 3396 89 102 U+86FE 638 1998 118 120 U+5A25 1485 3381 132 125 U+3007 645 847 97 97 U+96D1 410 663 141 118 U+5BD2 1708 1924 136 122 U+3092 1560 1675 64 59 U+3007 1933 1800 98 91 U+30DF 1316 2262 51 81 U+4FEF 413 3758 101 109 U+3042 425 3164 87 101 U+4FEF 424 2074 117 126 U+304F 883 3034 38 117 U+3042 225 1708 82 100 U+3086 1495 2915 88 92 U+751F 658 2113 77 147 U+3059 877 3606 53 102 U+3073 227 1081 97 89 U+308A 240 2788 45 136 U+4E5F 839 3786 135 82 U+3075 619 3768 116 102 U+308A 1314 3697 49 128 U+3064 1699 1460 62 67 U+672B 1778 2471 75 72 U+308B 2139 3606 41 60 U+5F35 1069 3646 103 111 U+6708 1774 3371 52 83 U+308B 872 3708 49 74 U+751F 1302 3250 74 126 U+308B 445 2877 42 80 U+307E 665 1528 47 130 U+3081 1301 2581 82 99 U+6708 1567 1386 51 76 U+662F 2202 3281 68 101 U+3092 1979 3676 66 60 U+3092 2130 3435 61 65 U+4E94 1984 3307 67 50 U+308A 2169 2439 51 138 U+81F3 1316 1005 88 182 U+306B 2203 3679 68 51 U+308A 453 3271 40 122 U+3064 1697 2438 61 64 U+308B 1492 1468 45 66 U+3086 637 1658 90 78 U+521D 1990 2470 74 68 U+5668 1065 2912 113 135 U+3046 880 3409 35 108 U+304F 1485 1396 58 66 U+4F5C 2120 3517 77 76 U+3086 1558 1618 61 59 U+6708 1992 3363 51 93 U+3078 1270 3647 119 52 U+308A 656 1858 56 138 U+306B 1781 2562 72 59 U+8695 1922 1584 74 82 U+3044 638 3693 78 71 U+6708 1795 1378 47 74 U+3084 844 3335 103 77 U+4E09 2203 3501 71 60 U+4E5D 1767 3308 73 56 U+3086 2121 3368 68 58 U+308A 216 1810 76 147 U+521D 1764 3487 72 65 U+3064 1916 3309 53 70 U+3089 878 1262 52 107 U+5341 1562 1312 68 64 U+4E03 1775 2319 63 53 U+308A 1086 3755 62 105 U+3044 1293 3593 76 48 U+3057 463 2196 27 209 U+6851 1920 1451 69 73 U+6309 1689 1299 83 80 U+30CF 2214 3395 39 82 U+6708 2006 2357 46 83 U+5C71 1923 1384 65 66 U+672B 1785 1456 70 84 U+4F5C 1999 1649 78 68 U+3068 1327 3485 31 95 U+516D 1784 1310 68 65 U+6309 1908 1297 91 83 U+3086 1978 3613 65 59 U+307E 1576 1545 34 77 U+305A 238 1315 75 105 U+306E 1927 1535 52 39 U+306B 1561 1487 69 49 U+6B5F 1930 1674 64 67 U+306B 1772 3578 60 57 U+308B 247 1421 39 91 U+308B 1713 2560 43 60 U+304F 1925 2479 54 56 U+6708 2005 1350 56 73 U+308B 1925 3441 39 81 U+3057 683 2255 32 215 U+4F5C 1780 1662 76 68 U+6B5F 1698 1701 65 55 U+304F 1700 2502 55 55 U+306B 1994 2551 70 48 U+308A 1526 3261 40 128 U+3064 1921 2432 57 40 U+3086 1918 2367 60 52 U+3088 664 1749 39 106 U+4E00 427 2425 101 19 U+3092 1694 3431 55 56 U+306B 1983 3471 66 63 U+307E 2143 3283 31 82 U+307E 1996 3543 29 71 U+306A 1709 1398 47 62 seg_fp 1527 3740 35 122 U+306A 1713 1579 49 55 U+3053 1715 1526 39 42 U+306B 1292 2687 96 95 U+304F 1921 3385 48 48 U+3086 1693 2379 62 54 U+308B 890 3250 43 84 U+3068 667 3606 33 87 U+56DB 2005 2306 51 44 U+3064 1694 3498 53 40 U+3057 1328 1567 14 214 U+308B 1937 2537 41 59 U+521D 2000 1433 71 64 U+56DB 2008 1301 63 45 U+308B 1526 3613 48 121 U+307E 1929 2303 35 66 U+3057 889 1690 28 141 U+308B 1703 3605 36 63 U+306B 2005 1502 66 38 U+304F 1698 3557 50 44 U+3086 2004 1604 56 43 U+3086 1781 1612 65 50 U+307E 1707 2313 33 68 U+307E 2017 1545 26 57 U+308B 1796 1725 30 36 U+307E 1794 1541 30 71 U+308B 2023 1713 27 39 U+3057 1342 2796 24 172 U+3086 1691 3367 54 51 U+308B 1721 1636 32 65 U+307E 1708 3308 23 56,200021660-00016_1
U+4E2D 2456 3539 73 136 U+3092 703 2223 88 81 U+5341 478 3504 94 121 U+3066 1570 3455 76 87 U+8695 2436 2711 106 115 U+6851 1786 3375 103 142 U+4E2D 918 2864 82 137 U+8695 2441 3185 107 118 U+8695 2445 3699 100 120 U+9B6F 1790 3206 104 156 U+306E 2009 3437 79 69 U+306E 1563 2478 117 117 U+65E5 925 2470 84 79 U+5C0F 1571 2372 105 87 U+93E5 2235 3393 97 161 U+79CB 2210 2212 116 114 U+4E08 238 2057 133 133 U+79E6 907 2706 122 142 U+5C0F 249 2184 107 85 U+306E 1364 2616 80 72 U+306E 1137 2494 127 117 U+6851 478 3254 95 150 U+5375 2300 700 86 104 U+30CF 1575 2784 85 51 U+8AA4 1359 2217 106 106 U+56FD 704 2799 92 107 U+5927 2007 3207 99 98 U+8695 257 3482 107 124 U+8695 2424 2239 120 123 U+306B 702 2932 88 73 U+5927 1791 2307 99 106 U+7070 2429 2455 103 113 U+8695 2231 3135 104 117 U+3066 474 2285 73 87 U+6851 1781 3004 115 150 U+6BCD 2431 3069 119 95 U+306E 906 3004 109 113 U+990A 1561 2059 97 179 U+679D 252 3244 114 123 U+3092 1364 3283 99 108 U+54C1 2000 3707 99 109 U+6851 1560 3233 102 134 U+306E 1791 2429 80 62 U+834A 1341 2974 111 152 U+5730 464 2400 116 116 U+82E5 1361 2053 89 144 U+679D 694 3454 93 123 U+8001 2218 2072 111 130 U+7570 1993 3538 106 125 U+736C 2221 3011 108 133 U+306F 269 2672 63 109 U+967D 915 2190 97 124 U+306B 2008 3099 92 73 U+8695 2231 2459 109 117 U+8584 1571 2850 94 143 U+8695 1786 2512 90 143 U+6851 1362 3123 85 146 U+834A 1764 2828 121 145 U+5927 488 3153 93 98 U+6C38 912 2576 111 111 U+8695 2003 2967 108 118 U+306E 2004 2203 112 111 U+79CB 2427 2930 115 110 U+51E1 2012 2826 112 105 U+672A 2235 2764 86 107 U+56FD 921 3403 94 106 U+675C 903 2066 118 111 U+5150 2430 2582 115 109 U+3092 1147 2188 90 78 U+4F59 477 3684 101 123 U+5C0F 1366 2506 98 88 U+306B 1575 3383 81 73 U+60A3 1150 2615 103 143 U+8001 2228 2876 111 122 U+6851 702 3038 88 153 U+8695 1573 2613 118 137 U+7CF8 692 2068 105 119 U+79CB 2434 3406 110 110 U+306E 743 916 75 66 U+7B49 2008 2066 89 127 U+5176 688 2653 100 113 U+5C0F 2003 3321 98 81 U+7F79 912 3263 113 119 U+91D1 913 3703 114 118 U+54C1 2014 2480 96 97 U+7DE8 908 2341 105 115 U+3081 876 1556 68 63 U+8179 1135 2057 103 105 U+8986 474 2676 89 177 U+3068 1145 3030 82 142 U+306B 263 3391 82 65 U+3092 484 2535 72 107 U+5F25 915 3131 103 113 U+3042 1375 3389 68 99 U+308A 488 2151 54 132 U+306E 263 2572 79 79 U+79CB 2221 2650 111 114 U+5176 257 3116 95 123 U+4E94 255 2811 104 79 U+306E 761 1470 92 69 U+5150 2236 3581 100 105 U+3042 1153 2779 78 119 U+3042 265 3626 76 83 U+306E 1308 1046 59 58 U+6700 1409 731 62 98 U+3042 2021 2585 80 99 U+30CF 491 3446 77 50 U+304D 1587 2997 60 114 U+5150 2227 2327 104 117 U+65E5 756 787 42 57 U+4E08 250 2986 122 128 U+9ED2 2433 2070 98 115 U+3073 705 3705 95 105 U+6570 2000 2328 139 126 U+548C 1556 3122 111 105 U+8695 1355 2715 113 136 U+516D 255 2893 99 86 U+516D 863 1402 77 76 U+3081 747 859 57 54 U+8CA2 659 2349 133 131 U+6642 1300 970 79 64 U+5F62 2006 711 97 78 U+521D 1395 836 80 72 U+306E 2170 710 63 62 U+306A 269 2294 71 96 U+3042 1788 2063 87 105 U+3059 724 2523 51 104 U+3081 2267 1434 55 51 U+308A 1820 2166 39 126 U+8695 2238 3705 103 122 U+3066 1393 2346 40 134 U+7834 1135 2280 114 115 U+308A 2042 2684 40 116 U+65E5 887 1487 45 58 U+516D 2253 1307 79 66 U+3042 705 3195 85 106 U+308A 1171 3318 43 138 U+308B 1173 2401 49 81 U+306B 1364 2857 81 93 U+306B 1800 3562 82 112 U+3075 1563 2239 105 114 U+5F62 2150 1470 82 80 U+3044 1142 3193 81 55 U+65E5 2275 1376 41 52 U+51FA 1305 804 65 64 U+4E09 740 707 67 61 U+308C 1364 3672 78 108 U+308A 290 3710 38 122 U+3066 1807 3679 66 149 seg_fp 1175 1042 83 74 U+751F 1408 917 58 82 U+78A7 906 3533 98 149 U+306E 2265 1493 57 50 U+306F 718 3612 39 95 U+30D0 1365 3792 98 54 U+308A 1177 2895 35 114 U+308C 1394 1004 82 73 U+3075 1341 3587 106 102 U+3078 1128 3256 113 60 U+5F62 744 1570 98 74 U+305F 1379 3489 52 94 U+3082 280 2466 41 103 U+5F62 733 994 82 68 U+308A 731 3304 39 124 U+308B 280 2391 41 64 U+3053 493 2064 47 83 U+3075 461 2855 102 118 U+990A 1571 3544 79 120 U+306F 1803 2685 61 121 seg_fp 1594 3655 54 74 U+3057 1338 865 17 94 U+3075 1570 3742 95 102 seg_fp 2721 3450 59 85,200021660-00016_2
U+5408 2219 1839 116 121 U+5BF8 1795 3298 95 118 U+4E2D 2015 2774 81 135 U+4E2D 1575 2776 86 153 U+795E 691 2444 104 144 U+9593 1114 1140 104 101 U+5E1D 2439 3187 88 162 U+306E 2445 2179 80 62 U+5176 2217 1567 93 126 U+304F 2245 2191 49 142 U+6696 2218 2358 103 125 U+767D 1159 2720 75 105 U+6D77 1362 2916 105 113 U+6C34 2014 2603 84 135 U+306E 2440 3360 101 92 U+6C34 1357 1942 89 135 U+706B 2435 1179 88 107 U+5DDD 2006 2380 98 113 U+8695 700 2625 102 104 U+306E 1800 2340 74 81 U+5999 2433 2060 97 92 U+8695 920 2499 108 127 U+8695 492 2789 104 121 U+5947 2429 1869 106 158 U+306E 2014 2508 84 74 U+8695 1370 3060 102 130 U+62C7 1120 1810 123 113 U+5730 2213 1716 121 111 U+5468 273 3358 91 122 U+53C8 891 1853 138 102 U+8695 2007 1808 115 144 U+3068 697 1000 85 131 U+3066 1580 2357 72 107 U+306B 2433 1306 90 81 U+6C99 1145 2569 103 111 U+306E 1110 1005 115 106 U+7E6D 264 2812 91 134 U+7570 264 894 86 137 U+5F10 259 1701 99 116 U+53C8 1988 1560 137 92 U+6625 1573 3295 110 141 U+3054 1799 2430 98 102 U+7CF8 2433 2274 99 119 U+3092 271 2976 83 94 U+8695 492 2467 105 129 U+306E 256 2002 100 108 U+3066 2439 1508 67 86 U+8695 1573 2489 103 132 U+306E 1567 1680 114 118 U+305A 2441 1757 89 103 U+4EBA 2420 1417 126 75 U+65E5 714 3114 75 72 U+756A 265 1827 93 152 U+6BCD 676 889 130 85 U+80A1 1781 2200 133 116 U+77F3 1993 1675 99 100 U+662F 256 1423 104 125 U+3058 737 1575 47 181 U+306E 1992 1019 117 116 U+6CE5 1573 1557 122 107 U+306B 1124 1258 86 78 U+3066 921 2368 85 105 U+306F 268 1570 71 108 U+71B1 479 2607 114 146 U+98DB 1358 2388 109 117 U+5176 1568 2635 91 129 U+8272 1566 1402 97 124 U+3068 1792 2552 93 124 U+6307 1129 1952 103 116 U+8001 688 1164 107 124 U+306B 2019 2939 93 79 U+3064 1793 1750 90 103 U+306E 922 3437 83 75 U+53C8 696 3008 120 87 U+8695 1991 883 124 129 U+5C2D 2434 3027 99 141 U+304F 1161 2261 44 132 U+6216 471 2043 109 128 U+8695 474 1541 105 125 U+985E 2006 1140 87 130 U+732E 2210 1300 110 111 U+8695 258 2130 110 124 U+5F97 909 1234 112 122 U+3092 1365 2249 90 109 U+3042 2017 1967 83 96 U+306E 1145 2095 82 61 U+306E 497 3783 84 63 U+9577 1787 2923 99 130 U+8986 1561 987 86 161 U+540D 254 1034 97 113 U+3092 703 1307 70 120 U+306B 2227 2502 88 70 U+306B 1573 2051 95 87 U+3066 1353 1019 68 98 U+306B 1574 2957 91 72 U+53C8 1352 2800 96 89 U+540C 704 1469 84 90 U+751F 1791 868 68 128 U+7C89 1145 2848 103 120 U+91F5 1777 2073 136 103 U+53C8 465 1255 127 97 U+305A 1128 1498 91 148 U+305A 1789 998 87 150 U+6FE1 2426 870 100 128 U+662F 497 3225 82 116 U+5982 1573 1822 102 77 U+590F 494 3498 87 142 U+96EA 2237 3729 93 111 U+548C 2224 2855 106 120 U+7686 501 3353 75 120 U+3092 911 1108 96 117 U+306E 905 1023 79 84 U+5176 1146 2418 91 115 U+5F62 1118 1674 111 101 U+539F 692 3209 103 125 U+3082 933 868 46 145 U+86FE 1346 1412 110 129 U+84CB 695 2059 100 150 U+751F 1131 1368 64 122 U+5C71 2005 2217 103 120 U+3066 2232 2737 73 93 U+308D 2239 2070 77 104 U+5C0F 1350 1144 96 81 U+6642 2440 3462 98 93 U+590F 476 1361 99 155 U+306A 721 2762 54 87 U+304F 1805 1588 44 132 U+3068 472 891 88 147 U+80CE 910 1978 102 103 U+5EFB 1374 2538 79 125 U+713C 2426 1615 109 110 U+306A 280 1162 65 114 U+304F 1597 1909 47 125 U+3053 2219 867 71 141 U+308B 1819 1952 46 88 U+304B 2224 1977 103 89 U+7FBD 1583 3619 92 97 U+308C 2198 1004 99 134 U+6D77 1365 3635 102 103 U+751F 936 2935 68 128 U+3080 2443 2666 89 94 U+3066 2031 3752 68 88 U+306B 270 2283 88 105 U+4F5C 263 3110 103 113 U+305A 2438 1004 89 158 U+4E0A 1358 2114 86 104 U+3042 1583 3053 78 104 U+306E 1371 3762 79 70 U+3086 1782 1290 90 118 U+306E 1158 2995 75 58 U+5CA9 1110 859 96 134 U+518D 260 2541 100 129 U+3092 2224 1159 60 121 U+751F 1595 3718 62 116 U+5176 1553 1267 98 124 U+751F 932 2111 63 101 U+8695 496 3652 88 104 U+5357 1370 3481 87 130 U+58F1 1807 3155 59 121 U+3075 478 3109 103 101 U+308B 1393 2668 47 99 U+306A 2024 1287 65 102 U+306B 2038 3448 74 75 U+6597 1809 3441 70 140 U+8695 714 3732 101 111 U+771F 1137 3441 100 150 U+304F 1800 1872 72 81 U+5176 1789 3598 95 111 U+308A 725 2850 39 140 U+308A 1397 3317 41 144 U+30B5 1819 3059 56 81 U+3092 1551 871 97 83 U+308A 2040 2059 45 132 U+793C 260 3532 117 142 U+8EAB 1793 3730 98 105 U+306A 2450 2411 63 111 U+6D77 2434 3583 106 121 U+306A 1368 1671 63 108 U+308C 2235 3510 100 91 U+3057 952 1599 25 214 U+305A 2239 1425 57 126 U+308A 2456 2520 49 121 U+304B 2262 3085 39 68 U+308A 2035 1387 45 142 U+3066 2021 3174 67 116 U+6669 711 3606 98 104 U+3092 720 3504 76 81 U+307E 1803 1158 45 130 U+5982 1134 2181 102 65 U+306B 933 2655 79 96 U+6709 2017 3031 75 142 U+591A 1778 1437 74 161 U+308A 1380 1777 42 144 U+3042 1377 3203 73 118 U+305F 933 1456 58 109 U+3082 2262 3608 45 106 U+308B 303 3222 38 89 U+3046 727 1772 31 117 U+306A 1159 3622 64 106 U+3059 719 1917 49 128 U+9B4F 470 2344 121 107 U+3066 289 2387 40 132 U+308A 290 1272 39 138 U+3066 949 2755 42 157 U+590F 1576 3463 98 135 U+3075 464 1123 108 119 U+3073 268 2671 88 106 U+3057 727 2230 26 172 U+8695 707 3367 96 110 U+304D 2029 3647 89 91 U+3082 949 3304 44 127 U+3057 1610 2153 21 207 U+306A 2250 3168 65 121 U+306F 492 2172 63 126 U+308B 1169 3733 46 87 U+3057 1830 2687 19 223 U+308A 2256 3285 51 130 U+304D 1372 1263 47 119 U+77F3 2015 3324 93 100 U+3075 1556 1152 88 99 U+308B 945 3061 48 99 U+4EBA 2427 3724 123 110 U+3075 468 1896 105 117 U+308A 934 3672 69 147 U+3057 2469 2845 27 147 U+308A 1609 3158 41 123 U+309D 959 3163 25 120 U+3044 484 1039 68 82 U+304B 2470 2779 32 69 U+304C 944 1374 62 82 U+3057 2261 2592 21 148 U+3057 1183 3205 27 191 U+3064 2035 3555 76 82 U+3057 1382 859 23 162 U+3089 2268 2977 34 89 U+306B 277 3746 83 78 U+3068 511 1691 31 106 U+3042 923 3549 82 112 U+3068 522 2936 31 89 U+3053 2254 3429 50 76 U+3044 492 1801 68 84 U+3068 1389 1535 32 109 U+3044 513 3053 52 48 U+3068 944 2240 38 118,200021660-00017_2
U+4E2D 1502 729 90 134 U+516B 1497 2205 101 67 U+86F9 1489 1121 109 109 U+5316 1274 1015 109 95 U+7E6D 644 1986 100 135 U+306E 190 1780 119 114 U+6728 201 1655 92 122 U+6642 2355 1792 94 103 U+672C 862 1551 82 135 U+5408 2358 2124 106 122 U+306E 434 3622 74 82 U+5375 2143 3444 103 131 U+4ECA 205 3440 124 153 U+4E03 1491 2100 91 78 U+3068 1278 862 90 125 U+306B 430 1033 93 95 U+767D 661 1862 75 105 U+6240 637 1632 102 136 U+5375 2147 1654 97 116 U+56FD 846 1430 108 97 U+671D 847 1698 106 122 U+306B 2151 1332 88 82 U+6309 840 859 117 103 U+53C8 1704 2921 115 87 U+4E16 202 3610 111 87 U+6B7B 1717 1543 110 105 U+5C02 639 862 102 162 U+5C3F 2140 733 119 119 U+671D 2343 942 106 117 U+3092 1503 2383 85 75 U+8695 853 2054 109 128 U+53C8 628 3295 114 84 U+5F10 1502 2932 97 112 U+304F 220 2483 52 113 U+8695 195 1907 106 131 U+662F 1288 1972 88 132 U+6642 2355 1194 101 87 U+4E94 1711 1078 103 73 U+306E 646 1783 80 62 U+306B 1507 1375 78 77 U+304C 1491 1746 121 103 U+3059 2148 2566 91 104 U+306E 1495 3339 109 109 U+4E16 644 1044 100 84 U+86FE 1491 1249 114 119 U+51E1 2146 3324 103 96 U+4E94 1931 815 88 66 U+3066 2354 2484 78 90 U+7D19 2140 1199 120 128 U+8349 632 3519 102 141 U+3092 439 2453 78 119 U+7570 853 1287 86 130 U+3092 2156 868 82 104 U+3092 2149 3577 81 96 U+4E0B 448 3489 67 105 U+306B 217 3336 85 75 U+670D 190 864 113 114 U+306E 1715 3806 83 70 U+7523 2150 1921 82 156 U+306E 848 2201 116 108 U+3092 432 1929 86 76 U+3068 205 995 82 118 U+62FE 1918 886 97 103 U+5929 435 3363 110 101 U+6851 194 1494 106 141 U+306E 202 2060 80 62 U+6545 206 3201 103 115 U+306E 2153 1435 77 97 U+8695 428 1274 105 128 U+308C 856 3265 105 93 U+6597 1511 3185 74 143 U+7CF8 425 2312 104 126 U+5316 1495 1481 113 90 U+3057 201 2382 98 85 U+304F 452 2726 39 132 U+5F15 2355 2598 91 119 U+305B 2145 1080 88 99 U+7A2E 2136 2203 107 118 U+3066 1742 2486 42 138 U+86FE 1279 3745 118 140 U+8863 423 3735 102 126 U+56E0 1991 1624 66 86 U+306B 205 2270 77 79 U+3057 854 3103 101 85 U+990A 632 1386 90 155 U+306A 1508 901 75 107 U+96CC 1706 1788 119 122 U+7CF8 1062 992 111 117 U+52DD 645 2401 114 119 U+65E5 1737 1157 57 76 U+7FBD 2150 2947 90 98 U+3066 1497 2598 80 85 U+4E94 2364 1071 94 65 U+306B 1076 1138 85 72 U+86FE 2138 2690 123 127 U+7C92 1925 1001 102 111 U+3066 431 1635 65 96 U+96C4 1706 723 118 117 U+7686 435 1125 88 115 U+6B7B 1716 2642 112 114 U+8449 413 1748 114 151 U+56FD 1358 2337 64 82 U+7CF8 192 2144 111 112 U+51FA 1277 1759 104 103 U+5410 420 2601 106 102 U+866B 1284 725 72 105 U+3092 1289 2129 92 82 U+305B 2141 1533 90 92 U+5F53 852 3589 98 141 U+56DB 1723 992 80 67 U+7523 1931 1122 93 135 U+306E 643 3801 73 70 U+6728 637 3665 103 116 U+9577 1495 2703 102 132 U+7F6E 2367 2349 76 119 U+56DB 1929 734 83 70 U+7A2E 843 2327 105 112 U+7D4C 1500 2476 88 112 U+591A 853 2734 80 164 U+8449 428 865 87 139 U+65E5 1741 2248 54 83 U+305B 2150 2094 76 81 U+5F31 1711 3024 99 110 U+663C 2371 1529 63 115 U+305B 2354 2255 86 76 U+305B 2357 826 79 92 U+306A 215 2889 87 78 U+751A 853 2582 106 138 U+53D6 1069 1240 99 99 U+5F10 2137 3682 100 98 U+8AF8 636 3395 94 103 U+6210 1495 3760 112 118 U+4E16 844 3764 101 89 U+55B0 433 2030 95 148 U+30CF 2357 1671 106 61 U+65E5 1520 2285 51 70 U+3059 1076 828 90 139 U+3057 1536 1582 24 167 U+3086 1283 1420 87 88 U+306A 635 2986 91 83 U+307E 2375 1897 43 114 U+5C45 1707 2357 104 126 U+3042 437 1418 80 100 U+308D 1255 2481 61 72 U+308B 1304 1862 55 91 U+6771 1352 2229 69 86 U+3059 1731 1667 57 105 U+308A 1299 1619 45 117 U+53C8 1249 2771 90 66 U+58F1 2153 2808 67 125 U+3066 2384 3516 36 129 U+306E 638 2880 77 87 U+7DBF 1066 1851 111 116 U+306A 1082 2095 71 130 U+771F 1078 1728 82 119 U+3057 243 2982 26 214 U+6368 2346 3388 99 120 U+306F 220 1372 60 102 U+307E 1303 1303 46 113 U+3057 1312 1107 23 175 U+3075 1247 2694 79 66 U+3067 2360 2008 87 98 U+3059 1076 2233 81 170 U+306B 849 1181 89 87 U+3092 2155 1796 76 113 U+3072 427 2182 91 108 U+6B69 1514 3051 75 122 U+3055 2377 730 52 91 U+306A 2147 2450 89 96 U+96C4 2345 3145 105 110 U+306B 1249 2244 60 62 U+3082 225 2615 48 129 U+3066 1737 1378 44 148 U+9EC4 1508 3449 80 138 U+4E09 1714 2147 94 82 U+306B 2155 3063 86 88 U+3082 448 3225 54 109 U+3057 890 2878 24 208 U+308A 1961 1516 48 96 U+308A 2375 1389 46 134 U+8695 649 2145 110 146 U+306F 2369 2732 44 108 U+4E2D 1355 3113 64 96 U+3057 666 3069 21 196 U+308A 1100 2544 45 152 U+3066 1248 2305 58 59 U+56FD 1352 3217 67 79 U+306A 218 1128 68 118 U+904E 1704 1252 105 118 U+305F 1097 1451 55 104 U+307F 1888 1706 82 72 U+7136 422 2883 112 121 U+3075 632 1542 103 89 U+4E0A 217 3716 75 86 U+306A 2351 2844 86 101 U+3092 2010 2608 62 91 U+3066 1906 2044 48 82 U+985E 851 2458 91 125 U+306E 195 2746 125 123 U+306F 1296 3629 65 97 U+308C 642 2554 99 105 U+308C 425 3005 113 111 U+672C 1995 1802 64 93 U+306B 642 1266 88 93 U+3082 669 2765 39 114 U+51FA 1064 722 97 97 U+306B 647 2297 87 91 U+3086 1708 3693 89 92 U+306E 1894 2424 80 70 U+5A5A 1984 1995 87 91 U+3057 1897 2131 73 61 U+308B 1520 1014 41 80 U+30CB 1993 1727 55 51 U+3059 1733 2766 58 128 U+30C4 2389 1135 48 55 U+3082 871 1915 54 114 U+3068 1942 1269 79 123 U+306C 1904 3575 62 59 U+3086 1287 3517 89 94 U+306E 2006 2448 63 52 U+671D 1988 1903 80 87 U+3082 881 3454 44 108 U+4E8B 2011 2875 54 118 U+306F 1734 858 61 109 U+3059 1915 1627 42 74 U+306B 1352 2426 65 63 U+96CC 1993 2267 83 82 U+4E8C 1709 2061 114 58 U+308B 872 1093 45 82 U+306F 2370 3272 54 101 U+304F 1100 1554 39 138 U+3066 2175 3154 33 143 U+307E 1723 3569 49 123 U+307E 1304 3406 50 114 U+30C4 2384 1730 48 60 U+3044 1939 1415 83 44 U+7528 2006 2705 67 88 U+308B 206 1246 95 124 U+6B5F 1901 3029 70 74 U+96CC 2348 3661 104 95 U+306F 2376 3773 58 103 U+3057 2385 2954 18 181 U+30B5 1534 2832 49 71 U+8776 1997 2507 76 89 U+3055 2168 999 50 72 U+96C4 1997 2356 80 80 U+3088 1303 1523 38 96 U+304D 1901 2589 65 70 U+6B64 1287 3312 96 84 U+306E 1896 2975 58 44 U+767E 2135 3789 89 89 U+306B 205 3811 95 67 U+308B 674 2659 47 81 U+3088 2386 1288 31 98 U+305A 870 975 53 116 U+304D 1732 3153 50 113 U+3082 1913 2255 49 66 U+308A 452 1520 44 109 U+3068 1104 1980 37 98 U+4E0A 652 1161 79 98 U+8272 1511 3597 67 137 U+3064 2006 3654 62 109 U+304B 879 3199 36 64 U+3044 1262 2639 56 51 U+30CF 1255 2376 55 37 U+306A 1070 2430 90 109 U+307C 1267 2852 64 76 U+3084 1894 1778 70 50 U+3075 1346 3032 78 81 U+3053 1263 2419 43 55 U+3069 469 3120 56 108 U+3075 1246 2934 77 75 U+7336 1895 3117 70 74 U+306B 1896 1894 72 56 U+3059 1910 2811 43 74 U+304C 1105 1360 70 88 U+3046 1375 2657 31 80 U+8695 1711 3294 111 136 U+305F 1511 1846 69 103 U+80E4 1895 2335 88 79 U+3066 2025 3768 36 105 U+304F 1524 1950 35 119 U+3078 1930 1472 111 41 U+306B 2002 2209 66 51 U+305F 2020 3577 35 76 U+3079 1908 3650 75 46 U+3058 1379 2756 35 121 U+3068 1282 3011 31 78 U+795D 1889 2736 87 78 U+3068 889 1814 26 100 U+3082 1915 2897 28 74 U+306F 1727 1919 66 113 U+793C 1994 2119 81 68 U+3068 1274 2554 29 82 U+3066 1368 2495 36 100 U+5B50 2016 3061 53 73 U+308B 2024 2795 30 68 U+5C0B 1899 3451 66 107 U+4E8B 2010 3400 55 114 U+304B 1919 1841 29 49 U+3068 2177 2331 32 115 U+306F 1362 2611 62 40 U+8B58 1890 3207 84 80 U+30CF 2015 3022 51 28 U+3068 1375 2892 28 83 U+304B 1917 2202 36 39 U+3092 2000 3145 70 69 U+3092 1905 2667 56 60 U+3069 896 3357 32 105 U+3080 2013 3331 56 63 U+591A 1897 2491 73 97 U+3044 1362 2977 54 44 U+8005 1895 3291 70 78 U+7523 2005 3225 63 101 seg_fp 1251 3232 79 59 U+306B 1908 3374 55 59 U+3044 2009 3533 58 38 U+3057 1934 3699 18 189 U+306F 1719 3453 65 98 U+3044 1269 3120 52 59 U+3057 1925 1954 13 93,200021660-00019_1
U+990A 2433 2568 83 182 U+4E8B 2011 2114 88 236 U+91D1 1562 1880 128 126 U+306E 2434 1730 79 67 U+306E 1140 3245 87 68 U+3055 2432 829 93 117 U+6240 1119 1933 102 131 U+306E 457 1662 88 59 U+59EB 447 775 108 92 U+8272 1565 2030 105 109 U+305A 2225 2592 104 143 U+3068 1787 2735 89 131 U+7FA4 681 1272 106 130 U+4E2D 1791 1836 84 129 U+3066 914 2667 72 93 U+3075 1359 2336 108 92 U+306B 482 3073 83 82 U+53C8 675 998 118 90 U+540E 1335 1039 100 110 U+4E2D 918 2940 79 128 U+6240 690 1778 100 132 U+306E 1565 1433 85 64 U+4F1D 465 2580 96 124 U+306E 2225 986 89 107 U+53C8 227 1288 121 87 U+59AC 1346 2202 119 96 U+306E 2428 2937 105 115 U+540E 1788 3380 86 111 U+4EBA 1552 1313 116 109 U+3031 923 1757 63 188 U+306B 1124 2074 96 78 U+5E30 232 898 100 151 U+306E 691 2759 94 101 U+8695 2219 1119 109 120 U+4E0B 470 1867 79 112 U+3066 462 664 79 92 U+80B2 465 1017 72 142 U+5927 458 1440 104 95 U+5929 2000 1141 118 112 U+3092 470 891 77 99 U+7BC4 2427 3211 108 144 U+5929 1782 1424 110 107 U+3063 682 766 91 114 U+540E 1572 2608 95 100 U+6D77 242 2205 117 109 U+8B92 1348 3676 107 127 U+3058 1601 2909 57 151 U+5E30 245 1622 103 96 U+56FD 1787 1979 93 104 U+592B 1562 665 105 122 U+898F 2431 3076 114 111 U+3084 1148 3700 93 109 U+306B 1140 3014 92 75 U+306B 907 2316 95 69 U+65E7 910 2764 90 160 U+9DF9 680 1098 92 151 U+305B 905 3545 98 74 U+5149 1787 3593 98 106 U+3066 1573 3292 72 84 U+5177 1328 1414 116 129 U+5927 1352 3358 108 108 U+5929 1140 3116 109 103 U+7345 898 2068 115 121 U+4F59 2205 850 101 111 U+66F8 1765 791 98 149 U+5927 2004 1754 117 101 U+65E7 1782 1665 93 145 U+5F8C 1569 3397 102 105 U+306E 233 1511 95 99 U+3068 252 2564 88 114 U+8695 2442 2788 89 123 U+3066 913 1958 69 85 U+3092 251 1863 93 88 U+4F9B 468 3396 105 101 U+59EB 226 1392 114 96 U+306B 1152 3591 86 93 U+308B 238 1042 88 97 U+59EB 1548 1520 116 100 U+3080 1774 1062 101 101 U+591A 701 2496 73 143 U+3051 468 1259 86 106 U+6D41 253 3032 121 109 U+7345 1116 1165 112 111 U+308B 249 1737 98 102 U+3066 2435 2447 75 105 U+306B 1364 2879 94 84 U+6B64 457 1987 108 92 U+540E 231 1157 92 109 U+5BC6 473 2919 102 133 U+6B64 253 3516 94 80 U+59EB 1345 2622 111 98 U+3057 1130 2713 103 95 U+6642 698 2401 107 95 U+5CF6 251 2856 94 106 U+5B50 924 2200 79 91 U+4EBA 1555 804 117 94 U+3064 906 1002 89 117 U+5927 1787 2487 96 97 U+540E 1357 2058 91 112 U+85A8 1569 2747 102 161 U+3048 2431 2095 91 141 U+306B 1347 930 94 75 U+6709 902 665 81 139 U+7AFA 2001 1291 106 105 U+5B50 1137 1303 73 98 U+60AA 243 1963 92 133 U+8A00 1113 666 103 114 U+306F 2229 1272 69 110 U+6B64 1356 1956 98 84 U+6216 1767 669 111 126 U+7236 1353 3252 113 104 U+3061 2242 1928 58 104 U+7D66 1569 3069 91 123 U+5983 1334 1185 122 77 U+7570 1766 2359 119 107 U+7570 2000 1616 102 119 U+9716 1776 2202 104 134 U+5927 1571 3522 96 99 U+3066 2225 1674 70 105 U+306B 1783 2101 94 79 U+306B 2431 1199 88 79 U+773C 246 2339 92 96 U+3082 2241 1802 46 129 U+6240 2428 1567 94 146 U+4E91 1778 965 82 77 U+3092 1135 1057 78 97 U+5C71 255 2464 91 82 U+6765 701 3257 81 110 U+306A 907 1252 92 95 U+308B 1794 3024 96 109 U+3092 1358 1285 75 113 U+3066 1360 3136 75 93 U+6F01 249 3703 108 111 U+9716 2001 1437 100 139 U+7AFA 1783 1546 93 103 U+308B 1145 2895 93 106 U+3092 2446 1950 72 128 U+56FD 915 3081 94 121 U+306E 1992 1979 121 107 U+5C71 1132 1516 87 94 U+59EB 1115 959 101 85 U+3066 703 865 40 114 U+3092 1794 3508 69 79 U+52A0 1138 3330 104 77 U+81E3 473 1743 70 108 U+5C71 685 1415 97 94 U+738B 1351 3471 99 79 U+6CD5 2426 1824 98 128 U+3078 684 1932 108 45 U+6642 255 3608 92 78 U+307E 910 1483 71 128 U+5E30 914 3308 98 141 U+738B 1574 3640 85 78 U+53C8 1575 3736 92 76 U+306B 1363 3576 91 78 U+304F 1371 2967 74 82 U+90FD 235 664 100 125 U+305D 2457 3632 52 109 U+6B64 700 2311 92 86 U+3078 450 2709 132 66 U+3042 1557 1641 101 97 U+3057 1382 1563 24 154 U+304F 725 2631 37 111 U+3078 249 2983 113 45 U+3066 478 3744 81 80 U+738B 477 1551 58 82 U+543C 1117 1413 126 79 U+8B77 1140 3423 110 136 U+304F 928 1351 38 112 U+305F 1361 801 57 113 U+59EB 1562 2171 109 91 U+3059 2446 3488 89 110 U+6368 681 1989 104 99 U+7D66 1364 1740 74 100 U+3078 1772 2967 120 69 U+3057 939 1612 26 170 U+304B 2424 997 102 85 U+9DF9 699 2855 82 161 U+9065 461 2352 103 122 U+306E 2434 3746 85 68 U+5949 492 3506 61 111 U+305B 1126 2386 81 96 U+8089 700 3492 81 88 U+3044 1790 2896 84 68 U+6368 1108 2163 111 115 U+3092 1371 2749 68 104 U+306B 237 793 89 90 U+7D66 273 3322 62 85 U+65B0 1332 662 99 136 U+3042 2224 1421 82 107 U+3092 484 3286 87 98 U+884C 2433 1314 89 133 U+3051 918 826 60 67 U+3093 905 891 104 101 U+3042 1792 3154 78 93 U+3044 262 2694 69 55 U+738B 1784 2619 89 97 U+306B 920 3204 82 88 U+3052 2230 1530 86 150 U+3086 2220 2050 89 106 U+308A 703 3386 60 91 U+308A 1597 1733 46 120 U+306B 468 2483 84 90 U+3082 717 3139 43 100 U+306B 2216 2235 89 101 U+738B 2006 1885 89 71 U+3075 243 2756 96 91 U+7D66 705 2108 75 83 U+3088 702 664 48 103 U+30DF 489 1168 38 79 U+4E00 1557 1249 103 25 U+4E57 907 2413 94 139 U+3057 295 3143 22 159 U+3075 1563 2480 107 118 U+3093 2436 1085 83 95 U+3068 1609 2289 24 105 U+304F 1381 2500 52 105 U+3055 1151 2295 51 85 U+3057 1159 799 21 144 U+3075 1115 1814 103 116 U+3075 900 3711 105 105 U+308A 1810 3249 41 115 U+7D66 926 3628 68 77 U+3089 945 3453 37 89 U+305F 2222 2371 90 100 U+3075 1348 1836 102 115 U+304C 930 1188 68 63 U+7D66 1143 2506 76 84 U+3044 1132 1730 76 79 U+3069 729 3033 55 109 U+59EB 468 3169 100 105 U+3088 480 2090 55 100 U+308B 2242 2154 41 80 U+3075 673 1688 101 89 U+3075 1565 3186 94 96 U+3075 672 2202 113 107 U+30DF 270 2094 37 84 U+308B 483 1359 49 60 U+3068 719 1516 37 90 U+3075 250 3407 97 100 U+3068 2474 3376 23 104 U+3075 2422 1441 101 114 U+308A 933 2549 45 125 U+3075 1546 1110 111 103 U+5951 1790 3710 89 111 U+3057 502 2187 26 150 U+30DF 2457 2360 37 77 U+304B 1810 1175 37 73 U+3092 690 3593 83 73 U+805E 471 2766 80 147 U+3044 697 1626 66 58 U+3057 1812 1245 28 164 U+304B 1394 2441 34 69 U+304B 1161 2828 39 67 U+3075 1123 2602 106 112 U+30DF 1391 3050 34 72 U+3044 1584 2422 72 53 U+4F9B 696 3666 94 88 U+3068 1157 1623 31 103 U+3044 1563 1027 73 76 U+3089 2253 2479 36 105 U+3057 518 3631 17 115 U+3068 1590 913 30 108 U+309D 948 1108 31 76 U+3089 2469 2238 24 102,200021660-00019_2
U+6851 708 3318 89 132 U+5206 1361 2928 99 109 U+306B 2008 2333 101 84 U+5408 2442 2440 99 98 U+4E2D 1370 2439 79 121 U+3066 1567 3135 84 83 U+4E0B 1381 2579 65 112 U+8D64 700 2873 96 128 U+843D 2018 2547 88 133 U+7A2E 279 3001 118 105 U+53D6 2017 3130 94 86 U+306B 2011 2907 101 81 U+5730 2432 2336 105 90 U+7A2E 918 2650 96 104 U+6642 297 2783 96 93 U+7A2E 496 2457 86 107 U+306F 497 2356 84 82 U+306E 1140 3133 104 94 U+308B 1370 3054 80 101 U+98FC 292 2582 96 104 U+5730 914 3283 105 90 U+9AD8 1149 2336 69 118 U+7A2E 2006 2435 104 100 U+7D19 2013 2796 103 113 U+3092 2017 3498 86 77 U+5A25 1790 3217 105 124 U+5730 697 3109 108 104 U+8776 1556 2329 111 114 U+4ED5 1364 2837 100 83 U+306E 930 2761 72 68 U+60AA 2228 3000 93 106 U+306E 694 3219 105 105 U+4E0A 1375 2338 82 89 U+3068 1371 2706 77 116 U+7A2E 1144 3224 92 105 U+80FD 2006 3004 102 107 U+9855 697 2352 94 91 U+306E 506 3683 78 53 U+53C8 498 3274 103 90 U+86FE 2428 2961 110 123 U+80FD 2228 2757 92 115 U+308B 1798 2437 109 109 U+64B0 1564 3218 96 106 U+306E 2435 3065 78 69 U+8776 1352 3522 110 117 U+305A 2030 2679 76 99 U+6851 498 3744 93 115 U+80FD 2435 2553 88 93 U+5C11 297 3107 91 84 U+306A 715 2644 71 102 U+540D 1565 2893 87 109 U+306E 2431 3805 85 60 U+5730 491 3582 99 82 U+306F 1583 2447 58 103 U+306B 709 3479 76 75 U+3061 2250 2334 68 121 U+304D 2433 3484 86 93 U+306E 924 3384 87 62 U+304F 2258 2875 40 106 U+4E0B 1151 3441 76 92 U+8776 1137 3009 110 104 U+4ED8 2024 3236 75 96 U+5C24 936 2547 82 91 U+571F 506 3490 68 79 U+571F 719 3022 56 71 U+3072 2224 3402 88 82 U+7A2E 1357 3720 95 93 U+5176 918 3085 91 114 U+308A 1384 3261 45 126 U+7A2E 1788 2780 93 120 U+3057 2268 2558 23 196 U+7A2E 2422 3593 100 109 U+3092 298 3555 78 83 U+3066 314 2447 35 121 U+81ED 2228 3249 94 152 U+9ED2 282 3357 90 112 U+60AA 1146 2776 85 122 U+306B 1795 3140 90 73 U+3079 913 2343 119 47 U+53D6 1798 3030 88 107 U+4ED8 1587 3014 68 104 U+306A 2241 3494 60 100 U+3057 2444 2665 77 80 U+3057 954 2379 24 160 U+3070 1590 2560 61 99 U+3057 1798 2341 87 87 U+8272 925 2848 81 122 U+76F4 1147 3556 76 95 U+3057 1141 3748 94 70 U+64B0 1783 3450 100 96 U+306E 1371 3659 70 55 U+306A 1376 3167 64 90 U+306F 930 2978 63 94 U+80FD 1358 3408 86 101 U+306B 291 2346 81 99 U+7CBE 915 3462 97 117 U+3057 1828 2592 19 174 U+308A 731 2752 44 116 U+9ED2 498 3369 95 106 U+5C11 508 2569 85 95 U+306F 306 2875 58 107 U+3075 286 2684 95 95 U+990A 701 3679 91 141 U+307E 2452 2746 68 94 U+76F4 1145 2465 75 96 U+308A 2466 2840 38 115 U+308A 1162 2653 41 116 U+6C17 931 3584 80 96 U+3092 1812 3330 76 104 U+3068 1174 3667 35 78 U+304F 1597 2656 39 122 U+306A 1154 2563 57 89 U+3057 326 3201 26 137 U+5B50 2448 3705 62 81 U+5206 1788 3559 92 104 U+6700 2018 3597 68 120 U+60AA 1783 3670 92 110 U+304D 1155 2897 59 104 U+306F 1163 3332 58 91 U+8D64 495 2834 87 113 U+8776 1564 3637 102 114 U+571F 938 3202 56 70 U+51FA 1580 3334 88 89 U+3057 530 2664 24 151 U+304D 1783 3789 102 85 U+3092 1806 2899 73 120 U+30CF 1375 3826 70 40 U+305F 2453 3255 49 99 U+304D 2245 3125 57 111 U+3079 1793 2555 108 45 U+3078 694 3828 127 33 U+306F 2453 3149 44 103 U+3057 2046 3342 21 134 U+3066 733 3555 35 127 U+3057 1607 3430 21 166 U+306B 932 3804 76 70 U+304F 2248 3594 34 110 U+7A2E 910 3702 91 90 U+8272 508 2951 58 120 U+3068 1603 2785 27 95 U+6210 486 3158 104 109 U+5E2F 281 3657 91 114 U+30CF 714 2459 69 46 U+308B 1168 3820 49 51 U+3089 2461 3355 26 113 U+308B 724 2499 59 60 U+30DF 318 3500 30 43 U+309D 736 2563 23 69 U+3076 289 3793 95 71 seg_fp 2205 3721 113 149 U+3089 2277 2456 21 91 U+3068 524 3082 26 91 U+898B 703 755 61 82 U+3092 1584 3774 85 99 U+4E0A 2008 3726 80 61 U+3068 2036 3794 38 75 U+5206 717 847 49 68,200021660-00020_2
U+4E2D 859 1925 83 133 U+6240 864 2804 97 130 U+8695 2360 1591 102 124 U+8695 857 2182 96 123 U+3092 648 809 85 72 U+55B0 2356 1291 118 125 U+306E 1717 679 80 73 U+306E 864 1842 86 75 U+5208 1931 1135 98 120 U+7E6D 1719 868 90 126 U+7A2E 2360 2736 91 120 U+4E0A 1719 772 84 88 U+3059 1733 2885 91 105 U+5207 1500 686 100 76 U+6897 2356 2172 115 115 U+662F 647 680 88 113 U+306B 230 1712 86 80 U+3092 655 3230 83 78 U+541F 858 672 110 131 U+5E74 223 1165 83 156 U+306E 1292 1305 78 67 U+53C8 1932 1416 104 80 U+9EA6 1295 1074 84 128 U+306E 2359 1727 103 90 U+6854 2353 2053 104 103 U+306E 1932 2586 107 89 U+306E 1496 2406 112 90 U+5C11 231 2568 98 107 U+6216 1938 918 96 106 U+662F 646 3090 97 127 U+306B 2155 2111 80 77 U+3092 1294 1868 93 81 U+7A2E 2146 917 92 114 U+56FD 2159 1999 82 104 U+306B 862 2942 90 66 U+3063 1939 3119 88 106 U+4F5C 1927 688 118 98 U+7B2C 1086 3004 74 125 U+6216 1499 1312 108 124 U+306E 1068 3385 101 86 U+98FC 1942 2373 99 89 U+306E 1072 682 81 61 U+6851 1934 1245 91 145 U+306B 654 1046 84 74 U+53C8 1494 2925 125 85 U+7BED 848 3022 113 128 U+306F 2155 1384 64 102 U+306B 432 686 95 75 U+306B 860 2089 92 69 U+98EF 1290 1208 100 91 U+63C3 205 1588 108 97 U+306E 2363 1057 84 55 U+5927 436 1058 99 88 U+306B 1947 2150 85 76 U+86FE 1296 3299 114 121 U+7DBF 644 3708 100 123 U+3082 889 2625 41 101 U+65B9 1953 2466 64 105 U+6C42 432 3635 102 111 U+6851 2355 1132 93 138 U+7CF8 652 895 86 121 U+53C8 1500 774 108 80 U+86FE 1495 3012 123 105 U+4F5C 222 2098 100 105 U+6700 1730 2573 71 131 U+8272 1282 1387 94 109 U+5730 2354 921 120 104 U+7136 2144 694 106 117 U+5DDD 2149 2944 98 94 U+5834 2149 3246 102 118 U+7A2E 2360 1827 91 105 U+3092 1946 2892 77 103 U+51FA 231 3449 94 92 U+9762 2156 2507 95 88 U+3092 432 3562 88 68 U+8AF8 1062 1420 110 120 U+8695 1950 3733 100 105 U+306E 1514 3134 77 63 U+3068 1301 2733 89 106 U+304D 2157 2839 85 97 U+6027 1289 3003 96 102 U+306E 2145 1040 90 101 U+306B 1728 1010 71 89 U+3066 644 2994 77 89 U+5473 857 807 99 93 U+3082 1958 3012 48 107 U+771F 2363 691 94 119 U+7A2E 1715 3284 92 107 U+6B64 428 3259 93 77 U+7B4B 2157 3043 92 114 U+5176 1727 2985 86 124 U+3066 467 1434 36 134 U+6765 231 3539 85 125 U+6851 1937 1773 91 144 U+6642 649 1281 104 93 U+3092 1073 2286 85 79 U+6CD5 1940 2798 86 92 U+306B 1298 1507 78 74 U+3063 648 2918 84 82 U+751A 641 2380 108 117 U+53D6 1075 2371 96 95 U+306B 1071 1644 85 87 U+7CF8 644 2246 99 129 U+6B64 435 964 93 83 U+3066 231 1894 65 85 U+3066 2368 2642 77 86 U+305A 2147 1777 103 119 U+3075 648 1454 102 109 U+3084 1290 2891 109 98 U+3065 1307 2367 88 111 U+60AA 642 2509 101 113 U+30CF 657 1393 81 49 U+5730 2151 2398 101 100 U+7A2E 1714 2349 93 124 U+990A 1941 3340 86 160 U+306A 235 2687 79 116 U+3082 1955 1562 54 124 U+8272 2377 2281 76 131 U+3066 1293 2161 75 87 U+56FD 441 2171 92 118 U+306A 1947 1925 73 100 U+540D 1291 2258 89 107 U+3082 2176 2274 51 108 U+6027 1501 3200 98 94 U+3042 1501 2730 92 88 U+4E0D 231 1487 69 95 U+4E0A 233 1999 77 99 U+3081 439 3765 81 66 U+306A 1510 1869 76 105 U+7A2E 1503 1741 106 111 U+51FA 646 1992 95 94 U+672C 1948 2681 86 106 U+306B 2363 2864 91 75 U+308A 889 1400 46 102 U+308A 1949 803 62 101 U+4E09 869 2473 90 72 U+3092 1734 2477 75 85 U+3068 1074 1058 80 115 U+8695 226 1341 94 128 U+971C 2362 3074 84 138 U+64B0 1712 1793 101 111 U+8272 1497 2174 110 129 U+540D 1496 2607 89 115 U+307E 871 1529 65 120 U+53D6 438 1572 98 93 U+306F 2372 1938 66 106 U+5925 429 2924 98 137 U+3057 465 3067 24 174 U+9664 644 3316 98 126 U+591A 651 1720 73 149 U+4E5F 227 3750 125 86 U+4F55 2146 1903 101 88 U+7A2E 1493 1183 101 112 U+7570 1520 2492 70 106 U+3092 1728 1676 82 101 U+3072 1944 3512 93 82 U+5B9C 2161 2607 80 98 U+306F 1951 1014 61 109 U+306F 1520 1428 51 104 U+306E 1733 3220 68 50 U+7A2E 1064 3182 109 103 U+4E0A 1731 2703 70 78 U+571F 2365 811 98 94 U+4F3C 1296 1596 90 93 U+601D 1075 2732 90 109 U+6765 654 2086 88 156 U+3066 2161 2190 70 90 U+3069 1963 2032 61 108 U+8776 1709 1542 113 124 U+306B 443 1338 85 94 U+3059 246 2220 52 100 U+7A2E 424 3352 103 109 U+6B21 1728 3114 97 85 U+60AA 1508 3304 90 98 U+5834 1722 3487 88 110 U+3059 881 919 47 101 U+3066 675 3441 40 127 U+51FA 438 2603 90 87 U+306F 1306 955 57 105 U+3066 1096 1737 44 140 U+308B 455 862 49 87 U+3044 1073 1194 83 56 U+30CB 855 2328 109 59 U+3042 875 3675 78 75 U+767D 1324 3525 69 104 U+308A 456 2481 45 116 U+56FD 1072 1540 108 86 U+3070 2171 815 59 99 U+308B 1315 1783 45 72 U+308B 255 3664 45 74 U+6851 2156 3606 85 110 U+308A 1742 2067 56 119 U+306E 2151 3159 88 105 U+5927 865 3420 96 91 U+898B 2375 3693 75 89 U+308A 1536 2818 41 96 U+3057 1981 2214 23 139 U+5584 1080 3483 72 117 U+5B50 1089 3303 72 80 U+3086 1062 2186 97 86 U+308A 456 1684 66 106 U+304F 248 2807 48 125 U+3086 441 1236 90 86 U+3057 679 2627 24 182 U+306B 2369 2418 84 71 U+307E 1090 2084 51 104 U+304D 883 1075 54 101 U+30CF 1951 1520 70 39 U+4EBA 203 846 127 98 U+3066 1743 1103 36 148 seg_fp 228 2938 86 174 U+304D 1512 3548 87 78 U+304E 1946 1670 87 106 U+30C4 899 2394 42 64 U+3066 1967 3212 40 117 U+308D 1505 1637 80 96 U+304D 1302 3216 91 94 U+3068 447 786 65 75 U+308A 1529 1070 42 104 U+306F 241 934 58 87 U+3092 1743 3395 65 87 U+3086 849 1650 102 78 U+3086 222 3118 88 86 U+3063 1288 2083 99 72 U+7FCC 224 1028 89 137 U+306B 2146 1289 85 77 U+304F 683 1849 33 126 U+6240 2162 3376 82 103 U+8107 1724 3609 89 85 U+98EF 1312 3739 82 96 U+8272 2159 1155 69 128 U+7A2E 436 1962 87 113 U+5C11 2367 2962 89 94 U+30C4 893 2554 49 54 U+3057 2399 1431 20 140 U+308A 1082 1313 63 92 U+3057 469 1789 35 168 U+305F 1313 1688 59 96 U+3051 1306 2480 77 106 U+306A 875 1315 62 85 U+3075 2355 3213 91 67 U+51FA 1723 1262 90 88 U+3093 1075 2546 100 89 U+771F 654 3578 81 125 U+60AA 1078 3622 86 102 U+307E 461 1137 42 98 U+3088 464 2386 31 93 U+4E0A 1075 1887 79 88 U+30CF 2157 1651 76 56 U+5B50 447 3464 61 83 U+3057 2403 2506 23 134 U+3086 2371 3783 81 64 U+306F 1325 3412 52 99 U+304B 2141 1505 86 65 U+5B50 453 2074 66 86 U+3086 868 3597 83 60 U+3078 1056 1261 124 48 U+3068 1745 1993 57 70 U+4E00 861 2749 102 23 U+308B 241 2321 56 80 U+3092 2164 3734 90 104 U+3057 1758 2185 28 156 U+308B 671 1212 48 72 U+3068 1105 2633 33 88 U+306F 1516 853 56 96 U+3082 1318 1972 46 105 U+30CF 1084 2851 76 62 U+3068 1751 2804 29 84 U+3057 1333 2583 21 134 U+304F 2396 3592 35 93 U+309D 1539 2064 29 108 U+304D 1519 966 55 100 U+3057 892 3257 29 145 U+308B 453 2688 57 73 U+3044 1290 792 75 65 U+3068 672 1133 53 78 U+3088 674 2826 37 88 U+308A 878 3160 56 99 U+3075 1276 865 104 90 U+3092 1076 3733 96 107 U+3069 1534 1976 59 91 U+3079 848 1027 123 59 U+3057 692 1563 29 139 U+30C4 894 1779 52 51 U+304D 1335 3634 47 93 U+3057 253 680 19 163 U+3057 1106 882 27 155 U+308A 900 3746 39 94 U+3005 468 2291 30 85 U+3068 1314 681 29 104 U+3057 2378 3297 67 156 U+30DF 1759 1909 34 64 U+3057 1985 3586 17 130 U+3092 1519 3624 66 74 U+304F 251 3335 46 108 U+3057 260 1783 19 114 U+3057 1547 3417 19 130 U+307E 886 3495 43 79 U+3057 2185 2711 24 126 U+304F 1536 3758 44 91 U+304B 1331 2847 31 48 U+3005 1100 1980 33 93 U+4E00 1072 3154 106 21 U+3005 1536 2308 31 90 U+591A 222 3219 75 141 U+3070 1532 3703 72 58 U+3057 1761 1351 34 165 U+3088 1327 3112 31 95 U+30FD 1116 2921 27 63 U+4E00 861 1747 88 25 U+3054 1521 1551 76 75 U+3089 1105 2469 39 82 U+3064 1725 3755 84 86 seg_fp 2397 3505 32 90 U+4E0A 2169 3510 73 81 U+3089 2188 1705 16 84 U+3076 1724 3707 93 78 seg_fp 235 2399 61 60 U+309D 2181 1568 27 74 seg_fp 251 2460 38 98,200021660-00021_1
U+3082 2215 1143 51 112 U+306E 670 3146 114 96 U+8302 1987 1554 96 128 U+3092 1336 2536 79 77 U+5225 1105 690 103 123 U+8981 2187 3049 106 118 U+56FD 902 813 89 100 U+3066 686 1516 84 73 U+6851 476 1887 88 124 U+9B6F 1761 1507 102 144 U+306E 487 1817 71 70 U+662F 1324 2421 96 104 U+6851 682 688 99 128 U+4E2D 1780 979 77 116 U+4F5C 463 3473 101 104 U+685D 886 3752 109 111 U+3092 1552 704 80 113 U+306B 2200 927 84 95 U+767D 1987 2994 72 88 U+6728 1971 2679 93 114 U+306E 1982 2797 70 67 U+66F8 1535 2001 95 128 U+4E2D 904 689 80 116 U+5176 1330 700 94 121 U+690D 2404 1499 102 101 U+3042 1983 2406 73 95 U+8449 470 1704 93 107 U+4E8B 2417 1784 81 214 U+8A13 1107 2002 104 102 U+3092 483 895 86 78 U+65B0 685 1695 96 112 U+306E 465 2636 77 74 U+6771 694 1237 95 117 U+6851 1330 940 96 137 U+771F 895 1565 104 130 U+6728 2178 3584 85 114 U+719F 263 2527 102 128 U+5168 1540 1886 109 107 U+7530 702 1810 77 76 U+975E 1109 2391 95 98 U+6851 1106 3364 99 127 U+8695 2193 1258 105 121 U+6851 2412 1216 92 153 U+5B50 2416 1395 82 100 U+6851 899 1349 95 128 U+4E2D 273 1623 75 104 U+67D8 1523 3304 107 102 U+306B 1120 1358 89 70 U+80FD 1979 1438 86 112 U+306B 1340 1091 86 93 U+56FD 698 1357 83 95 U+3092 1772 894 97 98 U+8449 2163 3756 106 124 U+3066 1767 1320 88 75 U+830E 1752 2140 121 140 U+6851 457 3258 102 131 U+4FD7 1323 2237 102 102 U+51FA 476 2232 92 87 U+69D8 2404 1611 99 98 U+306F 709 1585 59 98 U+3066 1983 1119 72 86 U+3066 2221 1011 44 135 U+53C8 1114 2875 96 84 U+306B 1777 1253 96 72 U+7530 693 2356 79 71 U+56FD 2191 827 102 85 U+3093 2195 1621 96 113 U+3092 908 1476 89 92 U+3066 1756 2968 91 86 U+6851 1547 963 95 118 U+7269 1108 814 109 93 U+53C8 695 1156 107 79 U+6939 250 3656 111 110 U+6B64 1763 697 99 83 U+80A1 1757 2733 116 104 U+4F5C 2193 2452 113 87 U+3092 465 3394 78 74 U+6765 471 2322 87 137 U+834A 1533 825 105 137 U+6851 1757 1662 109 131 U+6851 262 1896 93 128 U+308B 1334 1734 98 115 U+9B6F 453 3108 94 147 U+601D 2188 1832 100 107 U+6851 2177 3379 96 135 U+5B9A 260 1354 107 115 U+6851 901 2521 87 119 U+809D 2190 2943 103 112 U+6709 1108 1435 89 122 U+306E 466 690 105 82 U+306B 1539 2141 93 73 U+83EF 1762 1103 92 155 U+5148 2195 2080 94 137 U+592A 1986 708 81 92 U+3064 1119 1633 80 101 U+524D 258 1798 99 96 U+6708 275 1526 70 105 U+3092 2194 1394 86 79 U+6851 1526 3167 100 136 U+306E 2174 3518 105 90 U+3092 2201 2369 82 76 U+306B 1327 2347 92 65 U+56FD 1118 2960 82 99 U+306F 1785 1397 59 99 U+306E 2417 1708 72 67 U+64B0 247 3029 109 104 U+7570 1107 3576 89 115 U+306E 909 2917 70 65 U+3066 890 3557 78 87 U+306A 1337 1641 67 94 U+3066 1973 2589 74 90 U+6851 2190 2217 88 139 U+8449 881 2058 107 140 U+5927 1328 1551 92 92 U+305B 687 1988 86 80 U+306F 266 695 71 103 U+6851 264 1027 92 134 U+3042 682 3444 87 76 U+6CA2 1975 2292 90 122 U+7A2E 250 3214 110 108 U+9B6F 890 1197 104 140 U+306B 1538 2809 87 84 U+306F 912 1091 62 93 U+304D 904 2303 85 86 U+751F 1983 3179 80 107 U+306B 907 910 76 75 U+306F 1547 3052 63 102 U+306B 1761 2648 91 79 U+5186 1998 1209 89 101 U+3075 1310 3157 105 88 U+80FD 261 804 89 118 U+591A 1772 3244 78 104 U+8272 681 2911 80 130 U+3075 686 1068 97 88 U+6CD5 464 3758 108 104 U+305F 903 3271 59 80 U+898B 275 1246 89 108 U+8449 892 2986 94 119 U+6851 1530 2907 97 134 U+6912 891 2822 124 90 U+80FD 259 2420 89 99 U+53C8 1764 2056 118 88 U+6851 1324 3245 87 131 U+5B9F 270 2093 68 121 U+834A 889 2388 95 135 U+5C11 1766 2289 105 77 U+3082 709 910 50 102 U+306F 1124 2279 65 101 U+3092 1771 3162 76 72 U+6709 1122 3774 54 100 U+9ED2 257 2226 90 106 U+306A 2208 3184 55 80 U+304E 699 2237 73 108 U+9762 1975 1988 100 98 U+3080 1775 3467 86 71 U+308A 910 3352 42 104 U+8449 1757 2504 93 124 U+540D 1100 3685 99 85 U+305B 680 2525 90 75 U+6700 1973 3633 81 114 U+306E 266 2029 73 63 U+3068 1123 1864 85 125 U+4E2D 1127 1237 76 113 U+7570 686 3219 73 112 U+4E0A 459 2917 75 95 U+696D 1526 1745 113 126 U+53C8 1525 2544 124 79 U+4ED5 457 3666 101 91 U+306E 1108 3509 81 63 U+306A 1135 914 55 80 U+306B 1973 2091 86 76 U+5149 1968 2176 96 125 U+60AA 481 1498 88 91 U+306F 274 3765 60 93 U+3092 904 2650 78 71 U+306E 275 1740 72 60 U+306E 1970 1925 86 57 U+4F3C 883 3202 95 76 U+5B50 1781 3062 70 90 U+91CE 1329 2628 77 116 U+306A 1133 2491 54 85 U+3079 2188 2601 118 68 U+7D9A 1535 3519 97 136 U+80FD 1971 3391 91 92 U+755C 2184 1487 98 138 U+304D 2220 2648 49 93 U+6851 1322 2751 101 127 U+5C71 894 3652 89 94 U+5B9F 490 774 70 112 U+308B 496 3580 43 73 U+3084 684 2081 90 72 U+4F3C 1330 1185 99 92 U+3066 919 987 54 121 U+540D 671 3332 87 107 U+51FA 1541 2228 95 80 U+308A 1564 2412 45 115 U+8449 1328 1398 85 143 U+4F55 2179 711 124 115 U+5C11 909 2209 85 85 U+8272 1983 2868 78 110 U+3072 1545 3661 83 93 U+304F 2008 1321 35 106 U+3092 269 2952 80 73 U+308A 2210 3265 42 117 U+304F 2002 3081 35 90 U+6851 1778 784 83 110 U+5B9F 1340 818 80 133 U+304D 283 919 53 100 U+306B 1984 910 78 78 U+308A 1149 994 35 117 U+3042 1328 2039 86 88 U+6709 1766 2844 75 124 U+306B 900 3116 66 74 U+304F 1788 3357 36 105 U+3075 1541 1253 95 80 U+304D 2003 803 46 93 U+3079 1109 2641 109 63 U+6851 901 1694 87 136 U+4E94 267 1472 93 62 U+305A 1134 2102 85 98 U+305F 275 2800 68 88 U+985E 1321 3538 86 109 U+3092 265 1172 83 65 U+7A2E 474 975 93 103 U+53D6 265 3398 86 93 U+3082 1348 2976 51 113 U+304D 500 1592 53 107 U+3066 1562 3756 44 125 U+308F 711 1896 42 88 U+306B 269 3320 82 70 U+306A 469 2711 73 96 U+53D6 478 1155 89 84 U+3068 1348 3391 39 87 U+304F 1785 2376 41 122 U+7ACB 1974 3291 89 96 U+3075 1756 1965 104 90 U+4E8B 2203 2745 66 191 U+5C71 902 2726 93 94 U+308B 1130 2204 49 66 U+306A 699 2607 67 101 U+3082 502 1404 50 86 U+30CF 2206 1947 67 59 U+3082 486 2537 48 97 U+306B 1114 3163 82 72 U+308A 708 3519 44 76 U+306E 1331 1955 83 75 U+3057 293 3518 22 144 U+308A 1995 1676 61 92 U+3057 1584 1422 28 170 U+3068 1567 3417 39 94 U+8449 1977 1776 88 132 U+4E0A 685 3673 76 75 U+3068 2219 1718 44 107 U+305F 1554 2312 66 92 U+306A 695 2156 80 81 U+3075 888 1977 99 85 U+8FB2 1531 1610 111 137 U+3066 1127 3237 45 122 U+308B 491 2454 43 83 U+3059 1782 3543 52 87 U+308B 1145 1558 41 67 U+53C8 685 3606 105 87 U+308B 285 2887 41 67 U+306B 696 1454 81 63 U+308A 1347 2126 51 107 U+308B 1132 2579 49 67 U+8AAC 1534 2703 97 104 U+3066 1362 1277 41 123 U+308F 709 2438 37 87 U+3066 1329 3778 36 99 U+4E5F 1956 3818 117 63 U+5C71 1118 1112 90 110 U+3068 1582 1098 35 90 U+3066 482 1338 69 65 U+3005 709 3047 31 90 U+3076 1752 3633 94 90 U+6851 1969 3481 89 138 U+6851 1750 3735 94 138 U+4E0A 1968 3742 77 74 U+3044 1333 3099 67 53 U+308B 2223 2540 39 66 U+308A 479 2808 51 108 U+30CF 2188 3717 57 36 U+3044 702 1021 72 42 U+306B 1331 3650 65 68 U+304F 289 2334 34 80 U+306B 486 1081 78 72 U+3057 1144 2678 25 186 U+3044 1563 1204 64 44 U+3068 1357 2886 28 92 U+3088 1579 1335 34 86 U+3057 302 2653 18 150 U+3057 1373 3712 22 127 U+3052 1124 1733 85 130 U+30DF 293 3135 36 79 U+3068 1802 1806 34 88 U+309D 710 2789 33 106 U+3005 487 3014 30 85 U+308A 2001 2502 34 89 U+308A 502 1238 51 93 U+3044 1782 1896 63 64 U+304F 497 2125 40 114 U+30FD 2226 2007 31 68 U+3005 1143 3057 28 91 U+3057 2022 986 27 124 U+3068 729 817 20 94 U+4E00 1322 3502 92 21 U+3044 907 1919 66 50 U+3079 258 3491 99 35 U+3068 920 3469 21 83 U+3082 1355 1837 41 103 U+6851 674 3759 93 104 U+4E00 1533 2650 94 19 U+591A 474 2023 70 112 U+3069 721 2712 42 79 U+3068 928 1821 28 101,200021660-00023_1
U+8015 241 2607 122 162 U+306E 454 2634 77 73 U+9B6F 1725 686 115 150 U+306B 1105 2041 98 92 U+306E 1745 2881 74 76 U+6851 1738 845 103 121 U+4E8B 667 2115 85 230 U+6728 452 2499 89 119 U+6642 2387 780 106 92 U+306E 1315 1482 83 69 U+306E 1959 2847 73 69 U+306E 1761 1560 80 79 U+306E 1966 692 78 64 U+76AE 1972 758 81 113 U+5E74 1751 2284 91 161 U+5F7C 1731 2658 103 110 U+6597 2176 2276 77 139 U+672C 1527 2600 98 133 U+4EBA 2158 944 125 82 U+8449 1092 1881 96 146 U+6728 448 990 95 118 U+3092 1752 2025 91 100 U+7530 1531 972 89 87 U+5730 1728 3124 117 107 U+3066 228 3772 96 80 U+3066 1530 773 80 87 U+771F 1091 687 107 137 U+4E8B 1093 3698 88 150 U+6B64 2384 690 102 81 U+306E 1085 3101 93 69 U+3064 1098 2731 85 109 U+5165 864 1242 120 78 U+3092 1736 3781 91 70 U+8449 1296 1556 113 150 U+82D7 1312 1355 98 112 U+7551 245 2158 104 97 U+306E 1746 2463 82 65 U+8D64 1963 865 95 121 U+306B 2396 1096 83 67 U+3066 249 2506 73 97 U+306E 1308 1838 87 71 U+6625 1734 2520 89 129 U+8272 1953 2929 95 117 U+6728 455 1424 88 119 U+3066 453 3002 65 87 U+5BF8 1726 3562 105 105 U+672C 1106 951 86 123 U+9803 1739 2963 86 89 U+9577 2162 2610 98 120 U+7F6E 2381 3352 81 105 U+3092 1084 3437 91 76 U+82E5 1307 2219 91 135 U+82D7 1750 1901 85 115 U+3064 1102 1318 84 138 U+5207 1516 697 115 77 U+5CB8 1740 2767 98 117 U+662F 1306 2909 93 121 U+4F5C 246 2771 98 93 U+304F 1124 2268 42 125 U+306B 1734 3044 88 76 U+3042 882 692 81 94 U+6728 451 3203 90 119 U+308B 1311 802 100 114 U+5FF5 869 1111 101 117 U+4E0A 1736 3675 88 88 U+968F 1308 999 97 120 U+6642 1527 1745 103 96 U+76CA 663 1812 76 130 U+306A 259 2982 71 102 U+306F 264 2042 66 103 U+4F5C 656 1605 113 97 U+4E0A 1534 865 91 93 U+5B9B 1521 2744 102 132 U+6BB5 1955 2137 110 101 U+306E 1959 1102 116 100 U+3092 876 1028 89 68 U+662F 877 893 82 121 U+8449 1082 3297 99 130 U+306E 243 1738 114 109 U+4F5C 232 713 118 97 U+306B 2376 3575 83 62 U+53C8 1089 1794 118 93 U+306B 1548 2102 55 81 U+516B 455 1566 100 57 U+69D8 235 894 96 100 U+683D 227 3673 114 105 U+7FCC 1753 2140 92 138 U+306B 1313 918 88 75 U+304F 899 1443 37 127 U+3092 2186 844 80 93 U+6210 2159 2511 113 105 U+5F15 2377 1689 85 103 U+58F1 1534 1839 71 137 U+5F8C 2373 2150 95 110 U+306A 460 3336 61 82 U+7686 2387 1563 84 115 U+690D 1524 1372 104 106 U+53D6 882 1582 91 94 U+51FA 2151 3465 101 89 U+4E94 442 1351 101 77 U+3092 1104 1073 92 97 U+306E 2169 1512 110 109 U+866B 1099 2597 86 133 U+3082 266 2874 46 103 U+53F3 1745 1457 94 113 U+662F 2376 3464 84 104 U+8349 462 1628 72 115 U+6851 456 2165 89 145 U+682A 1521 1977 109 116 U+3042 463 1959 75 96 U+4ED8 1319 1719 83 104 U+82E5 1524 2190 94 140 U+3092 672 1491 81 99 U+3092 1955 3540 85 83 U+6216 249 1941 103 113 U+3092 1308 3046 91 76 U+306E 870 2898 77 74 U+51FA 1305 2722 99 101 U+5E74 2176 1386 92 140 U+6839 1948 2733 94 112 U+3042 662 1958 89 89 U+80B2 1528 2874 67 155 U+6240 1304 1913 100 96 U+3066 2399 2364 44 127 U+9752 1130 2119 59 130 U+9577 1519 3721 96 128 U+5C3A 2171 2192 86 98 U+5C3D 1307 3129 80 122 U+662F 1952 3411 97 119 U+6216 2159 3558 101 99 U+751F 2168 3364 66 104 U+30CF 2394 1517 74 44 U+6851 870 2399 97 144 U+308A 1754 3316 54 99 U+767D 1964 3061 70 110 U+56DB 454 923 84 57 U+304F 1323 3259 44 112 U+3092 2375 2802 90 83 U+7A0B 2382 2896 87 105 U+6851 1087 2947 95 143 U+5176 2164 1272 95 118 U+5CB8 248 1590 98 149 U+7CDE 2170 689 97 151 U+7269 1953 1200 105 96 U+8349 457 1218 73 110 U+58F1 1529 2462 77 134 U+58F1 1106 831 73 113 U+751F 1967 2486 74 117 U+306B 2172 2433 83 68 U+6210 1517 3612 106 113 U+3059 2180 2728 51 109 U+3066 1308 3766 86 84 U+6708 2185 1690 69 122 U+6851 1736 1755 107 141 U+60E3 248 2259 96 105 U+306F 464 2316 65 102 U+75DB 858 2555 103 142 U+306B 448 813 90 85 U+82BD 1312 2336 80 145 U+4E0A 1748 1651 97 97 U+6577 250 1237 98 134 U+5730 239 3518 103 87 U+306B 1528 1064 92 73 U+6BB5 1517 3402 96 106 U+307E 1093 3520 88 105 U+540D 440 3100 89 113 U+5C4B 240 1115 104 116 U+6851 657 1204 104 132 U+308A 469 3419 47 132 U+9803 2177 1829 93 84 U+3057 1745 1092 99 88 U+5C0F 1091 2399 94 99 U+5EA6 2372 3648 104 119 U+7136 872 2016 105 111 U+306B 2381 2076 76 72 U+308C 870 2211 95 91 U+65B0 1069 3176 106 122 U+53BB 878 1687 85 98 U+751F 2399 1177 69 105 U+304D 1093 2503 94 91 U+53C8 2152 3063 117 78 U+304D 246 3345 94 94 U+306A 1975 1665 69 94 U+8DE1 2367 1986 98 92 U+304D 1109 2832 61 107 U+3066 459 1855 66 94 U+6A39 654 1362 100 110 U+5C3D 877 1321 82 113 U+308A 268 3086 47 104 U+6839 2152 3746 111 103 U+5341 2173 1596 94 90 U+6851 445 3543 101 135 U+308A 1329 2107 43 110 U+521D 2387 1006 95 80 U+3079 1105 1447 100 110 U+6368 2369 1880 99 101 U+5EFB 246 1377 88 95 U+3079 1949 1829 117 63 U+3079 2149 2837 109 68 U+304D 1954 3174 89 92 U+6700 2397 870 76 132 U+4F5C 1517 3046 111 90 U+4E09 2176 2105 91 76 U+56DB 451 2434 92 64 U+80B2 1112 1176 60 136 U+308B 1329 2826 43 74 U+6851 1957 1515 100 144 U+7ACB 1531 1644 87 97 U+80FD 1533 1256 89 111 U+306F 255 998 65 101 U+3066 1338 1214 37 132 U+8272 1969 985 72 113 U+4E16 434 707 115 102 U+3059 1325 691 54 109 U+3058 285 2363 44 142 U+7ACB 1962 2610 79 121 U+53D6 2391 1785 67 99 U+95D5 1310 3380 93 97 U+6B8B 2381 3102 97 102 U+7A0B 1521 1156 98 98 U+3080 873 2698 89 95 U+65E9 2165 3144 79 108 U+3075 1306 1117 96 88 U+308A 260 800 53 88 U+308A 899 783 48 104 U+3057 2407 3202 25 139 U+3082 892 2797 39 101 U+3068 1770 980 38 101 U+3057 1137 1564 27 211 U+306F 2186 1993 67 99 U+308A 275 1471 41 114 U+308A 683 1712 50 93 U+82BD 1518 2308 98 149 U+60AA 1961 1407 90 105 U+304F 2183 3251 35 104 U+306F 2173 3657 66 86 U+304C 237 3169 109 89 U+306B 253 3611 76 67 U+306B 2182 1913 80 76 U+4E09 453 1126 89 75 U+308C 2389 2259 62 100 U+3079 869 1798 119 47 U+308A 883 3093 54 141 U+9045 1957 2240 78 120 U+571F 251 3430 62 84 U+3057 1994 1876 23 185 U+51FA 2389 1297 91 86 U+308B 1983 1765 48 72 U+4E0A 257 1837 86 96 U+306B 452 2764 76 82 U+308A 481 2052 43 108 seg_fp 463 3683 49 85 U+53D6 1317 3585 69 98 U+4E94 1739 3421 95 81 U+3057 913 1830 21 169 U+304D 1326 3477 53 100 U+3057 2410 2669 22 149 U+306A 878 2986 66 102 U+3056 893 2131 65 77 U+591A 1308 2491 76 150 U+304F 1329 2618 44 111 U+3057 2190 2877 23 173 U+4E00 1952 2082 104 19 U+6851 1958 3258 84 142 U+3057 1548 3232 21 161 seg_fp 456 3774 78 65 U+308A 1338 3684 38 82 U+3068 486 1758 29 93 U+3088 1763 3225 30 90 U+80FD 2380 3002 90 102 U+3070 903 2295 47 91 U+308B 686 2047 42 57 U+3057 1783 1277 22 165 U+304F 1986 2354 39 112 U+3088 1336 2011 31 98 U+306F 1981 1298 61 101 U+308B 1776 1179 46 62 U+305F 258 3254 55 85 U+3078 1501 3199 115 53 U+3079 2180 1010 91 96 U+516D 1736 3487 91 87 U+304F 1117 3616 43 86 U+3079 1743 1241 115 53 U+4E0A 1952 3629 77 105 U+3005 1553 3507 30 82 U+51FA 2381 2590 87 77 U+308B 1547 3135 37 58 U+3005 2403 3763 31 77 U+3057 2427 1384 23 117 seg_fp 483 2841 34 147 U+3057 2211 1104 36 162 U+3005 1983 3741 21 109 U+82BD 1536 1498 81 141 U+4E00 444 2725 104 20 U+751F 2387 2495 67 95,200021660-00024_1
U+7E01 1121 1397 106 96 U+6210 1772 1411 99 99 U+306E 1771 1162 106 88 U+5229 447 972 102 91 U+5DDD 1117 1314 96 84 U+306E 460 903 80 61 U+3092 1124 991 75 82 U+3068 681 646 79 115 U+990A 690 1251 79 140 U+66F8 232 760 104 119 U+306E 1550 1156 77 66 U+9593 1777 1256 90 90 U+5730 1987 854 108 85 U+6C34 2414 1487 94 95 U+8695 1546 1037 99 104 U+6728 2415 888 89 106 U+5E78 691 1166 90 87 U+5730 1111 650 100 92 U+306D 2412 1672 97 102 U+3070 1779 864 99 100 U+7802 2202 1712 107 88 U+5C11 1777 971 94 77 U+4FAF 247 1525 93 117 U+83AB 450 649 89 140 U+5B50 249 1313 92 95 U+5C1A 234 651 98 100 U+751F 2421 656 83 119 U+306F 2214 1612 66 93 U+5730 2203 1804 117 90 U+8352 1121 748 98 121 U+690D 2413 1844 98 99 U+91CE 1114 882 96 118 U+306B 1994 1863 90 74 U+5927 238 897 107 84 U+5730 2197 1524 114 89 U+56FD 1329 921 103 105 U+5965 883 749 104 101 U+82D7 1629 2243 72 100 U+53C8 2403 1195 115 86 U+306B 1776 1341 84 63 U+9664 2198 743 101 95 U+899A 1336 651 87 122 U+7ACB 2418 786 96 102 U+308B 1508 2286 44 63 U+5C71 897 654 91 84 U+6216 1329 1207 123 101 U+683D 1752 652 115 122 U+4F1D 232 985 110 123 U+3072 2203 971 91 67 U+683D 1481 2186 101 98 U+5DDD 2193 657 101 86 U+8352 1341 1366 108 130 U+53C8 2203 1897 117 79 U+6C17 2010 1299 67 130 U+6C34 2001 1177 78 119 U+9577 1765 1509 96 116 U+3082 2223 1118 52 102 U+5DDD 2415 1289 92 89 U+7AEF 2410 1388 103 93 U+3082 689 948 58 86 U+571F 2201 1429 98 85 U+990A 1542 898 79 132 U+4E91 238 1116 88 74 U+5F97 464 1282 91 86 U+95E2 1115 1097 96 118 U+8C37 905 1290 76 93 U+306B 2420 1777 86 66 U+304D 1142 1217 51 93 U+8AF8 236 1410 108 107 U+4E8B 483 1422 68 104 U+306B 899 860 85 70 U+6F64 458 1071 92 99 U+3072 699 1388 90 80 U+79D8 1544 1240 108 85 U+30CF 1349 1317 75 42 U+308C 1778 770 67 95 U+3092 473 1173 71 101 U+6851 1624 2107 82 114 U+306A 2435 1008 57 78 U+592A 463 797 71 90 U+571F 2007 772 61 70 U+8F9F 903 1391 89 87 U+5730 907 1482 98 76 U+5E7D 898 1181 92 102 U+4E8B 1565 1323 68 157 U+771F 1997 652 85 113 U+8695 667 1044 123 116 U+306A 2212 1226 77 91 U+306F 1343 1103 68 90 U+5929 236 1207 126 98 U+7F6E 899 1065 73 105 U+308A 2441 1085 46 106 U+3042 2002 1438 84 77 U+65E9 1558 655 68 87 U+3066 2440 1951 44 133 U+571F 2007 1772 64 79 U+56F3 1496 2362 72 87 U+307F 1990 1678 102 86 U+3092 1557 1486 80 67 U+308A 2229 1319 46 109 U+3070 2435 1586 58 85 U+3044 684 784 70 47 U+3057 1578 755 20 131 U+3057 1363 778 28 136 U+3084 2197 844 95 62 U+3088 2017 945 47 88 U+3078 884 1022 110 53 U+3078 667 839 111 56 U+308B 2019 1516 50 69 U+3005 1361 1020 35 73 U+3057 1809 1048 23 124 U+3057 2030 1028 28 140 U+308B 501 1366 35 55 U+3068 2236 1036 26 84 U+3046 919 942 31 75 U+591A 488 1529 56 113 U+3054 2016 1597 77 75 U+3068 711 872 31 77 U+3089 2231 904 28 60 U+3066 708 1479 68 152,200021660-00024_2
U+6851 2391 925 95 141 U+6025 465 1230 91 128 U+306E 2398 3019 113 110 U+5B89 456 927 119 93 U+3064 478 1798 84 141 U+306E 1327 1576 92 69 U+6C11 478 1034 87 123 U+5229 1099 1530 110 114 U+56FD 1957 820 100 105 U+7B2C 1973 1425 82 130 U+640D 1324 3041 113 96 U+306E 474 1149 67 73 U+6751 889 3528 102 108 U+306A 909 1664 70 110 U+306E 2195 1568 77 71 U+3042 1338 3253 86 86 U+3084 889 3357 100 98 U+306B 2184 3341 97 73 U+306B 1974 2265 84 81 U+306E 883 2766 114 102 U+6728 254 1437 87 111 U+56FD 680 2381 88 107 U+305A 1341 2074 98 128 U+755D 1964 2691 113 79 U+4EBA 1093 995 127 104 U+8CBB 2177 959 100 136 U+6728 1761 2995 94 111 U+6210 1948 706 127 119 U+7530 1119 2500 96 85 U+3064 1558 3641 83 98 U+8CB4 875 1295 106 149 U+6851 1982 3229 90 141 U+306E 265 1744 67 81 U+500D 888 1560 99 105 U+304F 705 1076 42 115 U+6A39 1970 2916 107 114 U+3092 2182 866 90 82 U+3066 893 1060 72 88 U+8302 1754 3234 112 130 U+6301 1102 2915 104 117 U+306E 1765 2795 81 65 U+56FD 1968 2158 98 115 U+4F59 1115 2086 108 105 U+3068 1536 724 85 115 U+306E 1101 913 125 101 U+306B 1767 3550 85 68 U+306E 685 2490 69 65 U+4E94 1964 2592 109 89 U+306E 1330 934 77 68 U+306B 2411 3271 94 89 U+306B 690 3761 90 84 U+6210 1530 853 112 115 U+8015 2176 1325 117 135 U+56FD 2393 2292 118 86 U+98FC 1545 2616 97 96 U+90F7 899 3720 101 137 U+3092 1960 1084 95 80 U+6851 249 1182 92 131 U+3082 1986 2476 58 108 U+304D 1547 1332 96 99 U+5F97 1116 1843 105 118 U+306B 672 1942 90 72 U+5BB6 900 2157 86 139 U+8349 1767 2867 77 123 U+5F92 1766 3446 104 104 U+7537 2421 3567 72 113 U+3066 1551 3485 72 84 U+65AF 892 2646 81 123 U+7528 1757 2651 96 124 U+696D 2392 3123 112 131 U+4EE5 1974 3148 108 72 U+6C11 2196 3575 95 124 U+5730 1756 2196 106 99 U+63A5 240 1324 110 104 U+3068 1981 3505 88 122 U+6625 670 3092 123 130 U+592B 2395 1817 122 115 U+5B85 1978 2787 96 122 U+7336 886 2527 97 113 U+306E 672 904 112 94 U+306E 2408 3796 82 72 U+305B 1745 1613 104 80 U+306E 2196 3678 73 71 U+304D 1132 3779 96 83 U+5BCC 889 1156 97 124 U+8352 1748 2060 117 139 U+7570 1967 2027 99 125 U+3082 1344 835 45 100 U+5931 1344 3141 79 107 U+7136 1748 723 113 106 U+5BA4 2390 1223 103 125 U+69D8 254 1643 98 94 U+65B9 1551 2712 74 108 U+4F5C 2190 1471 98 89 U+529F 1085 715 114 88 U+5BCC 686 1594 78 131 U+4F59 2190 1643 96 96 U+306A 1331 1011 72 100 U+5927 1331 2792 91 89 U+91D1 2176 2568 105 138 U+5FC5 2378 720 103 83 U+4F55 2392 2186 108 113 U+7551 1111 2604 117 90 U+3066 2414 3477 74 82 U+306B 1549 2830 83 75 U+8695 2390 1069 100 147 U+53C8 1326 3626 115 79 U+4E8B 256 1824 85 204 U+3066 2194 2059 72 109 U+3054 897 2861 95 96 U+529B 2198 1739 69 85 U+5973 2387 2941 123 81 U+306B 1110 1443 90 75 U+8FB2 2193 3413 86 158 U+7406 461 717 90 103 U+5176 1120 1957 97 122 U+304F 1783 2411 43 117 U+306B 1338 2527 84 71 U+990A 1320 1284 91 140 U+8005 1094 799 100 113 U+81F3 1554 3383 94 94 U+3042 2399 1354 77 91 U+3059 1999 3389 54 108 U+3092 1342 1823 75 94 U+8C4A 659 2563 108 140 U+52D9 2188 1919 106 141 U+3072 1121 3185 87 83 U+3092 1126 3599 93 74 U+8AA0 673 3635 111 116 U+3057 2181 2175 103 86 U+624B 2196 720 63 135 U+306A 693 2707 63 103 U+6CC1 899 3254 92 89 U+5BB6 1964 926 107 143 U+52D9 471 1378 102 131 U+3084 1525 1882 114 107 U+7A7A 1749 3625 104 113 U+5927 2189 2476 94 95 U+751F 1765 3122 78 109 U+4E4B 1974 3039 104 88 U+8AA0 2175 3204 125 123 U+3092 1131 1746 74 96 U+4E8B 690 2890 71 183 U+308C 1326 1112 94 89 U+306F 1555 2496 85 105 U+3042 1126 3034 80 84 U+306A 889 722 86 106 U+7136 1543 1991 109 105 U+529B 1123 2190 76 84 U+304D 1336 730 58 93 U+306B 2407 2391 80 78 U+3092 1760 1487 86 116 U+3044 1980 3638 83 59 U+6B4E 1530 1078 115 111 U+971C 251 2372 85 132 U+3092 2192 2703 91 111 U+306B 255 2286 88 72 U+8695 1541 2370 113 115 U+98FC 1339 3702 98 82 U+306F 1556 972 62 95 U+304B 670 717 103 79 U+306F 1765 1949 73 100 U+5F97 2185 2820 97 116 U+3065 1327 2360 112 75 U+56FD 1740 1857 122 84 U+306E 690 3325 73 74 U+6EA2 671 2027 91 119 U+306B 2190 1837 92 73 U+306A 1349 2885 60 84 U+306B 1755 900 84 79 U+6F64 1961 1175 100 111 U+8B02 471 1664 99 130 U+52A9 2182 3764 109 102 U+5E74 1101 1197 115 148 U+305B 1327 2603 91 76 U+5730 1126 3502 104 89 U+306F 1125 1083 66 98 U+591A 2399 2701 77 136 U+5FB3 1112 1640 96 99 U+79D8 1534 2920 111 97 U+308C 669 2153 95 104 U+4E8B 263 2678 65 214 U+3057 504 2047 25 210 U+3079 1960 1777 112 72 U+65B9 681 1822 79 104 U+3066 695 2251 42 121 U+5982 677 1007 95 58 U+308B 1763 1772 62 73 U+308C 1731 1368 122 120 U+3082 2427 2583 61 108 U+56DB 686 1736 75 75 U+8352 1129 3366 84 141 U+3080 1554 3569 95 78 U+958B 1128 3673 89 100 U+306A 1531 1594 100 103 U+3066 1997 2347 46 125 U+3068 483 1519 89 117 U+6851 239 2134 105 136 U+4E91 2436 1643 64 68 U+4ED5 255 1554 88 82 U+306A 691 1195 70 102 U+308C 1546 2097 98 95 U+3057 1998 1831 28 188 U+8695 2394 1934 121 125 U+4E8B 2197 3013 81 189 U+3068 2425 1546 45 81 U+3079 477 1929 98 109 U+306F 1130 3269 64 86 U+308B 922 1777 42 76 U+305F 1347 2270 68 94 U+3059 904 2307 59 108 U+3082 1571 2268 53 90 U+305F 1986 1613 66 102 U+3079 881 1852 117 63 U+304F 2425 2818 38 115 U+5B50 2422 3695 73 86 U+3066 1136 2366 47 119 U+4E8B 1563 1421 62 176 U+548C 671 3233 111 96 U+3044 1340 2212 81 51 U+3066 2426 2471 46 117 U+305A 2193 1169 91 139 U+3057 1322 1925 111 86 U+767E 883 1448 100 103 U+3057 1583 1189 22 131 U+3070 1342 2680 92 111 U+307E 1775 1048 48 106 U+4E8B 1557 3016 61 145 U+65B9 1344 3781 74 87 U+80B2 1341 1432 63 142 U+3057 927 1892 26 189 U+516C 2397 826 67 81 U+591A 1757 2301 73 131 U+308A 1779 3360 55 85 U+3060 1765 1159 91 98 U+308A 707 1301 41 117 U+305A 1559 1778 79 103 U+308A 2001 3755 48 107 U+308B 695 2814 48 74 U+305B 679 1414 85 67 U+306F 2404 2071 69 100 U+306B 1119 2290 92 72 U+304F 712 3524 43 99 U+3056 1772 1695 77 75 U+308B 1356 2975 43 63 U+3057 1370 3434 24 180 U+308A 2419 1442 44 94 U+3053 1756 1266 80 100 U+3059 1988 1291 61 115 U+304B 2209 2269 46 68 U+4F1D 1322 1708 103 115 U+3089 925 2417 34 104 U+5730 1753 3757 133 111 U+3079 1325 3389 109 66 U+3070 1357 1179 49 93 U+3070 690 1478 93 110 U+3055 2199 1104 53 78 U+3044 1756 1001 83 46 U+3005 2426 1730 33 67 U+3057 933 927 26 124 U+3082 2210 2341 62 117 U+308B 1784 827 42 68 U+304F 705 783 51 116 U+3069 1584 2178 55 84 U+304F 1144 2795 43 119 U+4E00 893 3488 98 22 U+308B 1998 1717 39 62 U+7121 1748 2536 106 113 U+4E00 889 2111 109 23 U+3057 925 3057 31 174 U+3078 1967 3705 108 47 U+4E00 889 3664 100 23 U+308B 277 2594 39 81 U+3069 922 835 65 92 U+3075 245 2505 92 87 U+9644 281 2029 71 88 U+308B 2214 2934 35 75 seg_fp 1138 1329 90 105 U+3057 2441 3336 23 138 U+304F 1576 3274 38 115 U+4E00 1960 1578 111 21 U+3089 1566 1693 43 82 U+3068 924 2954 34 105 U+308B 1145 3118 44 61 U+3089 1372 2439 29 88 U+3057 1589 3764 24 107 U+308B 1363 3335 43 56 U+591A 1117 2695 76 128 seg_fp 1588 3712 29 58 U+3089 1363 2012 32 83 U+591A 1552 3163 72 84 U+53E3 1340 1659 63 55 seg_fp 1548 3251 64 59 seg_fp 717 3440 34 88,200021660-00025_1
U+8868 1335 832 94 139 U+4E2D 904 1704 82 137 U+3092 2422 1727 89 69 U+9803 2213 1860 100 111 U+3092 1991 1816 94 69 U+306B 685 684 90 76 U+3066 1118 1477 81 88 U+6C17 1555 681 95 127 U+6851 2412 680 114 131 U+3092 1770 872 78 90 U+3092 462 1028 89 74 U+5BF8 2000 1609 88 100 U+3092 1989 1063 93 72 U+5207 1988 1897 105 74 U+771F 678 778 107 135 U+53C8 1097 1266 132 90 U+60AA 2422 1482 92 110 U+6728 2430 917 83 112 U+6728 1990 946 98 108 U+5730 1990 1140 111 99 U+63A5 2411 816 112 101 U+306E 2423 1028 101 93 U+6728 1111 1573 94 105 U+7A42 1550 1715 105 97 U+6771 260 1080 86 106 U+5F7C 2420 1375 102 109 U+306E 1772 692 75 58 U+3066 260 1356 75 82 U+5411 263 1270 87 90 U+306E 1782 1762 73 67 U+4E09 2207 1647 101 78 U+306E 906 1472 73 56 U+63A5 1546 1598 122 111 U+306B 1115 845 92 77 U+306E 687 1615 73 65 U+6851 2416 1592 99 127 U+679D 670 1509 109 110 U+63A5 1535 1212 123 105 U+7A42 456 1620 103 100 U+5C24 1775 1370 90 98 U+68A2 891 1539 101 99 U+6708 2215 1737 74 117 U+5F10 1990 1412 103 125 U+63A5 1755 1478 114 111 U+3072 682 1795 91 76 U+306F 909 684 55 99 U+88CF 1329 683 103 145 U+679D 1759 756 106 111 U+5411 256 679 94 80 U+60AA 884 800 107 105 U+306B 252 1759 85 63 U+679D 249 878 103 101 U+5E74 2428 1918 85 140 U+4E0A 1992 1710 95 90 U+63A5 445 1107 129 106 U+306B 2429 2072 86 64 U+6728 896 1356 98 98 U+5C11 2212 2131 90 86 U+3064 457 679 88 87 U+51FA 1984 678 95 85 U+306B 265 1205 85 74 U+7ACB 2433 2263 84 88 U+7CBE 1764 1834 96 103 U+63A5 1749 976 124 102 U+3092 1344 1470 93 79 U+65B9 1555 1044 66 113 U+82BD 2207 1980 92 144 U+898B 2427 2144 94 117 U+63A5 449 1515 117 105 U+5411 251 1833 90 74 U+6771 468 1829 91 86 U+306B 1562 1820 80 69 U+897F 251 1656 93 97 U+304D 456 835 95 97 U+3042 1342 978 73 89 U+3079 1773 1094 89 111 U+6642 1980 857 109 87 U+662F 1347 1341 88 112 U+306F 268 974 62 97 U+524D 2422 1807 90 103 U+3060 1786 1596 74 95 U+6545 894 1193 90 96 U+5F31 676 1248 99 100 U+8449 1990 2146 103 135 U+63A5 2190 955 127 106 U+3066 690 1042 76 94 U+5176 889 1080 90 112 U+9055 1334 1555 110 128 U+63A5 250 1438 111 101 U+4E0A 1999 1977 82 85 seg_fp 2410 3324 67 85 U+306C 1341 1789 96 93 U+30CF 2433 1316 68 48 U+3057 2240 2220 25 141 U+6240 453 931 100 80 U+3079 1561 1329 98 106 U+6027 671 1142 99 94 U+3084 1105 674 102 71 U+3079 470 1222 98 108 U+3044 1774 1697 85 60 U+3059 1132 935 57 109 U+306E 1115 1694 73 63 U+81F3 1119 1369 88 96 U+308A 2016 1315 48 99 U+3057 925 910 24 159 U+3059 2206 1333 107 92 U+30CF 910 1656 73 44 seg_fp 2401 3218 90 90 U+56F3 2278 3220 69 90 U+6709 690 913 74 121 U+672B 1107 1758 87 95 U+3060 2217 1071 100 94 U+52B4 689 1682 79 111 U+306F 474 1727 64 89 U+3057 1802 1207 24 150 U+30CF 262 2027 67 47 U+4E09 2000 1537 83 74 U+3068 2246 1229 36 96 U+3079 1106 1042 115 65 U+80FD 1545 825 87 97 U+3057 712 1348 23 162 U+3057 499 1336 23 178 U+3079 2204 1421 117 69 U+3057 287 761 22 122 U+3057 2246 1470 23 169 U+304D 1562 924 62 104 U+3078 1541 1171 111 37 U+3044 2221 1170 74 59 U+30CF 906 1306 68 45 U+3057 1151 1093 21 159 U+3088 482 750 39 79 U+4ED5 2422 1128 96 90 U+308B 2419 3503 36 56 U+3088 2019 1231 39 88 U+306B 480 1927 80 72 U+3079 1326 1128 110 55 seg_fp 2423 3430 44 71 U+3057 1372 1163 21 162 U+69D8 2421 1213 100 90 U+3082 1587 1893 84 85 U+306F 1369 1687 40 97 U+3005 2030 2065 33 69 U+3066 2223 844 43 99 U+3057 1597 1432 30 158 U+308B 1357 1065 44 62 U+3057 286 1907 16 111 U+3046 1146 747 28 83 U+7F6E 2206 690 84 110 U+3057 2036 761 24 114 U+304E 277 1546 67 94 seg_fp 2226 790 46 61,200021660-00025_2
U+6DF1 603 2405 100 98 U+306B 2317 3699 95 85 U+6728 1913 953 93 109 U+4EBA 1695 1001 107 107 U+5341 397 1733 97 100 U+306B 1911 765 94 77 U+8AF8 1905 839 106 108 U+3066 1905 2258 75 87 U+306B 396 2092 91 78 U+6C17 1036 2588 100 108 U+3092 609 2325 83 75 U+306E 1047 1956 75 73 U+6839 605 2220 94 99 U+6642 409 1023 100 93 U+306B 831 3231 93 74 U+6851 1250 2071 103 136 U+53C8 1897 2711 109 95 U+63A5 1903 1146 116 104 U+8986 2326 2343 91 143 U+6642 396 1905 115 85 U+306E 612 2152 74 66 U+8ACB 1035 1847 98 113 U+3060 830 1814 95 83 U+3066 608 2704 78 86 U+306E 391 2946 111 103 U+306F 2141 1351 59 99 U+6240 1904 640 104 130 U+6240 1265 1264 93 118 U+5F62 2319 1696 100 107 U+306E 1269 1197 72 63 U+591C 1476 1151 100 112 U+5800 605 2612 106 89 U+6642 1263 933 103 86 U+6BD2 165 1821 128 135 U+63A5 2322 1886 104 119 U+5341 1489 1003 89 83 U+75DB 1027 1356 92 127 U+6442 2109 3196 113 106 U+63A5 2316 2751 100 112 U+4ECA 2112 3057 114 139 U+53C8 1907 1267 108 77 U+5176 400 2668 88 119 U+7528 388 3266 89 113 U+3092 1264 3404 86 74 U+306E 1463 2548 95 93 U+6728 1902 1678 96 99 U+516B 1487 950 115 56 U+971C 1466 2082 95 132 U+9670 1265 1099 85 101 U+306B 1037 3281 89 65 U+3067 2334 1255 111 111 U+7ACB 385 3390 93 99 U+6642 817 2562 104 85 U+306E 1912 1792 70 65 U+6851 600 2013 106 126 U+53C8 1030 1684 115 87 U+67AF 1463 3000 105 109 U+6709 2336 1373 73 118 U+89E3 1257 1960 94 124 U+53C8 592 1934 123 90 U+6240 1040 2030 95 113 U+9593 1474 3417 94 103 U+3092 395 2327 83 72 U+5DDE 2123 3301 91 118 U+3042 2130 2860 65 90 U+6570 1899 3410 97 102 U+971C 827 1065 91 131 U+306E 1050 954 74 53 U+56FD 1912 2805 79 105 U+76EE 410 1989 66 94 U+671D 1033 3354 101 105 U+662F 2350 1046 82 105 U+968F 1699 1174 92 100 U+4E8B 1477 3251 80 152 U+6253 605 829 106 120 U+5E74 407 2790 87 179 U+63A5 2111 1758 116 103 U+305A 1045 1575 82 114 U+3068 618 1616 83 96 U+6C17 1262 2402 93 103 U+6545 829 1402 98 94 U+82BD 1037 1013 88 138 U+7167 1043 3544 99 100 U+7136 399 849 107 112 U+3051 2349 927 74 104 U+3092 1926 1069 75 69 U+306C 2317 3397 89 84 U+53C8 2118 965 113 72 U+75DB 404 1224 104 121 U+306F 1919 1344 63 104 U+3057 181 845 98 85 U+53D6 2129 1050 87 87 U+3084 2312 3480 92 77 U+6851 1039 818 100 127 U+51FA 397 2406 98 80 U+308C 1696 709 90 86 U+65E5 2344 2248 58 83 U+5176 1260 812 90 117 U+6216 2124 1257 102 107 U+306B 832 976 95 77 U+89E3 838 1195 84 137 U+971C 1258 1819 84 132 U+306B 2331 1810 84 69 U+5176 1699 885 87 122 U+6545 1253 3677 99 96 U+672C 2126 3509 82 104 U+63A5 2107 2637 105 115 U+7CBE 1034 2472 99 117 U+5FA9 1032 2776 99 107 U+6851 1468 2418 104 131 U+5165 2108 1690 116 64 U+5927 1472 2001 104 81 U+3092 2326 2501 84 75 U+82BD 397 2177 82 146 U+306E 1041 2709 78 55 U+8ACB 1255 3478 93 113 U+6851 402 1531 101 133 U+306B 181 1710 96 99 U+3082 200 2317 53 108 U+6025 836 825 94 144 U+306B 392 3172 86 85 U+8695 184 1558 94 144 U+897F 2337 644 91 86 U+7136 1257 1602 98 108 U+5F37 1031 1152 97 99 U+308A 1484 3647 63 140 U+306A 2128 1869 80 100 U+6851 815 3097 102 128 U+671D 1245 3245 97 106 U+5165 588 3379 129 64 U+671D 814 2739 96 111 U+75DB 609 1244 98 138 U+6625 1493 811 74 123 U+306B 608 3285 90 79 U+63A5 2117 1145 113 99 U+51FA 1480 1595 89 92 U+8695 400 3042 93 122 U+6C34 2323 3049 81 112 U+4E91 2120 3719 79 82 U+306B 1708 1100 74 66 U+53B3 827 3300 99 126 U+8695 1472 1473 114 117 U+3086 814 1743 100 67 U+6642 1473 1795 105 101 U+3092 621 3049 72 106 U+3059 1909 2594 86 118 U+3070 643 1137 52 89 U+305F 1483 2826 62 90 U+306F 1048 2136 67 90 U+308C 615 1068 99 88 U+75DB 814 2161 99 143 U+306E 2113 2541 109 104 U+65E5 1064 3453 47 73 U+4E0B 623 2795 69 88 U+304F 630 2500 41 113 U+696D 1896 2355 104 124 U+6851 181 1283 105 135 U+516B 395 1850 114 58 U+82BD 1472 2636 84 126 U+65E5 1060 1761 50 80 U+306B 2343 741 80 68 U+3082 628 3592 44 90 U+82BD 828 1606 83 133 U+3052 2132 1565 95 118 U+65E5 1289 1020 45 70 U+7CBE 1249 2280 101 125 U+5176 811 2453 94 112 U+971C 182 1145 87 140 U+5FA9 1240 2702 103 102 U+82E5 836 1502 73 108 U+3092 837 3674 89 93 U+308B 1058 3018 48 68 U+3044 614 1728 84 52 U+6642 1245 3038 103 113 U+304F 847 2928 36 92 U+3055 1913 1456 77 96 U+5C11 620 1391 94 93 U+308A 200 2082 52 135 U+3042 1899 2068 87 86 U+524D 1478 1265 89 100 U+306A 192 1965 76 117 U+3057 2363 2043 22 196 U+3070 1719 781 51 96 U+8272 2124 2314 92 128 U+4E0A 1902 1865 102 88 U+3057 2365 1499 22 177 U+306F 189 1428 69 111 U+308C 615 3414 67 109 U+516B 1484 1101 95 50 U+5F8C 1460 1360 112 114 U+306A 2133 1466 76 98 U+3066 1722 1280 38 129 U+307E 2360 1162 43 96 U+3046 2351 3561 29 120 U+5206 1497 1898 72 93 U+76F4 622 3164 67 119 U+3059 2142 641 56 102 U+4E5F 816 2378 122 74 U+306B 2325 2960 86 71 U+8D77 830 3020 97 87 U+3057 431 2481 26 185 U+308B 1281 3592 49 72 U+3079 2108 744 119 67 U+306E 1252 2200 105 94 U+306B 1902 3002 89 77 U+306F 1272 1369 65 98 U+3075 1469 2217 93 83 U+5165 2299 3267 116 65 U+3082 1270 2510 42 82 U+306F 423 1109 63 91 U+5411 2343 822 90 104 U+65E9 833 2850 70 75 U+3075 2112 2231 98 89 U+4ED8 1060 3655 62 106 U+306F 830 2631 55 99 U+5C71 2127 3414 86 89 U+3057 2356 2586 23 160 U+3056 1057 2944 73 71 U+3082 1923 3081 70 100 U+306E 2313 3159 113 107 U+624B 1925 3288 55 113 U+5B66 1699 1423 81 135 U+56DB 408 1671 81 59 U+3044 188 2440 76 52 U+3044 2130 2170 75 55 U+304F 1066 1248 30 101 U+3044 1473 2773 78 45 U+3042 1483 3531 68 119 U+308A 1920 2156 47 115 U+81EA 1280 1482 45 118 U+3061 1057 3191 59 82 U+3079 385 3495 115 116 U+308A 2145 2948 39 113 U+3005 1933 2910 34 87 U+30DF 1495 2916 43 77 U+5982 813 1999 107 60 U+3080 829 2304 80 73 U+69D8 2110 2766 94 93 U+304F 847 2058 41 91 U+3051 1711 642 57 59 U+307E 1054 1491 39 93 U+304F 626 1007 72 56 U+3079 1889 3736 121 58 U+7CDE 594 2891 107 154 U+3075 175 2499 98 106 U+3076 1678 1558 128 103 U+3068 2149 3626 34 90 U+308B 851 1333 41 57 U+308B 431 961 46 60 U+624B 1916 1949 65 118 U+3068 213 2224 32 96 U+3069 2135 1975 88 90 U+3060 1042 2375 83 92 U+3057 652 1482 20 123 U+3057 439 1358 21 159 U+307E 1050 2278 60 93 U+308B 1501 3108 45 63 U+5206 1272 3153 69 86 U+3079 2330 2006 109 47 U+308A 1496 2304 44 113 U+65E5 1279 3337 45 67 U+3057 1278 2905 29 138 U+304C 846 1943 66 55 U+304F 853 3433 36 103 U+3044 1039 2237 91 46 U+3057 2160 797 18 153 U+3078 607 1788 118 45 U+3078 1701 1665 78 110 U+3078 1236 2661 111 48 U+3068 1294 1714 33 92 U+304B 647 953 41 46 U+4E0A 1907 3194 92 98 U+53E3 2340 2885 60 69 U+308B 632 3528 42 55 U+304B 215 941 34 64 U+3046 1064 3098 29 95 U+308A 627 1827 57 95 U+3057 424 3604 34 172 U+6709 1910 3631 70 102 U+308A 1269 2810 44 102 U+3057 219 1000 22 122 U+3068 1926 2490 30 101 U+3005 2157 2444 30 94 U+308B 854 1889 39 47 U+308B 1480 1707 87 87 U+591A 1897 3520 79 132 U+309D 2157 2068 32 90 U+3068 1283 2585 32 73 U+3057 1728 1766 37 209 U+309D 1505 3173 27 64 U+6C34 832 3546 80 121 U+3088 623 3679 56 69 U+3057 1943 1545 33 126 U+3089 2350 3326 33 69 U+3089 1076 2885 20 59 U+3057 597 3616 103 177 seg_fp 1500 1688 29 43,200021660-00026_1
U+640D 2189 3108 116 100 U+592B 1562 1195 99 116 U+665E 1136 2583 104 128 U+4EE3 1135 1140 99 108 U+6216 2202 792 101 112 U+7C7E 910 2734 103 114 U+306E 2224 2683 76 76 U+306B 1771 923 91 69 U+4EE3 2002 2359 103 127 U+7E01 291 1962 95 114 U+65AD 2421 1611 85 147 U+7ACB 1561 3543 83 101 U+7C7E 1568 1852 111 106 U+306E 284 1006 75 72 U+9577 1776 2792 96 121 U+98DF 499 1499 107 130 U+306E 1776 1102 85 63 U+6642 2217 2585 99 93 U+3092 1795 1490 84 90 U+82D7 1569 3208 84 113 U+4F11 1784 1753 104 107 U+7A2E 1133 3279 98 107 U+6642 1138 2868 98 99 U+306E 1361 3089 72 77 U+4EBA 2195 3446 126 110 U+7566 913 3263 111 99 U+8695 469 794 126 127 U+6B8B 1562 1529 107 110 U+7C7E 1142 3162 102 114 U+8494 918 1688 87 116 U+7ACB 1557 883 88 97 U+6240 1988 1787 98 136 U+82D7 2002 2223 93 121 U+3092 927 2037 86 101 U+3092 1145 1233 74 94 U+4F5C 697 2776 100 110 U+7C7E 1345 3291 107 116 U+8170 1773 1373 113 106 U+306E 914 2408 98 93 U+306E 1565 3329 79 62 U+53BB 1986 1675 101 103 U+8494 1563 2718 88 134 U+5176 1125 784 86 125 U+5C45 1991 3084 101 124 U+6CB9 2416 1493 102 119 U+5F7C 1140 1489 98 103 U+306B 2414 1401 85 74 U+4E8B 2423 2265 72 213 U+80FD 1136 2259 91 122 U+8695 2417 1258 100 123 U+706B 2220 2122 86 101 U+306E 1150 3082 79 68 U+6642 909 1097 95 86 U+306E 923 3174 68 72 U+306B 1787 2397 85 89 U+3092 2219 2240 91 71 U+5F8C 1131 909 80 110 U+7530 1779 1010 80 82 U+3092 919 1183 79 91 U+670B 2002 3462 93 103 U+6708 1362 2956 68 135 U+7566 1771 1173 119 99 U+7530 921 3088 85 80 U+3051 1801 1649 74 101 U+5176 697 2093 91 120 U+5927 2211 3004 96 93 U+5316 499 3065 101 96 U+8695 475 3690 128 137 U+6B64 905 1006 97 85 U+8005 286 2074 101 117 U+5FC3 2207 3757 101 82 U+4E92 1786 797 67 108 U+3092 2016 2770 77 93 U+3092 1586 1968 78 99 U+4E0A 1133 2156 94 87 U+6C34 1152 1808 72 135 U+306E 1997 1928 81 59 U+53F3 1135 2967 94 111 U+306B 1785 1285 81 68 U+5F97 2207 3847 104 100 U+62F5 1126 1339 109 93 U+304D 1569 2193 96 109 U+7C7E 1342 1318 99 99 U+82E5 693 1334 89 117 U+3051 712 996 74 92 U+5E72 689 794 102 113 U+3064 499 1268 84 108 U+5E74 704 2221 92 155 U+5E30 1575 2299 91 120 U+306B 2006 2465 89 65 U+306B 1138 2498 82 73 U+6027 1990 2108 101 100 U+306E 283 3363 75 67 U+767E 1994 2003 96 89 U+7A2E 912 2867 99 113 U+9803 1355 3185 84 92 U+306B 2207 1010 93 65 U+82BD 928 2258 76 141 U+82BD 1563 3398 80 134 U+308A 1584 1400 48 111 U+3092 1146 1705 88 102 U+567A 1778 2929 95 112 U+3068 710 3117 76 117 U+7C7E 1554 3000 101 99 U+53CB 2007 3577 87 101 U+304D 917 1936 92 101 U+6089 1143 3393 89 122 U+60AA 1352 1909 92 95 U+307E 707 3453 85 101 U+306F 1372 2753 61 99 U+4E0B 2226 1785 61 102 U+306A 1790 3139 70 101 U+305F 290 1369 67 139 U+51FA 920 2488 97 84 U+7C7E 2005 2552 102 91 U+3059 498 1633 95 94 U+304F 726 1744 41 103 U+3066 1560 790 73 77 U+98FC 286 2765 98 106 U+9055 903 1282 106 106 U+308A 723 3320 50 120 U+5C45 1769 1951 107 114 U+671D 1559 2607 95 105 U+6709 505 3149 71 125 U+6089 697 1617 94 120 U+4E09 1354 2869 91 80 U+4E5F 911 896 83 92 U+5225 1561 993 89 107 U+601D 1780 2499 93 105 U+306B 1565 2516 85 78 U+985E 289 1832 95 121 U+6F70 1349 3840 99 106 U+3064 706 908 79 91 U+82D7 1138 1032 79 104 U+7A2E 2002 2653 101 107 U+7A0B 1128 2388 94 112 U+866B 509 1803 71 93 U+304D 1351 1069 86 98 U+7530 927 1512 79 86 U+308A 2234 3634 50 125 U+662F 1359 2623 84 116 U+91CC 2205 906 82 89 U+4E0D 701 2675 92 103 U+308A 1373 2076 49 89 U+7A2E 1135 1595 92 108 U+306B 917 3378 91 64 U+306B 2000 3383 85 65 U+306B 501 2686 85 85 U+304D 706 2496 85 97 U+89AA 280 1724 99 110 U+3092 1140 3787 86 79 U+308A 1812 2152 47 93 U+97F3 292 3132 70 126 U+751A 1348 1787 93 110 U+306A 718 3237 58 86 U+304D 2423 2145 67 107 U+3079 916 1814 97 118 U+306B 2212 1450 89 71 U+5927 699 2393 100 94 U+521D 272 910 101 88 U+305F 2220 2332 81 82 U+3080 1996 1379 93 83 U+306B 2220 1911 79 79 U+5C11 503 2237 101 102 U+305F 309 2180 60 89 U+5C45 1756 3824 107 109 U+306B 916 3858 79 75 U+5909 500 2900 83 157 U+3042 2219 3536 81 100 U+308A 1159 2033 44 100 U+306E 501 2476 111 116 U+6383 264 786 105 122 U+8695 280 2600 97 152 U+306B 708 2591 82 70 U+3079 1993 798 103 116 U+308C 1581 1093 58 95 U+3082 308 2482 50 103 U+82E5 921 2143 86 114 U+305A 1787 2677 88 112 U+306A 515 1907 75 98 U+306F 492 3831 76 103 U+5F8C 1343 791 87 84 U+305A 930 1394 95 112 U+307F 693 1999 104 86 U+3092 2218 1222 89 113 U+5F8C 1772 3485 106 115 U+306A 288 3699 74 109 U+306B 1347 887 78 65 U+3092 1360 3535 80 92 U+751F 499 1048 66 115 U+7F6E 2211 1550 81 106 U+3084 1350 2508 94 98 U+4FE1 284 3267 90 101 U+304D 2000 2990 95 101 U+51FA 1139 3875 96 72 U+7F6E 917 3458 70 126 U+9593 517 2579 58 107 U+663C 1787 3357 61 125 U+306B 918 1603 84 70 U+4E0A 2223 1340 73 94 U+308B 521 1726 47 62 U+308A 1801 3239 44 103 U+306B 2211 2888 95 92 U+80FD 1562 3662 81 102 U+3092 931 2980 66 94 U+3084 692 3799 98 136 U+304D 517 3320 58 102 U+3066 703 3699 75 94 U+3075 275 2870 99 88 U+308B 282 3819 91 104 U+308B 2019 3294 46 73 U+305B 705 2896 77 70 U+3072 1562 3786 89 92 U+4E8B 510 3429 72 168 U+9593 2226 2772 69 114 U+3059 2435 1772 52 103 U+7ACB 1349 1685 81 94 U+8695 2206 1096 99 119 U+82BD 1141 3639 82 128 U+3057 1379 1154 21 147 U+308A 318 2271 42 111 U+305B 2215 3216 82 75 U+3042 496 1169 80 99 U+65E5 932 3742 55 67 U+30CF 297 3069 70 60 U+308A 2018 3826 56 98 U+3066 523 1365 38 128 U+3057 1594 2843 22 161 U+306F 1361 1428 60 102 U+7A2E 1344 3417 95 118 U+3066 2233 1991 38 118 U+6765 2017 3681 72 138 U+3078 1140 1449 108 39 U+65E5 301 1086 49 72 U+306A 2012 1151 55 100 U+3088 301 1175 46 91 U+4E5F 490 3602 118 77 U+3072 281 1623 91 88 U+6545 701 1238 105 93 U+308A 2019 1252 44 113 U+308A 300 1261 48 106 U+307E 2417 1878 79 108 U+305F 1806 2066 60 82 U+304D 1999 918 81 83 U+82BD 1355 1544 73 132 U+3057 1386 2168 21 159 U+3066 1788 3706 58 91 U+3088 1163 1957 42 78 U+7565 278 3554 88 129 U+306E 1561 1742 116 117 U+3057 952 2579 23 154 U+304F 1162 3521 40 114 U+3070 531 2120 53 105 U+306F 1579 3092 55 100 U+306B 1356 3771 77 65 U+3088 1592 1311 30 92 U+307E 1591 2080 46 106 U+306B 1787 3042 76 82 U+3057 1177 2702 17 164 U+3057 735 2966 29 139 U+307E 1365 968 36 92 U+6C34 1360 3636 76 127 U+3068 320 2383 31 108 U+308C 510 2014 82 110 U+9593 298 2961 61 102 U+305F 716 1911 61 86 U+305F 2015 3211 56 83 U+758E 276 3444 100 105 seg_fp 2222 2507 95 64 U+304D 2224 1666 49 105 U+30DF 1816 1868 38 70 U+3079 491 3274 117 60 U+308B 1585 3878 45 65 U+3057 543 2341 21 148 U+3057 735 1092 20 135 U+304D 930 3607 50 109 U+3058 2445 1989 32 138 seg_fp 2251 2413 40 81 U+3059 928 790 45 105 U+30CF 1794 2613 71 61 U+3057 1818 2254 23 146 U+3057 742 3554 27 138 U+3082 524 2786 56 112 U+3057 2244 3290 33 167 U+304B 2025 1470 33 66 U+3044 709 1862 71 41 U+304B 1383 2449 32 59 U+307E 2024 2877 41 104 U+306F 501 929 61 109 U+3068 1382 2345 43 96 seg_fp 2029 1529 25 124 U+304B 1813 1593 36 59 U+304B 1385 2017 30 61 U+307E 1797 3605 45 97 U+308A 1586 1654 53 93 U+82BD 695 1481 87 123 U+3068 307 1506 31 107 U+3057 1608 2400 20 113,200021660-00030_1
U+6851 1409 1144 108 142 U+4E2D 2504 1366 101 136 U+4E8B 2080 1885 88 209 U+8695 2073 1152 122 145 U+8695 547 1144 112 133 U+5FC3 969 1143 112 101 U+795E 2070 1353 109 176 U+5F97 976 1250 108 132 U+8695 1837 1155 128 144 U+6765 1199 1729 92 148 U+5927 1199 1405 99 101 U+5185 328 1305 87 119 U+8695 1629 1751 122 130 U+5E74 975 1793 102 173 U+4E8B 1626 2674 84 232 U+4E8B 329 2088 92 215 U+9055 977 1389 107 119 U+8695 1182 1147 129 135 U+5F97 1855 2051 102 129 U+967D 319 1445 103 134 U+7345 761 1308 113 128 U+5BB6 322 1139 108 150 U+79D8 2482 1055 141 121 U+5C0F 1198 1527 102 85 U+98A8 541 1975 109 116 U+306E 1421 1301 76 83 U+4E8B 766 2347 86 194 U+5FC3 1849 1925 107 92 U+306E 334 1994 71 84 U+8695 766 1142 110 138 U+306E 1616 2583 117 107 U+4E8B 1203 2381 90 220 U+306E 764 2265 78 73 U+4E8B 542 2438 94 192 U+76EE 2306 1558 71 111 U+306E 1208 2295 77 81 U+306E 759 1560 109 112 U+306E 1402 2661 143 107 U+67B6 538 1301 107 121 U+5F97 1194 2177 108 120 U+6642 1849 1817 104 95 U+8695 963 2084 121 128 U+5C45 752 1675 104 120 U+6383 1624 1902 114 129 U+306E 1859 2204 77 78 U+308B 1862 1712 86 103 U+990A 2486 695 138 157 U+6700 1618 1141 114 130 U+306B 1201 1299 95 79 U+306E 2065 1746 136 120 U+7ACB 545 1451 84 113 U+796D 2072 1570 97 150 U+69D8 539 1585 104 100 U+4E8B 1858 2290 93 191 U+8695 2502 878 108 140 U+5DFB 2490 1542 122 136 U+4E8B 1420 2756 90 216 U+4F5C 963 2339 116 111 U+4ED5 1626 2343 103 95 U+65B9 1634 2438 79 135 U+3059 1438 2284 58 110 U+65B9 1421 2510 86 146 U+8695 1419 1894 116 122 U+3057 964 2443 99 97 U+9332 2490 1207 139 125 U+308C 772 2133 64 122 U+3092 550 2112 79 78 U+3092 1638 1550 91 87 U+82E5 1422 1388 83 133 U+6E1B 313 1881 126 111 U+6C17 332 1599 101 142 U+8695 531 1831 121 130 U+624B 774 1922 68 131 U+843D 1423 2140 92 142 U+6383 1406 2024 115 119 U+6939 1623 1402 116 130 U+52A0 313 1776 107 80 U+4E0D 969 2228 102 104 U+843D 1634 2041 93 160 U+8D77 762 1812 100 102 U+308B 1211 1983 53 88 U+5ACC 541 2207 105 128 U+4E8B 979 2712 79 214 U+4EE5 1634 1644 103 89 U+9332 2268 1768 150 111 U+306B 988 1528 90 83 U+308C 1839 1463 114 127 U+51FA 1207 1643 93 82 U+51FA 1856 1602 95 94 U+5B50 775 1459 86 91 U+3059 1653 2210 53 112 U+5FC3 1187 2102 125 50 U+4ED5 1420 2409 96 102 U+4EE5 1423 1794 100 79 U+751F 1864 1315 65 144 U+3075 528 2337 101 99 U+3092 1415 1707 98 84 U+5165 742 2064 154 92 U+305F 974 2544 67 83 U+3066 1003 1620 48 159 U+521D 1623 1290 112 95 U+308B 990 2627 42 74 U+3005 999 1986 37 78 U+3056 1216 1898 72 86 seg_fp 522 1716 128 151 U+82BD 1406 1528 97 168 seg_fp 2540 3857 88 74 seg_fp 2501 3711 129 124 seg_fp 1477 1080 27 29,200021660-00036_2
U+4E8B 568 2336 90 222 U+306E 569 1328 77 78 U+4E8B 775 1969 90 218 U+53D6 776 1314 100 108 U+4E8B 2052 2231 114 210 U+6C17 1423 1304 98 125 U+75C5 566 1809 96 133 U+306E 1862 2149 71 86 U+4E8B 991 2469 90 199 U+4E8B 1637 2304 87 229 U+4E8B 2278 2221 88 218 U+306E 572 2251 75 82 U+306E 2279 1370 73 86 U+4E8B 1853 2243 83 210 U+96E8 1625 1335 102 108 U+69D8 767 1453 106 110 U+4F1D 765 1693 114 127 U+306E 1214 2091 73 82 U+5165 1198 1875 119 90 U+306E 1212 1327 88 103 U+306E 2059 1305 121 113 U+306E 766 1836 117 110 U+7CF8 766 1163 115 120 U+4E8B 1417 2317 85 198 U+5584 567 1416 84 126 U+5C45 2052 1435 99 118 U+8695 553 1170 120 129 U+9727 1618 1162 111 137 U+5EAD 1202 1164 123 147 U+5C45 2258 1474 102 119 U+306E 2066 2139 78 89 U+306E 1402 2214 119 119 U+306E 2266 2113 120 107 U+8AF8 984 1160 111 127 U+306E 1645 2232 66 77 U+6C17 1855 1314 99 133 U+5E76 598 1685 76 117 U+4F8B 1846 2013 97 133 U+308C 2070 1985 74 125 U+8D77 2269 1621 111 114 seg_fp 1861 1463 88 98 U+308C 1228 1953 63 116 U+3059 995 2009 81 112 U+4F8B 1413 2045 96 158 U+308C 2279 1989 81 112 U+69D8 557 2114 110 118 seg_fp 1851 1160 91 132 U+3092 1635 1485 82 80 U+898B 566 1963 99 126 U+4E8B 1209 2189 68 201 U+7E6D 997 1645 87 143 U+3092 1432 1457 75 106 U+56FD 999 1312 93 114 U+9E95 2263 1163 106 183 U+8239 2050 1169 105 111 U+4F8B 1630 2091 103 139 U+8D77 2068 1589 99 99 U+624B 2293 1761 65 135 U+5C45 1199 1449 100 121 U+624B 2075 1729 72 142 U+54C1 992 2138 99 97 U+4F5C 987 1819 104 99 U+8D77 1209 1606 104 98 seg_fp 1412 1160 96 145 U+6709 989 2260 77 124 U+51CC 1857 1566 93 119 U+3066 1000 1529 73 94 U+624B 1228 1730 63 140 U+5165 2263 1912 144 84 U+60AA 577 1569 91 100 U+53E3 783 1597 71 69 U+306E 1627 1695 97 128 U+3057 1633 1590 97 92 U+5165 2047 1897 152 82 U+51CC 1390 1583 119 130 U+306B 1006 1432 80 87 U+304E 1425 1716 101 115 U+3057 1455 1834 24 193 U+3089 1011 1926 46 83 U+3057 1889 1824 25 162 U+304E 1657 1809 76 118 U+304E 1872 1701 79 122 U+308B 1013 2387 40 70 U+3057 1673 1925 26 158,200021660-00037_1
U+795E 2032 2484 101 124 U+98DF 1194 1150 111 125 U+8AF8 1620 1222 102 110 U+306E 356 2061 77 71 U+306E 1836 2136 81 76 U+795E 983 1886 98 112 U+611F 1623 1732 107 107 U+5009 767 1779 106 112 U+8AF8 2031 1524 100 101 U+8278 343 2130 94 115 U+795E 763 1589 98 121 U+5FB3 1829 2212 103 106 U+795E 2046 3346 104 131 U+554F 2040 1359 91 97 U+6216 2031 742 108 123 U+3059 768 2523 87 80 U+98DF 988 1765 114 108 U+98DF 762 1470 114 120 U+796D 2230 1496 128 126 U+305A 559 2411 109 99 U+795E 1409 2048 103 132 U+795E 1414 2775 96 107 U+3068 2043 2035 81 102 U+98DF 1412 1935 105 115 U+5099 1829 2405 102 102 U+305A 1639 2093 95 92 U+5C0A 1200 3112 91 122 U+967D 1196 1767 89 105 U+8AA0 1624 854 108 92 U+306E 2056 3278 78 73 U+795E 1416 2479 94 126 U+7A32 760 1902 104 100 U+306E 992 2906 73 71 U+3065 339 923 101 121 U+53C8 979 1577 111 87 U+4F55 2047 3073 96 104 U+5D07 2041 2145 89 140 U+5730 1188 1567 105 89 U+795E 539 743 100 119 U+306B 2050 1735 73 71 U+306E 142 2451 78 67 U+8695 2255 1230 98 123 U+4ECA 1619 3109 122 115 U+6642 345 3172 98 83 U+5929 1399 1304 113 87 U+56FD 2044 1624 82 95 U+306E 1848 3218 81 66 U+4EBA 545 1728 105 89 U+8AD6 1398 1002 107 110 U+53C8 755 1284 104 85 U+306E 779 2824 77 71 U+4EBA 1405 2390 111 94 U+795E 2243 1368 107 122 U+9B42 773 2006 92 121 U+795E 1193 2417 98 114 U+8005 2041 1183 86 103 U+9593 558 1825 80 86 U+6545 135 1695 103 92 U+3042 1633 1961 80 84 U+4E8B 2260 1690 82 168 U+56FD 119 1106 84 94 U+795E 1399 1702 100 118 U+306B 145 1793 82 70 U+3081 558 1170 86 95 U+547D 345 1411 107 125 U+718A 1414 2282 92 106 U+4EBA 335 1262 106 81 U+51E1 556 1645 99 78 U+3082 1645 3009 52 92 U+306E 2258 1630 78 62 U+6B64 1417 2607 91 80 U+6CBB 123 1331 96 97 U+308B 369 3088 50 85 U+7565 131 2869 98 85 U+3092 2052 3493 92 85 U+3066 1207 2227 63 77 U+3066 2053 3806 67 92 U+308B 779 3219 89 95 U+4F55 1837 3007 105 108 U+53C8 140 3255 108 85 U+5FDC 1627 1848 90 120 U+4FDD 760 1379 102 85 U+3092 347 1540 76 79 U+306E 360 2818 78 63 U+4E16 136 2354 99 84 U+7C73 151 3349 89 108 U+6700 350 1848 90 107 U+9053 2050 1065 89 110 U+8A9E 134 2966 95 99 U+5730 987 2812 96 88 U+592B 1834 1617 106 95 U+4F53 563 3650 87 116 U+308C 1396 801 99 92 U+554F 1634 3224 99 76 U+4E0A 354 1966 90 89 U+4F53 2034 2665 96 116 U+3070 1629 1118 95 100 U+304A 558 2205 96 69 U+795E 2032 923 100 139 U+59CB 985 3435 99 89 U+5927 1193 2820 97 81 U+81F3 1626 741 93 89 U+7A32 346 2619 96 96 U+3075 1629 2313 96 73 U+53EF 1423 3342 91 105 U+6E2C 1830 2031 102 108 U+9670 985 2373 86 98 U+3075 1823 1311 100 89 U+6C11 361 3460 86 122 U+4FDD 985 1678 98 89 U+3042 779 3137 78 82 U+5929 1407 2193 109 92 U+9858 1619 1343 106 96 U+308A 1009 3326 47 117 U+5929 1206 3626 88 90 U+7687 1210 725 67 108 U+7A32 333 1059 103 96 U+3066 986 2710 68 86 U+7136 1632 2663 98 95 U+306F 363 3247 62 92 U+7533 775 949 50 99 U+3092 780 3322 78 73 U+3092 1421 2895 80 65 U+56E0 1633 3388 84 107 U+53F7 782 3013 64 115 U+3092 1839 2330 88 75 U+5C0A 754 736 76 109 U+305A 138 1601 88 89 U+9670 1196 1664 83 101 U+59D1 1619 3619 105 114 U+306F 1847 1816 66 98 U+990A 341 1623 91 146 U+5BB6 123 1202 91 125 U+795E 1841 3280 103 129 U+6839 131 2529 107 94 U+307E 1844 2715 86 94 U+306A 2030 2792 90 87 U+795E 557 3522 94 87 U+306B 1637 3301 79 75 U+306B 580 2121 53 73 U+7C73 147 1879 82 117 U+5B41 1198 2985 92 118 U+308A 778 1178 46 110 U+795E 1206 1275 84 101 U+6B64 769 2599 86 83 U+767B 341 2894 113 105 U+3082 781 2331 54 91 U+5247 1422 3245 86 93 U+7686 568 3332 69 90 U+795E 973 3113 105 122 U+4FDD 1195 1062 94 85 U+306F 1209 2526 63 87 U+79BD 555 2500 115 106 U+4FDD 1407 1844 104 91 U+7167 1405 1388 90 87 U+306F 151 2241 60 99 U+305A 2050 2950 96 108 U+5B9D 786 3673 77 133 U+662F 1823 733 98 115 U+306F 355 1161 64 89 U+3066 1423 3163 78 78 U+306E 351 1346 73 55 U+795E 1192 1934 92 112 U+306A 1841 854 57 99 U+5929 1407 3713 114 103 U+306B 351 2539 83 65 U+7B54 1836 1397 70 126 U+4FE1 1844 3798 100 93 U+306A 1633 948 73 95 U+5FA1 987 2974 92 129 U+4E8B 1643 2391 79 117 U+4EBA 2019 854 130 85 U+306E 1201 1876 74 60 U+3092 1415 895 72 95 U+4E91 2043 1453 70 64 U+53C8 760 1712 111 74 U+308D 996 1029 87 105 U+6B64 567 3429 81 75 U+9B42 350 2722 100 93 U+306F 997 2263 58 103 U+5D07 1854 3687 88 110 U+795E 2034 1923 99 113 U+82E6 106 751 88 131 U+796D 2042 2294 84 125 U+3059 990 2183 81 84 U+3092 993 866 83 84 U+796D 2046 3567 85 127 U+968F 1628 1506 91 98 U+9053 975 739 103 119 U+308A 159 3152 49 101 U+308C 2062 3156 76 111 U+6545 349 2445 93 86 U+795E 1836 1703 93 114 U+5949 770 1047 67 130 U+308A 1224 3534 43 87 U+5D07 556 1038 75 123 U+3066 1643 3490 43 116 U+7D66 985 1377 90 100 U+306A 367 2234 52 92 U+98E2 352 3583 100 89 U+8352 775 3811 107 115 U+306B 1848 3405 77 77 U+59CB 1190 2623 99 86 U+8695 2041 1821 103 101 U+7687 1420 1485 66 102 U+6728 563 3023 82 113 U+7523 999 3720 84 111 U+3082 581 3238 46 90 U+4E0D 1843 1929 81 87 U+306A 1002 3238 53 90 U+306F 573 1905 52 80 U+592A 1404 1602 76 92 U+4E07 354 3346 77 103 U+4E91 1837 1534 75 71 U+306B 2048 1291 83 60 U+7A1A 995 3614 88 99 U+5929 1183 1481 123 104 U+3070 1853 2887 87 109 U+306F 1206 1378 58 84 U+3082 559 937 49 93 U+306B 993 2482 65 84 U+547D 764 2130 105 108 U+554F 1830 1239 100 68 U+4E0A 1207 3727 82 70 U+3068 1851 1143 44 92 U+3070 1414 1190 79 112 U+306B 377 3799 57 133 U+65E5 1217 2904 50 72 U+3075 338 1771 102 75 U+9913 346 3681 122 124 U+3075 976 1482 105 93 U+796D 1420 2968 80 112 U+307E 146 1426 54 104 U+3057 989 951 87 75 U+3081 1208 2713 67 92 U+305B 1830 2811 88 79 U+592A 1202 2314 77 100 U+3082 1863 3610 53 70 U+5225 768 2910 88 101 U+8FC4 561 3150 89 78 U+3088 584 3769 31 75 U+3081 1003 3541 70 71 U+306A 157 3067 51 87 U+7533 787 2431 48 93 U+4EE5 778 3402 96 77 U+306A 559 1449 66 85 U+4E09 776 3603 88 66 U+306A 1439 3454 52 85 U+751F 350 743 66 103 seg_fp 787 848 37 92 U+3075 121 2790 101 74 U+970A 1000 3834 83 99 U+305C 1414 1118 91 68 U+795E 1199 915 96 101 U+3075 557 2045 88 73 U+3088 576 2273 58 76 U+4E09 770 2689 77 59 U+308C 1855 3099 77 114 U+53EC 1004 1286 66 78 U+8278 556 2922 94 109 U+7533 1011 2087 40 87 U+7167 1425 3822 90 84 U+306B 1637 1439 79 65 U+308A 579 1538 34 98 U+3044 566 1997 66 45 U+3075 124 2168 99 81 U+5949 563 1269 61 122 U+308A 576 3851 54 84 U+3053 1420 732 49 65 U+3066 1863 3485 50 118 U+308A 2071 3696 48 106 U+3089 1847 958 45 93 U+3057 147 879 20 129 U+30DF 143 1019 41 72 seg_fp 1013 1990 36 89 U+9B5A 559 2812 90 100 U+3075 134 3635 98 80 U+308B 370 2326 44 60 U+307E 1861 2504 44 101 U+3044 1651 2255 61 58 U+3044 146 2723 65 59 U+866B 571 2710 73 97 U+304F 1649 3831 48 82 U+306B 1197 2040 71 72 U+3056 374 3012 71 77 U+3044 156 3567 64 63 U+592A 1201 842 69 69 U+4E09 1421 2694 76 67 U+51FA 342 853 75 75 U+3066 804 3475 38 113 U+30C4 795 2756 48 53 U+30D0 570 2362 72 49 U+5949 1218 3417 66 119 U+3093 1830 1049 110 96 U+7363 562 2619 93 89 U+3068 1235 3244 26 71 U+4E00 2033 2626 92 20 U+308A 1445 3080 40 85 seg_fp 154 3723 69 100 U+3057 1872 2604 28 125 U+7533 1226 3314 45 100 U+3093 1430 3600 107 79 U+3057 1031 1140 18 132 U+3068 166 2635 36 83 U+3068 577 852 24 86 U+308B 569 1389 40 52 U+3069 1663 2932 63 76 seg_fp 1223 3802 45 58 U+308B 2066 2420 35 55 U+3089 1648 1045 33 86 U+3044 150 2107 62 59 U+3044 1638 2845 67 51 U+306A 1641 2507 75 100 U+3068 1662 2760 30 82 U+3068 172 3475 28 90 U+3057 1235 2106 29 118 U+304C 369 2390 78 54 U+3066 1653 1609 40 117 U+3089 1667 3734 25 93 U+3068 1669 2172 26 81 seg_fp 164 1532 23 72 seg_fp 1012 2564 34 143 seg_fp 1221 3866 66 47 U+3078 1625 2901 106 42 seg_fp 2063 2883 34 83 U+3068 797 2236 22 100 U+3089 1453 3539 23 67 U+3068 167 2011 26 91 seg_fp 1668 2042 24 61 seg_fp 173 3826 40 88,200021660-00038_1
U+5348 984 1382 95 112 U+98DF 552 836 98 113 U+6559 1399 2940 104 110 U+53C8 757 2470 104 90 U+795E 751 3206 97 135 U+523B 974 2617 96 95 U+3059 1641 804 87 74 U+795E 546 958 95 108 U+7FA9 1856 824 96 116 U+53C8 2259 2388 113 78 U+6B8A 973 2882 91 95 U+795E 324 2216 92 109 U+306E 2495 951 77 70 U+6642 2277 1480 96 80 U+5009 2054 2016 115 103 U+5409 771 1654 76 95 U+306E 322 3318 78 69 U+6642 1626 1365 91 78 U+795E 308 3464 95 100 U+3092 537 2147 90 74 U+306E 2476 3715 73 62 U+306B 535 2783 86 71 U+98DF 2285 3644 86 115 U+3092 994 973 77 74 U+8A31 550 1134 95 114 U+3092 979 3539 82 73 U+6367 530 2862 100 117 U+795E 2274 1899 87 119 U+4F53 1620 2582 91 108 U+6B64 331 2126 90 83 U+5348 984 743 93 111 U+7C7E 1849 1354 99 80 U+6C11 341 838 87 111 U+696D 760 1466 97 115 U+795E 2055 2319 98 106 U+6210 1631 1611 95 101 U+90AA 1401 3310 100 104 U+4E2D 979 2043 85 119 U+6E80 977 2341 94 94 U+82D7 2479 3255 76 103 U+8695 1179 2207 104 110 U+4EE3 2472 3360 92 104 U+7A40 530 1576 105 98 U+3068 1182 2580 82 103 U+306E 551 1069 74 62 U+4F1D 537 2399 83 105 U+3092 1408 2858 85 81 U+98A8 1407 3423 101 84 U+795E 965 3429 94 109 U+795E 755 2887 101 113 U+795E 1180 1655 98 119 U+5208 1834 3064 79 116 U+708A 1633 885 97 94 U+967D 975 2168 93 104 U+3092 1202 981 83 78 U+4EE3 1848 1212 97 83 U+3092 1631 1441 75 73 U+8695 539 1844 104 114 U+4FDD 542 741 100 85 U+795E 1630 1835 88 122 U+4EE3 2475 2586 101 102 U+66F4 967 2978 102 104 U+795E 2268 2748 91 107 U+7686 1636 2387 76 105 U+660E 970 3354 88 69 U+6642 1842 1757 98 80 U+795E 1833 3760 88 82 U+690D 2269 3023 86 87 U+4E09 1849 743 100 76 U+304D 1183 3265 84 85 U+3081 1187 2846 92 111 U+3059 994 1298 87 89 U+306B 771 1590 88 68 U+970A 2274 1780 92 112 U+98EF 1628 1525 93 83 U+7FA9 2505 1028 73 115 U+308C 772 1209 91 76 U+5927 2051 3059 88 62 U+6240 317 3207 91 114 U+8018 2264 3121 95 101 U+3068 774 1837 78 100 U+79CB 2069 1108 99 105 U+901A 1399 2737 89 114 U+6642 1831 3342 90 79 U+5929 769 2569 88 84 U+795E 1411 803 94 112 U+7E6D 538 2028 81 114 U+53C8 2052 2778 102 76 U+3066 1403 1265 79 89 U+3070 1197 1957 66 88 U+306A 990 2702 64 83 U+53F7 1405 1470 101 127 U+3066 1405 3217 80 79 U+7A32 2056 2131 96 87 U+7E41 1186 738 104 123 U+5929 756 3110 90 89 U+306E 1859 1436 76 63 U+7C7E 2468 3529 101 79 U+3092 335 1683 84 74 U+660E 1849 2153 89 69 U+308A 555 2308 51 90 U+719F 2060 1650 106 116 U+5B88 1187 1073 109 117 U+718A 768 2651 87 100 U+306E 346 1163 71 65 U+7530 2485 1810 81 79 U+6642 974 2538 91 77 U+660C 1203 873 77 102 U+660E 1181 2401 93 76 U+81F3 2075 1290 87 93 U+990A 1403 2425 80 143 U+3052 546 2974 101 83 U+795E 2465 2479 104 108 U+3072 1409 3133 78 80 U+7530 2272 2859 78 76 U+306E 544 1962 74 66 U+65AF 1410 1364 81 105 U+5927 1627 1702 88 74 U+6D88 1399 3524 94 93 U+3092 791 890 77 74 U+6069 315 3800 79 94 U+82D7 1855 1107 83 103 U+7A2E 533 1735 97 100 U+306B 524 3666 93 69 U+4FDD 2266 3553 98 85 U+306E 774 2826 72 60 seg_fp 319 3626 82 104 U+7530 2477 2867 80 77 U+7A40 1404 1923 110 105 U+8015 2473 3040 91 105 U+6642 983 1556 100 88 U+540C 1636 2500 72 77 U+306E 982 2281 72 64 U+7570 1628 2697 73 101 U+308C 322 2764 94 81 U+65E5 1004 882 49 70 U+7A32 1825 3425 99 91 U+3072 341 1336 77 75 U+9664 1401 3623 102 84 U+7D66 1185 1349 91 101 U+795E 2057 3191 85 101 U+3068 2291 1182 78 100 U+3092 762 3528 76 77 U+8EAB 323 1577 99 105 U+8A13 2470 2301 97 105 U+306E 1427 737 73 61 U+308B 987 2434 79 92 U+7523 2278 1663 77 109 U+4F1D 530 3737 85 99 U+3092 2480 2953 81 82 U+7D66 2071 927 89 95 U+3075 306 3131 102 80 U+8377 977 3178 74 99 U+4EBA 758 2755 109 75 U+795E 530 2657 100 124 U+3092 2294 742 79 68 U+540D 1608 2803 97 101 U+306A 2506 1135 51 94 U+8695 1404 2573 100 97 U+7A32 964 3076 94 95 U+7D66 1629 3628 59 79 U+82D7 2279 2464 75 109 U+767B 1835 2826 107 116 U+306F 2079 1923 55 86 U+53D6 2282 2658 71 90 U+306B 2073 1219 94 69 U+53C8 1177 3532 108 92 U+7136 315 2673 104 92 U+3075 2465 2217 98 82 U+53CE 1825 3190 93 82 U+795E 1843 2225 93 110 U+7A1A 2275 1570 93 90 U+4E94 1407 1845 103 75 U+65E2 1841 2653 83 91 U+306A 1200 3351 50 85 U+5927 1182 2325 89 68 U+719F 1631 1092 100 105 U+306E 321 3570 67 55 U+5B9D 2487 1335 89 145 U+3092 1850 1840 69 73 U+308A 787 2360 39 103 U+5B89 338 1766 88 82 U+306B 2279 2941 65 71 U+3051 770 3688 70 94 U+4F0F 1394 3807 106 86 U+6642 2066 1848 91 74 U+306B 1854 1284 80 64 U+3093 336 1854 95 89 U+6642 1616 3182 108 86 U+4E3B 2079 742 83 95 U+306E 760 3348 66 59 U+306E 331 2327 78 64 U+306F 1427 2033 61 84 U+8695 764 1360 107 103 U+306E 550 1679 66 55 U+308A 1430 2343 46 84 U+53F7 1840 2416 96 95 U+60A3 341 1230 83 98 U+592A 536 2558 82 96 U+8377 1835 3520 81 96 U+308A 351 2566 40 103 U+796D 1185 2962 83 124 U+7A32 1836 1913 101 90 U+84BC 2285 990 112 116 U+3092 2280 2582 78 76 U+660E 1628 1770 90 71 U+308B 346 1997 51 73 U+53D6 988 1726 68 96 U+4E3B 2273 2020 79 94 U+308A 1000 2783 39 89 U+305B 1609 3554 82 66 U+660E 1834 3689 81 66 U+304D 1649 983 54 98 U+52C5 756 3419 93 103 U+5927 1830 3621 87 71 U+306E 1409 2672 73 64 U+4E3B 2067 2427 65 101 U+795E 2471 2742 92 117 U+4E16 521 3482 100 88 U+8695 1185 3735 94 86 U+7A2E 2470 3609 101 98 U+51FA 2294 819 81 73 U+308A 573 1398 43 94 U+306A 1199 1768 52 97 U+7D66 2268 2213 89 94 U+795E 1183 2475 89 113 U+7A32 2048 2856 96 97 U+6642 2270 3467 92 73 U+5927 977 3290 82 52 U+306B 984 1646 88 68 U+9B42 2060 2226 98 89 U+306B 1183 3837 81 64 U+308B 1646 1296 44 64 U+3066 1627 3088 65 78 U+4E5F 1399 1767 119 76 U+990A 1183 3616 75 118 U+3075 1604 3709 94 72 U+5FB3 1408 923 97 93 U+308B 1638 2296 82 87 U+795E 2270 3769 97 130 U+306B 2065 1573 85 71 U+30CF 340 2080 66 42 U+3059 791 1132 48 74 U+7BED 2485 742 108 136 U+751F 2289 1286 74 91 U+3070 790 1267 66 79 U+306B 1431 1019 64 69 U+7D66 2069 2609 61 83 U+529F 329 2396 92 73 U+751F 1857 1509 60 113 U+306B 1634 2903 66 73 U+8377 2060 2942 80 103 U+4E94 539 1508 89 61 U+990A 1182 2050 90 153 U+82BD 2474 3780 79 103 U+3075 1178 1455 88 80 U+8D77 1401 3722 97 74 U+5D07 1632 2040 85 129 U+3042 1871 938 63 76 U+306F 2493 1710 61 95 U+308A 2504 1227 51 108 U+51FA 1848 1630 91 75 U+796D 1628 2180 86 118 U+308A 1430 1178 45 91 U+5B9C 774 2169 75 95 U+5FA1 1185 1527 99 131 U+30CF 998 1506 68 40 U+4E07 332 740 86 85 U+305B 1183 1267 90 79 U+308B 2073 1767 80 91 U+306B 550 3224 60 76 U+306B 1847 2748 70 68 U+306A 785 2265 50 94 U+3075 2470 1633 98 79 U+3075 2068 1026 92 78 U+65E5 997 1958 50 71 U+65E2 2066 1475 89 93 U+65E5 801 811 49 68 U+6240 1612 3781 86 129 U+306B 2491 3443 54 68 U+308C 1163 1866 108 92 U+3075 2046 2695 98 80 U+7D66 1419 3049 63 81 U+3078 527 3842 95 59 U+660E 2054 3127 85 63 U+306F 773 2995 54 98 U+4E0A 322 2900 80 91 U+308A 1206 3436 41 100 U+308B 1854 3273 45 69 U+3066 996 1825 42 118 U+795E 306 3723 85 69 U+3078 532 2507 105 51 U+65E5 793 1758 44 66 U+5D07 2059 3455 81 119 U+3059 782 1944 61 88 U+308A 2082 2528 39 85 U+308B 783 2036 46 74 U+3068 559 2236 50 70 U+306B 554 1240 72 80 U+306B 324 2991 87 75 U+306B 2479 2673 80 62 U+4E09 318 3394 87 60 U+306A 338 2479 69 85 U+751F 1856 2009 71 84 U+4EE5 776 967 102 59 U+3066 798 1032 43 100 U+3059 1648 1208 47 86 U+5D07 1184 2690 89 148 U+308A 555 3391 40 88 U+4E3B 1628 3359 67 111 U+3066 2072 3785 38 121 U+5949 2073 3591 44 99 U+796D 973 3615 82 116 U+5409 989 1052 73 89 U+3082 1431 2126 47 80 U+305A 346 1930 95 68 U+3068 2483 2052 79 101 U+3068 1657 1952 33 81 U+5949 1423 1592 66 116 U+306A 355 1401 47 89 U+3082 2073 3363 41 82 U+7D66 544 3055 63 72 U+30CF 778 2114 67 47 U+308A 2079 3694 33 81 U+7533 1662 732 41 76 U+51CD 338 954 81 99 U+3075 522 3131 100 91 U+6B64 775 725 101 80 U+3082 995 3847 55 67 U+308A 2095 1382 43 94 U+5927 1846 2098 89 61 U+4E5F 2479 2403 91 61 U+3079 1185 3155 83 102 U+3046 781 3613 36 84 U+3089 2485 1958 50 100 U+3044 2487 2156 64 57 U+3066 1858 2946 39 103 U+3068 1873 2331 36 79 U+308B 2511 880 48 62 U+3068 1013 1216 33 77 U+308A 2109 843 31 79 U+3075 2269 2310 90 76 U+3088 1440 1101 31 74 U+9913 333 1069 102 95 U+3044 331 3079 67 49 U+80B2 2272 3229 68 125 U+3044 2491 1574 63 54 U+81F3 551 1323 80 74 U+3068 1853 3837 38 71 U+3068 2510 1482 33 86 U+3088 558 3302 33 88 U+3088 1435 2270 33 72 U+308B 1427 1709 45 56 U+308B 1871 1706 41 51 U+65E5 1008 1145 49 70 U+308A 1885 1010 38 64 U+3005 1653 3270 26 78 U+3057 1874 2519 16 133 U+3068 2083 3288 25 77 U+3066 787 3784 36 99 U+304B 2506 1897 36 59 U+308B 2286 1416 82 75 U+30D0 331 2848 78 49 U+304F 353 1486 37 75 U+3005 559 3575 33 82 U+308B 1005 3736 34 47 U+306B 973 3791 81 43 U+308B 1205 3091 40 58 U+308A 2298 2118 39 94 U+3005 2317 1111 32 71 U+3057 1659 2974 28 117 U+3089 1218 1189 28 78 U+3057 2510 3131 15 116 U+3057 2332 888 23 95 U+3089 1647 3473 26 81 U+3068 1444 2197 35 65 U+308B 2281 3396 78 70 seg_fp 2290 3358 30 51 seg_fp 2299 1379 33 48,200021660-00038_2
U+6851 2025 3454 101 134 U+306B 2029 3809 104 92 U+306E 984 1355 70 69 U+7528 560 2202 88 111 U+672C 2038 3217 93 121 U+6216 1382 1664 98 97 U+8449 2028 3667 91 126 U+8695 1396 2736 98 120 U+308B 549 1320 97 100 U+660E 748 1234 97 86 U+9905 1837 1010 100 114 U+795E 2023 2269 95 118 U+306E 2032 3603 83 63 U+5E74 1606 2368 96 153 U+5F97 979 2599 94 104 U+3092 2027 3030 84 76 U+306E 757 1327 72 67 U+306E 1848 1217 70 65 U+6851 2024 2700 102 134 U+795E 1188 2109 90 120 U+98A8 1605 1840 111 95 U+3068 979 3113 87 103 U+5A66 963 1052 103 114 U+6708 761 1009 65 97 U+6674 103 1918 96 99 U+308A 1854 3383 47 136 U+306E 335 1814 75 64 U+5357 1400 2514 79 116 U+5E74 120 2608 91 148 U+6E05 751 1119 85 111 U+5177 549 1653 92 119 U+500D 1191 3480 100 106 U+306E 1387 1862 72 70 U+898B 1833 3133 93 103 U+3092 1196 2238 77 79 U+6708 1192 999 78 107 U+306B 330 2007 83 68 U+7E41 342 2922 86 129 U+6C17 115 1770 90 125 U+306E 2028 2851 79 64 U+6383 741 1972 101 122 U+3092 761 3642 85 78 U+6210 1386 1260 99 99 U+306E 757 2928 81 68 U+3092 980 2513 85 74 U+8695 122 2776 99 137 U+8695 1188 1975 104 121 U+9664 746 2101 105 99 U+5BA4 1400 2871 82 112 U+3092 1405 3277 77 78 U+57CB 322 2088 96 101 U+767E 1194 3385 86 93 U+7A93 758 3505 99 125 U+3092 2025 2389 81 78 U+8695 1197 2657 101 116 U+306E 327 1079 74 60 U+306E 2025 1906 72 59 U+3059 347 3173 78 91 U+8695 343 2696 79 124 U+65B9 328 1880 77 112 U+5439 1604 1951 94 87 U+8695 1607 2534 106 123 U+8AF8 541 1429 102 102 U+4EBA 966 1171 112 76 U+65B9 754 2783 76 130 U+80FD 753 2358 93 100 U+3092 1838 2254 77 77 U+7BC0 758 1391 81 149 U+6559 970 1253 119 106 U+767D 1199 1390 71 84 U+3092 748 1881 88 85 U+3070 129 2359 91 96 U+3066 972 2293 75 93 U+3068 1614 2911 78 108 U+3092 2030 1397 67 69 U+5229 973 2401 96 105 U+7533 1613 1155 73 120 U+6771 1397 2368 94 130 U+6F54 2025 1473 87 91 U+3092 558 1782 85 77 U+3092 760 3115 76 81 U+3092 2242 746 93 81 U+56DB 754 2701 86 81 U+3092 1843 1131 74 72 U+5929 106 1664 91 99 U+6DF1 2247 846 96 82 U+4E09 741 910 96 82 U+9053 554 1539 89 103 U+306E 1198 2784 72 61 U+4EA5 323 1693 92 115 U+8695 2020 2162 100 99 U+7E41 1191 2859 92 134 U+305B 1832 1289 101 75 U+306B 751 1553 93 69 U+620C 332 1586 89 101 U+5F10 2030 3118 97 97 U+6804 1193 2999 87 113 U+308C 326 2194 100 76 U+3070 1200 2552 102 101 U+5176 1606 2252 90 122 U+4F9B 1183 1705 98 100 U+6C99 320 1172 91 101 U+7ACB 2037 3354 87 90 U+3066 1838 2602 73 75 U+3092 1401 2996 86 80 U+7532 2033 877 76 90 U+7A74 760 3002 79 94 U+5BB6 756 1640 81 130 U+660E 108 2050 92 75 U+306E 335 1518 71 58 U+306B 1199 3293 84 85 U+3068 571 2847 72 118 U+305A 114 1560 76 93 U+6559 1397 3613 102 101 U+3081 2029 1583 80 100 U+4EA5 2021 1786 83 112 U+7E6D 1844 880 79 115 U+65E5 1211 1292 45 73 U+7528 549 1133 79 105 U+306B 1395 2650 90 72 U+679D 2025 2920 109 100 U+308A 1628 1719 45 113 U+308A 1006 2785 40 122 U+7CA5 1186 1483 93 101 U+5960 1190 2331 87 139 U+796D 2021 2479 90 112 U+3059 964 1705 97 98 U+304E 2259 1424 98 96 U+5185 754 1768 77 104 U+898B 561 2976 79 109 U+306B 2026 2093 81 56 U+5BB6 341 2486 75 135 U+3051 1617 2045 72 97 U+3054 980 1438 93 81 U+6771 1603 1376 90 136 U+732E 1832 2351 101 89 U+76E7 2248 1066 91 122 U+306E 342 2627 69 59 U+4E94 1177 1211 104 73 U+6D44 756 2485 99 113 U+5176 130 2475 57 122 U+306B 966 1865 95 85 U+304F 2264 936 43 111 U+5FC5 340 2831 86 82 U+8695 323 930 100 119 U+5927 1379 1578 105 81 U+5BB6 2028 1181 78 109 U+620C 2031 1685 83 99 U+308A 1009 3343 48 119 U+91CC 1396 1764 66 88 U+65B9 2024 1971 73 107 U+3092 1197 1601 73 89 U+5176 333 2371 85 111 U+4F9B 1837 1374 99 90 U+660C 351 3062 73 101 U+5341 1190 1120 89 77 U+3075 1374 1503 99 77 U+3081 767 2603 63 92 U+3092 329 1284 84 79 U+3058 1874 1469 39 134 U+610F 565 2326 84 127 U+585E 748 3207 110 149 U+308A 359 3473 55 151 U+53D6 549 1872 102 100 U+9152 1829 2154 96 99 U+5439 102 1465 90 83 U+3070 1633 2142 76 96 U+306B 1387 1083 89 57 U+308A 1631 3137 45 107 U+98A8 106 1359 101 84 U+5185 2030 1303 68 86 U+6708 110 1030 61 105 U+5510 1397 884 83 111 U+3057 1009 2917 25 176 U+5BB6 332 1379 84 120 U+65B9 1614 1526 63 103 U+3086 545 1240 82 75 U+65E5 1620 1286 56 68 U+5BB6 1393 2137 93 135 U+51FA 564 1980 86 78 U+5E38 1191 3133 75 162 U+898B 1401 3363 100 116 U+796D 1840 2689 84 128 U+4EF0 2249 1308 95 115 U+3058 1874 2449 40 144 U+5A66 1376 1932 100 94 U+4E91 1406 3813 71 93 U+5143 100 1160 98 76 U+3088 146 2933 52 96 U+6771 231 830 76 98 U+5F35 760 3728 89 96 U+3070 348 2276 74 85 U+308A 154 3385 45 129 U+306A 120 2145 75 96 U+65E5 2044 1104 42 62 U+7ACB 1404 3087 76 96 U+305F 998 2699 57 81 U+3066 1411 3717 64 83 U+3058 1223 1807 54 162 U+3068 372 3253 40 92 U+306E 1385 2262 120 117 U+3079 2258 2023 106 113 U+5F35 1390 1152 107 102 U+306B 543 1053 91 76 U+5B50 2027 995 89 90 U+308A 2048 2591 44 101 U+3068 2263 1672 69 73 U+308A 579 3236 52 121 U+308B 1426 3188 43 78 U+5C0A 2264 1534 65 135 U+305F 1855 3290 47 94 U+8695 546 917 92 122 U+308A 2275 1186 46 103 U+6708 1613 976 72 97 U+65E5 123 1262 47 63 U+3075 970 975 95 71 U+3044 1397 1445 65 54 U+4E0A 1601 1074 90 75 U+7ADC 446 819 69 85 U+571F 1407 1006 55 62 U+3044 355 3354 69 55 U+6B63 92 925 105 89 U+305F 976 2067 64 97 U+3068 155 3164 40 97 U+308C 127 2245 67 110 U+308A 791 3819 44 91 U+3088 1859 2894 43 88 U+306F 983 1960 49 106 U+3088 1629 2662 48 95 U+3068 1218 3798 49 108 U+795E 1833 2012 100 121 U+7D66 2260 1836 61 84 U+304F 992 1601 34 89 U+3078 340 3410 103 64 U+3088 1634 1638 31 82 U+3059 1217 3599 46 85 U+3079 560 2574 106 108 U+53F2 1719 805 86 80 U+3044 982 907 70 59 U+3057 1178 3671 121 110 U+305F 579 3139 50 94 U+3057 2285 2136 35 171 U+3078 1818 3247 111 43 U+3044 1615 3034 73 55 U+3057 166 3020 27 134 U+306E 1819 1708 67 47 U+308B 1859 2818 45 65 U+3059 580 2463 44 112 U+6CB3 455 1023 60 71 U+3057 1003 2159 22 137 U+308B 991 1797 45 67 U+6B63 1200 902 90 76 U+3068 1414 1357 32 84 U+3066 1424 3489 39 105 U+3057 788 2213 18 137 U+3057 595 2680 33 163 U+5711 1821 1758 57 68 U+3078 551 3094 95 47 U+304E 776 3358 81 128 U+3078 975 3289 102 53 U+3068 1001 1518 31 83 U+3044 991 3239 73 49 U+4EBA 1383 2025 105 111 U+30DF 2272 1746 40 77 U+9B5A 454 920 53 80 U+6B63 1611 883 89 78 U+3075 2234 1929 109 91 U+7C73 1822 1631 53 65 U+3057 1865 2978 34 139 U+306E 1906 1715 47 43 U+7E6D 1903 1627 56 77 U+65B9 228 952 66 85 U+65E7 2167 789 56 47 U+3078 122 3327 96 56 U+3044 139 3276 65 53 U+6714 233 1056 67 65 U+3078 1602 3092 100 42 U+3089 1224 2474 28 85 U+3057 1911 1866 52 49 U+5B50 1828 1829 40 46 U+5D14 878 806 66 87 U+3057 1640 2753 31 153 U+7D9A 1515 810 63 74 U+3057 601 2056 27 134 U+4E8B 2165 853 54 85 U+308A 1836 1930 23 58 U+306A 1823 1883 48 45 U+5929 1727 892 73 62 U+308B 1921 1958 31 39 U+305F 1920 1919 35 36 U+56F3 458 1110 54 68 U+5F62 1897 1763 63 89 U+5BD4 873 910 74 103 U+672C 2151 955 80 79 U+6589 1520 897 52 84,200021660-00039_1
U+6240 398 1869 98 127 U+306E 1672 3018 120 94 U+713C 379 1211 106 108 U+9AA8 1249 2212 100 139 U+6240 2086 1554 104 122 U+4E2D 2102 2321 87 118 U+8FD1 393 1751 106 107 U+5341 2324 2225 90 96 U+53C8 1245 2118 110 88 U+6B64 2313 3639 86 104 U+7D19 1457 1370 116 111 U+7269 1242 2952 109 102 U+53C8 388 1670 115 87 U+5165 2087 2545 125 69 U+679A 1450 1632 111 96 U+5302 393 756 79 103 U+3082 2336 2030 56 105 U+5451 401 2450 83 128 U+306E 1681 2629 82 72 U+307E 1668 731 97 84 U+9752 1668 1358 87 127 U+6240 1884 986 93 119 U+5F10 1023 2365 97 107 U+69D8 1250 2760 98 102 U+76AE 1250 1863 84 109 U+3064 1241 1270 90 103 U+6240 1016 1003 99 115 U+306E 605 3288 77 74 U+5165 1230 3149 127 80 U+3042 2107 3659 76 88 U+306E 1457 3553 125 102 U+61D0 2088 2203 102 102 U+306B 595 1487 89 75 U+306B 1019 2281 97 78 U+6728 389 1098 88 102 U+3081 1890 1949 97 115 U+53C8 2090 2617 116 82 U+306E 2104 1274 74 70 U+3092 1468 2217 89 86 U+3092 1693 3501 76 93 U+6D44 179 1699 100 106 U+516B 2317 2149 106 70 U+5165 796 1097 117 83 U+51FA 1466 3193 95 91 U+67F3 1241 2361 111 127 U+7A2E 1658 1062 109 107 U+5F8C 2317 2634 106 112 U+6696 1021 737 110 117 U+6E05 179 1578 97 117 U+306B 823 3034 65 81 U+305A 405 2814 94 127 U+5185 601 1383 80 96 U+306F 1260 1757 61 97 U+306E 1253 3735 80 63 U+84B2 2098 3066 98 130 U+8695 2315 2960 103 114 U+7740 2100 2950 90 112 U+306E 1259 2868 76 73 U+305A 399 1564 90 104 U+706B 1881 737 98 88 U+3092 601 1679 86 71 U+3066 1244 1093 73 84 U+7DBF 1467 3294 105 117 U+524D 2317 2521 94 104 U+306A 1036 852 64 82 U+306B 2101 3320 84 77 U+629C 1446 3068 116 113 U+306B 2102 2459 91 66 U+5408 1672 3716 102 119 U+60AA 607 3726 93 114 U+306B 1253 3063 88 78 U+306A 2321 3436 83 97 U+306E 2306 1500 137 95 U+306E 1892 822 67 63 U+3066 2099 1088 77 86 U+53C8 805 1182 105 75 U+6E29 599 2242 101 112 U+3092 1465 2942 82 109 U+6696 1878 1828 107 114 U+5929 600 870 92 92 U+3064 2100 3402 86 101 U+7269 1233 919 99 85 U+3066 187 3370 69 82 U+4E5D 1673 2707 112 78 U+304D 1889 1316 86 90 U+6642 1676 3408 94 95 U+8695 396 3719 87 119 U+6383 169 3056 109 111 U+306B 1883 1097 88 72 U+30EF 1259 2500 80 75 U+6642 812 2664 89 94 U+5BB6 600 1252 85 129 U+6C34 822 2758 75 122 U+6C17 816 2895 100 122 U+51FA 1891 2367 100 76 U+7159 395 2222 104 105 U+985E 607 3370 90 125 U+96E8 603 754 90 103 U+6025 1878 1402 101 120 U+7F6E 809 2192 84 136 U+7BED 1245 1969 102 138 U+8AF8 178 2171 107 110 U+8981 2314 984 85 104 U+706B 600 1573 84 98 U+306E 794 1420 111 90 U+306B 1888 2277 96 79 U+706B 1254 3490 95 101 U+3072 390 863 87 85 U+6696 1674 3125 106 113 U+5711 2104 3212 80 96 U+591C 2096 2818 93 126 U+3066 2318 1942 77 93 U+3080 408 2577 88 80 U+662F 1463 2075 90 129 U+60AA 396 3459 97 107 U+65E5 1695 2933 55 79 U+51FA 1676 2079 96 84 U+9664 183 3165 99 104 U+8695 178 2606 107 113 U+306B 186 2980 85 75 U+306B 1883 1529 83 74 U+306B 2092 1671 88 66 U+306F 2115 2092 54 99 U+5177 173 2385 103 119 U+8695 1676 1758 106 109 U+3072 2099 3794 95 78 U+7F6E 191 3583 82 110 U+6BCE 170 1121 117 106 U+3060 1258 2662 95 96 U+304D 623 1886 61 102 U+6C17 808 877 94 109 U+89E6 807 3128 104 122 U+306A 613 968 68 92 U+6C17 1255 3600 103 115 U+677E 594 3055 105 89 U+592B 1022 1801 120 128 U+4E94 1468 1480 90 69 U+306B 1241 1022 82 75 U+307F 2095 3576 95 72 U+308A 2336 1185 51 88 U+591C 2319 2401 99 111 U+6216 1248 1660 97 108 U+7136 1875 3752 108 96 U+516B 2323 2344 95 43 U+308A 1054 3584 45 94 U+306B 2321 1855 79 85 U+3082 418 3345 48 107 U+5E83 1035 3691 79 129 U+6216 2092 1985 108 118 U+60AA 820 3464 97 109 U+308C 2311 3190 122 98 U+5C11 1253 3219 96 100 U+3079 396 1325 96 97 U+306F 2107 2701 66 103 U+3092 812 993 74 95 U+6851 605 3150 91 130 U+7A2E 1443 741 93 105 U+307F 794 1947 102 78 U+53D6 1457 949 84 91 U+304D 2312 3832 89 85 U+6271 389 3029 108 107 U+884C 1242 3800 92 111 U+8349 409 2329 69 109 U+306B 182 1811 94 74 U+6027 1880 3529 92 107 U+3064 1680 1557 87 94 U+51FA 2325 3291 91 80 U+3068 1036 3505 70 81 U+307F 1015 2971 104 88 U+306A 1691 3245 69 87 U+308A 1040 2008 55 112 U+7686 1678 1250 75 99 U+5929 1883 3434 94 94 U+306B 604 2357 91 78 U+3042 380 948 91 85 U+4E0A 802 2027 97 94 U+809D 2304 877 89 91 U+306F 622 2938 57 97 U+71E5 177 3464 109 114 U+306A 1247 737 69 98 U+3068 2324 3759 63 68 U+663C 1694 2496 71 117 U+6D17 174 1481 109 99 U+304D 2105 909 94 89 U+9053 174 2277 112 101 U+7A0B 1453 1737 99 106 U+7A2E 1016 3261 98 127 U+3059 620 2438 55 109 U+81EA 1912 3627 45 122 U+6642 1673 2831 93 97 U+306B 408 1989 76 85 U+305B 1670 3833 89 73 U+308B 2103 1458 84 85 U+3093 1892 2519 100 97 U+53C8 1465 2599 108 86 U+5C11 605 1996 94 88 U+304D 1700 1649 56 97 U+713C 597 1756 102 124 U+51FA 1456 1042 97 80 U+3066 1694 935 41 120 U+610F 811 751 77 120 U+307F 1453 2510 105 85 U+7A2E 1875 1614 91 106 U+85AA 602 2766 89 162 U+306F 190 2499 65 95 U+3068 2322 1583 81 118 U+6B64 809 2576 91 78 U+3092 1462 850 75 92 U+65E5 1045 2174 60 95 U+51FA 189 2728 96 79 U+767D 1476 1266 68 104 U+898B 1678 3603 91 115 U+3064 1468 2315 84 117 U+3092 396 3840 90 82 U+3066 1478 1930 42 131 U+7406 1889 2172 99 98 U+306B 1466 1845 81 82 U+5EA6 1027 2558 102 130 U+3059 1898 2705 80 96 U+4E8B 1903 2873 63 138 U+4F55 2307 1298 98 101 U+306A 2329 1098 63 85 U+516D 1467 1557 85 63 U+5EA6 179 1002 96 131 U+7F6E 2098 1745 74 129 U+3092 1023 1321 92 75 U+308A 2339 3534 44 100 U+3070 610 1143 85 103 U+5C11 1675 1879 90 86 U+548C 1460 3662 108 91 U+3064 804 1764 87 102 U+306F 2330 2834 78 109 U+7121 1877 2072 108 99 U+65E5 2122 1193 51 74 U+304D 617 3842 93 81 U+7167 2092 1348 97 106 U+4E0A 1031 1158 87 92 U+8FD1 1877 889 100 92 U+3057 1500 1113 21 138 U+306B 1676 1166 81 73 U+3092 1895 1721 87 107 U+3092 1034 3385 91 109 U+751A 1893 3010 97 122 U+3070 1692 2383 85 112 U+5176 1466 2692 67 132 U+4E09 1034 2479 73 78 U+3075 395 3139 90 80 U+7F6E 1881 1185 79 123 U+60AA 1897 3136 88 96 U+308C 2327 1395 66 102 U+751F 2326 3090 62 95 U+306B 186 1234 79 62 U+304B 1711 2170 42 74 U+4E8B 406 3218 69 126 U+3079 1029 1499 92 113 U+624B 187 756 66 113 U+306B 2324 2744 76 83 U+304F 1051 1399 41 104 U+3089 1706 2303 59 83 U+306B 1883 3856 90 54 U+3055 1911 2443 50 72 U+3057 837 2373 29 209 U+308B 1699 3337 46 63 U+308B 1047 937 41 60 U+305B 1666 831 88 97 U+304D 2112 1876 49 103 U+3056 1256 1189 87 80 U+3052 1035 3821 82 100 U+524D 178 2855 99 118 U+3064 1032 2835 87 69 U+82E5 823 3775 85 143 U+30CF 2111 3873 68 41 U+3057 216 3742 23 178 U+308B 1259 840 40 65 U+3057 1927 3235 25 188 U+3064 1244 1473 89 66 U+639B 165 859 117 120 U+3079 180 3704 98 43 U+53D6 410 2926 73 105 U+30DF 1701 1492 43 60 U+3057 1284 3319 23 159 U+3057 635 2590 21 172 U+3068 1271 1372 41 95 U+3068 1923 2598 32 93 U+3084 1463 3414 89 67 U+3079 593 2549 108 56 U+3057 644 3578 25 151 U+3057 210 2020 30 158 U+3066 426 2081 39 123 U+3082 825 1261 41 85 U+3088 1054 1918 31 92 U+30C5 1046 2696 79 61 U+304F 827 1639 34 114 U+3057 848 3588 27 169 U+3057 637 2091 21 150 U+3057 2353 1702 24 145 U+308B 1917 2800 37 72 U+308B 2338 3373 49 57 U+3088 631 3497 42 81 U+3079 790 2335 124 52 U+3059 196 1895 57 74 U+3068 2132 994 29 89 U+3057 435 3563 27 146 U+304B 1492 3843 39 63 U+3057 1056 3050 26 201 U+3089 1504 3754 32 81 U+304B 419 1434 35 57 U+3005 1704 1969 28 92 U+308B 408 1033 44 52 U+304A 2092 746 101 72 U+30B1 839 2122 40 55 U+4E00 1021 2131 100 28 U+3092 186 1400 86 82 U+3089 1293 2575 21 87 U+3057 1062 1606 31 181 U+3079 165 1973 110 60 U+4E0A 1461 2825 90 105 U+3078 1015 1127 113 35 U+308B 2123 3742 40 47 U+3068 832 1337 40 78 U+30B1 1060 1250 32 53 U+304B 425 2694 38 54 U+30DF 1274 1598 37 61 U+3046 1499 3480 25 84 U+3079 393 2665 108 36 U+308B 833 3249 44 53 U+309D 1077 2909 20 48 U+305D 2116 818 52 88 U+309D 1282 1541 23 45 U+3089 418 1495 31 78 U+30C4 1710 2792 48 47 U+3089 633 1067 26 86 U+624B 198 1301 52 106 U+3089 435 2751 21 79 U+309D 1723 2241 20 57 U+3057 212 3268 26 113 U+308B 210 2807 44 53 seg_fp 2143 3491 31 66 U+309D 1504 2423 31 71 U+30FD 1070 2758 20 63 U+309D 840 1861 32 71 seg_fp 830 1552 31 90 U+308B 200 939 49 65 U+304B 1700 817 27 37 seg_fp 2335 802 37 68,200021660-00040_1
U+306E 1010 3513 77 77 U+63C9 1851 729 106 99 U+898B 2080 2686 96 108 U+306E 1865 3605 70 75 U+8695 2280 3275 102 104 U+306B 1211 3680 83 63 U+7528 1649 2839 86 109 U+5408 2062 3361 111 105 U+8449 369 3241 87 129 U+4F55 999 3397 98 101 U+5408 1851 3405 101 113 U+5F7C 362 2592 104 111 U+62F5 351 2711 123 93 U+53F3 1854 3527 95 78 U+306E 799 3209 73 59 U+3092 1857 3812 90 83 U+6939 2128 733 100 96 U+679A 2269 3099 120 109 U+58F1 2285 2984 81 123 U+751F 1870 2568 70 99 U+6939 2064 3156 113 107 U+4E09 2077 3276 84 75 U+3084 1864 851 90 61 U+3082 1670 2574 46 103 U+5668 1002 3599 95 123 U+3082 383 3542 49 104 U+7A4D 1842 3692 108 113 U+306E 2287 3201 75 69 U+3075 160 2804 104 98 U+6268 2276 2894 111 93 U+3066 590 3264 74 91 U+306C 789 3507 93 89 U+3066 1640 2738 85 92 U+7A32 784 3091 102 103 U+306B 797 2860 83 82 U+7D19 576 3644 112 121 U+306E 1642 3672 79 56 U+5F7C 1202 3765 110 124 U+305F 175 3639 57 99 U+76EE 1440 3142 68 96 U+6939 359 2926 110 107 U+65B9 1428 3019 79 123 U+80FD 790 3758 95 127 U+308C 1849 2668 132 94 U+3059 2305 2586 60 106 U+3092 796 3654 77 84 U+7F6E 165 3017 84 99 U+3066 994 3794 82 98 U+65E9 798 2958 74 112 U+521D 1629 3571 109 91 U+3066 371 3445 66 91 U+898B 1856 3312 85 99 U+30CF 1882 927 64 46 U+3092 1427 3509 91 84 U+306B 1864 3233 76 64 U+5207 367 3170 98 83 U+62F5 2061 2885 118 111 U+3068 2105 2584 44 98 U+8695 1859 2884 100 120 U+5408 577 2895 97 118 U+5E95 787 2716 100 140 U+5176 583 3356 90 124 U+3059 1662 3093 55 108 U+306B 371 3379 70 72 U+53C8 370 3035 104 84 U+7A0B 576 2594 91 106 U+3061 1447 3702 65 96 U+3082 2293 3621 47 90 U+308B 157 3801 96 88 U+3082 1450 3601 45 100 U+663C 1212 3334 87 120 U+3092 2142 851 93 70 U+5305 1022 2584 79 111 U+3086 1425 3794 97 85 U+898B 587 2791 87 110 U+65B9 2281 3512 77 102 U+56DB 1429 2943 90 75 U+51FA 2276 3714 89 86 U+306B 595 2703 78 80 U+306B 1005 3727 79 68 U+308C 147 3547 120 93 U+5668 375 3654 81 127 U+305F 2100 2994 53 97 U+3079 1219 2584 95 123 U+53D6 1000 3070 96 89 U+306B 2026 939 66 69 U+4E5D 1214 3475 91 84 U+30CF 384 3120 68 43 U+534A 2292 3385 70 118 U+308A 188 2900 49 111 U+5176 155 3126 104 122 U+6642 1209 3589 96 94 U+6577 585 3800 99 110 U+8695 1004 2843 102 123 U+3072 1424 3416 88 90 U+5C11 1860 3118 87 96 U+3050 1428 3246 88 70 U+3079 2276 2690 114 61 U+6268 1206 3237 116 87 U+306B 156 3357 94 71 U+7528 2080 3581 76 103 U+308A 811 3400 48 100 U+7A0B 2069 3478 90 95 U+308B 2104 3091 42 66 U+3064 1665 2672 66 69 U+58F1 1434 2706 75 99 U+3082 818 2581 45 120 U+3057 1676 3240 25 167 U+305B 585 3010 81 74 U+7BE9 1636 3734 95 150 U+751F 167 3427 65 115 U+306E 1274 2997 58 62 U+56F3 1275 3057 65 82 U+3059 811 3282 56 109 U+304B 816 3596 39 58 U+610F 2073 3683 86 105 U+51FA 1010 3164 85 84 U+3057 2315 2731 25 154 U+306B 591 3571 80 66 U+7BE9 1269 2868 69 124 U+306B 1193 3032 68 54 U+306F 1448 2578 63 112 U+3057 404 2804 18 125 U+3057 2102 3791 22 112 U+4E0A 589 3476 76 87 U+5E95 156 2586 109 138 U+3092 1009 2976 79 82 U+304F 1896 1063 32 80 U+3057 1892 2724 24 154 U+3066 2041 1010 39 106 U+3046 184 3246 34 81 U+3057 1046 2694 18 149 U+3089 1910 975 21 80 U+591A 1870 3015 66 104 U+3057 1256 2701 34 167 U+308A 612 3191 43 81 U+5DFB 1192 2943 59 84 U+3092 588 3751 77 57 U+3079 1634 3207 112 53 U+3057 2331 3796 21 107 seg_fp 182 3741 35 66 seg_fp 385 3780 49 68 U+3089 1460 3325 28 88 U+4E0A 1193 2875 58 65 U+30D8 2077 2805 110 67 U+8A18 1187 3098 83 99 U+624B 2032 814 56 108 seg_fp 385 3847 67 59 U+3078 150 3326 110 43 U+306B 161 2720 93 75 U+6700 1645 3417 77 148 U+56F3 1780 994 69 86 U+306F 1277 3138 48 73 U+3057 1048 3251 20 151 U+3075 591 3097 75 91 U+610F 1652 2952 67 128 U+6B69 1434 2813 79 111 U+30C4 1242 3550 45 43 seg_fp 2058 998 19 40,200021660-00041_1
U+6642 1352 3757 110 102 U+5F8C 233 1065 92 109 U+306B 1346 1760 91 65 U+53C8 1120 3181 126 83 U+98A8 1117 769 101 96 U+306E 1364 3674 80 85 U+5317 1103 679 106 85 U+306E 2208 1911 85 74 U+306E 916 3322 88 72 U+306E 886 1363 122 96 U+3092 1543 914 88 70 U+306A 710 2464 72 91 U+516B 883 847 110 66 U+3066 1773 2648 92 92 U+5F8C 1341 1657 108 100 U+5165 1325 1187 120 72 U+5411 1107 1229 105 88 U+308C 1339 1484 109 92 U+6765 1114 868 88 117 U+5F97 1125 2715 104 114 U+5C11 1779 1392 92 83 U+5F8C 2219 3381 97 111 U+5207 1559 3340 115 77 U+6D88 1126 2097 91 111 U+5F8C 461 1673 103 120 U+306E 2403 1418 76 74 U+96E8 2004 1984 98 103 U+517C 875 670 95 118 U+5927 1349 2666 111 96 U+6240 1337 946 89 112 U+8695 1995 2458 116 121 U+6642 908 2970 114 108 U+5225 1568 2962 102 104 U+3066 2204 1689 79 82 U+306E 2007 3512 75 70 U+306C 892 1184 91 80 U+3092 924 3662 79 72 U+306E 1574 2705 77 66 U+6B64 901 1911 99 89 U+306C 1766 1163 92 74 U+4E03 1327 677 106 75 U+98A8 894 1069 107 96 U+5927 1577 3239 90 94 U+4E5F 684 1416 107 81 U+5929 2009 2098 95 102 U+967D 246 2450 106 122 U+62F5 894 1660 112 101 U+306B 1360 2843 85 73 U+3092 2399 1786 98 81 U+8584 2211 2451 89 144 U+306B 2001 3783 92 74 U+304F 1798 1945 59 141 U+305D 717 2311 68 91 U+5927 685 1501 103 92 U+4E8B 2408 897 91 160 U+306B 471 2191 87 74 U+6642 903 2007 103 94 U+60AA 464 2275 100 117 U+6709 1142 2813 67 121 U+3066 1584 3153 66 79 U+5207 1349 2771 103 80 U+5B9B 1780 1628 106 124 U+4F5C 234 1333 107 98 U+624B 1349 1060 62 119 U+8272 1338 1839 107 110 U+306E 2398 2911 125 118 U+71E5 1540 994 105 103 U+8695 1549 1705 108 110 U+306E 907 2213 78 67 U+9593 1562 2339 100 101 U+8695 2201 1781 103 120 U+6E1B 1569 2845 114 120 U+3092 2220 3635 85 73 U+592B 453 1074 103 135 U+6851 1107 1320 87 128 U+75C5 697 3290 100 118 U+3070 1357 1558 59 91 U+3066 703 2970 74 87 U+3059 1146 2304 57 106 U+306E 1562 2275 81 64 U+306F 266 2901 63 91 U+5165 674 1885 133 88 U+3057 2007 2702 94 90 U+3057 457 1385 99 82 U+308D 697 2196 98 115 U+55B0 1787 3180 109 128 U+308B 2211 979 83 97 U+306E 240 1179 75 64 U+75C5 1344 2122 102 109 U+3092 1117 1443 108 105 U+3042 2201 680 78 108 U+4FC4 462 2084 110 117 U+81EA 927 2488 60 122 U+6027 698 3598 96 92 U+3070 1798 1748 70 97 U+3066 880 783 79 62 U+3075 1991 1051 97 89 U+6E1B 246 2791 115 112 U+6851 2216 3496 86 132 U+304B 2401 2154 98 74 U+53C8 1098 1784 127 84 U+3092 2423 3772 93 80 U+6696 1134 3271 115 114 U+6C17 262 2577 85 123 U+898B 924 3753 95 109 U+308A 1388 3270 46 108 U+306E 1338 884 81 63 U+3082 1158 3565 59 82 U+8695 1540 686 112 116 U+4E7E 2386 1875 130 122 U+69D8 1978 863 103 114 U+6975 2397 673 109 115 U+306A 1357 2312 96 74 U+306A 1590 3418 64 82 U+96F2 913 3184 97 132 U+4E0B 2018 2589 76 100 U+306B 262 3238 86 91 U+7F6E 1780 2522 94 120 U+306A 465 696 73 92 U+308A 1795 1043 48 110 U+306F 2230 2337 65 103 U+3072 916 3566 94 87 U+3051 1792 2412 79 107 U+82E5 2005 1849 85 121 U+55B0 1120 1548 99 124 U+6851 2422 3633 93 128 U+7F6E 907 1783 79 116 U+306B 2413 1074 79 87 U+308A 724 2721 48 118 U+3042 1778 673 80 102 U+8695 2005 3363 78 125 U+5176 2214 3252 91 121 U+306E 691 2064 81 62 U+516B 1340 759 107 62 U+6E1B 675 746 113 98 U+98FC 1360 3570 107 92 U+306A 1570 1516 59 86 U+304D 1775 868 93 88 U+79D8 2397 801 113 93 U+305F 2410 2734 86 98 U+4EBA 220 675 126 83 U+7BB8 2195 1290 94 133 U+3042 1350 1246 70 82 U+3059 1772 949 85 98 U+8695 2400 1302 103 104 U+3081 1562 1410 82 103 U+5F97 252 2129 97 113 U+3042 247 1740 92 88 U+308C 1110 993 102 94 U+7D9A 2007 2202 94 133 U+308B 2429 2642 45 88 U+305F 1553 1334 90 81 U+7531 913 2616 87 100 U+3059 2017 1531 52 98 U+3059 1372 2929 59 103 U+60AA 1139 3648 104 103 U+65E5 1581 2194 51 70 U+305A 468 1544 89 111 U+3059 703 839 54 104 U+3073 2407 2227 100 103 U+7A74 908 1448 78 111 U+3070 2008 3241 95 121 U+306F 467 1283 85 95 U+308D 479 3331 96 117 U+6851 1781 2945 99 133 U+539A 2204 1985 90 134 U+304D 1375 3078 66 98 U+6B7B 1135 2205 100 104 U+53C8 1350 3389 117 86 U+8695 1126 1968 109 111 U+3093 1554 1182 107 96 U+52A0 1569 2782 94 69 U+304D 2222 2592 62 112 U+306F 260 1422 58 99 U+662F 1583 3610 84 119 U+306A 1990 684 69 82 U+305A 1137 1675 80 101 U+304A 686 2143 106 63 U+4E8B 689 1102 89 157 U+306E 1343 2029 132 102 U+304D 1992 769 91 100 U+3070 1128 1079 55 86 U+3072 262 3595 85 79 U+308A 1580 1601 47 102 U+65B9 892 910 72 101 U+306A 475 2663 80 95 U+306B 1988 979 95 71 U+9589 917 2369 77 119 U+6BCE 2398 3431 112 104 U+306B 2214 1204 63 83 U+3092 902 1556 93 99 U+304B 912 3409 96 61 U+306A 2428 3209 59 95 U+6CD5 2403 3112 92 105 U+3078 469 3545 112 69 U+7F6E 2220 3117 81 131 U+52A0 247 2717 98 72 U+3081 2409 2828 83 81 U+6238 907 2102 70 112 U+3082 1811 3792 58 86 U+306B 904 2722 97 76 U+308A 495 2760 43 108 U+958B 904 2279 95 87 U+3063 2195 1617 90 72 U+3066 283 3332 43 119 U+5C45 2385 1493 102 121 U+524D 2198 1085 96 118 U+308C 706 1936 73 111 U+308A 1602 3499 43 111 U+304D 2026 2340 55 109 U+3092 1789 3081 90 97 U+5FC3 245 2034 104 94 U+3055 497 3602 63 88 U+5FC3 1130 2632 95 88 U+524D 250 1526 85 115 U+76F4 1799 2737 67 111 U+3079 1988 1636 126 49 U+6709 2006 3001 74 143 U+51FA 2407 2343 102 84 U+80FD 1347 2476 99 111 U+69D8 472 3043 96 110 U+3092 1774 1290 95 99 U+6765 2413 2420 97 129 U+904E 1144 3394 86 97 U+3059 1807 3315 60 104 U+3057 1166 2450 25 168 U+306B 466 1793 87 68 U+3081 2018 2798 65 84 U+3082 2221 1531 48 90 U+308A 2433 3304 38 122 U+3056 2434 2563 75 82 U+8695 699 3071 120 120 U+55B0 1991 1386 139 142 U+306F 1141 1862 54 89 U+3092 2208 1431 86 82 U+306B 251 1659 87 66 U+4E0D 243 1253 83 78 U+5E7C 1360 3481 103 82 U+306A 1368 3184 65 86 U+51FA 1558 1827 89 77 U+3078 884 1019 113 41 U+304D 702 997 56 98 U+3068 1804 2090 45 85 U+7B2C 690 1265 87 119 U+304F 490 2536 40 115 U+3066 2427 1161 39 123 U+52A0 676 685 103 65 U+308A 1595 3803 52 68 U+3057 946 2808 20 162 U+3055 1569 1106 51 73 U+3057 1170 2987 24 176 U+65E5 2439 3547 45 73 U+6696 1544 2575 118 116 U+6240 2203 2240 107 98 U+308A 275 1825 43 89 U+308A 2031 2878 44 124 U+3057 2038 1674 22 170 U+3078 1995 3715 110 57 U+304D 907 1266 63 99 U+4E0B 1564 815 61 97 U+3079 453 853 112 52 U+5BB6 262 3006 85 147 U+306B 706 3200 95 80 U+3080 2219 3719 95 92 U+3075 1770 2186 94 76 U+306B 1782 2857 93 75 U+304B 732 2405 40 61 U+65B9 694 1596 75 106 U+308A 2021 1139 42 98 U+3057 289 2268 25 180 U+65E5 1357 816 48 56 U+81F3 471 1876 87 92 U+4E94 1554 2123 99 71 U+3057 2440 1987 20 167 U+9055 251 3464 102 123 U+3057 490 902 26 161 U+3068 483 1198 32 82 U+306B 487 3159 81 71 U+3079 671 942 115 69 U+4ED5 2403 3020 93 102 U+3078 2202 2873 112 62 U+308B 729 2557 47 72 U+3068 280 1923 38 102 U+3057 1182 3746 24 123 U+3057 733 2843 28 131 U+3057 504 2391 28 155 U+308A 496 1966 41 115 U+60AA 705 3695 86 89 U+5BD2 1540 2443 108 127 U+3057 1828 3461 22 175 U+30CF 696 1720 80 43 U+30CF 496 3694 65 63 U+308B 1359 2374 90 110 U+3079 1353 3033 116 52 U+3079 1786 3420 108 53 U+3068 1379 2231 35 79 U+662F 1796 3648 86 128 U+308A 2247 3010 39 99 U+591A 235 756 63 135 U+305F 2233 2774 58 97 U+3079 246 2234 115 51 U+624B 710 1753 51 132 U+3088 1601 3735 36 64 U+914D 2212 2926 92 90 U+305F 2213 790 59 84 U+3079 1123 2411 115 58 U+6765 708 3497 76 89 U+3046 2025 3605 36 109 U+304C 1580 1268 50 58 U+51FA 705 3420 87 73 U+3088 727 2631 36 92 U+3050 516 3751 49 108 U+3075 2183 877 103 102 U+30D0 283 3809 67 53 U+3005 957 3079 29 92 U+56DB 1563 2062 86 57 U+3057 507 2870 16 183 U+3079 1136 2937 102 53 U+3057 273 873 19 179 U+3089 1816 1850 26 101 U+3057 1816 1483 18 142 U+3046 505 3254 33 94 U+3051 1359 1429 61 52 U+4E00 1107 1187 110 24 U+304D 2230 2124 59 113 U+3046 2422 1608 35 78 U+308B 477 791 42 66 U+3088 940 3470 35 93 U+3089 2032 3147 39 96 U+3066 1579 1913 38 132 U+305F 496 3452 60 94 U+304B 2242 2712 35 59 U+308B 1171 3495 42 52 U+3057 1387 1319 25 107 U+3005 1387 2588 37 72 U+3005 1374 1950 37 72 U+304F 729 3781 42 73 U+3051 2007 1252 77 141 U+308A 1805 2261 46 91 U+304B 1807 2346 35 66 U+3005 295 3156 28 70 U+3089 1796 776 31 92 U+304B 1798 1242 38 55 U+3089 2427 1687 28 101 U+3057 1617 3051 17 104 U+3089 493 1474 27 81 U+6709 272 3664 64 145 U+3089 2259 3806 22 58 U+4E00 687 1383 96 24,200021660-00042_2
U+843D 1809 2427 91 142 U+3070 1370 1597 100 113 U+3082 960 986 52 106 U+524D 315 3195 98 122 U+306B 320 748 106 92 U+3092 1369 2118 87 78 U+3082 2243 1361 54 106 U+5408 734 2797 109 124 U+3092 1378 2954 84 80 U+53D6 950 2310 101 100 U+68DA 2222 1136 109 105 U+6642 88 3040 107 87 U+7F6E 2222 1858 80 127 U+68DA 2220 3543 109 106 U+5207 2223 2522 94 82 U+8695 732 1861 107 117 U+629C 2206 1999 121 110 U+306E 1810 2887 80 75 U+8695 1805 2152 111 128 U+3066 1588 1160 74 96 U+68DA 2223 3306 109 113 U+4EBA 86 2568 121 86 U+6577 102 1990 101 126 U+5207 732 2453 92 80 U+6851 1586 1262 99 139 U+6B69 955 3015 103 132 U+5408 515 1674 119 124 U+306B 102 2273 95 76 U+6545 1590 2658 111 95 U+524D 733 1008 93 114 U+5927 2219 2412 100 95 U+6728 2230 3411 90 121 U+6B64 91 2940 93 88 U+82B1 1594 3328 91 126 U+7528 732 3042 88 130 U+3092 332 1690 87 91 U+5272 951 2643 97 131 U+6383 1801 2292 102 122 U+3092 102 1907 89 75 U+4E7E 2006 2196 119 117 U+3042 328 1040 85 90 U+6851 1799 1202 106 136 U+3065 314 2500 115 133 U+306E 953 3582 82 70 U+524D 2008 1467 103 118 U+306B 2221 2610 93 72 U+3092 1597 3465 88 78 U+8D64 1167 3057 93 115 U+8449 1359 2797 106 142 U+8449 1372 1974 88 134 U+306E 954 1978 73 70 U+6939 1152 1388 105 105 U+7D19 97 1776 109 125 U+591A 2225 1479 97 120 U+3059 1606 3702 58 98 U+306E 737 1788 77 62 U+53C8 1142 1295 110 95 U+8695 1572 2074 128 120 U+6851 1361 2653 110 137 U+76EE 962 3362 64 104 U+53D6 2212 2702 110 92 U+4E8B 1812 2963 86 199 U+7A0B 728 2931 97 107 U+55B0 1595 3554 108 135 U+306A 1605 2900 76 91 U+62E0 1595 2771 105 113 U+3068 1593 3801 91 115 U+3042 1385 3045 82 103 U+6851 1366 1026 95 131 U+306E 730 2372 79 76 U+3081 2230 2112 74 70 U+306E 97 3470 70 66 U+3092 951 2191 94 110 U+6851 1596 3113 95 123 U+306E 1805 1365 79 56 U+82E5 1807 1437 82 125 U+65E9 1368 1727 93 120 U+60AA 2007 1160 101 125 U+8449 718 2222 102 142 U+3082 1379 922 53 91 U+3072 735 912 85 90 U+306B 954 2540 96 83 U+679A 77 3369 113 90 U+6577 2012 880 110 141 U+7C89 735 2527 102 111 U+8449 1366 1233 96 133 U+7B4B 944 2063 107 127 U+306B 728 1989 89 77 U+304F 1382 1856 51 111 U+990A 1170 2116 82 157 U+306E 515 893 117 101 U+8695 1158 2561 109 121 U+7A2E 721 1445 113 113 U+751F 2021 747 69 129 U+4E45 1156 1725 107 94 U+4F4D 941 3480 104 94 U+6851 726 2078 102 140 U+306E 1601 3252 71 69 U+6BB5 1380 3803 100 106 U+8695 1378 3459 101 123 U+306F 1384 3589 70 104 U+3066 1173 3505 82 84 U+306C 100 990 103 81 U+8695 517 745 117 133 U+6271 2207 2799 112 117 U+306F 964 1701 64 109 U+8695 82 3544 109 134 U+65B9 1803 2779 95 107 U+7AF9 2232 3654 90 116 U+7F6E 2017 2474 85 118 U+51E1 106 3792 99 120 U+6027 1165 3596 99 111 U+7ACB 1162 873 74 98 U+8003 2226 960 84 111 U+662F 108 2122 89 139 U+306A 2230 2205 74 92 U+4E94 731 2650 94 70 U+7ACB 941 876 91 101 U+306F 2024 1029 67 111 U+7ACB 2222 1747 94 102 U+80FD 2222 748 94 125 U+306E 1376 1172 76 54 U+7D30 947 2430 109 110 U+6570 2224 1254 101 101 U+5C11 1172 2814 94 110 U+7A2E 83 3136 98 105 U+60AA 1171 3715 95 98 U+3057 318 2410 96 91 U+3059 1390 2325 61 110 U+751F 524 2845 77 116 U+308A 351 921 47 112 U+304D 331 1915 92 96 U+65B9 937 3228 94 130 U+3059 114 746 58 132 U+3063 1805 1910 95 104 U+6642 527 2643 99 86 U+662F 331 1547 86 135 U+679A 731 1674 97 99 U+4ED5 1805 2685 88 101 U+308A 119 876 48 110 U+6851 516 3655 94 129 U+7BE9 952 3646 100 138 U+53D6 306 3090 107 95 U+3092 1797 1713 85 87 U+751F 949 728 73 135 U+304F 2245 1625 45 97 U+82BD 1587 1407 87 147 U+521D 937 1596 112 98 U+306B 98 1679 94 89 U+751F 744 3496 72 120 U+8449 948 1823 96 142 U+61F8 521 2102 110 127 U+751F 1167 737 70 119 U+308A 2032 1821 50 114 U+3057 2046 1286 25 176 U+3059 1820 2571 60 99 U+308C 723 3617 100 106 U+5E74 1585 740 97 160 U+3057 2043 2654 24 217 U+306B 1590 1985 92 70 U+7D30 316 1812 106 97 U+306F 533 2735 63 93 U+304A 944 1105 98 62 U+516D 733 2723 94 81 U+6700 960 1443 76 150 U+3057 1197 2358 27 196 U+304F 2245 2293 45 111 U+3061 1614 1882 53 103 U+3075 90 1249 101 85 U+62F5 2002 1931 113 122 U+308C 513 2967 93 101 U+3092 93 3685 80 89 U+305B 516 1800 84 67 U+7136 513 2464 114 110 U+5668 316 3681 93 150 U+307F 297 2974 108 114 U+3075 721 730 99 97 U+306B 529 1122 87 79 U+51FA 1585 1562 104 80 U+914D 99 2363 112 100 U+58F1 951 2876 77 130 U+3042 1601 2505 73 97 U+306F 1174 2701 68 96 U+3078 2222 1089 106 38 U+7BB8 324 2006 82 154 U+58F1 745 1564 64 109 U+304F 1192 3822 43 92 U+898B 519 1544 100 133 U+306B 320 2176 85 88 U+3082 2243 3845 62 93 U+5176 103 1438 85 145 U+306E 745 1129 75 56 U+56DB 953 3159 84 70 U+610F 735 3178 88 114 U+3072 1173 2277 83 82 U+58F1 94 3244 70 120 U+3056 1605 1642 86 76 U+304F 1193 1976 34 120 U+3092 116 1143 76 88 U+3079 2002 2594 117 68 U+306F 334 2763 43 116 U+65B9 2021 1586 68 121 U+3057 554 2276 28 188 U+3068 352 838 53 79 U+308B 1608 1717 51 65 U+6709 1370 1383 77 120 U+55B0 1373 2206 113 120 U+308B 766 3816 43 94 U+80FD 519 1218 96 121 U+30DF 986 2777 41 93 U+3066 946 3836 90 83 U+8449 524 3789 92 133 U+305F 1392 3151 61 72 U+308B 326 1203 91 116 U+8695 523 3508 99 134 U+51FA 1591 2209 98 82 U+3075 2210 2916 106 94 U+3079 518 2242 115 49 U+6210 1159 3389 116 115 U+306B 1169 1505 77 78 U+3066 1183 1585 36 121 U+306B 531 1455 80 76 U+3079 1368 2438 108 55 U+305D 968 1174 54 98 U+3069 1402 845 63 78 U+3075 523 1885 89 90 U+3082 1827 1815 42 95 U+3057 1405 2477 23 165 U+306B 1582 902 93 78 U+3057 2052 2319 19 148 U+4E00 1378 3723 93 21 U+3088 1609 991 42 78 U+306F 1178 984 35 88 U+8272 1177 3185 65 119 U+306B 317 2680 89 71 U+3084 1146 1076 93 75 U+3057 773 3305 18 165 U+3078 1371 3228 106 48 U+304F 339 3546 40 113 U+305F 530 3072 74 100 U+3079 99 2643 88 118 U+7A0B 520 1344 90 108 U+3057 1201 1819 20 150 U+3044 1371 743 81 54 U+308A 1607 1073 40 98 U+306E 323 3338 80 60 U+3078 2004 2143 104 56 U+3088 2040 1723 31 95 U+3057 1412 3266 19 179 U+308A 136 2458 40 105 U+304F 1623 2992 36 103 U+3079 2234 3011 86 118 U+3057 983 1269 29 163 U+308A 545 1978 45 124 U+3057 2267 3125 36 181 U+4E0A 113 1581 74 90 U+3066 1832 2010 43 123 U+305F 754 3734 60 82 U+304F 755 1331 39 104 U+3046 1614 1793 34 86 U+3055 336 2877 45 95 U+308A 131 1335 45 112 U+304D 539 3396 58 106 U+3068 2264 3767 22 79 U+306B 313 3842 96 86 U+3066 340 2267 40 119 U+3078 1357 805 114 38 U+9ED2 523 3249 92 144 U+308B 546 3175 46 58 U+3089 1385 1510 40 88 U+82BD 1813 1567 65 137 U+3068 1199 3313 27 102 U+304C 353 1140 72 54 U+308B 554 2576 40 63 U+304B 132 1073 38 73 U+308B 1618 2291 38 55 U+3005 2265 868 28 81 U+3057 1188 1145 19 139 U+308A 350 1438 44 107 U+4E8B 1592 2357 88 160 U+308B 1615 2599 44 49 U+3057 131 2753 41 175 U+3057 1203 2928 15 126 U+3046 548 993 32 80 U+306A 340 1319 62 106 U+304B 343 2629 37 54 U+306B 975 3780 42 70 U+308B 758 836 39 68 U+3078 524 1073 99 48 U+3089 2046 2059 28 85,200021660-00043_1
U+306E 707 1917 72 80 U+306E 86 2356 75 75 U+5E76 1978 1343 110 143 U+3092 1997 862 72 99 U+7F6E 1995 1534 79 128 U+6577 1995 966 90 142 U+306C 496 1390 99 76 U+8584 693 864 92 134 U+306E 919 2327 123 109 U+306C 925 1969 92 80 U+306E 285 1472 116 96 U+5F7C 911 1288 96 109 U+8695 1129 2253 105 128 U+306E 1124 1834 121 96 U+306E 1768 1669 80 76 U+306E 2211 2589 73 68 U+6240 1127 1018 89 120 U+56F3 85 2240 87 108 U+3066 1332 2637 88 101 U+3066 713 1464 68 90 U+306C 515 3633 90 89 U+6851 292 3643 93 124 U+539A 508 3357 86 132 U+53D6 2203 1832 104 100 U+8695 2191 743 110 133 U+3092 708 2209 92 95 U+53D6 1128 2699 109 99 U+3092 1138 1136 82 95 U+7D19 1981 746 110 117 U+6240 1330 1863 102 124 U+3051 727 2592 82 119 U+79CB 1755 1745 107 99 U+306C 2204 3117 100 76 U+306E 1142 2392 78 63 U+65AF 1982 1676 97 103 U+7F6E 83 1408 85 113 U+6642 1761 943 110 87 U+524D 1155 3416 89 110 U+3086 75 1925 99 83 U+6642 487 1050 102 94 U+6B64 1764 849 99 86 U+5916 2209 2449 102 118 U+51E1 1774 3155 103 96 U+4E0B 2208 890 77 101 U+4E0B 1353 1373 73 99 U+7F6E 1134 1342 83 124 U+6E1B 711 2804 112 109 U+8695 1989 2738 117 127 U+307E 926 1473 84 85 U+3082 2212 1100 63 109 U+6E1B 295 2819 109 105 U+5668 83 3376 91 111 U+5F7C 1557 1690 108 114 U+306B 936 1208 55 70 U+306E 91 3505 72 62 U+4FF5 1762 3401 109 127 U+306E 292 3454 82 75 U+671D 292 3538 90 102 U+6216 1126 1472 112 103 U+306E 1345 2389 80 70 U+4F1D 1764 1099 97 107 U+80FD 721 2913 87 125 U+3059 2216 1550 62 108 U+5668 2206 2666 95 114 U+306E 1771 2074 79 63 U+3072 2207 1749 95 88 U+8695 489 1257 113 117 U+308A 521 3260 58 94 U+5E74 1761 1526 94 132 U+55B0 913 858 113 120 U+306F 501 1138 66 99 U+306C 512 1993 92 81 U+50BE 70 3147 103 96 U+7C89 1569 3566 107 107 U+306C 1551 2025 111 82 U+3059 84 3568 79 111 U+767D 2014 2987 75 103 U+3093 1149 2902 89 107 U+7C89 693 2099 111 109 U+8695 1762 2595 108 116 U+7A2E 1763 2715 100 120 U+3059 929 981 54 101 U+52A0 709 2719 104 78 U+80FD 2202 1936 100 103 U+3007 1775 749 66 66 U+306E 1148 3625 73 79 U+5668 73 2640 91 117 U+3042 309 2926 68 105 U+3075 707 2315 93 85 U+3092 936 2110 88 85 U+524D 1758 1400 94 120 U+6851 503 2297 90 146 U+306B 2206 2793 88 70 U+3092 505 1525 82 80 U+5C45 1133 2463 93 111 U+307E 1565 2889 101 96 U+3092 1348 1987 75 92 U+3066 1998 2132 77 88 U+3092 69 1325 95 77 U+53D6 1127 1242 104 96 U+3066 1991 3506 81 87 U+5C45 63 1528 102 116 U+8695 929 2209 105 111 U+524D 1556 1577 104 110 U+306C 1767 2350 106 84 U+5ACC 495 1621 106 120 U+306E 2001 1788 73 66 U+53D6 70 1756 98 100 U+306A 936 1614 66 87 U+306B 1135 2166 87 76 U+306B 288 1673 95 73 U+53C8 1317 2092 125 91 U+308A 1362 1618 48 90 U+306C 291 1320 93 76 U+8695 1983 1117 112 116 U+55B0 718 3050 108 124 U+6851 699 1771 94 134 U+306B 1335 856 91 81 U+7C73 1580 3684 82 102 U+3092 1781 2502 95 78 U+3051 90 3249 65 106 U+4E03 1999 2312 94 61 U+65E5 2021 2387 55 76 U+55B0 299 3842 107 96 U+5C3B 1137 2575 112 117 U+306B 2223 1221 71 83 U+52A0 296 2738 94 87 U+57C3 1338 3093 113 112 U+308A 101 3833 46 97 U+4F59 502 3145 102 115 U+524D 1131 2050 93 103 U+51FA 297 2517 86 88 U+3078 291 2459 103 46 U+610F 1561 851 91 127 U+7528 1771 3777 92 128 U+3059 923 1763 89 94 U+306B 1561 3061 96 76 U+3068 942 3034 80 128 U+7A32 1751 1964 111 102 U+4F46 506 3041 96 89 U+8695 278 1184 101 122 U+3059 1780 2140 61 113 U+3086 1994 3672 94 84 U+3075 696 1119 95 88 U+306B 1778 3063 87 72 U+53BB 1349 3310 93 90 U+3092 1354 3211 91 83 U+3092 1561 2157 88 83 U+601D 1141 3125 100 113 U+308A 953 1857 41 95 U+8695 2193 1318 109 126 U+5C45 283 2083 88 115 U+305F 2227 2282 57 85 U+8695 1552 1143 115 123 U+3092 2005 1240 81 89 U+5C11 75 984 93 89 U+3066 315 2205 40 114 U+3051 712 1380 74 91 U+3092 302 3771 80 66 U+663C 1144 1929 66 113 U+5207 693 2005 97 88 U+662F 1575 3366 83 113 U+306A 519 2824 66 104 U+679A 1769 2952 111 107 U+5C11 2002 2880 95 96 U+4E0B 298 1564 72 93 U+3092 1353 2839 100 89 U+304B 1553 2254 110 63 U+306B 1347 2559 77 79 U+65AF 727 3518 80 114 U+3080 928 3174 106 101 U+304D 2216 2184 88 103 U+3070 304 1082 69 85 U+5176 2211 3549 79 128 U+306B 1572 2589 89 93 U+308C 282 984 86 103 U+308A 527 2929 46 112 U+306B 1777 3672 87 83 U+7BE9 1573 3791 95 125 U+305A 311 2599 95 126 U+304F 717 1010 36 102 U+71E5 2204 2057 100 119 U+3057 1157 851 25 158 U+4E0A 290 2339 88 99 U+3082 1364 1527 39 95 U+3075 281 890 84 88 U+306B 1362 3612 84 76 U+304F 314 1863 40 116 U+3068 1362 2756 69 78 U+305B 60 883 106 79 U+3092 2205 1445 93 114 U+3068 1176 3008 39 104 U+9019 501 2490 95 125 U+3051 517 2077 72 132 U+3078 1333 1487 109 47 U+308B 1565 1389 98 109 U+308A 1587 1917 43 104 U+6851 1143 3816 78 101 U+4E2D 1361 3511 80 95 U+308A 736 2400 48 119 U+76F4 719 1559 67 119 U+65E9 1760 1860 89 102 U+306A 932 3367 85 100 U+3057 1592 980 27 154 U+308A 2224 3005 46 105 U+5176 291 3239 103 121 U+3092 525 3813 76 110 U+306B 701 1680 98 75 U+305F 1342 1717 81 82 U+3072 506 1746 83 80 U+3042 1767 1226 88 84 U+305C 1986 3401 125 100 U+751F 1566 1280 72 108 U+3031 953 2861 49 162 U+4E94 1773 3266 86 64 U+308B 517 2719 82 99 U+660E 1129 1680 98 82 U+308A 727 1210 39 108 U+308A 1377 3409 48 93 U+3059 1566 2488 100 95 U+3066 1364 932 45 124 U+308B 504 971 59 82 U+3059 513 870 52 99 U+7815 1555 3139 107 103 U+3059 1583 1793 60 123 U+5B9B 1776 3533 81 131 U+30D0 2005 2676 76 45 U+4E0A 502 1833 90 92 U+3092 1576 3491 72 70 U+30DF 320 1996 38 74 U+591C 1141 3705 93 102 U+51FA 511 2218 97 77 U+990A 1997 2469 85 153 U+3059 302 1759 56 104 U+8272 2001 3100 83 114 U+30CF 1160 3244 65 83 U+3059 2217 2878 52 126 U+3079 1979 1490 112 50 U+308B 2228 2373 50 70 U+5C3B 73 1646 117 116 U+80FD 937 3568 85 114 U+516D 1989 2229 106 79 U+53E3 1780 1033 63 56 U+3092 1334 1127 94 88 U+308A 1786 2251 51 102 U+306B 927 2555 98 73 U+3070 949 2639 68 109 U+58F1 1777 2837 76 121 U+306F 2020 3304 37 106 U+304F 537 3502 32 99 U+516D 1768 3341 101 69 U+304F 2214 1670 63 71 U+3092 93 2777 81 70 U+7A0B 936 3695 91 137 U+3066 1591 2684 45 119 U+3075 2205 3354 93 90 U+3088 108 3765 30 69 U+306B 2207 3855 99 68 U+9593 83 1220 60 93 U+30D8 1988 2623 117 52 U+306F 1141 1575 63 102 U+3057 1378 1213 24 151 U+304F 95 2509 44 117 U+3078 491 2457 120 38 U+306B 942 3838 87 81 U+65E5 1170 3535 42 70 U+308A 322 3029 40 124 U+65E5 314 3373 55 60 U+3068 2230 1001 27 99 U+305F 1360 3699 87 70 U+3059 729 3173 56 103 U+306E 720 3640 111 99 U+3078 502 1941 115 39 U+304B 316 1409 40 65 U+3057 750 3326 20 189 U+3053 942 1407 43 62 U+306B 2006 3223 80 63 U+3053 1586 2821 51 63 U+524D 917 1093 95 106 U+3057 117 2058 18 167 U+3092 2217 3256 80 95 U+304D 1591 3249 55 106 U+3057 1400 2928 25 134 U+3079 703 3282 113 58 U+308B 941 1705 42 51 U+30DF 112 3681 40 81 U+3079 80 2014 107 39 U+3059 1360 2180 60 128 U+304B 1597 2993 31 65 U+5C11 86 2862 90 110 U+30FE 1187 3330 51 59 U+3057 106 1078 22 131 U+3044 1338 2314 88 65 U+308A 2238 3438 45 118 U+304F 962 3460 41 94 U+304B 111 1862 33 68 U+3078 1127 2861 123 52 U+304B 741 2521 34 77 U+308A 1790 1310 46 100 U+304B 955 2046 33 64 U+308A 1388 3844 39 71 U+304F 746 3847 43 78 U+30DF 2015 3593 41 77 U+3046 1373 2459 28 95 U+304B 954 1565 32 49 U+4E5F 1992 3840 116 78 U+304B 543 3743 32 71 U+304B 1797 2443 44 64 U+3046 957 2427 34 92 U+308B 1159 1765 43 66 U+3057 112 2971 22 156 U+304B 525 1473 36 51 U+3089 957 3276 42 93 U+308B 2014 3762 44 59 U+3089 963 2749 30 111 U+304B 1168 2805 33 55 U+53C8 291 3177 117 66 U+308B 1363 1792 47 68 U+304B 728 1316 32 64 U+3068 1355 1066 57 59 U+304B 1591 2103 33 52 U+4E0A 515 2616 76 91 U+5982 78 2453 89 49 U+3078 924 2517 107 50 U+307E 1382 3745 39 96 U+3046 1596 2407 31 90 seg_fp 2225 3680 43 120 U+309D 1602 1489 25 83 U+3057 1994 1945 97 180 U+304B 2232 3202 38 54 U+3089 1601 2318 40 88 U+3078 2216 3787 83 60 seg_fp 751 3759 34 88,200021660-00044_1
U+3066 298 2716 75 88 U+306B 2219 2612 91 72 U+4F55 1577 3150 101 93 U+5143 733 2603 89 108 U+56FD 739 3184 82 92 U+53C8 2007 2811 114 79 U+9577 1585 3516 95 123 U+662F 2223 3440 89 104 U+8981 1145 2714 116 116 U+3066 1581 2702 79 84 U+4F5C 90 3210 98 87 U+6559 302 2933 103 108 U+98DB 2219 2944 103 102 U+7D66 1191 3602 62 96 U+7570 730 3070 97 110 U+306A 2229 2694 68 88 U+809D 1162 2616 96 94 U+307B 1812 3185 90 84 U+8D64 952 3033 88 112 U+6BCD 938 2884 114 72 U+8695 728 2887 100 121 U+306A 1593 3330 92 71 U+805E 304 2602 83 121 U+304F 1616 3393 46 110 U+5FC3 1369 2613 103 84 U+5225 508 2736 98 93 U+3068 956 3732 79 93 U+5B88 2232 747 86 106 U+306E 740 3856 76 60 U+306B 2225 3553 87 63 U+8695 2218 3226 109 110 U+8056 1164 3030 86 119 U+3080 1814 2818 90 84 U+3066 2214 2860 78 74 U+306E 956 2972 73 55 U+306B 2010 2735 92 62 U+5176 301 2813 83 115 U+56FD 2238 870 69 89 U+5FB3 1164 3152 98 107 U+308A 1191 2927 44 97 U+5DEE 518 2601 74 133 U+7230 2014 2613 84 123 U+306B 1597 3752 70 73 U+3042 2021 3315 73 78 U+9591 1590 3645 83 96 U+306E 2014 2997 83 71 U+3092 959 3226 78 67 U+8A9E 520 3201 91 100 U+4FD7 2105 839 86 89 U+3042 517 2892 80 87 U+6559 1172 3501 98 103 U+306A 313 3328 84 91 U+6E29 2009 3481 92 100 U+60AA 1586 2792 96 102 U+306E 1807 3582 70 62 U+8695 948 2611 105 115 U+3080 2029 3863 79 78 U+306B 310 3616 82 62 U+6C17 2017 3594 97 105 U+3082 2247 3344 44 84 U+305B 93 3301 78 87 U+662F 519 3728 75 115 U+5176 74 2594 92 115 U+53EA 1585 3056 94 89 U+3066 1811 2717 70 88 U+6388 1812 816 105 98 U+304A 2229 3631 83 66 U+679C 301 3685 82 101 U+7236 950 2787 98 96 U+4E0A 89 3125 85 81 U+5E74 85 2913 91 123 U+306B 1177 3778 80 76 U+306E 310 3041 75 66 U+6C17 1810 3449 83 116 U+5B50 1184 3351 74 86 U+306F 98 2807 61 88 U+3031 1823 2960 74 152 U+601D 1378 3041 82 74 U+306A 1175 2837 70 88 U+79D8 2001 3084 104 89 U+5B50 963 3145 68 76 U+3081 1815 3271 69 73 U+5EFB 2221 3052 95 90 U+7A0B 1368 3255 89 111 U+81F3 1590 2608 88 88 U+90F7 513 3562 105 108 U+4E8B 2020 3179 75 126 U+53E3 1837 750 59 51 U+3075 942 3449 98 65 U+5F8C 80 2707 101 96 U+308B 1384 3161 86 95 U+3068 1377 2916 79 118 U+3066 1612 3825 43 114 U+91CC 2111 750 78 80 U+3092 515 3846 85 75 U+306E 1176 3445 76 55 U+30CF 958 2740 72 43 U+304D 1828 3344 49 90 U+30CF 745 3020 71 45 U+308A 2242 2785 41 83 U+306B 2121 936 67 49 U+306E 1982 754 63 48 U+3059 1844 907 45 68 U+3092 2017 3713 83 66 U+306B 516 2825 88 71 U+3082 1194 3850 62 85 U+597D 2006 3784 104 74 U+305B 312 3410 81 88 U+6C17 1379 3559 87 106 U+967D 1375 3429 92 118 U+308A 755 2789 42 92 U+308A 113 3744 40 111 U+63A1 2088 996 107 81 U+3068 1392 3671 52 72 U+592A 1174 3263 76 80 U+990A 953 3304 82 139 U+306A 114 3642 48 100 U+3068 534 3133 60 67 U+3092 1981 1057 77 68 U+3068 118 3544 32 96 U+3088 1396 2701 40 84 U+306A 2252 3698 44 88 U+4EBA 508 3666 105 74 U+3005 118 3036 32 85 U+5730 733 3763 99 76 U+3066 741 3576 70 94 U+306B 740 3285 76 71 U+3055 1821 2909 50 80 U+3068 1617 3240 31 89 U+3075 1170 3704 96 74 U+3068 1836 3094 35 81 U+306B 1390 3365 71 68 U+7BED 1809 3654 87 120 U+308A 529 3300 69 97 U+6709 955 3827 78 104 U+3057 1618 2897 19 139 U+3058 2269 3790 29 148 U+305A 532 3035 68 91 U+79D8 1970 827 81 77 U+308A 2033 3396 42 85 U+308B 2248 3141 57 74 U+306F 1815 3836 68 99 U+3057 345 3496 23 114 U+3088 756 2714 28 75 U+3068 1806 2605 91 108 U+6709 757 3463 69 113 U+30D0 527 3506 79 49 U+308B 1400 3748 45 60 U+3057 134 3388 18 147 U+3057 1414 2788 18 124 U+6851 2077 1084 121 102 U+4E8B 1984 915 66 115 U+571F 748 3684 56 68 U+3078 1373 3120 107 50 U+3066 311 3821 32 98 U+304F 327 3225 39 94 U+3057 994 3625 20 106 U+308B 1837 3772 39 59 U+4E00 2003 2908 95 23 U+4E8B 1391 3836 69 89 U+3082 753 3362 50 104 U+3089 538 2980 30 51 U+30C4 2029 2941 54 45 U+304B 536 3459 35 48 U+3057 357 3782 14 115 seg_fp 329 3147 34 82 seg_fp 977 3568 37 62 seg_fp 317 3105 77 36 seg_fp 977 3521 80 46,200021660-00048_1
U+306A 1343 2045 76 91 U+8695 1115 2483 106 118 U+5F8C 492 2124 94 113 U+6642 1566 1082 100 81 U+306E 908 3644 106 84 U+5207 2186 1058 105 83 U+6851 910 2087 92 128 U+306E 282 2679 78 71 U+306E 921 1360 80 78 U+3092 1327 2686 93 72 U+55B0 2190 936 115 111 U+55B0 1125 1812 114 124 U+7DB2 701 3648 99 100 U+7DB2 699 2603 99 102 U+306E 500 1551 77 69 U+8695 700 2476 104 113 U+8CAC 2195 2796 85 134 U+8CAC 2192 1624 84 154 U+809D 1126 1543 106 104 U+9803 1125 2145 98 110 U+306E 273 3667 72 69 U+98DF 1117 2899 106 143 U+62F5 263 3346 115 106 U+8695 1766 2922 104 114 U+639B 1548 2779 116 111 U+9803 1337 1054 94 111 U+76DB 1118 1939 107 131 U+5927 708 1136 98 94 U+5F85 1330 2302 98 109 U+76EE 499 2361 66 96 U+7DB2 272 2575 101 107 U+7720 292 841 106 90 U+3092 1131 1219 88 94 U+6851 1772 1147 101 126 U+5207 701 1244 104 72 U+7269 696 2956 102 97 U+6B64 705 3551 90 79 U+8863 1774 726 92 104 U+3066 707 1040 74 86 U+6851 279 2097 98 140 U+3064 708 3143 86 86 U+5408 489 2001 105 113 U+6B64 701 1725 93 80 U+3092 1977 2876 100 73 U+306C 269 3082 101 73 U+7DB2 485 3109 97 100 U+6642 697 1814 101 93 U+5185 2198 1383 86 110 U+76AE 1984 2762 82 102 U+306E 1136 1741 71 65 U+306B 1994 1936 59 82 U+306E 715 1320 73 60 U+5C0F 912 3159 85 72 U+7528 506 969 82 116 U+306A 2197 3290 75 99 U+4FEF 916 1563 99 111 U+3092 1332 2205 92 88 U+6B64 1566 991 96 76 U+6851 1116 1075 103 143 U+6D29 273 2956 111 122 U+3092 704 3069 84 70 U+8695 1548 1629 112 123 U+5927 912 3068 88 95 U+6851 1326 2549 95 131 U+6851 1550 2372 97 131 U+75DB 918 720 93 141 U+5EA6 1124 725 98 120 U+8D77 917 1448 109 98 U+5927 1568 1169 87 92 U+6851 2184 2934 104 135 U+55B0 1334 854 110 118 U+6F38 1336 1608 85 123 U+5927 494 1620 95 94 U+639B 2185 2277 112 126 U+8695 289 1291 101 122 U+8695 61 2581 106 123 U+8695 1331 1381 109 115 U+3066 1551 2036 79 90 U+5148 1981 1811 92 120 U+306E 494 3212 73 60 U+3059 55 3122 88 107 U+4E0D 2199 3083 81 91 U+306E 290 1422 74 62 U+3092 1559 2510 80 69 U+6545 1332 2953 93 96 U+9803 289 1173 95 110 U+8DB3 2202 3181 84 105 U+5C45 1316 1728 102 115 U+898B 487 1883 97 120 U+8449 282 2318 88 132 U+517C 1329 2414 95 129 U+898B 1763 3045 89 100 U+306E 913 2232 72 57 U+306E 1780 1286 79 63 U+56FD 703 2078 77 104 U+7720 60 2209 110 107 U+3075 1554 2577 101 105 U+9055 901 2413 100 127 U+3092 277 2861 85 80 U+306B 1988 722 89 74 U+306E 286 2247 74 62 U+5148 1342 3054 80 124 U+3072 1134 1449 88 87 U+3042 493 2463 73 88 U+306E 1126 2615 71 61 U+3075 700 3283 93 79 U+65B9 491 3486 74 105 U+3075 1324 976 100 80 U+8695 492 1421 115 117 U+3072 491 3392 79 85 U+3092 1781 845 77 73 U+6851 1757 3456 98 120 U+306B 494 1802 86 81 U+70BA 1114 2678 93 121 U+6B64 1557 2131 92 83 U+55B0 1126 1312 113 133 U+3042 282 3488 69 102 U+306E 1131 2077 71 68 U+7528 491 2809 83 127 U+3061 1996 1621 56 110 U+306B 694 2188 87 80 U+5C45 51 3383 91 118 U+3082 1147 844 46 97 U+306B 1121 3223 78 67 U+6851 2198 724 90 128 U+8D77 1769 1557 103 101 U+7A0B 484 2252 85 100 U+3042 1562 1756 80 92 U+6642 2194 3455 96 91 U+7720 50 3592 108 116 U+9593 917 2311 66 101 U+6570 704 3817 97 91 U+306B 287 1596 86 83 U+8D77 1331 3276 99 101 U+7A0B 499 852 94 113 U+8CAC 1563 2212 79 163 U+8695 1546 3786 95 120 U+306A 721 3357 56 85 U+6B64 490 3020 86 73 U+534A 303 715 69 113 U+308B 2208 1301 56 75 U+6B64 2195 2712 88 81 U+306E 709 3754 73 57 U+3075 60 716 101 93 U+81F3 718 935 86 97 U+306A 1990 805 78 87 U+75C5 911 3724 94 116 U+8CAC 1135 951 72 132 U+306B 1338 3180 83 80 U+65B9 1565 1268 78 113 U+8695 478 3655 106 123 U+304D 289 2017 92 91 U+8D77 1550 3336 99 90 U+306B 1767 3371 79 74 U+8131 1974 2957 119 100 U+306F 79 2710 60 98 U+7686 923 1682 79 111 U+3092 1769 3588 80 71 U+76F4 1774 3240 73 123 U+306B 1343 1960 80 69 U+6B64 912 1799 93 80 U+662F 2041 3233 69 100 U+3092 492 2722 81 77 U+7720 1976 2027 111 110 U+3042 1825 2097 57 66 U+6B62 1317 2774 102 97 U+3081 922 1995 74 83 U+304D 1127 3734 80 93 U+3051 2200 1834 80 94 U+5FC3 1131 1644 96 83 U+304F 2215 2387 40 102 U+5927 1123 3630 84 95 U+662F 1819 1929 72 91 U+304D 1124 2399 77 87 U+3079 1565 721 96 114 U+76EE 284 2752 73 104 U+6B62 903 1901 103 91 U+3042 708 1907 77 101 U+8D77 1768 2527 111 100 U+306B 1980 3829 79 79 U+304D 490 2630 89 83 U+3092 287 1795 87 74 U+5EA6 921 1232 92 126 U+306E 74 1586 73 72 U+306F 1348 1503 63 96 U+7A0B 273 3162 85 100 U+7DB2 285 1695 99 93 U+3092 2201 864 81 66 U+3059 1977 1367 87 96 U+65AF 61 1480 90 102 U+308C 1563 2877 65 115 U+5148 1560 3116 76 127 U+7F6E 287 1883 82 130 U+8695 902 2838 109 124 U+3070 1564 2993 98 120 U+306B 908 2968 85 83 U+304B 1970 1185 102 72 U+3072 907 2545 87 88 U+6851 1324 719 107 126 U+30CF 709 2414 71 55 U+3066 511 1326 55 84 U+6B62 1113 3049 88 90 U+308A 731 3444 42 92 U+308C 64 2011 87 91 U+306B 1975 1735 94 66 U+3081 1122 3143 74 72 U+306B 1555 3246 83 76 U+6B64 1772 2430 96 85 U+306B 1124 3831 83 77 U+306A 1993 2584 71 97 U+4E0B 82 2823 64 97 U+3051 81 962 62 111 U+306B 273 3265 88 76 U+7F6E 70 1085 80 113 U+304D 1346 1291 81 96 U+51FA 1986 3068 96 91 U+306B 1785 1476 75 70 U+308A 1805 1655 41 96 U+306B 2196 1498 81 73 U+3079 67 1203 95 100 U+6545 1119 3533 92 84 U+6765 911 3310 87 109 U+308A 931 2730 42 105 U+8695 1985 2304 97 115 U+9063 487 3284 78 100 U+82E5 1130 2265 70 123 U+8131 1778 928 98 100 U+51FA 716 721 97 98 U+7720 1332 1852 105 112 U+610F 512 1085 81 115 U+307F 262 3589 95 73 U+3070 84 2092 54 105 U+9022 1120 3302 74 138 U+3086 496 2934 70 81 U+8695 1327 3628 110 109 U+3075 1771 3665 72 73 U+9045 1326 1173 103 109 U+4E0A 1769 1750 81 88 U+306F 292 2457 59 101 U+56DB 927 1150 76 77 U+3056 83 3711 67 84 U+9045 1549 1395 98 122 U+3057 2015 1002 25 178 U+3075 693 2861 104 88 U+308B 741 820 45 96 U+306B 64 3032 87 82 U+30B5 512 1720 59 80 U+3080 935 856 83 83 U+3075 2193 2080 81 86 U+8863 2038 3425 68 92 U+904E 485 3796 73 104 U+306B 273 3839 88 72 U+308B 1358 2875 42 72 U+306C 1941 3239 75 59 U+4E8B 713 1380 84 163 U+308B 1795 1841 48 75 U+308A 727 1617 45 101 U+308B 82 3801 48 92 U+3092 2040 3345 73 67 U+308A 2217 2170 43 112 U+304F 2214 1912 55 157 U+3066 720 2275 46 128 U+306B 1125 2800 80 88 U+3057 2016 2129 24 164 U+308B 80 3505 49 70 U+308A 313 932 51 98 U+3092 1826 2031 60 60 U+3068 1578 1947 33 92 U+308A 91 805 41 99 U+308A 1788 3743 42 80 U+4E0A 289 1491 77 98 U+8272 918 3426 68 120 U+308A 83 2311 56 104 U+306A 707 1539 92 82 U+3075 1111 3443 86 87 U+3079 2186 2493 107 48 U+3059 75 1888 57 122 U+4E0A 1980 2481 76 97 U+3079 923 944 101 49 U+3072 919 3843 80 71 U+305F 77 2923 64 98 U+308B 2000 898 47 69 U+3089 2224 1135 39 87 U+304F 86 1782 38 105 U+51FA 912 3241 87 72 U+308A 1578 1847 43 92 U+308B 1353 2136 45 63 U+30CF 1985 2425 77 55 U+30CF 490 3598 68 43 U+4E0A 1564 3434 62 88 U+30CF 2202 1579 71 48 U+308A 1581 3523 35 83 U+308B 1992 1462 48 67 U+3057 954 978 22 156 U+308B 2218 3391 39 73 U+3088 935 2636 36 91 U+3057 2228 2529 24 180 U+308B 2001 2687 39 69 U+3050 1959 3301 48 85 U+6B62 1754 3840 97 75 U+30D0 1780 3189 80 50 U+3044 705 2794 73 58 U+3057 328 1026 26 144 U+3078 1756 3151 111 37 U+63C3 2175 3822 115 95 U+3078 264 3799 108 50 U+304D 1565 1519 61 101 U+308A 1584 2682 38 101 U+3057 1368 3488 24 135 U+304E 1802 1031 85 104 U+56FD 1822 2163 68 88 U+304B 733 3225 36 61 U+3079 1967 962 120 50 U+56DB 508 721 83 65 U+304D 1752 2028 40 82 U+3067 1979 3723 72 89 U+3068 730 2696 32 90 U+3057 1803 2739 32 175 U+308A 1352 3383 50 107 U+3078 1768 1426 107 58 U+3057 104 1303 34 143 U+304B 2219 1778 37 62 U+3075 1739 2346 72 73 U+308A 1791 2632 56 110 U+308B 2006 3160 42 55 U+3057 98 2410 28 159 U+3057 1599 827 32 155 U+308B 726 2005 46 63 U+3005 943 3548 32 96 U+3044 1949 3476 53 51 U+5F10 1335 3753 94 91 U+3057 1584 3614 16 136 U+3078 270 3463 104 38 U+3056 2214 1227 76 72 U+3046 2001 1537 36 83 U+3046 299 3738 27 66 U+3082 1756 2206 36 80 U+304B 92 912 40 52 U+3075 1939 3531 78 65 U+3046 1805 1355 29 77 U+3092 2043 3530 58 61 U+3066 1817 2308 61 60 U+304F 65 3235 73 64 U+3068 1961 3397 27 76 U+304F 2013 1246 42 110 U+3057 541 1201 19 126 U+3046 1761 1934 27 91 U+3059 1998 3606 53 108 U+3044 1748 2295 47 39 U+3068 1761 2127 21 73 U+30CF 1828 2370 58 39 U+306B 1820 2256 61 57 U+4E0D 2211 3757 69 79 U+30C4 525 790 53 66 U+306F 2209 3549 53 99 U+30DF 90 3302 34 77 U+3089 511 2553 32 78 U+8695 2193 3660 94 83 U+4E09 1347 3857 71 51,200021660-00049_1
U+306B 307 1198 90 86 U+3092 1201 3489 88 99 U+958B 1163 1770 118 104 U+9593 531 1929 90 94 U+8584 2271 693 87 133 U+7CF8 1837 1312 92 125 U+4E8B 311 1944 92 162 U+306E 1415 2250 78 69 U+306E 1186 1699 80 70 U+7A93 1184 1191 97 109 U+7269 307 2621 106 94 U+98A8 1192 2978 111 113 U+8695 1614 1781 110 118 U+306B 1188 2890 96 85 U+306E 961 823 73 56 U+68DA 1610 1290 104 95 U+5E76 1635 1635 79 125 U+3066 1839 1209 77 96 U+3092 975 3636 86 80 U+6240 968 3501 102 136 U+3082 2297 2558 49 106 U+5C11 2064 2001 96 94 U+98A8 770 3290 108 107 U+306A 759 2274 83 98 U+53D6 2484 2141 104 93 U+80FD 2489 1841 90 105 U+7CF8 2058 1761 95 132 U+306E 324 2541 65 73 U+8695 1395 685 110 117 U+7CF8 2060 693 98 132 U+968F 2061 2293 100 100 U+539A 2268 1292 98 127 U+306E 539 1859 72 66 U+6240 731 1829 111 87 U+3092 1623 2046 91 75 U+6210 1176 1090 112 106 U+8695 955 3094 111 111 U+3072 965 1018 88 73 U+306E 1403 1570 105 96 U+98A8 1628 1914 106 106 U+52DD 1402 2318 111 105 U+7CF8 2061 1058 92 118 U+69D8 312 2438 95 98 U+5176 1405 2031 89 108 U+4E8B 965 2274 88 148 U+5148 1417 3338 102 115 U+6CA2 2060 2520 91 100 U+8695 734 1445 122 114 U+3092 957 1099 90 69 U+5C0F 2280 3554 101 74 U+7834 1178 746 108 93 U+98A8 1190 843 98 98 U+306E 750 1568 76 69 U+6577 317 3007 96 122 U+3066 2490 859 81 80 U+7A74 1199 3373 90 105 U+839A 301 2308 107 123 U+307E 2285 3354 96 98 U+677F 515 1758 110 102 U+68DA 1394 810 105 85 U+95C7 751 2041 96 110 U+306E 545 3266 75 60 U+7D30 2058 849 99 83 U+677F 528 3154 103 104 U+306E 1188 3281 101 103 U+308B 314 1843 87 105 U+5225 523 991 94 113 U+69D8 1618 1511 98 101 U+306E 953 1751 105 98 U+3066 532 1217 63 84 U+98FC 2276 1425 93 94 U+3073 315 1354 94 87 U+866B 2283 1874 78 103 U+76EE 2071 1902 71 99 U+306B 1412 2766 85 73 U+63C3 2487 945 115 95 U+6E1B 957 1916 116 123 U+898B 963 1175 102 93 U+8695 1606 1147 123 125 U+306E 2500 1346 81 58 U+6240 1178 2693 106 112 U+5473 1839 1526 96 94 U+5165 742 3598 117 83 U+96F2 959 692 79 116 U+6765 316 1713 82 118 U+69D8 748 2446 105 112 U+56FD 1414 2145 83 103 U+3042 755 1211 76 88 U+6271 2480 2235 103 99 U+3042 313 2119 84 90 U+8695 2047 3484 117 130 U+3092 2278 2882 94 80 U+6238 959 1456 76 111 U+306A 2506 3158 57 72 U+6642 2492 1096 98 79 U+3086 2289 3459 85 88 U+306A 319 1445 70 84 U+3066 1405 1272 81 80 U+5E73 2486 3506 89 106 U+3042 1415 1842 77 98 U+9670 747 681 90 84 U+5EAD 2495 1235 98 106 U+3066 2274 2329 76 84 U+6642 959 1276 114 85 U+4E8B 1636 2377 91 250 U+5C45 293 901 100 102 U+3092 1184 1307 86 76 U+5C45 732 1636 105 119 U+304D 767 3031 92 101 U+98FC 2272 834 87 87 U+81EA 1208 2006 56 120 U+7E6D 2275 2423 93 136 U+7F6E 1204 3677 74 116 U+3051 1193 1480 82 98 U+304F 770 2154 42 115 U+306B 1191 940 84 70 U+3066 763 2779 70 91 U+7ACB 1624 1398 83 101 U+4EBA 2469 2718 111 64 U+306B 2285 1519 83 72 U+6089 2491 1620 95 120 U+51FA 315 1634 93 80 U+3042 1190 1390 80 89 U+990A 528 2319 85 153 U+5E7C 531 1323 99 78 U+660E 1198 3592 98 84 U+968F 1409 2841 101 115 U+306B 2055 2734 96 82 U+3051 749 1300 76 93 U+6577 1413 2646 97 119 U+3082 2513 701 44 92 U+306B 2277 920 84 73 U+306B 761 2558 83 79 U+6E7F 527 3342 105 100 U+591A 1848 1887 70 137 U+306B 317 2726 84 75 U+3066 533 2229 66 83 U+3066 2060 1658 68 96 U+304F 2085 930 32 109 U+308A 546 3447 60 97 U+5927 1835 693 97 84 U+30CF 2064 3621 74 53 U+7720 2497 1407 107 87 U+3092 2060 2972 94 105 U+306C 1188 3098 96 82 U+751A 526 2734 91 115 U+60AA 534 2858 85 115 U+3059 2293 997 53 99 U+306F 1417 896 62 97 U+52A0 953 1856 104 71 U+306B 1191 2237 89 87 U+6238 1181 1577 78 129 U+3072 2493 2052 83 86 U+308C 2291 1708 69 106 U+55B0 2057 3078 105 136 U+306E 537 1588 73 72 U+308C 2281 3703 95 86 U+5C11 2286 1988 85 84 U+5999 2487 3066 98 88 U+307E 2076 3674 50 125 U+7531 1192 2138 88 95 U+9060 769 2875 83 149 U+304B 537 3560 84 73 U+306F 761 1928 67 99 U+6B63 1844 1460 90 64 U+3066 1201 3796 66 91 U+3092 746 1141 88 63 U+866B 756 769 65 86 U+5EFB 755 3396 94 104 U+308A 981 2989 49 90 U+3075 1832 784 91 81 U+3072 534 1511 79 77 U+3072 2501 2339 80 77 U+5947 2489 2943 94 115 U+4F5C 2284 2973 92 78 U+6CD5 1409 1746 92 106 U+308C 1399 3798 114 82 U+304B 303 1298 96 58 U+6642 527 1656 93 87 U+5BB6 1412 3610 84 116 U+56FD 1407 1001 90 91 U+81F3 1853 1630 87 102 U+3059 2296 1599 53 108 U+5C71 2058 2620 98 109 U+9593 2496 2616 61 92 U+3082 334 2893 54 98 U+5ACC 1624 2131 108 124 U+3079 1414 3053 101 115 U+308A 787 3197 47 96 U+304B 946 887 108 55 U+3059 978 2022 56 92 U+6851 2051 2831 98 141 U+4E8B 538 2555 78 163 U+3075 522 2473 93 85 U+53E3 2072 1192 79 65 U+304D 973 3421 92 86 U+3063 2490 790 85 68 U+5206 2075 2396 84 112 U+306B 532 2028 75 85 U+3059 542 681 51 94 U+304D 978 2163 53 107 U+8272 1414 1357 75 117 U+308A 793 3502 45 102 U+306B 1430 1193 37 80 U+306A 1416 3734 60 65 U+63C3 2482 1948 106 105 U+7B2C 972 2432 73 118 U+597D 968 3726 105 75 U+98FC 519 1414 100 93 U+306B 2507 1494 76 77 U+3079 519 774 103 68 U+3059 1205 2334 52 106 U+9589 1191 1886 81 125 U+308A 985 2673 44 102 U+3088 2081 1260 52 101 U+308A 1435 1936 46 97 U+624B 2505 2488 56 122 U+3086 2052 3803 89 86 U+304D 1209 3180 56 101 U+3057 2096 2108 23 180 U+308A 335 795 42 96 U+308A 331 2208 51 102 U+3057 1219 2480 23 205 U+306A 755 860 66 84 U+30CF 2503 1176 77 55 U+304F 2307 2082 41 96 U+306B 2497 2414 84 70 U+6238 744 1041 67 94 U+3057 2085 3293 27 139 U+5927 1182 1021 92 75 U+305A 2495 2841 87 106 U+308A 1870 864 44 105 U+30D0 2290 1819 78 50 U+969C 304 680 98 112 U+308B 779 2374 43 70 U+85C1 1412 3451 87 151 U+4ED5 1406 1666 92 85 U+3070 2307 3787 52 101 U+3069 344 1529 49 97 U+3079 304 3145 108 52 U+3066 318 2803 71 90 U+30D0 1188 694 88 44 U+3051 2300 3635 61 67 U+5FD9 1842 983 83 83 U+306A 977 2592 59 83 U+304F 2516 1744 36 97 U+304F 971 3265 78 67 U+3072 543 3634 83 95 U+69D8 752 3688 107 108 U+306B 542 3804 82 83 U+5C0F 2276 2673 89 94 U+304D 2283 2781 85 88 U+968F 2487 3709 100 95 U+3057 2319 3166 21 173 U+30D0 755 1388 73 52 U+624B 1426 2423 63 114 U+3079 955 2113 103 62 U+3057 556 831 22 148 U+308B 772 1760 51 69 U+30CF 974 3222 74 42 U+3057 565 2970 26 186 U+308A 768 946 45 94 U+3057 2314 2182 19 142 U+3080 980 3817 88 70 U+3075 1399 2955 103 104 U+5143 952 2794 96 120 U+3056 979 1555 63 65 U+30CF 2074 1363 76 59 U+3057 1882 2004 22 218 U+3053 562 3729 44 70 U+306B 781 3799 60 88 U+3079 1170 2445 116 51 U+3005 1001 1361 30 89 U+3057 344 3183 26 229 U+3046 335 1009 31 89 U+3082 993 1624 25 140 U+308B 2308 3056 43 63 U+3079 2261 1095 115 59 U+3057 1451 3162 32 167 U+751F 2491 3621 67 84 U+5206 2511 3803 72 90 U+3088 986 935 37 83 U+3079 2281 3121 98 51 U+3005 1226 2804 38 79 U+308B 2509 3232 44 62 U+3066 1865 1734 39 147 U+305B 2054 3208 83 76 U+5B9C 1415 2542 83 102 U+3057 2520 3324 20 158 U+3075 1622 2266 102 115 U+3057 2308 1133 19 145 U+3057 792 2641 21 137 U+3088 989 2905 30 86 U+3088 792 3112 32 85 U+30CF 2509 1575 63 42 U+308B 2521 1042 46 52 U+3057 2100 1528 20 129 U+3005 1442 1094 22 81 U+3089 335 1103 30 93 U+304F 2099 1413 36 106 U+3057 567 2111 28 119 U+4E00 951 2563 107 21 U+3089 997 3332 37 95 U+3005 1442 1477 27 83 U+3057 1882 1069 25 135 U+3079 2486 3298 95 40 U+3057 549 1097 35 132 U+3089 2520 2780 22 67,200021660-00050_2
U+5965 2387 709 94 111 U+3060 2275 992 99 87 U+98FC 671 1043 84 87 U+56F3 2280 1232 75 82 U+306A 2285 1076 74 78 U+306E 2275 1149 93 84 U+83D6 465 944 73 107 U+306B 1051 826 81 70 U+8695 676 899 70 120 U+6C17 1049 719 105 91 U+5DDE 2396 835 79 87 U+8695 2272 885 89 100 U+3057 805 745 84 73 U+8ED2 449 1076 83 122 U+308F 2127 737 70 72 U+6D41 2399 933 100 81 U+53D6 2038 807 52 72 U+3086 2026 945 73 64 U+3066 2019 1068 58 66 U+3060 2134 885 60 83 U+308B 1046 998 94 72 U+82B1 930 928 85 107 U+3075 786 938 98 82 U+307E 816 827 56 100 U+306F 938 1048 58 78 U+304B 2044 894 36 53 U+54C9 683 1147 95 105 U+3044 2025 1137 62 49 U+308B 2036 1009 39 56 U+304B 1075 898 32 51 U+3089 2155 810 25 74 U+309D 1082 943 19 63 U+3066 825 1020 28 101,200021660-00051_2
U+6216 1010 1471 101 114 U+5916 1240 1799 88 127 U+5343 1894 2687 98 105 U+6216 2108 2283 100 123 U+5E74 371 931 87 153 U+540C 1460 1208 89 95 U+6216 2313 753 103 118 U+5206 2518 1614 116 100 U+51B7 2339 3274 107 89 U+6642 2531 1520 103 90 U+3092 2539 1939 81 80 U+5F8C 1672 2196 101 103 U+5357 1245 2489 89 122 U+5916 818 3146 97 102 U+5E74 2326 853 87 151 U+5EAD 375 1107 85 117 U+98A8 1244 2619 104 110 U+5EAD 1237 1248 89 118 U+8695 1221 1124 117 110 U+76DB 2531 1334 102 119 U+96E8 2345 2580 82 96 U+6240 1006 1598 102 78 U+6BCE 2326 2287 109 109 U+5206 2351 1394 67 118 U+6848 794 1579 105 130 U+56FD 2104 874 83 109 U+8695 2100 995 114 121 U+3092 1899 2211 92 86 U+75DB 1655 976 87 131 U+3066 1906 3267 62 86 U+5176 1661 1303 87 118 U+304D 2345 2981 87 88 U+5909 1906 2810 73 140 U+3092 1464 1598 86 92 U+306B 2344 2399 75 79 U+6B8A 1233 1682 87 114 U+8AF8 2097 754 98 105 U+4F8B 1455 2090 92 119 U+6751 1652 1424 101 97 U+96E8 2528 1844 95 88 U+6216 373 841 91 97 U+4F8B 2533 2298 91 125 U+6642 2325 1318 105 81 U+6691 1231 1947 98 138 U+4F5C 590 2736 88 101 U+6B64 1037 3069 88 84 U+964D 2336 2678 93 115 U+6301 369 2983 97 104 U+306E 2336 1838 70 65 U+7A0B 367 3304 95 100 U+5927 2343 2487 84 89 U+8695 2323 1019 105 116 U+306B 814 2430 80 74 U+98A8 2343 3374 103 105 U+3064 2340 2802 81 111 U+6642 2113 2193 98 84 U+5165 552 763 124 72 U+5316 1899 3085 101 86 U+9716 2520 1724 107 124 U+3066 2116 3377 81 74 U+306B 2355 3181 58 77 U+4EBA 1013 1874 104 105 U+306E 584 1357 74 76 U+5185 823 3421 73 103 U+4E8B 1472 2271 72 185 U+5510 809 2520 72 133 U+306E 2122 3076 74 70 U+304D 2111 1231 81 95 U+306A 1051 3631 65 73 U+306B 1897 1854 85 70 U+6B8A 2345 3077 84 99 U+3063 1032 2128 74 114 U+3082 396 2635 46 94 U+524D 1229 1372 93 121 U+4E07 1901 2961 79 111 U+306E 2543 2422 64 69 U+990A 2098 2606 90 156 U+305A 586 2506 83 110 U+8695 2531 1209 113 117 U+713C 1886 948 109 112 U+56FD 1263 3493 75 98 U+3064 1242 2222 80 95 U+8695 1879 1190 113 128 U+6C17 1244 2086 91 119 U+990A 1897 3358 76 157 U+306E 1678 1780 72 66 U+6691 1046 3164 81 138 U+306E 1025 1687 68 59 U+305A 1676 1177 79 127 U+756A 1672 1641 89 132 U+3092 1888 867 73 71 U+4E8B 2544 2492 72 182 U+4F5C 1669 1934 95 90 U+306E 1896 1329 70 62 U+683C 1030 3408 94 97 U+3081 804 1809 80 66 U+3042 2127 3228 75 81 U+9632 1458 1700 87 100 U+8D77 2329 1913 96 94 U+5EAD 2329 1710 88 122 U+308A 1690 2099 43 107 U+5176 2108 2079 89 114 U+3042 2108 1907 87 81 U+3067 2334 2097 93 96 U+304F 386 2432 63 115 U+307E 592 2406 75 90 U+601D 808 1492 91 70 U+8695 2119 2767 94 108 U+306E 2542 1460 74 59 U+3042 1233 755 75 94 U+3042 804 960 71 91 U+5927 809 2147 91 96 U+3092 388 2865 70 106 U+967D 1900 1929 88 131 U+6B64 1680 2388 89 75 U+304D 1044 2634 85 95 U+4EBA 2105 3147 111 97 U+3092 818 2785 69 108 U+53C8 364 760 111 71 U+611F 1673 3089 102 106 U+8005 2116 2965 88 107 U+706B 1885 754 83 95 U+305B 1665 2025 88 70 U+3092 805 1724 78 73 U+51CC 2538 2024 81 106 U+306E 2337 1257 69 56 U+306B 2108 1326 83 73 U+306B 1680 2310 81 71 U+98A8 820 3772 103 92 U+3052 2347 3573 85 86 U+65E5 2350 2205 56 80 U+8001 1012 1758 98 118 U+6691 1459 1311 86 141 U+8EAB 390 2742 68 119 U+6B64 575 1191 92 90 U+5BB6 2128 3457 82 101 U+4E0A 591 2628 84 88 U+91CC 2121 2406 68 106 U+306A 1048 2815 65 111 U+3072 1904 3517 84 87 U+51FA 813 2901 87 83 U+308A 839 3319 45 94 U+6691 580 2026 82 145 U+6E7F 1656 744 89 113 U+306B 1659 868 82 88 U+7B95 796 2659 92 123 U+7A0B 1891 1740 86 103 U+306B 2115 2524 81 72 U+5EFB 1890 2299 89 100 U+75DB 1005 756 89 132 U+6C17 1894 2075 78 131 U+8239 2320 1156 89 93 U+5225 1038 3523 87 101 U+5927 2106 1127 84 98 U+5185 2127 3568 82 99 U+805E 1675 2748 96 137 U+307E 803 1114 78 99 U+306C 371 3158 91 80 U+304B 1032 2364 85 75 U+306B 1246 2728 78 80 U+307B 1257 2951 77 88 U+7686 1691 2966 66 108 U+529F 2116 2883 94 84 U+3092 1690 2654 75 95 U+4EBA 1672 2879 106 88 U+306E 1468 2207 60 56 U+308A 1254 1584 40 98 U+4EBA 378 2558 90 76 U+8695 578 1443 105 116 U+308A 2350 1604 42 96 U+3068 806 1347 77 112 U+5411 817 3574 93 95 U+4E8B 1014 1129 83 151 U+308A 398 1524 42 101 U+3050 812 1879 81 63 U+304C 1059 2999 59 61 U+6C17 374 1803 98 101 U+80FD 1888 1624 84 112 U+6240 2126 3756 83 95 U+3092 829 3877 79 67 U+304D 1043 3773 80 82 U+308B 2555 2224 42 64 U+308A 613 3290 37 106 U+3082 606 1912 50 102 U+3068 1242 916 66 65 U+308B 1906 3658 94 98 U+3081 1251 3038 72 90 U+306A 369 2024 90 84 U+3042 387 3631 66 91 U+305F 1046 2043 52 83 U+30D0 586 1129 76 59 U+3066 1264 2816 47 120 U+305F 2123 1458 61 88 U+8695 1252 3684 92 107 U+4EBA 578 1285 97 81 U+4E0A 1673 1854 76 74 U+306B 803 765 81 69 U+304D 1268 3127 50 110 U+6691 348 1654 103 139 U+5927 1255 3801 82 73 U+305B 587 2852 75 75 U+307E 1672 1104 49 86 U+304D 1910 1071 49 103 U+308C 588 811 51 116 U+4EBA 1023 2726 112 95 U+53E3 819 2370 62 57 U+4E8B 2119 1753 68 147 U+3082 827 838 49 109 U+3058 833 1212 40 119 U+624B 1698 2466 57 108 U+307F 2098 1551 102 86 U+30D0 1265 3428 87 57 U+305F 609 2324 49 87 U+3042 1013 1279 80 88 U+307E 2350 2007 43 96 U+3058 1715 3206 45 122 U+6238 814 2244 59 114 U+8D77 375 1242 84 90 U+306E 385 3419 70 55 U+308B 1708 3408 38 79 U+306B 1900 3758 80 64 U+6709 1901 1402 62 109 U+305F 2554 2133 48 90 U+308A 407 1331 36 91 U+4E09 2132 3678 82 73 U+3088 403 1432 33 92 U+58F1 1673 1522 67 117 U+308A 2139 1985 39 88 U+306F 2363 3480 35 86 U+3051 1700 3344 53 62 U+306F 1058 3302 46 100 U+3044 594 2267 74 49 U+306F 392 1926 44 95 U+306A 602 3207 57 82 U+304F 1267 2389 34 87 U+3044 2111 1403 75 50 U+3088 844 3246 27 77 U+308A 2150 3308 36 71 U+3057 845 2984 20 149 U+3044 1029 1995 73 44 U+3088 1263 2316 37 77 U+3057 390 3770 70 155 U+6C17 1464 1460 91 119 U+308A 1038 1366 39 103 U+3068 1709 3495 26 84 U+306B 588 2173 79 73 U+308B 402 3239 44 61 U+6240 1884 1521 96 100 U+30DF 1034 885 37 95 U+304B 402 3097 34 59 U+96E8 1902 3834 93 103 U+308A 410 3716 38 91 U+308B 1250 848 43 56 U+3057 1043 978 27 144 U+3057 1286 3248 19 127 U+306F 585 1568 64 95 U+3057 615 923 19 132 U+304C 1066 3718 57 57 U+308B 1058 2928 42 61 U+3057 1265 982 26 129 U+3057 2377 3654 17 119 U+3057 1932 2489 21 172 U+3060 388 2163 71 85 U+3066 1051 2235 41 116 U+3088 1259 1494 30 89 U+3088 2358 1522 31 80 U+3066 843 3670 38 99 U+3057 405 2252 23 171 U+5C11 590 1677 76 91 U+6BB5 1681 2574 95 76 U+309E 2373 2906 54 71 U+308B 821 1050 45 60 U+3057 621 2925 24 144 U+3053 1052 2564 51 66 U+30CF 385 2107 67 54 U+304F 2358 3802 45 83 U+3057 1495 1905 19 165 U+304B 598 1074 34 61 U+304E 1481 1801 70 100 U+304B 1711 3591 32 49 U+7A0B 2118 3850 87 88 U+306B 1259 3874 69 61 U+3051 1918 3599 54 61 U+3057 2137 1626 18 129 seg_fp 1064 3858 42 89 U+3057 1077 2428 26 117 U+3068 594 3088 76 89 U+3057 1930 3166 16 104 U+3057 818 1979 62 157 U+3057 619 1771 21 130 U+3005 1288 3589 20 84 U+3084 1686 3647 65 105 U+3089 1938 2399 22 83 U+304B 1278 3388 34 52 U+3078 813 3541 98 28 U+3089 842 1947 23 89 seg_fp 617 3155 29 50 seg_fp 2368 3871 35 62 seg_fp 403 3532 36 87,200021660-00055_2
U+6851 432 797 88 137 U+8695 860 988 102 112 U+898B 1726 1996 88 84 U+639B 1065 1651 111 108 U+3070 1502 800 99 90 U+4ED8 1737 906 78 101 U+7DB2 1066 1348 107 97 U+8FFD 1717 803 106 89 U+5EAD 1080 882 99 112 U+3059 1293 1348 87 90 U+6B64 1933 1314 103 86 U+5225 639 1693 101 107 U+55B0 211 975 112 119 U+8CAC 1733 1009 73 137 U+662F 649 1326 90 106 U+3068 1730 1895 79 97 U+968F 1498 903 107 102 U+8D77 1297 1969 96 84 U+6851 1719 1147 96 130 U+95A2 2377 2172 82 88 U+8695 2132 1341 119 104 U+3042 2162 895 70 98 U+53C8 1712 1582 97 76 U+6CA2 440 2045 98 83 U+3066 655 1930 69 84 U+55B0 1290 1211 108 124 U+3078 1290 801 83 112 U+3092 441 1977 81 66 U+306B 2148 807 94 73 U+6597 1093 998 64 115 U+80FD 434 1728 89 119 U+308B 1947 934 90 93 U+53CA 1080 2024 96 98 U+69D8 2368 1188 94 90 U+4F11 872 1905 97 99 U+7720 1291 1864 112 104 U+3092 433 940 78 71 U+7BC0 1943 1401 79 123 U+6771 2373 2273 81 106 U+4F11 1725 1660 92 91 U+3055 2367 803 83 104 U+6851 1289 1002 98 124 U+55B0 1940 1829 103 107 U+3092 639 803 89 69 U+4E0E 643 880 85 108 U+6B64 1071 802 96 73 U+5C71 215 800 102 90 U+6E7F 2367 2022 89 92 U+8695 209 1319 104 113 U+306B 221 895 81 69 U+6851 1720 1760 90 121 U+6851 1941 1524 89 138 U+4ED8 2380 1568 67 96 U+6570 1499 2018 104 99 U+904E 869 1106 80 90 U+8D77 867 1321 103 86 U+306C 1503 1245 90 69 U+5208 2227 2170 78 110 U+6025 871 1685 94 117 U+539A 212 1669 86 110 U+6851 441 1842 85 121 U+5206 1524 1005 73 100 U+304E 880 1805 88 95 U+3072 2160 2044 78 67 U+306B 2378 1283 78 75 U+534A 874 1195 70 114 U+75C5 2148 1940 93 99 U+306B 1079 1854 81 72 U+7CF8 222 1867 76 104 U+3092 2372 1492 77 64 U+306F 2151 1454 65 89 U+7E6D 217 1556 88 109 U+308B 1083 1754 81 91 U+306A 1514 1453 84 84 U+306A 1088 1130 66 92 U+308A 1108 1227 39 105 U+3091 437 1032 84 85 U+304D 2155 1648 88 87 U+6851 872 2006 83 116 U+6691 2366 1857 80 131 U+4E0A 642 2030 108 91 U+3079 648 1082 87 101 U+304D 1529 1539 48 94 U+306A 1724 1389 89 75 U+3075 2144 1868 96 80 U+3079 443 1497 92 91 U+3070 878 1580 84 99 U+624B 1516 1115 68 122 U+305A 869 891 87 103 U+308A 1964 1218 48 97 U+3082 1103 1932 72 80 U+3044 2161 1811 65 54 U+3093 1296 911 86 92 U+305F 2162 994 60 81 U+8FBC 2369 1036 90 71 U+6851 2059 2168 83 102 U+56F3 1460 2175 74 78 U+306A 1086 1453 69 94 U+3059 2143 1550 88 92 U+6C17 2379 1358 64 134 U+308A 660 1525 53 104 U+308A 2174 1077 45 102 U+308A 1742 1461 46 110 U+306C 2382 1112 81 71 U+3068 1972 1035 35 80 U+3072 439 1209 83 78 U+3084 1499 1637 93 69 U+3075 634 990 91 95 U+8FBA 2383 2407 68 103 U+3082 1316 2053 51 71 U+5473 215 2036 92 83 U+3092 1298 1137 82 60 U+4E0E 426 1294 90 111 U+6700 1293 1644 81 123 U+306B 1511 1791 74 78 U+3051 1515 1316 67 131 U+306F 231 1438 54 106 U+304F 243 1783 34 88 U+6B63 219 1979 85 55 U+65E9 1301 1762 73 92 U+3068 1755 1291 32 94 U+306E 1597 2179 71 60 U+305B 216 1092 80 70 U+3078 1721 2086 105 33 U+3065 1939 858 108 73 U+9001 1725 2167 92 95 U+30CF 653 1631 68 49 U+9032 1956 1944 68 100 U+3057 1327 1477 24 161 U+3044 1938 809 91 50 U+3057 2179 1173 25 161 U+3079 1295 1439 102 47 U+3070 874 797 60 89 U+3069 1110 1550 49 97 U+3078 431 1422 116 67 U+3088 674 1439 33 81 U+3088 1966 1664 37 82 U+3057 249 1163 26 143 U+3057 1546 1866 29 148 U+3057 685 1793 19 134 U+904B 1900 2172 72 85 U+3079 2362 1675 100 42 U+3057 2407 906 27 111 U+304F 1969 1737 31 91 U+3057 2398 1706 24 142 U+30DF 1967 2054 35 63 U+3057 472 1588 35 136 U+3068 2178 1728 34 83 U+4E0A 875 1419 73 88 U+3046 1532 1706 28 85 U+3057 682 1180 26 133 U+3089 899 1511 35 75 seg_fp 1927 1155 109 64 U+3089 466 1120 32 92 U+3044 1945 1134 75 45,200021660-00057_1
U+55B0 1853 2376 108 118 U+5F10 1198 2260 103 119 U+4E8B 761 2421 92 249 U+9593 1845 3371 95 96 U+3082 1865 3458 52 104 U+306E 983 1708 74 69 U+5F8C 2499 2371 107 114 U+6642 2487 1106 109 93 U+3092 1197 2179 92 82 U+76AE 1421 1937 83 112 U+3092 540 3023 83 106 U+55B0 1191 3235 116 132 U+6C34 529 1443 109 101 U+5916 1641 2183 90 119 U+307B 1634 1124 94 86 U+306E 1841 836 101 90 U+8695 1188 887 109 109 U+632F 1841 1959 107 102 U+3082 1432 1624 52 97 U+9752 2068 2672 78 147 U+6851 2066 2465 99 124 U+306E 1423 3719 71 62 U+6851 1189 2043 102 129 U+7E6D 535 2881 89 140 U+8584 1417 2049 87 144 U+306E 546 1682 83 72 U+6642 1411 783 103 90 U+6851 972 1557 96 136 U+3059 766 2007 88 94 U+65AF 1848 2847 93 118 U+6851 1404 874 103 116 U+53C8 2051 724 120 75 U+51E1 1206 1937 95 95 U+3064 1198 1405 92 107 U+306E 1639 2111 76 68 U+306B 2069 908 86 69 U+539A 978 1787 89 142 U+8695 527 802 112 113 U+5927 2067 1661 99 91 U+6268 531 707 114 84 U+79D8 2059 990 113 91 U+4E8B 2082 1090 65 143 U+8695 2065 2105 113 120 U+4F5C 754 1840 101 97 U+3082 1650 2445 49 109 U+3042 983 2805 76 92 U+8584 978 1934 82 130 U+3092 328 836 86 73 U+8695 1626 2317 108 117 U+3092 763 1735 90 90 U+3064 331 3116 87 98 U+6B64 2493 1015 95 88 U+539A 2491 2597 100 134 U+3092 1842 3700 90 83 U+305A 2297 2802 97 109 U+5EAD 2295 971 94 111 U+7CF8 1419 2315 88 125 U+6676 536 1559 104 119 U+306E 2077 2594 75 70 U+3042 2077 1246 80 91 U+4EBA 1840 3280 107 96 U+3031 1871 2185 73 187 U+3066 974 2151 74 96 U+5EA6 1200 3091 95 137 U+662F 307 1400 106 112 U+3068 1415 3056 86 109 U+3051 2297 3471 82 106 U+7E6D 756 1592 88 126 U+6240 314 709 96 112 U+8AF8 753 1162 105 111 U+3072 1637 2025 87 86 U+8449 1850 715 86 118 U+7230 2070 807 91 99 U+6B69 319 1179 97 124 U+306B 1198 1843 97 79 U+304D 1637 1292 94 89 U+3066 2499 1408 69 91 U+3093 532 3330 117 118 U+6E1B 974 1445 106 104 U+4F11 1840 1114 104 93 U+308C 1406 1300 100 91 U+308A 1214 794 44 86 U+4F5C 533 3140 101 100 U+4E0D 1421 1006 80 81 U+6268 323 2396 111 97 U+3064 1635 1385 82 102 U+901F 967 2676 104 110 U+3092 2297 1562 87 76 U+3068 541 3447 83 119 U+87C4 1192 1007 110 111 U+5EFF 1202 2807 76 100 U+306B 542 2561 92 78 U+304D 543 1341 93 110 U+69D8 539 2436 95 120 U+5E73 2058 2232 107 110 U+6691 2069 1749 91 133 U+8584 2286 1937 87 128 U+3092 2082 3819 81 76 U+56FD 388 1704 65 80 U+3064 2298 1485 81 69 U+3082 1647 3101 49 92 U+3059 1868 2508 55 102 U+3082 1873 1850 59 99 U+96E8 2297 1265 91 90 U+5C0F 1420 1732 91 81 U+4E09 1201 2925 86 71 U+304D 1635 1566 97 93 U+3059 326 3353 85 98 U+306B 2068 2984 94 84 U+5225 2488 1216 98 95 U+3042 772 2213 75 98 U+8DB3 1419 1098 89 101 U+52A0 967 1359 98 76 U+3084 2289 2654 99 75 U+7A0B 2498 2489 92 99 U+3059 1429 1193 52 107 U+900F 534 2041 102 125 U+6851 2281 2316 103 123 U+5EAD 1413 3585 95 121 U+3066 2295 1842 75 96 U+305A 544 1100 85 98 U+308A 1218 2681 51 116 U+56FD 298 1708 68 76 U+6210 1624 2771 105 123 U+3042 2079 3716 72 82 U+8449 2064 2816 88 150 U+5DE3 539 3580 88 121 U+96A0 541 3711 90 92 U+5EA6 1851 1730 96 124 U+8D77 1412 3796 105 87 U+3051 1862 2125 77 102 U+53B3 2501 1495 96 129 U+4F5C 1632 3519 105 96 U+6B64 1413 705 95 77 U+3092 549 2248 94 98 U+54C1 763 2100 97 95 U+304F 1655 3400 38 104 U+305A 2078 3342 97 114 U+3084 1619 3309 110 80 U+306B 336 2726 78 85 U+69D8 317 3551 104 98 U+306E 979 1275 77 64 U+6B8B 533 928 104 92 U+305F 2300 2526 74 123 U+3092 2508 2029 88 82 U+81F3 2075 1430 90 108 U+306B 1851 1535 82 73 U+56FD 328 2507 92 108 U+3080 319 1306 96 88 U+5C11 982 2261 86 75 U+306B 977 2066 76 85 U+304F 1438 1825 43 108 U+305B 2283 2151 89 73 U+9045 975 2534 76 122 U+306A 2083 1878 75 95 U+7E6D 1410 1497 88 132 U+5EA6 1207 2471 103 120 U+56DB 1202 3012 78 79 U+3088 2297 2229 69 86 U+6301 1835 3790 110 102 U+306E 1862 2963 79 75 U+3075 1192 3369 97 98 U+639B 2502 3034 110 116 U+7A0B 1837 1436 100 96 U+3086 1194 1321 86 85 U+6851 2497 1890 98 138 U+308B 760 2318 102 105 U+306B 1864 1022 67 81 U+306A 1419 2804 81 79 U+306A 1651 3694 62 87 U+3066 783 1460 44 135 U+3092 322 1522 88 71 U+3079 1413 3329 102 73 U+7A0B 1622 921 93 103 U+308A 1660 3779 47 101 U+304F 1659 2667 41 113 U+601D 1633 1937 94 77 U+751F 2081 2356 69 101 U+5341 1202 2374 87 105 U+30CF 1642 1875 75 51 U+306C 1632 772 85 77 U+6691 2295 2911 88 144 U+306B 761 1371 87 83 U+56FD 753 1283 106 79 U+4F11 2297 1083 94 98 U+4ED5 321 3458 96 87 U+3042 2512 2117 79 102 U+3086 1628 3009 94 79 U+306D 329 1081 79 88 U+306B 2294 3164 86 64 U+304F 2527 2737 39 116 U+3092 2302 2438 79 87 U+306A 544 2651 75 98 U+306B 1632 1029 82 74 U+3066 336 2812 71 104 U+3067 1204 1722 92 111 U+8EAB 1853 3576 78 120 U+307E 1645 2895 50 110 U+3086 322 3036 90 74 U+3059 1423 2622 81 96 U+3066 2090 1544 44 117 U+3059 310 1992 55 83 U+305F 328 927 82 85 U+3057 969 711 100 80 U+8272 334 3652 81 110 U+3051 2304 1747 78 99 U+65E9 1644 2564 73 95 U+307E 1203 1224 57 98 U+3081 1641 1214 66 73 U+306A 2066 3169 89 73 U+308A 563 2751 45 125 U+3066 308 1853 53 70 U+4E0A 1854 920 76 95 U+591A 2500 730 77 136 U+3079 967 2959 107 60 U+3068 558 2180 56 70 U+307E 1218 1631 47 99 U+3068 1233 3458 38 104 U+4E2D 301 1621 63 74 U+87C4 530 1209 110 127 U+5C45 1841 1282 91 97 U+3078 2501 2318 98 62 U+3075 2500 2856 87 91 U+3068 1647 1655 62 66 U+3005 360 2618 35 95 U+6771 389 1619 63 82 U+3064 2075 3525 86 105 U+6C17 2307 3049 85 109 U+304F 1207 1503 72 70 U+30CF 979 2463 77 54 U+304F 338 3202 68 72 U+308D 2302 3391 67 83 U+3072 385 1998 77 67 U+3088 2311 1648 58 99 U+3044 1206 3583 82 56 U+308A 2093 1334 50 98 U+5BD2 929 992 138 144 U+308C 2078 3237 76 103 U+77E5 1415 3169 97 97 U+3082 2092 3609 52 93 U+304D 1213 1121 54 98 U+3065 328 988 103 92 U+6B4C 2357 801 76 88 U+30D0 2083 2045 81 55 U+308B 563 2350 48 74 U+307E 352 2926 47 110 U+304F 1440 2186 37 113 U+3079 2509 3133 98 102 U+3057 1007 3008 21 201 U+306F 1655 3205 45 100 U+308B 1660 3616 38 66 U+3088 1223 713 32 78 U+3070 1432 1368 54 119 U+304F 1876 3159 42 117 U+3057 1448 3376 22 200 U+308B 993 2894 53 65 U+3079 1846 2620 113 52 U+68A8 1209 3732 78 139 U+304A 2293 3240 93 71 U+30DF 2325 1181 35 73 U+3055 2317 2737 36 77 U+304F 563 1900 38 119 U+3089 564 1022 42 76 U+304F 2314 2057 39 91 U+3057 1448 2871 27 178 U+3089 549 3243 48 91 U+5E7E 1856 1621 70 116 U+3088 1228 2591 41 86 U+306F 2092 3061 36 103 U+3057 2539 1625 24 140 U+3057 1888 2648 24 199 U+6696 962 1164 110 108 U+308B 1659 849 42 60 U+30CF 303 1946 57 41 U+306B 392 1788 59 69 U+3005 361 3764 38 102 U+308B 566 3805 48 63 U+30CF 395 1952 55 40 U+3057 1005 851 28 125 U+304B 1877 2065 35 61 U+304D 402 2069 40 81 U+3057 2326 1365 21 122 U+3057 1674 1721 26 140 U+308B 399 2153 41 56 U+308A 2526 2950 42 89 U+3078 1193 3644 107 71 U+8A00 394 2300 49 67 U+3057 2539 3233 36 212 U+308B 1872 1378 44 51 U+3044 2080 3473 81 48 U+3089 355 3277 35 79 U+304F 1446 2716 31 75 U+3057 2527 856 26 150 U+3057 2519 1299 31 123 U+305F 2524 2226 55 88 U+306B 324 1792 25 60 U+3088 1655 1481 29 81 U+304B 1658 714 37 55 U+304B 1004 797 33 58 U+3068 320 2201 30 75 U+3089 794 1939 27 72 U+308B 1439 3262 47 65 U+30DF 1872 1209 43 60 U+3075 304 2320 60 55 U+3066 401 1874 41 72 U+3057 1012 2340 24 118 U+304F 320 2124 40 77 U+3068 408 2215 25 83 U+3044 309 2279 56 39 U+308B 1223 1580 38 43 U+5473 1415 2487 97 123 U+3069 2325 3305 65 80 U+304F 2523 1768 57 118 U+3089 2102 1979 36 73 U+304C 323 2080 59 48 U+6B63 1420 2459 90 60 seg_fp 574 1809 29 94 U+30CB 2391 901 24 30,200021660-00057_2
U+5148 2338 2824 95 128 U+3082 852 2716 53 110 U+6CE2 188 2721 101 101 U+5965 2114 2619 104 128 U+306E 1264 2630 84 61 U+306E 2133 3211 76 71 U+7AF9 1910 3175 94 123 U+4E39 181 2829 107 93 U+306E 196 3847 81 82 U+6240 830 3364 96 116 U+672C 1702 3284 83 116 U+6298 1475 3319 94 125 U+7E6D 616 2611 87 134 U+5F8C 184 2940 97 112 U+3064 1700 3642 78 120 U+4ED8 1709 2830 77 110 U+4E2D 1914 2860 80 122 U+53C8 398 2621 107 77 U+9593 407 2719 97 93 U+4E39 171 2615 138 98 U+3064 614 2870 83 99 U+5BF8 2122 3624 89 100 U+5897 2330 3116 95 102 U+5C11 1052 3699 104 108 U+529B 1917 3076 71 91 U+306B 1260 2828 90 63 U+3066 1927 2732 47 121 U+7ACB 1905 2619 90 104 U+3092 1064 2739 78 87 U+5DDE 2122 2758 90 105 U+8DEF 2122 2871 92 109 U+5B9B 1703 3417 86 126 U+3059 621 3136 84 101 U+4F0F 409 2833 101 84 U+89D2 1481 3069 79 152 U+7E01 2124 3294 95 118 U+662F 1484 3449 81 120 U+5165 1040 3516 124 83 U+3092 628 2747 66 112 U+306B 1918 3850 87 100 U+8695 1056 2625 100 111 U+4E09 1473 2977 93 75 U+706B 828 2624 91 91 U+56F3 1694 3845 87 108 U+308D 1490 3842 76 107 U+3059 1280 3581 58 106 U+839A 2126 3098 95 108 U+306B 1481 3222 78 81 U+4E2D 1260 2702 77 104 U+4E09 1700 3120 84 71 U+56F3 2341 3445 87 104 U+3092 2350 3223 71 98 U+7ACB 1248 2915 96 105 U+3082 1717 3549 47 98 U+306E 1464 2625 101 101 U+6696 831 3081 100 115 U+3072 1701 2737 85 89 U+6B64 1265 3285 93 91 U+3042 2324 2626 96 91 U+662F 630 3233 84 115 U+3091 624 3460 91 98 U+85AA 183 3691 102 142 U+5965 2356 1804 87 97 U+3066 1705 3749 59 80 U+3092 1494 3577 76 72 U+4F46 187 3070 93 92 U+3080 1484 3661 93 89 U+308A 2354 2718 50 107 U+3092 630 3363 77 85 U+3092 1930 3295 67 109 U+914D 1056 3335 94 87 U+7A0B 2131 3737 87 98 U+6298 2123 3844 97 112 U+3059 2338 3861 83 93 U+89D2 1925 3416 76 149 U+7D75 2339 3331 88 107 U+306F 2142 2984 54 108 U+3078 833 3493 102 54 U+713C 830 2840 94 116 U+5DDE 2371 1913 62 71 U+306B 1912 2986 88 76 U+85C1 1703 2949 80 153 U+7D50 1684 2626 98 108 U+8352 2334 2964 104 144 U+306A 1269 3023 64 97 U+304D 1269 3747 87 88 U+3066 2191 2433 61 54 U+3031 1071 3037 61 161 U+67F4 183 3557 107 130 U+56DB 1709 3212 73 61 U+306B 2348 3547 67 69 U+308C 1073 3575 64 117 U+306A 858 3203 53 85 U+3082 433 3030 48 95 U+3066 860 3837 42 108 U+3073 633 3561 82 86 U+4E2D 1263 3388 87 99 U+308B 2347 3769 55 93 U+4E91 633 3856 69 83 U+304F 625 2974 66 69 U+8FBA 201 3279 84 148 U+304D 852 2964 55 110 U+99AC 207 3169 67 103 U+64B0 2251 2269 82 79 U+3092 2137 3417 71 98 U+3068 1085 3200 36 107 U+3079 1257 3207 103 64 U+4E0A 843 3538 79 100 U+306B 1266 3491 81 79 U+308A 1089 3419 46 96 U+5206 2280 2348 60 83 U+306F 213 3432 53 110 U+6D41 2362 1989 87 75 U+5F10 2137 3521 92 98 U+308B 862 3286 41 61 U+3070 1077 2841 58 102 U+3092 2266 2196 64 64 U+304F 1501 2856 35 105 U+3068 661 3756 31 97 U+3044 2201 2509 73 39 U+9055 1908 3586 95 134 U+7F6E 845 3711 77 116 U+3072 1916 3734 86 93 U+3089 663 3647 31 103 U+3057 2368 3632 21 136 U+3068 446 2922 22 108 U+304D 2356 2249 79 72 U+308B 2285 2426 33 44 U+3057 2386 2319 23 142 U+304C 1291 3691 67 52 U+3057 1299 3815 20 137 U+3075 402 3201 89 103 U+3089 650 3046 24 88 U+3059 2374 2119 48 75 U+3044 420 3140 58 45 U+304C 2379 2198 54 49 U+306F 1074 3826 56 114 U+3057 1538 3749 17 119 U+30F6 875 3643 39 56 U+3089 1081 2944 36 102 U+3089 1295 3126 28 87,200021660-00058_1
U+53C8 1485 2659 100 80 U+306E 1270 2764 113 99 U+662F 1060 2660 84 115 U+3092 1065 2798 84 81 U+4E2D 418 3722 79 138 U+95A2 629 2765 91 93 U+68DA 1057 2904 99 97 U+3082 1725 2751 63 96 U+306E 411 3254 108 98 U+839A 192 2940 96 117 U+306E 1067 3022 78 68 U+306B 418 3882 86 75 U+6771 627 2879 95 129 U+53C8 632 2663 98 82 U+8584 193 2658 94 137 seg_fp 2134 2758 102 93 U+7AF9 417 3122 87 122 U+76EE 425 3370 75 99 seg_fp 2153 2862 72 103 U+306E 2136 3087 86 97 U+3092 1065 3850 67 104 U+7BED 410 3482 111 140 U+4F59 618 3603 102 119 U+306E 419 3634 76 82 U+3064 840 2661 83 88 U+7A0B 410 2934 97 107 U+6728 1938 3839 81 112 seg_fp 2358 3192 71 72 seg_fp 2147 2979 80 98 U+306B 1717 2859 91 74 U+56F3 1282 2655 87 96 U+3059 851 2932 83 101 U+55B0 1928 2790 107 112 U+304D 215 2798 48 126 U+7E6D 1056 3715 93 119 seg_fp 2354 3047 89 136 U+58F1 421 2663 66 126 U+4E39 397 781 94 63 U+9593 1077 3110 64 106 U+6642 1496 3153 92 91 U+3092 207 3069 76 97 U+6851 1918 2649 94 130 U+4F46 265 788 76 65 U+306E 417 3047 82 64 U+98FC 192 3697 97 117 U+3059 1943 2915 52 107 U+8695 200 3439 97 130 U+3078 1051 3247 105 32 U+306A 863 3028 71 78 U+5E45 621 3294 105 103 U+8FBA 637 3035 67 125 U+99AC 264 863 71 64 seg_fp 2373 2845 48 98 seg_fp 2348 3832 88 116 U+3092 208 3562 85 105 U+3079 1053 3642 104 57 U+304F 1307 2998 33 111 U+9593 430 2794 61 118 seg_fp 2360 2946 81 97 U+304D 201 3316 85 111 U+306A 1073 3440 67 98 U+306F 641 3170 56 104 U+85A6 1927 3447 89 166 U+7ACB 1070 3310 72 97 U+9577 612 3739 96 122 U+3064 2136 3468 85 106 U+6B64 1497 3323 96 89 U+3057 1528 3000 28 159 U+308A 860 3116 53 102 U+30B5 655 3869 41 80 U+8695 1277 3545 96 127 U+87C4 1489 2755 107 117 U+68DA 1926 3739 96 83 U+304F 850 2755 67 68 U+304F 2158 3330 36 119 U+308C 1296 3842 59 107 U+5F8C 408 857 75 75 U+304D 1513 2887 52 115 U+306B 1280 3438 88 81 seg_fp 2144 2656 83 64 U+3092 1284 3685 83 88 seg_fp 2351 3443 77 86 seg_fp 1933 3622 46 84 U+5165 1261 3793 110 68 U+306B 1711 3567 84 79 U+7C00 1493 3622 82 154 U+306E 1936 3364 79 75 U+7531 1715 3450 83 103 seg_fp 2345 2655 100 88 U+304D 1931 3135 90 109 seg_fp 1750 2649 23 97 U+3089 874 2826 27 99 U+30CF 1511 3272 66 44 seg_fp 2355 3282 76 168 U+85C1 1284 3119 80 159 seg_fp 2336 3560 102 109 U+3059 1727 3659 58 113 U+308A 2162 3588 41 94 U+3068 1958 3034 30 96 U+3092 1495 3780 89 81 U+6577 1505 3879 78 81 U+4E39 537 779 92 67 U+82DE 1285 3298 89 124 U+308B 1735 3772 39 78 U+81EA 1735 3308 64 115 U+68DA 1926 3257 101 96 U+4E5F 1722 3837 88 119 U+7F6E 2142 3871 92 99 U+68DA 1501 3432 83 93 U+3057 231 3183 20 127 U+4E09 626 3418 81 80 U+4E0B 1733 3124 68 89 U+3075 184 3825 103 132 seg_fp 2391 2743 22 102 U+4E0A 1717 2953 85 85 U+6CE2 542 856 77 70 U+306B 1503 3530 57 79 seg_fp 2379 3684 18 130 U+5C3A 625 3522 87 81 U+3089 1098 3545 25 96 U+30B1 1747 3220 33 67 U+30B1 1753 3041 31 63 seg_fp 2147 3682 109 74 U+675F 198 1042 59 84 U+30B1 2170 3745 47 100 seg_fp 0 4152 121 117 seg_fp 1296 2869 86 29,200021660-00059_1
U+5100 1838 2688 104 117 U+5916 2066 2910 90 123 U+7E6D 976 2910 84 126 U+4E39 2373 758 109 82 U+3092 2293 2765 77 95 U+4E39 2370 963 110 75 U+306E 2290 2587 78 63 U+6D41 1840 2584 111 102 U+679D 2274 2653 110 114 U+4EBA 306 2602 138 83 U+4EBA 956 3345 120 89 U+3059 2072 2681 80 107 U+3072 2056 1024 77 69 U+306E 743 3350 115 96 U+4F5C 2284 3796 90 102 U+56FD 2074 3360 82 112 U+5317 2070 3270 91 82 U+5165 2272 2866 105 73 U+6545 1198 2843 87 99 U+3092 2281 3708 85 70 U+7269 1187 2742 100 95 U+53C8 2485 2586 110 84 U+5F8C 2387 1056 87 84 U+4FE1 2061 3048 91 96 U+3042 976 2586 74 81 U+5DDE 2066 3151 92 122 U+53C8 1414 2889 105 91 U+7BED 2493 3175 95 120 U+75DB 1190 2949 96 135 U+3072 975 2832 85 77 U+5176 1626 2800 83 114 U+7B4B 2067 3476 93 117 U+3042 1850 2802 77 101 U+968F 1632 3203 90 106 U+6CE2 2386 855 88 88 U+3084 2045 887 87 64 U+3086 2279 3614 87 81 U+7E04 2493 3382 88 98 U+3082 2510 2997 53 93 U+7CF8 538 2850 90 137 U+65E9 1199 3684 76 88 U+5176 2063 2784 88 123 U+3079 325 2687 105 136 U+6642 2485 2920 91 83 U+3059 1435 2979 54 102 U+56FD 1630 2929 87 103 U+8AF8 1846 3080 97 103 U+9053 1844 3185 98 106 U+662F 2295 3041 75 109 U+304D 1422 3144 92 96 U+4E94 327 3367 84 71 U+85AA 2050 760 78 121 U+3042 1643 2586 74 100 U+308C 736 2700 103 102 U+6268 313 3016 104 97 U+7528 1641 3760 65 83 U+3068 2070 959 49 62 U+306E 2061 1097 67 64 U+306B 1200 3782 88 69 U+3064 979 2669 78 65 U+4F5C 974 3049 88 88 U+8695 1406 3375 106 116 U+4EBA 2270 3476 117 67 U+3066 1847 2989 71 85 U+8584 533 3688 86 139 U+8695 743 3229 118 114 U+306B 1634 3135 81 63 U+3079 1415 2585 99 112 U+65E5 342 3518 48 72 U+6B64 2495 3098 86 72 U+87C4 747 2904 99 115 U+308B 1211 2663 41 70 U+4F46 2211 765 89 70 U+306B 751 3844 86 68 U+99AC 2209 857 87 86 U+6240 968 3197 87 112 U+8272 2077 3606 70 108 U+3056 1210 2586 76 76 U+516D 326 3442 87 73 U+308C 2303 2929 54 105 U+53C8 978 3675 106 74 U+306E 2064 3822 104 83 U+968F 1201 3340 86 107 U+5225 1836 3775 94 129 U+3070 774 2800 54 99 U+3086 329 3210 78 81 U+3086 752 3770 84 67 U+3092 1634 3689 73 66 U+5F35 2493 3666 85 93 U+30CF 337 3303 66 48 U+3081 335 3600 58 60 U+8695 2281 3248 107 110 U+306B 2298 3158 75 73 U+304D 756 3026 82 85 U+6B8B 322 3748 93 83 U+968F 537 3484 90 100 U+305A 335 3828 75 83 U+3092 2292 3358 82 112 U+307E 778 3653 42 112 U+53E3 548 3002 68 58 U+306B 2494 3302 82 67 U+307E 344 3106 44 105 U+3092 1407 3736 79 78 U+306B 323 3666 85 67 U+306A 549 3308 72 91 U+308A 554 2734 61 100 U+3088 562 3066 39 88 U+306A 2503 3484 59 82 U+539A 983 3743 81 106 U+3086 1623 3841 84 68 U+304B 558 2593 59 86 U+69D8 1844 3428 89 103 U+306F 1422 3497 61 93 U+3059 774 2587 47 106 U+5DEE 1852 3629 67 138 U+56F3 1900 761 71 77 U+308A 1655 2687 41 107 U+5C3F 755 3452 92 111 U+3066 1652 3315 36 138 U+65E9 1209 3094 65 93 U+3089 2092 2590 45 92 U+87C4 2483 2665 104 98 U+55B0 1410 3825 101 92 U+6851 1417 3600 80 124 U+304F 562 3819 34 88 U+308A 787 3561 36 87 U+3057 1009 3522 31 144 U+5B9C 1637 3465 72 95 U+308A 1868 2903 40 92 U+308B 557 3406 44 66 U+304B 1000 2747 36 86 U+5206 1229 3447 62 101 U+3069 2516 3561 56 93 U+3057 1455 2695 34 175 U+3079 980 3430 84 94 U+53D6 1206 3838 73 79 U+3057 361 2812 34 177 U+5206 564 3585 69 101 U+30CF 547 3157 70 56 U+3057 1449 3227 22 143 U+624B 1213 3564 57 111 U+5177 1856 3297 57 76 U+3057 2515 2799 23 123 U+304C 1441 3084 66 57 U+307E 2309 3522 39 93 U+3005 2097 3720 35 94 U+3057 1231 3178 33 164 U+3005 1663 3033 20 85 U+3057 786 3104 18 126 U+304F 1005 3853 42 62 U+304F 574 3211 33 84 U+3078 967 3316 97 36 U+3005 1879 3534 23 78 U+308B 1002 3140 33 56 U+85AA 2497 3788 77 123 U+304D 1645 3577 50 99 U+4E42 582 2679 24 47 seg_fp 1872 3365 33 56 seg_fp 2518 2755 46 52,200021660-00059_2
U+5165 1512 2976 113 77 U+6210 449 3365 113 121 U+4ECA 657 2961 108 126 U+6C34 659 3574 101 110 U+516B 2167 2717 98 68 U+5F97 245 2733 95 111 U+306E 462 3058 74 73 U+3065 2384 2735 94 114 U+5FFD 665 3438 101 118 U+4E03 2167 2635 86 76 U+65E9 1749 3110 80 128 U+83AB 464 2807 84 133 U+53C8 1944 3846 117 98 U+9E81 883 3585 88 128 U+640D 439 3138 107 116 U+86F9 1941 2631 114 120 U+306E 1522 3167 108 106 U+8F9B 1091 2953 84 136 U+3066 1090 3452 74 85 U+53D6 2382 2955 102 91 U+68DA 2385 1956 81 66 U+5927 868 3453 118 83 U+6CE1 665 3764 103 95 U+306E 1314 3629 94 88 U+3084 2361 1010 76 77 U+3064 246 3281 89 114 U+86F9 1520 3281 102 118 U+5E72 1084 2838 94 95 U+6268 1310 3208 96 85 U+5929 1737 2761 98 102 U+7119 1518 2640 97 103 U+96E8 1740 2637 93 112 U+5E72 2163 3402 89 103 U+8278 250 3675 89 127 U+4E2D 1528 3047 80 130 U+4E07 1086 3111 92 103 U+5FFD 886 3719 87 106 U+306E 2393 2034 62 65 U+3092 1965 2748 83 92 U+52E4 656 3307 110 109 U+7089 1515 2767 99 118 U+306A 1750 2864 68 82 U+6CE2 2365 929 78 78 U+306E 659 3195 116 101 U+306E 667 3696 77 63 U+6C5F 2398 1399 72 74 U+5FC3 245 2633 101 92 U+3092 1758 3608 76 67 U+308B 1537 3848 96 97 U+5F53 2375 3665 96 118 U+5931 466 3252 74 112 U+69D8 1955 3330 94 101 U+98FC 2252 1074 69 70 U+70AD 1746 3370 90 128 U+9803 883 2630 93 112 U+306E 2162 3853 95 92 U+6F38 1090 3546 88 106 U+6765 666 2624 86 132 U+3081 1966 2983 78 81 U+706B 1754 3501 78 96 U+5668 2386 3067 88 114 U+6D88 458 2624 83 103 U+3079 252 2837 111 131 U+3064 2393 1777 72 92 U+304F 1766 3255 43 105 U+4F5C 1094 3803 83 82 U+592A 464 2947 68 94 U+3092 1541 3406 68 66 U+5728 2054 1033 67 66 U+306B 2392 3188 80 79 U+308A 1110 2719 45 105 U+7E6D 1095 3667 82 119 U+82E6 1076 3225 89 112 U+65E5 2190 3091 50 70 U+6383 1309 3739 95 106 U+65E5 2190 2781 48 71 U+51FA 883 3839 104 102 U+6D41 2392 1603 92 76 U+98A8 2387 3460 96 112 U+3031 268 3503 58 164 U+69D8 1310 2631 98 114 U+5357 2176 3178 78 110 U+306B 1323 2751 78 86 U+6DBC 2135 799 75 85 U+80FD 456 3711 91 119 U+8695 2259 954 57 97 U+56F3 2301 2074 69 79 U+8695 1316 3515 102 108 U+306E 895 3529 69 50 U+3057 1345 2993 23 198 U+306B 2166 3297 85 86 U+8AA4 883 3074 93 105 U+306B 889 2755 84 72 U+306A 257 3072 82 90 U+306B 2386 3577 78 76 U+306F 2403 2635 53 104 U+4E2D 2162 3701 90 134 U+81F3 892 2841 83 99 U+3064 2167 3512 70 93 U+306B 1974 3434 55 74 U+5DDE 2389 1492 77 100 U+7ACB 1335 3851 72 96 U+3079 1320 2945 88 62 U+3059 1974 3524 50 91 U+3088 1115 2630 36 90 U+3070 684 2837 48 112 U+51FA 1540 3695 95 83 U+304D 2149 986 51 100 U+308A 270 3159 47 122 U+81EA 2064 942 46 80 U+8FC4 683 3092 62 104 U+3055 2375 795 67 72 U+68DA 2045 1107 76 57 U+306A 684 2760 67 78 U+521D 1314 3431 93 72 U+6700 1325 3302 72 126 U+3066 912 3183 34 130 U+306B 1523 2889 78 75 U+5165 2369 3284 115 72 U+308A 918 2942 37 111 U+30D0 1754 3043 81 51 U+308B 1980 3255 52 65 U+3081 1543 3614 68 73 U+624B 904 3326 56 115 U+3059 1334 2843 46 101 U+3057 496 3524 22 167 U+304D 272 2972 42 98 U+5C11 1872 923 70 67 U+3079 1948 3618 109 54 U+305F 1975 2905 57 80 U+306B 262 3795 71 86 U+904E 2179 2870 71 80 U+308C 2399 3342 60 101 U+3078 455 2739 105 70 U+308C 259 3394 64 107 U+3051 2179 3596 65 96 U+308A 2413 1872 33 81 U+3057 1991 3654 22 167 U+3079 453 3494 119 41 U+3044 1966 2858 68 43 U+3079 2364 3795 127 40 U+3056 1562 3779 51 69 U+3057 2419 2823 24 133 U+308B 1115 3887 45 61 U+3044 1531 3484 82 43 U+3056 1980 3162 74 84 U+3005 496 3834 36 96 U+3057 2413 3819 19 133 U+4E91 265 3877 64 70 U+3057 1789 3796 29 156 U+305F 1549 3532 55 80 U+51FA 1971 3078 102 80 U+304A 1752 3679 83 52 U+9D5D 1868 797 72 105 U+3057 2180 880 24 108 U+3068 694 3857 34 89 U+3070 2178 2961 95 113 U+3053 1774 3734 48 66 U+3089 1777 2952 24 96 U+309D 2409 867 16 57 U+3057 1118 3333 23 123,200021660-00060_1
U+6240 1399 2562 95 132 U+9AD8 2481 2574 71 109 U+3067 1195 2570 83 77 U+3081 520 2565 91 83 U+3092 2052 2818 92 74 U+3068 317 2915 81 110 U+306B 1396 2696 84 80 U+304D 523 3491 95 92 U+5371 316 2650 84 136 U+3066 1604 3220 73 107 U+3059 2046 2662 92 88 U+306E 973 3617 71 76 U+6211 301 3269 106 116 U+306B 2279 2922 78 82 U+5DF1 534 3584 84 83 U+3066 2275 3303 72 84 U+306E 2474 2802 111 103 U+7E94 1185 2661 100 142 U+5F7C 962 3242 100 124 U+5165 2152 939 110 68 U+306B 2308 978 68 71 U+6728 2477 2896 85 118 U+3082 548 3677 47 101 U+306E 2279 3012 69 76 U+306B 1181 2806 94 95 U+3081 522 2822 79 135 U+304D 2268 2704 90 101 U+5C45 738 3305 97 117 U+9AD8 973 3370 72 124 U+308C 752 2663 89 103 U+540D 956 3506 94 97 U+8AA0 523 3789 106 100 U+3066 2276 3569 72 85 U+306B 316 2566 85 73 U+3084 2278 3402 87 95 U+306C 955 2575 100 86 U+5C45 1381 3012 97 125 U+8A1D 1603 2985 101 108 U+306E 2484 3627 77 81 U+307C 2481 3102 82 101 U+9AD8 2274 2570 66 125 U+306A 1197 2914 72 97 U+5371 1833 2563 73 144 U+7A0B 741 3718 95 101 U+304B 1606 2578 85 74 U+308B 544 2724 48 87 U+601D 316 3037 81 73 U+7A0B 1388 3225 93 109 U+306E 2486 3820 73 79 U+30EF 530 3230 71 80 U+3068 1830 3513 74 121 U+540D 2473 2693 80 114 U+3031 1844 3372 51 142 U+306F 1413 3326 55 99 U+7E94 2050 3273 86 128 U+304D 748 3004 84 96 U+6728 2275 2791 79 127 U+304D 1614 3828 85 75 U+308B 2068 2752 44 63 U+306B 2057 3408 81 74 U+306A 971 2895 59 82 U+4E0A 1394 2803 84 104 U+306E 1612 2805 70 67 U+3070 768 2761 60 87 U+3067 1188 3103 75 96 U+5DDE 2432 823 80 93 U+308A 1619 3099 59 117 U+9AD8 758 2858 64 137 U+304A 2277 3665 93 64 U+306E 2483 3032 71 74 U+4EBA 2471 3725 109 97 U+898B 2054 2905 81 109 U+904E 1817 3062 104 89 U+3092 2170 874 70 63 U+3075 297 3436 102 83 U+5F97 1185 3770 100 114 U+3055 770 2567 59 85 U+8DB3 524 3097 92 121 U+85C1 2295 746 70 118 U+305E 1830 2909 104 131 U+6C5F 2438 753 76 68 U+304F 525 2656 80 68 U+30CF 765 3832 64 48 U+3075 2475 3456 89 79 U+5FC3 1189 3640 87 120 U+304B 1187 3215 89 61 U+306F 1203 3526 51 98 U+6D41 2435 926 94 79 U+3093 2279 3820 106 92 U+3066 2082 3015 31 133 U+3055 1615 3337 79 99 U+306A 1819 3278 91 108 U+3078 1592 2746 118 66 U+306A 2063 3492 67 95 U+3093 749 3621 74 97 U+3082 338 3625 37 97 U+6642 2044 3828 91 89 U+307C 2276 3089 75 105 U+305F 763 3427 52 70 U+308A 1420 2906 44 101 U+3070 334 3158 51 93 U+82DE 2304 875 65 93 U+306B 762 3208 59 92 U+6240 746 3111 94 92 U+3046 1855 2707 35 95 U+3082 1417 3640 41 84 U+305F 1622 2653 57 85 U+3044 969 3076 67 66 U+3075 955 3143 90 101 U+3059 1875 864 49 82 U+304C 2304 3507 62 67 U+3044 311 3387 77 44 U+3044 2489 3400 62 50 U+308A 1220 3010 35 98 U+9AD8 1621 3692 65 129 U+3044 1399 3742 85 52 U+308A 2501 3204 39 94 U+308A 2081 3593 34 95 U+3057 346 2769 21 138 U+4ECA 2025 3159 136 117 U+3059 1845 3159 53 112 U+4F55 1401 3433 96 89 U+304D 1845 2798 49 115 U+304D 537 2961 52 119 U+8FC4 326 3520 63 99 U+3068 2504 3299 36 83 U+306B 1821 3810 96 88 U+3075 959 3790 92 99 U+3068 2078 2573 34 86 U+3068 1423 3530 29 107 U+3057 309 3754 104 129 U+306A 317 3722 75 61 U+8695 2166 754 75 99 U+56F3 1744 751 68 81 U+3078 307 3120 112 43 U+3044 970 3716 68 61 U+3044 1196 3382 68 51 U+3068 986 2982 33 92 U+4F5C 1884 748 80 83 U+308A 2302 3196 32 105 U+306F 1418 3800 42 88 U+308A 2289 3732 59 88 U+3082 2505 3533 38 90 U+304B 984 2845 39 51 U+308B 1419 3140 33 83 U+3089 782 3499 22 116 U+3086 2014 832 76 65 U+307E 2040 760 38 69 U+5927 1595 2887 118 81 U+3044 1836 3640 62 42 U+306A 528 3312 54 79 U+3075 1176 3449 94 83 U+3075 1810 3696 102 101 U+304F 1227 3276 30 89 U+3057 2079 3704 23 130 U+3057 1645 3435 29 127 U+3082 1631 3566 46 120 U+4E8B 981 2694 71 133 seg_fp 559 3352 43 123 U+3089 1927 825 18 59 seg_fp 986 2655 67 82,200021660-00060_2
U+308B 1531 729 95 91 U+66F4 1516 1201 115 117 U+4ECA 675 725 106 134 U+6240 2392 842 92 120 U+56FD 2395 724 85 103 U+306B 2393 969 86 74 U+53C8 1732 945 118 93 U+8ECA 2190 1637 84 134 U+56F3 2035 1909 78 93 U+3065 1965 829 101 129 U+5176 1311 1344 86 123 U+6240 1314 1471 92 110 U+3059 477 1106 73 107 U+3066 2391 1261 74 91 U+3042 2191 960 68 91 U+306B 1966 1377 84 70 U+56FD 1528 1320 92 104 U+3070 260 902 95 102 U+3092 896 731 97 80 U+3042 471 834 70 98 U+306B 471 732 80 74 U+5965 2338 1640 105 133 U+3072 1116 1096 82 78 U+3070 1322 1236 105 115 U+7CF8 2031 1641 94 111 U+3092 1970 1187 84 79 U+3086 884 1023 89 80 U+56F3 1968 1277 88 102 U+306B 1116 740 86 66 U+3092 683 1072 88 75 U+3092 2192 1771 70 62 U+306E 1531 1516 74 70 U+4F59 466 1231 86 94 U+65B9 1968 1045 79 116 U+3042 696 1167 68 84 U+3066 891 1497 68 87 U+7336 1517 1074 99 108 U+3066 712 1350 40 125 U+4F9D 885 1397 89 81 U+9855 1966 1476 88 108 U+3057 1112 827 84 95 U+308B 2050 1831 48 64 U+7230 263 1023 73 115 U+7565 248 1237 79 132 U+3052 694 1244 97 103 U+3059 1771 1337 61 110 U+4ED5 1524 851 91 93 U+3059 1751 806 80 126 U+4ED5 2189 1844 84 65 U+304D 1128 1473 54 114 U+8272 2386 1368 81 133 U+308C 1326 1132 66 100 U+5909 1325 730 70 148 U+308A 2203 1049 46 105 U+4ED5 2175 726 92 99 U+306C 1759 1512 86 74 U+69D8 1527 944 105 111 U+65B9 690 943 61 105 U+56F3 693 1489 83 87 U+3092 1760 1224 87 105 U+3042 1324 1026 72 103 U+307E 1980 728 57 109 U+305F 1128 924 58 101 U+6D41 2346 1887 116 90 U+3061 909 923 55 103 U+3068 2050 1764 52 67 U+308A 2403 1161 56 115 U+6CD5 2177 833 92 115 U+306B 260 1142 79 77 U+5DDE 2346 1782 84 95 U+3082 2197 1484 50 108 U+3078 2169 1348 128 61 U+30CF 1753 737 64 63 U+30CF 479 1047 66 56 U+306F 484 1339 50 110 U+3059 276 1377 50 102 U+3068 2211 1163 33 107 U+308A 1340 888 40 127 U+3079 893 1114 99 109 U+3088 2415 1064 44 101 U+3082 912 838 39 83 U+7E41 465 1460 90 101 U+3044 2187 1287 67 54 U+3005 1563 1426 35 81 U+5B9C 1119 1190 79 100 U+3051 2200 1954 64 95 U+3057 1143 1289 33 153 U+304C 1780 1457 65 55 U+3069 2215 1397 55 84 U+3057 927 1221 32 159 U+308C 264 796 65 108 U+4E00 1962 992 94 18 U+3005 2417 1504 33 87 U+3051 267 726 59 65 U+304C 1138 1036 59 57 U+4E00 683 893 91 19 U+3089 484 933 37 99 U+3068 1784 1119 31 102 U+3044 1752 1064 78 53 U+304B 2208 1916 31 47 seg_fp 426 3357 49 73 seg_fp 478 1535 72 41,200021660-00063_1
U+672C 2042 1307 88 136 U+8695 1394 1217 106 125 U+6728 2048 1460 93 111 U+4E8B 1404 2509 91 211 U+306E 1388 1349 85 80 U+8695 1608 1214 112 121 U+306E 2050 1716 77 72 U+9996 1600 1636 102 117 U+8863 2241 1215 99 102 U+6F22 1825 1211 104 128 U+7E23 2450 1333 113 110 U+306B 2460 1454 98 75 U+306E 2462 1694 83 72 U+6851 2451 1545 116 137 U+6728 2462 1885 96 111 U+6E5B 1824 1457 115 112 U+4E8B 2044 2097 94 197 U+8A69 1601 1382 110 121 U+8695 1829 1578 107 117 U+FA4A 2464 1224 109 96 U+65E5 2064 1218 57 79 U+6765 2457 2080 97 131 U+7DBF 2040 1580 106 139 U+670D 2235 1325 109 103 U+306E 2247 1651 75 75 U+4E8B 2247 1732 83 234 U+306E 2037 1998 100 91 U+52E7 1824 1938 111 116 U+540C 1668 1790 60 72 U+59CB 2029 1797 111 92 U+4E09 1608 1532 92 79 U+4E8B 1830 2204 89 168 U+798F 1394 1807 112 109 U+540D 2455 1772 94 110 U+89E3 1654 1902 76 121 U+5FB3 1386 1434 106 126 U+4E8B 2458 2364 105 169 U+306A 1406 2145 90 90 U+8005 1404 1920 90 116 U+3066 1423 1650 42 138 U+5F35 1822 1342 113 111 U+59CB 2233 1436 110 96 U+3092 1836 1853 85 79 U+696D 1823 1704 110 142 U+308A 1429 2233 48 117 U+3080 1837 2061 91 80 U+3057 2498 2216 20 140 U+51FA 2464 2007 100 74 U+306B 1403 1561 82 89 U+308A 2055 1898 67 92 U+308A 2279 1534 40 109 U+3068 1437 2045 32 98 U+3057 1438 2369 23 128 U+308B 1853 2143 44 58,200021660-00069_1
U+6CB3 2191 807 71 76 U+99FF 2181 712 88 85 U+306E 852 1096 79 77 U+732E 1777 833 88 82 U+5929 2468 896 85 74 U+3092 1916 918 73 68 U+3066 2052 965 62 81 U+6851 731 759 74 82 U+56FD 2194 888 68 75 U+7DBF 694 1161 88 85 U+306B 432 955 43 65 U+3075 855 901 81 82 U+7DBF 1917 816 77 89 U+99FF 960 724 84 85 U+5FA1 2335 710 75 96 U+65B0 700 1065 78 86 U+305A 1787 938 70 97 U+8272 428 838 63 102 U+306F 713 1253 50 89 U+305F 589 807 57 100 U+3093 381 1207 86 89 U+771F 1914 706 77 94 U+6CB3 969 819 73 71 U+308B 973 997 75 84 U+3081 2053 900 60 65 U+306E 2324 929 75 57 U+3058 890 983 37 105 U+7687 2483 970 53 87 U+306A 972 900 60 86 seg_fp 386 1031 78 85 U+306E 724 960 83 85 U+304D 528 1161 68 84 U+306F 2071 710 38 86 U+3058 2081 798 33 96 U+3088 2210 972 24 76 U+308A 2195 1059 47 68 U+8695 735 863 68 92 U+96C4 2459 708 93 78 U+306E 595 1066 54 47 U+5B87 2339 805 48 111 U+70BA 286 1368 77 75 U+306E 2474 1056 57 57 U+306E 522 1249 64 95 U+5BB6 288 1466 74 97 U+3086 521 1086 61 70 U+7565 2470 789 80 98 U+306D 574 985 83 82 U+304B 606 917 26 59 U+3089 412 1122 37 84,200021660-00069_2
U+4ECF 1582 1273 116 122 U+6EC5 1602 3072 118 118 U+592B 940 752 123 116 U+306E 2025 1999 83 66 U+6E6F 738 1093 95 115 U+6E80 302 2845 106 117 U+306E 1813 964 81 67 U+4E8B 2239 848 95 137 U+6D99 309 2729 106 110 U+672C 2230 1000 90 129 U+3092 947 1663 98 84 U+3063 2234 3509 91 98 U+52B4 525 2705 93 125 U+5DFE 310 2952 82 106 U+3066 535 961 72 83 U+3092 2238 2622 98 96 U+306E 2031 1204 84 66 U+73FE 1145 758 121 108 U+306B 1594 1402 88 68 U+4FAF 2017 1096 107 101 U+53BB 1383 1862 108 100 U+71B1 737 982 104 98 U+639B 934 2750 111 124 U+670D 2009 2075 113 100 U+73FE 1176 2187 108 99 U+3092 1379 757 96 96 U+706B 1600 1080 85 87 U+6765 314 2582 89 122 U+65E7 2229 757 107 81 U+7CF8 535 3521 102 114 U+306E 1620 3187 77 71 U+98A8 1595 1178 113 90 U+5730 1584 899 118 83 U+53BB 1154 1560 106 90 U+7DBA 309 3332 103 131 U+5229 1802 2234 107 129 U+8868 1384 857 85 144 U+306E 2242 2413 77 60 U+4E8B 2439 2279 86 195 U+306E 529 1156 78 72 U+5BF8 546 3428 74 88 U+3081 2015 1694 88 90 U+6C11 2240 2295 92 119 U+306E 2018 2554 103 95 U+7A2E 1381 1540 104 101 U+6709 1818 2644 81 136 U+6211 1592 2043 101 100 U+56E0 957 1383 86 103 U+6C34 1591 982 120 88 U+306E 1166 1664 86 66 U+8863 2022 1889 95 108 U+758E 314 969 113 122 U+306F 2240 3115 91 92 U+968F 961 1010 111 110 U+5831 938 1264 124 117 U+7CF8 2436 1190 113 114 U+6570 519 1235 118 121 U+672A 1405 2583 95 108 U+5E03 2225 1584 91 146 U+5343 535 1686 78 98 U+3082 549 1356 54 103 U+6D44 1602 2140 97 115 U+6765 1407 2710 91 137 U+7DBF 2436 1318 108 147 U+3092 305 750 106 96 U+662F 745 2893 95 116 U+306B 731 1221 89 68 U+5143 1811 1970 110 110 U+70B3 936 3247 101 98 U+304D 1813 1777 91 92 U+7F85 304 3464 100 127 U+8695 943 1953 106 117 U+904D 301 3082 106 113 U+8056 2031 3084 94 114 U+8AF8 2013 982 111 98 U+9EBB 2225 1336 111 124 U+5FA1 2029 1278 104 135 U+73FE 1396 2157 107 106 U+308B 2433 2159 99 122 U+5728 1154 871 104 92 U+8695 2229 2983 119 122 U+7E6D 1400 2359 88 121 U+3064 2027 2976 94 100 U+904E 1167 1449 96 94 U+4F4F 1609 2853 94 98 U+51E1 748 3469 104 85 U+306E 1608 2273 79 62 U+8F9B 528 2560 87 135 U+80FD 1165 1729 94 119 U+808C 2021 1423 117 82 U+540D 1376 1101 90 115 U+4E0B 2249 2162 73 112 U+306A 741 749 79 93 U+795E 2030 3619 97 130 U+305A 330 1708 102 135 U+3092 527 2839 90 79 U+3042 1819 1531 85 92 U+758E 2433 1477 111 112 U+6210 2018 2258 104 106 U+306F 2239 1471 64 96 U+4F59 524 1795 105 107 U+5E38 1585 1770 98 135 U+7D79 2227 3218 110 116 U+5728 1385 2263 106 94 U+8695 1393 1977 118 118 U+306F 1401 1647 74 94 U+4F59 735 1998 97 103 U+8EAB 315 3199 88 121 U+53C8 531 2110 117 93 U+3092 2027 1523 88 65 U+7D45 532 3214 102 104 U+306E 1405 3279 111 93 U+7D79 737 1697 97 103 U+3066 2237 2066 70 89 U+4FEE 2024 1601 97 89 U+4EC1 1819 2984 116 87 U+5343 746 3647 84 97 U+305B 1616 3630 95 79 U+667A 1826 3332 105 116 U+3066 1596 750 79 77 U+4E0B 2034 2455 79 92 U+8863 746 2236 94 111 U+308B 737 1506 90 94 U+65E5 2237 1249 83 73 U+6570 728 3355 119 116 U+671D 2019 1778 100 103 U+5E30 313 2450 98 136 U+53D7 936 1750 120 117 U+793C 1820 3211 116 113 U+306A 2217 1860 106 81 U+306F 1827 1859 68 102 U+697D 1597 1907 99 127 U+306E 742 3286 78 63 U+306B 1819 1455 81 63 U+5BB6 539 2357 94 132 U+306F 1183 2084 75 92 U+8005 298 3603 101 124 U+3092 1617 3388 96 72 U+6628 327 1850 100 96 U+3059 1392 1005 81 95 U+53BB 1411 3174 87 99 U+990A 1187 2591 81 144 U+8A18 2211 1141 129 101 U+306F 1413 2483 68 95 U+308B 962 1864 53 78 U+670D 740 2354 106 97 seg_fp 2236 2719 98 103 U+306B 1826 2565 82 69 U+716E 730 1301 98 119 U+3082 342 848 65 111 U+5929 1816 1357 95 99 U+4EA6 525 1469 109 116 U+3068 2234 1741 84 109 U+4EA8 1803 2086 100 142 U+5C3A 534 3760 91 99 U+819A 2229 2479 93 136 U+308C 958 3553 78 87 U+592A 2032 3325 77 89 U+7720 1808 1044 117 109 U+866B 541 1049 64 93 U+537F 2024 857 112 113 U+8695 1165 1956 123 113 U+7570 1616 2957 92 125 U+7E6D 1191 3228 95 126 U+3082 1216 3361 46 95 U+306B 1184 2389 81 80 U+5FB3 2021 3214 105 104 U+65E5 2035 3531 85 71 U+306E 956 1487 69 56 U+904E 1399 3056 102 112 U+5B50 2034 3423 80 92 U+4EBA 1806 2484 114 89 U+306B 743 3021 87 75 U+8FB2 532 2196 105 147 U+679C 949 1557 92 105 U+4E0A 2022 2368 96 77 U+306A 2245 3434 84 76 U+90ED 309 2277 110 156 U+3072 533 3119 91 84 U+6642 940 2951 99 89 U+516C 2035 762 76 77 U+866B 1392 1224 82 116 U+51E1 742 1598 99 89 U+706B 936 3144 98 100 U+60AA 1164 1167 98 107 U+30CF 1601 840 74 48 U+65BC 1587 1481 98 109 U+8695 2017 3751 116 98 U+306E 524 2482 122 94 U+306B 327 1157 88 81 U+904E 1382 1748 120 110 U+3082 1183 966 64 96 U+304D 1194 1841 52 99 U+5728 1176 2287 106 95 U+3082 550 2920 78 101 U+58F1 539 3322 75 103 U+306B 952 3781 88 80 U+306F 953 3033 66 93 U+5FC5 1164 1085 108 73 U+306B 523 749 90 81 U+7CF8 950 3656 91 112 U+306B 1391 1341 87 79 U+7406 1612 3276 106 90 U+8C9E 1830 2359 67 128 U+3066 1614 2648 71 80 U+60AA 1410 3373 93 101 U+4E09 1611 3725 99 69 U+306B 2443 1658 100 74 U+5206 2045 2863 87 109 U+8D77 1817 1149 106 88 U+5230 315 2047 105 115 U+306A 542 1903 69 91 U+5FC5 1203 3480 95 81 U+58F1 750 2455 71 105 U+308B 949 2865 88 98 U+5EA6 1807 833 105 131 U+7E6D 942 2080 92 124 U+4E94 732 1808 100 83 U+3086 729 3204 101 75 U+306B 1844 3609 81 62 U+3092 2037 2772 82 102 U+7406 1598 2347 95 100 U+3057 1617 3469 92 74 U+4E08 733 1892 108 115 U+56DB 1813 755 83 72 U+7089 930 2556 104 105 U+30CF 740 933 93 45 U+8EAB 1851 3461 81 130 U+3068 1820 1696 75 76 U+7FA9 1829 3062 102 144 U+3066 1408 1424 43 112 U+4F59 734 3751 99 105 U+3059 2458 1747 61 108 U+306B 942 2668 90 81 U+4E09 736 3567 107 73 U+4E09 527 1596 99 74 U+601D 538 3032 90 75 U+3066 1615 1593 45 120 U+306A 1413 2857 69 78 U+3075 309 1412 114 84 U+80B2 1197 2744 67 133 U+6210 933 2300 109 122 U+304A 326 1244 104 76 U+3066 987 1122 46 135 U+3057 2270 2826 21 140 U+304B 2435 1919 97 55 U+308B 750 842 51 76 U+3068 1851 3688 61 72 U+3066 963 2419 44 127 U+3079 331 1484 94 95 U+308A 551 1996 49 110 U+306B 963 948 93 64 U+30CF 1598 1726 76 43 U+30CF 1835 2916 70 45 U+8695 1415 3595 103 113 U+3079 2436 1857 111 66 U+3057 1200 1280 23 143 U+7BC0 2035 2641 69 118 U+304B 321 1597 100 60 U+3082 349 1319 42 93 U+7126 944 3430 102 117 U+3066 1200 2472 52 111 U+306F 1829 1241 62 97 U+308A 1433 2938 39 114 U+4E16 1604 3794 108 67 U+6B63 1187 2887 99 67 U+30CF 1403 2115 70 40 U+3089 759 1428 45 80 U+306B 948 3350 86 64 U+57CE 307 2164 127 121 U+751F 1626 2734 65 107 U+3066 1845 2786 40 117 U+307E 767 3102 36 100 U+3088 1222 3580 53 100 U+3068 2271 3337 27 93 U+308A 1846 3770 70 83 U+304B 357 1090 35 67 U+304D 1436 3479 49 95 U+3056 2460 2073 84 80 U+58F1 535 3643 79 107 U+306B 1599 2454 86 79 U+4E0A 2238 3703 78 83 U+3066 2260 3597 58 106 U+3057 776 2720 26 164 U+3068 2052 2180 28 86 U+308B 1841 1625 48 60 U+975E 300 3762 101 82 U+3005 988 868 36 67 U+30C4 757 2571 63 46 U+65E5 340 1948 59 80 U+3057 2267 1937 23 137 U+3089 2472 1975 33 95 U+3068 971 2213 28 105 U+3057 574 828 28 120 U+304B 2476 1603 30 51 U+3057 1238 2956 23 139 U+30DF 2253 3787 56 66 U+304F 1198 3093 60 119 U+3068 772 2626 35 92 U+3057 1237 3679 32 184 U+306F 1425 3789 68 66 seg_fp 1446 3706 37 80 U+3092 751 2104 73 70 U+3057 1646 2531 26 112 U+3089 363 1653 28 82 U+4EE5 745 2168 90 59 U+3089 1650 3549 29 90,200021660-00072_1
U+7406 1602 2402 100 104 U+5229 1597 3076 104 121 U+696D 1794 1020 112 132 U+5F97 2245 854 109 111 U+80E1 506 1298 106 97 U+7B2C 2038 1104 88 129 U+80E1 283 1626 103 102 U+6069 1582 747 106 110 U+306E 312 3006 79 59 U+5B89 2032 867 112 117 U+306E 1613 3397 80 77 U+306B 951 2106 91 80 U+6728 1820 1927 87 116 U+795E 2029 3049 113 133 U+552F 1608 2958 96 115 U+5996 933 2193 122 98 U+3084 937 973 101 71 U+9B5A 1817 1685 97 115 U+5927 1804 931 109 96 U+306E 2244 2455 127 103 U+306C 1391 3184 94 96 U+9CE5 1820 1353 75 123 U+5F01 938 1822 113 121 U+3066 516 2518 78 86 U+4EEE 1585 1247 103 94 U+306B 299 2422 91 68 U+306E 2457 1557 72 68 U+4E8B 731 1772 84 216 U+9803 303 2774 100 107 U+76EE 1400 2767 68 104 U+4FE1 947 2672 102 112 U+6C11 2052 991 94 114 U+3064 510 3291 89 107 U+5FC3 2247 758 103 92 U+306E 2038 1275 84 79 U+79CB 716 1190 112 100 U+795E 1810 2520 107 126 U+3092 947 1740 85 74 U+306E 309 2706 76 70 U+5E74 284 1124 108 140 U+5929 2039 2866 104 108 U+7325 939 1991 123 109 U+5FA1 1388 2012 90 114 U+305A 1174 1989 100 115 U+306C 2248 985 93 81 U+4E94 284 2501 118 88 U+3072 1393 2420 79 86 U+983C 1587 860 100 111 U+306B 1390 2227 89 72 U+524D 1375 2871 104 116 U+80E1 729 1294 98 88 U+7363 1801 1484 116 97 U+7F8E 299 3292 109 111 U+751F 1826 3383 76 113 U+306C 2454 2540 89 86 U+7948 1163 1803 108 121 U+59BB 506 1545 102 136 U+5973 293 3625 120 79 U+5730 1814 2415 106 100 U+758E 1586 1552 103 108 U+9053 297 2882 107 119 U+7121 2252 2200 97 115 U+308D 509 857 91 110 U+98DF 2242 3527 125 135 U+884C 294 751 74 122 U+306E 1372 1936 116 88 U+308C 2028 1596 118 89 U+8695 2451 3088 103 113 U+306E 943 2390 116 89 U+306F 957 1438 67 99 U+5A66 493 1807 117 123 U+308B 299 2322 104 92 U+5B98 522 3075 87 130 U+3070 2056 1673 61 84 U+308B 1607 2305 93 98 U+3042 2259 3164 80 92 U+5FC3 946 1063 97 83 U+5E30 302 2062 99 96 U+6545 2032 2681 119 97 U+7D66 1802 755 96 93 U+76F4 1167 831 84 116 U+3082 2467 2019 57 98 U+5FC3 1373 1239 106 79 U+3082 1833 2210 59 106 U+5FA1 1177 3086 94 104 U+306A 2036 1998 109 89 U+306E 1379 1166 89 65 U+59BB 717 1550 110 142 U+306E 2043 3193 88 85 U+3066 1818 3287 78 84 U+6170 2242 2569 111 121 U+6851 291 3720 114 122 U+5FC3 1387 2130 98 85 U+5929 1818 2327 114 101 U+8FBA 310 3074 85 122 U+696D 2028 1358 114 140 U+3084 1163 2506 103 77 U+6B63 1160 747 98 78 U+592B 504 2954 114 127 U+660E 1813 2657 100 101 U+60D1 955 2986 105 139 U+3042 955 1152 79 80 U+306C 2246 1462 96 89 U+662F 2446 752 99 128 U+305A 1603 2070 85 101 U+6559 2029 3296 123 121 U+306E 1823 2762 83 58 U+4EBA 1363 750 119 93 U+79CB 501 1190 113 104 U+306B 2047 2787 89 65 U+306E 2048 2976 78 60 U+3092 1171 1399 91 87 U+990A 2429 886 125 144 U+6240 1819 3698 93 109 U+5BB3 1389 2636 91 112 U+3092 956 2573 94 94 U+5B88 1167 2600 97 135 U+305A 2047 2557 94 108 U+79CB 280 1513 111 105 U+305A 2261 3322 91 99 U+4ED6 510 3616 110 91 U+8349 1822 1802 83 119 U+51FA 1822 3506 91 77 U+8B02 2441 1633 98 103 U+4EBA 2439 1168 118 87 U+795E 1168 2373 101 136 U+6F54 511 1685 97 122 U+50E7 946 2286 99 111 U+3092 2463 3213 87 71 U+305A 1610 2851 98 109 U+306E 2263 3672 74 62 U+90F7 298 1939 94 60 U+3064 1174 1482 89 88 U+7136 2243 1781 108 100 U+306B 1593 1341 86 74 U+306A 1373 1334 101 90 U+3066 1163 1165 77 90 U+306E 1174 3013 84 70 U+306E 2455 3510 100 89 U+6709 2245 1330 86 124 U+3081 525 2781 68 91 U+3059 1605 1801 56 95 U+304D 309 3535 94 98 U+3042 2046 2303 80 86 U+9053 2253 3757 111 107 U+696D 1157 1261 110 138 U+3068 511 1924 90 111 U+306B 308 3212 95 69 U+306F 2043 755 71 102 U+306B 1617 3309 80 77 U+3082 2272 1225 46 98 U+56FD 508 3707 107 76 U+3092 2059 3422 71 98 U+3042 2463 2366 82 86 U+306B 1389 2988 97 73 U+306B 511 2872 96 76 U+696D 2444 3605 108 141 U+4E8E 742 1391 78 85 U+8863 2257 3414 95 114 U+53C8 2463 2839 102 78 U+751F 2476 3392 66 113 U+6B32 1598 3199 115 106 U+5230 1389 3071 90 110 U+306F 2261 3056 68 98 U+5B50 311 1729 72 93 U+3082 524 748 61 107 U+3068 2465 1260 77 108 U+306A 2052 1512 64 81 U+6BBA 2442 3293 119 105 U+3078 294 2021 116 45 U+3092 1375 848 90 66 U+8A93 1165 3186 89 123 U+3075 1804 849 96 76 U+3066 958 2890 73 94 U+53E4 291 1832 85 92 U+3053 520 974 67 82 U+308A 1835 3186 55 93 U+4E94 288 1056 97 73 U+803D 1597 3555 109 114 U+3082 1606 1429 67 116 U+5B50 521 1394 84 88 U+306B 1165 953 93 77 U+4EBA 2228 1141 135 97 U+3057 1599 2706 97 86 U+308C 951 3489 121 98 U+707D 1396 2515 75 112 U+306B 516 3208 82 82 U+308B 1822 3589 91 98 U+306B 2251 2968 93 77 U+6B64 948 1541 86 82 U+6075 1382 923 88 136 U+80FD 1381 3492 105 114 U+76CA 2253 2334 80 117 U+4E94 508 2613 107 83 U+3080 1385 1062 90 91 U+3089 1197 1920 48 81 U+306A 1816 1159 76 82 U+7406 943 1631 99 95 U+8695 2447 1019 93 139 U+306B 1819 3020 92 75 U+3070 2058 2207 56 84 U+308C 2259 1884 76 101 U+990A 2444 2917 95 159 U+304B 936 744 99 58 U+308A 291 954 70 96 U+5929 1374 1650 123 93 U+3082 1194 2259 60 100 U+5165 931 1357 122 95 U+795E 1374 1801 106 133 U+304B 1594 2183 98 59 U+6708 308 2590 75 115 U+4EBA 2438 1480 125 86 U+308A 1834 1245 49 101 U+6075 1813 2826 101 130 U+9006 1393 2308 85 111 U+306E 1384 1733 77 70 U+3080 1177 3468 96 87 U+3078 942 1948 121 44 U+3082 2265 2078 48 113 U+306B 2259 2699 92 81 U+3082 2061 1895 57 96 U+3067 1819 2124 98 85 U+3081 1170 1656 80 80 U+3093 1165 2821 104 112 U+904E 296 1278 80 106 U+5AC1 507 2273 111 110 U+3079 2456 2622 109 60 U+3078 513 3805 110 47 U+304C 545 1484 61 53 U+8A00 946 2462 97 111 U+614E 1385 3683 101 101 U+3055 2474 2132 55 100 U+306A 1598 979 72 83 U+3082 2473 2237 61 118 U+306B 1593 1727 91 63 U+866B 1823 1579 77 116 U+3082 1625 2580 46 115 U+3070 1398 1549 63 83 U+308A 2465 1744 62 95 U+3059 2273 2794 59 95 U+3066 315 1386 39 124 U+306A 957 3349 88 81 U+308C 1581 1066 98 87 U+3066 1630 3760 48 108 U+308B 2273 1068 51 70 U+308B 2275 2886 46 78 U+53E4 2451 1378 100 102 U+3088 1840 3108 45 77 U+3093 2043 2134 106 80 U+8C48 1183 3319 84 140 U+3093 948 861 96 103 U+308A 2481 2454 49 72 U+65E5 537 2698 54 72 U+5782 2048 3541 96 138 U+305B 2043 3779 87 83 U+306E 1823 3812 78 56 U+306F 512 2167 81 100 U+3057 1419 3315 24 168 U+3070 1610 1142 54 95 U+304C 762 1492 59 46 U+306E 731 1701 110 68 U+30D0 1174 1734 87 54 U+3051 312 2256 62 68 U+3092 1605 2518 90 63 U+3068 2486 3754 34 100 U+308A 315 2157 58 100 U+65E5 2062 1806 48 78 U+3066 1180 2182 67 78 U+3093 941 1282 109 83 U+3075 494 2094 108 86 U+306A 1181 3556 76 92 U+3066 534 3490 52 118 U+3058 990 2777 41 123 U+3093 1388 1474 102 71 U+3051 299 880 59 64 U+3075 943 3127 105 89 U+3069 2281 1996 64 84 U+3079 1584 1898 106 50 U+307E 1834 2050 50 79 U+3057 548 2387 24 141 U+3057 2493 2664 21 164 U+3068 1210 2086 29 91 U+3079 2244 1554 117 47 U+3044 518 2037 66 54 U+3068 1202 1566 28 87 U+304B 1623 1667 35 60 U+3057 2484 1854 22 142 U+3057 2284 1584 22 178 U+30DF 1421 3784 42 72 U+308A 1635 3672 41 84 U+3079 1385 3285 112 44 U+30DF 1642 3471 28 72 U+4E00 2031 1772 115 24 U+304B 1619 1941 34 58 U+3068 1209 2922 23 94 U+304F 1389 1417 70 58 U+304B 977 3437 40 53 U+3057 545 1055 27 126 U+304F 2057 2082 58 52 U+3089 1627 1997 29 74 U+3055 2067 3691 47 84 U+3057 1199 1043 26 123 U+304B 547 3391 29 62 U+3089 1201 2735 26 86 U+3078 506 3451 113 46 U+3057 336 3415 21 120 U+30DF 1854 2955 32 63 U+3005 1430 3607 26 69 U+4E00 2029 1247 104 20 U+304B 2064 2453 37 60 U+3079 2043 2392 110 90 U+3089 982 799 37 70 U+3057 1219 3649 24 179 U+3089 1640 2796 24 62 U+3089 2287 3262 27 68 U+309D 1643 2245 23 54 U+3089 2075 2510 21 65 U+3089 978 1232 35 64,200021660-00072_2
U+6851 1762 2560 105 131 U+4F11 1768 3056 104 103 U+4EEE 1548 2880 100 99 U+6211 268 3505 116 100 U+6728 1772 2768 89 98 U+3092 2418 2573 95 91 U+3092 481 2903 96 81 U+306A 1993 2676 73 88 U+6211 2200 3480 109 100 U+307E 2208 2660 93 96 U+3092 268 2692 94 87 U+9670 1772 2870 96 101 U+79CB 892 2722 117 108 U+63A1 2399 2669 114 108 U+3072 1349 3194 84 85 U+306B 1776 2980 87 72 U+80E1 905 2832 99 98 U+3082 1573 2766 52 111 U+3072 281 3183 95 89 U+3072 2207 2846 90 85 U+306A 491 2554 82 96 U+3042 923 3454 79 95 U+304D 1987 3087 95 85 U+52E4 681 3143 121 109 U+306E 1771 2703 85 61 U+308B 905 2624 102 103 U+7D66 273 3281 104 101 U+5BBF 1551 2632 83 130 U+305A 1134 3042 98 105 U+306E 1555 2564 81 67 U+3092 1549 3551 90 79 U+8005 1979 2566 96 111 U+5C45 2401 2881 100 114 U+884C 1993 2899 79 98 U+3092 2419 3328 83 81 U+5B50 918 2940 79 96 U+622F 2204 3097 102 93 U+308C 1333 3348 113 92 U+3084 1124 2885 102 73 U+5FC3 2194 2572 106 85 U+306C 921 3597 86 74 U+9060 1987 3375 97 116 U+3072 1337 2670 96 83 U+80E1 2417 849 80 68 U+5FA1 699 2765 87 72 U+65C5 2193 3681 111 104 U+304D 1132 2669 97 100 U+8EAB 485 2761 74 126 U+306C 1544 3279 101 90 U+3082 1153 2756 48 112 U+3066 714 2638 50 116 U+306E 1776 3646 72 65 U+304F 724 3009 52 118 U+521D 1540 2990 107 88 U+3072 1775 3242 83 76 U+306E 2204 3791 82 68 U+7D66 713 3254 67 99 U+5EA6 1777 3325 99 131 U+5973 2191 2933 115 70 U+601D 1329 2565 99 99 U+305B 913 3280 89 80 U+6851 1130 3135 98 136 U+968F 278 3661 100 104 U+3084 1333 2932 97 81 U+52A9 482 2996 109 95 U+307F 471 2658 107 92 U+3082 719 3448 48 93 U+305F 504 3178 62 102 U+306A 1556 3083 73 96 U+3081 502 3280 77 97 U+98A8 918 3669 102 100 U+3092 1135 3268 94 96 U+56F3 2294 1099 68 75 U+6851 2272 764 84 104 U+5411 1135 2568 92 94 U+8EAB 699 2832 84 123 U+8EAB 267 2557 111 125 U+63A1 2273 938 94 79 U+308A 2426 3074 50 112 U+304D 917 3363 102 102 U+3089 1155 2963 52 89 U+7406 1546 3379 97 103 U+306B 288 3598 84 64 U+3093 266 2882 111 125 U+306B 701 2557 81 77 U+308C 2225 3182 54 102 U+3092 2291 878 64 54 U+3044 910 3045 91 47 U+4F8D 1990 3606 97 99 U+601D 282 3103 84 75 U+306B 2210 3025 87 66 U+3084 483 3701 102 134 U+306A 502 3386 85 101 U+306E 702 3622 74 62 U+3068 1350 3021 77 105 U+30CF 292 3386 68 53 U+3075 680 3354 115 96 U+6A39 1758 3519 105 111 U+308A 2445 2775 47 106 U+304B 692 2969 103 57 U+898B 2412 3417 92 120 U+3082 1364 3517 48 98 U+53D6 1128 3375 105 96 U+3093 489 3084 103 104 U+3072 283 3764 93 84 U+672A 1991 3164 87 108 U+3089 1799 3167 47 77 U+9670 1766 3728 86 113 U+304C 2010 2835 60 55 U+5973 1335 3637 114 70 U+7ACB 269 2781 97 113 U+308B 2314 1024 33 64 U+60C5 912 3764 103 90 U+305A 487 3577 112 123 U+3068 926 3095 64 69 U+79CB 2408 760 89 72 U+30CF 2223 3426 62 43 U+3055 2013 3016 40 67 U+304F 2017 3495 36 102 U+59BB 2407 1047 95 95 U+308C 1986 3707 98 90 U+3088 2230 2758 37 87 U+304C 2446 996 57 41 U+304B 1580 3701 39 70 U+5B50 2437 924 43 68 U+3075 1326 2835 106 96 U+3066 2439 3544 37 117 U+3068 302 2995 37 95 U+3075 2202 3345 100 76 U+308B 2011 2770 44 57 U+3051 915 2553 66 62 U+7D66 1347 2755 75 73 U+898B 1342 3718 97 124 U+3044 1347 3138 82 51 U+5C45 1118 3607 104 105 U+309E 950 3170 48 89 U+3044 2218 3295 68 46 U+305F 2421 2994 58 81 U+309E 1590 3765 44 77 U+3075 2402 3683 93 88 U+3069 1380 3421 52 94 U+3051 1359 3284 60 60 U+308A 1156 3775 50 76 U+3044 1549 3646 87 35 U+3066 1162 3476 37 118 U+30FE 317 3441 49 63 U+3044 699 3690 80 42 U+4E00 1773 3479 95 21 U+3060 2010 3279 67 87 U+30D0 2000 3803 76 50 U+305F 1148 3713 59 56 U+4E16 679 3549 114 67 U+308A 1580 3480 40 68 U+3078 908 3552 109 40 U+3089 1576 3184 37 100 U+306F 2228 3617 48 56 U+3089 530 3491 22 94 U+3057 2436 3191 24 133 U+3068 726 3732 36 112 U+3068 2428 3767 38 89 seg_fp 2236 3567 25 52,200021660-00073_1
U+3064 2458 1483 88 104 U+8695 2251 1955 110 127 U+3064 1399 1707 99 89 U+5B98 317 3263 88 150 U+7269 495 1627 112 90 U+5916 720 761 106 112 U+80E1 516 2693 97 100 U+8D64 499 1019 104 116 U+305A 1830 2104 96 113 U+6851 2253 2088 103 123 U+3092 307 2925 96 86 U+6765 730 1264 91 130 U+6211 2029 1270 109 106 U+6F54 1154 898 95 136 U+90F7 2472 3256 102 118 U+306E 2250 2318 121 88 U+59BB 505 2431 115 140 U+5973 2250 3764 121 87 U+3072 304 2827 99 89 U+59D1 1372 1518 122 102 U+6268 927 766 108 101 U+3072 1159 1296 98 88 U+671D 1590 756 94 100 U+3072 1597 2478 89 89 U+6BCD 929 1758 129 84 U+306E 312 2564 75 64 U+306E 1584 1099 102 87 U+4ECA 1602 2851 113 118 U+80E1 1166 2048 105 101 U+306E 947 1850 83 64 U+306C 726 1407 99 77 U+3093 946 2906 119 106 U+5B98 2461 1279 90 132 U+306B 517 2906 98 78 U+3082 1195 2252 61 107 U+3072 1391 1438 93 83 U+6210 2255 1557 105 111 U+4FF8 2456 1798 108 104 U+69D8 2034 1172 107 95 U+6B73 299 2077 104 155 U+3064 1824 2929 88 103 U+3093 1822 1580 100 93 U+7B54 2030 749 80 124 U+7D66 2435 752 109 105 U+8EAB 2059 2251 86 112 U+9593 302 2317 98 96 U+60A6 939 2724 122 108 U+6211 1593 2746 120 111 U+8EAB 2465 2025 95 120 U+305A 315 3161 92 103 U+306B 951 2037 91 75 U+6211 528 3522 112 102 U+91D1 938 1407 121 127 U+592B 1584 1558 115 111 U+6211 2244 751 109 107 U+51FA 948 2120 104 82 U+65C5 285 1447 110 125 U+79CB 510 2592 107 92 U+884C 293 1781 94 113 U+305B 947 2830 94 76 U+91D1 1812 1151 109 128 U+8CAF 928 874 104 114 U+3092 1388 876 94 97 U+3092 947 1658 98 90 U+9053 729 2038 110 108 U+306A 2268 2829 81 88 U+91D1 2461 2419 122 122 U+5E30 723 1070 105 86 U+98FC 2257 1864 96 92 U+8B2B 723 2905 121 119 U+6211 1169 3233 117 111 U+9867 297 3029 116 124 U+3064 522 3091 97 100 U+308A 536 2099 53 96 U+8B2B 2248 2214 105 100 U+9762 502 1149 102 95 U+6545 1806 754 100 96 U+4E94 289 1102 107 80 U+6211 2443 1072 121 116 U+3082 2285 2718 52 99 U+306E 745 2149 80 64 U+5225 1174 3016 108 115 U+305D 1391 3442 91 93 U+306B 310 3414 97 72 U+3084 943 3545 112 89 U+4F59 2459 2209 103 111 U+3066 1830 3170 71 82 U+7D66 2266 1662 69 77 U+306A 1604 863 75 68 U+3092 507 1726 90 81 U+8EAB 535 3384 100 124 U+3064 317 3496 87 108 U+4E8B 1597 1775 97 142 U+524D 945 1913 98 109 U+5BB6 1188 3343 96 140 U+306F 2470 1175 65 95 U+306B 1600 1922 91 85 U+592B 1383 2707 111 125 U+306B 743 2457 90 84 U+990A 295 2639 90 184 U+66AB 506 1399 95 118 U+592B 1823 2498 114 123 U+59BB 2242 1241 115 127 U+8FBA 746 2216 83 139 U+9280 942 1534 103 125 U+59BB 2029 1628 114 132 U+7325 1382 2164 112 107 U+3072 288 875 92 91 U+3066 301 1892 74 90 U+3092 1386 1223 95 73 U+4E8B 1825 1666 89 156 U+4ED6 1824 3259 100 113 U+4E91 514 1934 91 78 U+306E 1395 2818 65 67 U+3092 553 3629 79 85 U+6851 1384 756 90 117 U+5F97 1815 1477 109 111 U+7D66 1600 2363 91 114 U+308A 2074 2902 54 87 U+3092 1814 1405 90 71 U+306B 952 3456 95 71 U+898B 736 1686 101 118 U+307F 2040 3216 108 84 U+5B89 2250 3018 118 92 U+5E30 935 1041 108 98 U+8695 1381 1114 114 106 U+308B 764 3227 47 76 U+7ACB 1172 2902 109 111 U+990A 1386 1301 82 136 U+5B50 1185 2150 87 93 U+3092 1390 3011 88 76 U+3064 1398 3670 78 103 U+306E 2045 1557 82 66 U+80E1 743 3678 95 93 U+3068 1162 763 86 125 U+306B 1393 1625 93 78 U+9280 1809 1284 110 117 U+52E4 1591 2135 115 106 U+89AA 285 2432 125 121 U+7D66 276 759 109 114 U+5411 520 3003 105 90 U+3092 745 2805 92 103 U+6211 1825 2405 107 108 U+6851 2049 2680 102 137 U+305B 1172 2364 105 84 U+3081 1611 2248 78 114 U+3068 955 2991 90 117 U+6851 743 2658 91 152 U+5B50 536 2797 75 95 U+308A 743 956 52 106 U+59BB 933 2387 121 139 U+5F85 1388 3095 100 93 U+79CB 1156 1931 120 113 U+3072 2258 1163 88 73 U+3061 320 1667 60 116 U+9053 1813 1828 116 113 U+5C0B 947 3123 101 150 U+5E30 1390 2883 89 119 U+3066 339 3732 47 125 U+3070 2273 3636 102 93 U+306A 1151 1481 98 97 U+5E30 2475 3419 101 96 U+5C45 737 3030 98 120 U+4E94 300 1990 101 76 U+5973 729 3318 122 77 U+306A 2260 3259 94 86 U+9280 2470 2538 111 111 U+306A 2054 3141 89 76 U+306A 2054 2369 75 99 U+306A 1813 955 89 73 U+5176 1816 2208 103 112 U+79CB 731 3581 111 90 U+3066 308 961 47 130 U+308C 2026 2471 120 115 U+5B98 1827 2717 94 123 U+3075 2031 1093 93 77 U+304F 1832 1030 43 109 U+306A 2259 2543 99 93 U+8CA7 1617 3187 88 148 U+4ECA 2472 3028 109 127 U+9858 1575 1198 105 102 U+7A0B 1613 2970 95 104 U+4F8D 1614 3588 95 103 U+4E5F 2472 3773 106 73 U+53E4 2483 3164 77 81 U+308A 2481 2322 62 89 U+308C 1153 1741 103 91 U+4F8D 2473 3581 92 92 U+80FD 724 1490 105 119 U+3070 747 1919 93 116 U+305F 1199 2592 62 92 U+5B58 1402 3548 84 104 U+884C 1827 3544 85 102 U+306A 754 3411 74 80 U+306B 2456 1412 89 73 U+3070 2071 2578 74 94 U+3093 2268 3331 104 103 U+306B 2260 854 80 64 U+56FD 1823 3368 99 83 U+3066 984 3737 52 129 U+306A 1831 1942 78 86 U+3057 2261 928 86 76 U+3072 1592 1301 84 76 U+3064 1383 979 89 54 U+65E5 316 1183 51 75 U+306B 2473 2142 85 68 U+3082 528 1811 73 108 U+3066 1622 2001 43 127 U+5FC3 1395 2435 91 80 U+9332 2456 1908 127 116 U+304F 1628 3473 58 108 U+3066 763 2535 48 119 U+306B 952 2532 86 86 U+3068 2042 1771 82 102 U+8CAF 2469 2872 104 114 U+308A 2281 3175 60 79 U+306B 1600 1384 74 71 U+304C 327 2251 68 63 U+8FCE 530 3726 104 94 U+3044 2036 1040 80 50 U+306B 1826 2844 96 85 U+305B 1386 2081 96 73 U+3082 1850 2610 47 98 U+591A 2476 2645 72 140 U+3093 1176 2445 127 97 U+306C 1184 3770 100 88 U+5B50 764 3782 74 91 U+306C 949 3281 91 99 U+306B 295 1356 97 83 U+306A 2042 1877 93 98 U+3068 2061 2826 66 70 U+3061 1183 1577 53 102 U+5B9A 2048 3359 98 133 U+3048 1827 3084 92 80 U+306A 1401 2281 70 83 U+3075 1815 3806 109 72 U+3082 1834 856 45 96 U+3053 1405 3359 65 82 U+3082 2268 1462 50 97 U+304F 531 1525 37 95 U+308A 2074 1972 42 102 U+305F 2268 1008 63 94 U+3093 1399 3190 97 80 U+3063 491 847 104 65 U+306F 1178 1380 48 99 U+3060 310 1571 82 93 U+3056 536 2023 87 77 U+3044 1156 1238 93 55 U+306F 2058 1373 61 111 U+308C 750 1803 68 117 U+4EBA 2031 1493 117 75 U+304F 2289 2913 46 107 U+308B 2061 3586 81 92 U+308A 744 1164 55 98 U+308B 2478 3670 87 93 U+305F 1845 3649 49 86 U+5FA1 536 3311 83 66 U+5E30 1189 3542 93 108 U+30CF 2060 3314 69 46 U+307E 1846 3741 47 64 U+304F 1180 1123 43 99 U+308A 774 3493 48 99 U+308C 2045 3500 88 88 U+4E0A 1826 2316 90 85 U+3081 297 1265 77 90 U+3082 1610 1457 73 92 U+305F 760 3153 59 75 U+306F 1622 3077 62 95 U+3082 974 2614 60 95 U+3057 539 1250 22 145 U+7121 1588 1668 104 108 U+308C 1625 3688 64 110 U+308A 1212 3653 43 119 U+308C 1200 3107 65 118 U+3057 972 1240 23 157 U+3088 755 870 29 84 U+3066 2057 920 41 111 U+308A 974 1136 36 94 U+308A 2501 3512 43 70 U+3066 2484 1671 40 116 U+306A 1190 2694 89 88 U+304F 2499 2771 37 99 U+3057 552 2201 22 142 U+3088 1184 1038 43 86 U+3044 2050 3003 86 40 U+306A 1601 1025 75 71 U+3044 1396 1957 82 51 U+3044 2263 2412 88 41 U+306B 1832 3472 83 69 U+308A 770 2355 39 92 U+306F 524 761 43 82 U+3068 1426 3262 29 83 U+3070 1185 1813 63 110 U+3051 1172 1675 70 67 U+3078 528 3834 123 37 U+306A 1405 2523 74 84 U+304B 547 2360 69 60 U+3057 2078 2076 23 163 U+3057 986 2201 24 160 U+30DF 2295 2636 42 74 U+3078 298 3667 123 51 U+30DF 1418 1036 32 72 U+3078 1181 3502 103 39 U+30CF 2262 1746 72 54 U+304B 1213 2529 40 60 U+304C 993 3656 45 77 U+3068 532 919 34 88 U+3078 931 1006 112 29 U+3068 2297 3426 24 99 U+308C 1405 3772 72 99 U+3078 2467 3387 109 40 U+3078 2033 887 100 37 U+308B 977 3383 49 62 U+696D 2030 3690 108 135 U+304C 2278 1106 58 56 U+304F 1429 2606 32 94 U+3078 2252 3595 114 43 U+3078 2473 2993 102 52 U+3068 2286 1376 25 89 U+3068 2299 2459 27 84 U+3078 2431 857 121 44 U+3066 547 3168 52 126 U+304B 2485 1578 35 60 U+308B 1416 2367 40 58 U+3044 2273 3542 76 50 U+304B 2477 895 40 64 U+3057 1645 3330 23 151 U+3078 2452 1636 113 52 U+3068 2081 3048 28 91 U+304B 2286 3120 33 58 U+304B 1856 3033 31 51 U+3005 763 1608 39 72 U+3057 1642 2616 20 123 U+4E5F 2043 3822 118 49 U+5915 1593 944 74 90 U+304B 349 3602 31 64 U+307E 1413 1861 47 95 U+3057 2488 957 20 116 U+304B 1638 2565 35 54 U+304B 1427 1786 33 52 U+3089 1856 2034 48 82 U+30D0 1627 3808 91 42 U+304F 1211 2770 49 119 U+3089 1433 2014 24 72 U+30FD 2295 1804 22 45 U+3078 1389 1842 119 51,200021660-00073_2
U+5947 2019 1209 106 123 U+62B1 1392 3218 108 94 U+5742 1139 816 113 83 U+91D1 727 2351 119 124 U+5742 2253 2862 113 95 U+306E 515 2882 81 60 U+5802 2260 2957 100 131 U+6D25 298 1787 98 112 U+76F8 1355 736 104 87 U+83AB 499 948 91 128 U+5F8C 2460 1745 102 105 U+305A 960 2049 83 99 U+7230 2465 2228 90 113 U+306E 1591 976 78 62 U+5F97 1377 1424 107 102 U+6848 940 2146 109 136 U+3092 1595 1232 87 84 U+8D8A 1581 880 98 94 U+9023 1151 941 101 103 U+6216 2264 2570 96 94 U+8001 1606 2087 101 106 U+306B 297 1381 80 61 U+65E9 1404 3368 80 93 U+6211 1588 1859 107 94 U+5229 2243 1118 98 98 U+5E30 1158 1058 95 81 U+306E 2458 719 79 75 U+306E 2267 3197 80 72 U+306B 2264 2276 83 66 U+5229 1363 1239 105 97 U+5E74 2450 1035 91 143 U+8695 2244 947 107 117 U+6751 1389 2589 100 95 U+5B8B 2041 2301 88 112 U+592B 310 3341 97 115 U+5834 1349 824 112 104 U+5927 2264 2774 93 91 U+306B 932 741 95 69 U+6B64 1600 2006 97 77 U+57CE 2259 3385 115 110 U+6545 314 3449 91 96 U+3092 2030 1610 91 90 U+696D 1799 1185 115 126 U+524D 1370 1848 108 105 U+5927 954 2675 88 78 U+5F7C 1384 2489 106 101 U+91D1 1824 2873 109 113 U+3092 1360 941 97 74 U+56FD 304 1700 84 78 U+3092 528 3371 92 96 U+5165 2015 814 119 64 U+3092 740 2469 85 87 U+6642 2263 2681 96 80 U+5CF6 2262 3091 96 98 U+5168 507 2563 107 106 U+4F1D 2036 3474 89 94 U+8AA0 2030 1821 111 113 U+56FD 291 1281 95 91 U+3066 1163 1998 78 80 U+4F8B 1590 1619 96 104 U+65B9 723 738 75 108 U+304D 2243 862 103 94 U+306E 513 2268 75 66 U+884C 1399 2762 82 110 U+3092 1798 734 95 76 U+8CBB 741 2551 89 134 U+8005 2260 3277 100 109 U+8001 1394 2885 99 113 U+3064 1615 2404 88 98 U+6570 729 2073 113 113 U+306E 499 1170 86 70 U+3093 1377 1523 99 91 U+8A9E 1170 2233 96 103 U+3059 529 3551 88 79 U+308C 278 935 107 77 U+6BCD 2012 1342 122 75 U+4E0D 519 2681 89 84 U+4EBA 1157 2083 119 89 U+640D 952 2928 97 93 U+6D77 290 2323 119 105 U+306B 960 2852 83 67 U+8001 959 3170 97 115 U+96E8 2458 1852 97 88 U+5DEE 2267 2354 76 129 U+3084 2039 1951 92 68 U+5A46 937 1463 103 118 U+5999 717 1410 106 91 U+8ECD 1593 1120 87 111 U+56FD 2041 2652 87 103 U+3092 729 1501 92 77 U+51AC 1832 3310 86 111 U+9AD8 313 2869 74 128 U+305A 2266 2479 90 96 U+3092 1374 1347 93 72 U+83EF 2036 2142 95 147 U+4E8B 727 1278 79 120 U+4E80 2037 2950 83 120 U+3042 957 1919 79 87 U+3092 1613 2329 78 70 U+5229 2456 3496 104 109 U+306B 2025 734 88 74 U+305B 1362 1023 100 72 U+308A 755 1757 49 88 U+306B 1829 2987 87 70 U+767E 1818 2781 99 90 U+3066 2254 1947 64 81 U+3066 1396 3774 80 83 U+6DF1 1162 1618 100 91 U+6B64 2025 1124 92 80 U+5D0E 2273 3502 101 99 U+521D 2453 1372 94 82 U+7F6E 1168 1504 72 105 U+6708 2464 1247 69 111 U+306B 1165 1425 84 70 U+679C 2254 1739 90 107 U+3092 1401 3131 93 85 U+6BCE 1594 2807 122 115 U+4E8B 1809 985 91 121 U+5927 1147 737 101 85 U+3066 1388 2399 74 77 U+640D 493 1240 105 96 U+8001 488 2026 113 109 U+8DB3 521 2774 85 106 U+3092 2035 3400 86 71 U+5176 2248 2042 91 118 U+5225 1163 1219 90 102 U+304D 959 2765 79 89 U+306B 317 3778 87 78 U+6E6F 2033 871 88 107 U+96E8 1176 2989 94 91 U+3059 1803 1391 95 83 U+5F97 724 1589 98 96 U+592A 507 1077 77 80 U+5927 1374 1163 95 77 U+3084 499 1675 88 77 U+4F46 294 1509 96 81 U+5929 1610 3007 98 108 U+3092 966 3424 82 67 U+306B 1400 2684 80 70 U+306B 1178 2169 79 60 U+7834 1587 1312 95 90 U+548C 711 943 96 78 U+306B 2039 2757 85 80 U+5E30 1614 2599 92 95 U+8A00 2246 2164 93 95 U+306B 967 2284 67 71 U+3092 1818 2706 91 70 U+6D17 1807 813 88 103 U+7DBF 2048 3725 93 115 U+5A46 1394 3001 103 127 U+6C17 2461 1633 96 107 U+3075 2245 1666 97 78 U+5929 2461 1946 95 95 U+306A 2469 2034 76 91 U+9023 736 2832 100 102 U+65E5 1199 2499 51 89 U+3082 308 1075 47 89 U+80B2 746 3148 65 141 U+5E30 742 2947 90 90 U+5A46 1605 2201 111 118 U+6709 2254 1215 73 107 U+3092 1200 3584 72 77 U+5C45 285 1904 108 106 U+898B 1613 3331 97 114 U+306B 498 747 95 76 U+5F53 296 1169 92 108 U+76EE 1395 1755 64 87 U+6CC9 2276 3718 105 111 U+5C71 310 3013 91 79 U+4E8B 1385 1601 84 143 U+865A 513 3154 97 122 U+8001 929 1354 110 107 U+805E 740 1958 85 107 U+5927 1591 1046 91 72 U+3042 2482 3605 65 102 U+805E 2033 1705 85 107 U+4E0D 2040 2852 83 89 U+3066 515 3072 75 76 U+8FD1 299 2644 89 105 U+305A 1187 2398 85 100 U+308A 766 3037 41 94 U+3092 2465 2347 78 71 U+6709 517 2952 74 112 U+5A46 503 2137 102 124 U+7BED 1396 3585 105 120 U+3092 1801 1109 84 70 U+306A 289 749 84 84 U+30D0 1380 1096 85 65 U+8003 2462 2715 85 130 U+591C 1175 2667 97 121 U+7C73 1621 3755 89 100 U+3057 1183 3669 94 73 U+306B 749 3494 85 79 U+306E 948 1589 75 62 U+3068 738 1849 86 108 U+99AC 311 1592 67 103 U+8CB7 1832 3065 82 116 U+8FBA 307 2433 79 123 U+4E94 2453 1191 99 60 U+8CAC 957 3503 84 139 U+4ECA 2447 929 108 102 U+305B 1609 3525 92 95 U+4F55 740 3579 96 78 U+3092 732 1018 74 71 U+3075 2029 2574 101 81 U+306E 2030 1422 78 60 U+308A 2488 2126 43 95 U+9055 947 2361 102 115 U+6674 1178 2881 98 104 U+6B64 1819 2406 88 74 U+72EC 1381 2104 100 98 U+69D8 505 2468 96 87 U+305B 493 1498 98 77 U+5A46 950 3292 114 118 U+3082 972 1826 63 85 U+306E 2028 3177 113 85 U+3075 1801 918 92 77 U+6E29 2271 3616 95 90 U+3066 1851 3180 43 116 U+3084 940 1265 91 84 U+7F6E 745 3367 83 119 U+8005 1803 1536 98 91 U+5B85 1168 1318 91 103 U+4E2D 2042 2043 83 109 U+306B 947 1200 77 66 U+304D 2464 3181 92 84 U+30CF 1610 1959 75 43 U+306E 306 2092 75 58 U+304D 322 2754 53 103 U+5C71 302 2012 91 74 U+308C 1625 2497 65 97 U+3092 1186 3092 77 66 U+4EBA 1805 2329 115 86 U+306B 534 3627 79 77 U+8695 2462 3259 99 115 U+306A 323 3100 74 94 U+3092 510 1337 85 75 U+3042 1609 1708 63 68 U+76F8 1181 3369 99 93 U+4EBA 1822 3526 118 91 U+306B 308 2561 85 73 U+3063 2455 2519 96 70 U+69D8 318 3555 88 108 U+3075 494 2394 100 80 U+4E8B 2029 1487 86 127 U+51AC 1873 2142 67 79 U+99D5 1398 3467 85 110 U+5929 2451 1550 111 92 U+3066 2484 2595 43 115 U+3057 2055 980 25 140 U+308A 2493 3699 46 116 U+3092 1626 3246 73 73 U+6226 1831 3756 105 90 U+3068 1413 2009 38 89 U+3066 524 825 41 109 U+65B9 1824 2596 77 103 U+554F 1188 3173 97 61 U+65E5 741 854 51 72 U+8D8A 1830 3426 108 104 U+306A 946 961 70 79 U+308B 745 1198 46 71 U+30CF 305 1453 68 41 U+65E9 2469 3066 67 107 U+9045 2250 735 71 122 U+306F 2479 3389 56 97 U+3075 2442 847 101 84 U+5834 1183 3459 98 121 U+307E 2252 1329 88 80 U+3055 521 1422 52 73 U+79D8 1156 1805 103 84 U+85AC 1817 2467 97 125 U+306E 1782 1872 64 49 U+3069 317 1000 64 77 U+7533 543 3459 50 93 U+4E80 1878 1851 62 91 U+3051 289 839 74 88 U+308A 1620 1774 43 84 U+308A 1843 1688 42 87 U+3075 944 2484 101 77 U+308A 1187 1138 40 88 U+6545 941 1113 94 82 U+5176 949 3767 104 98 U+306F 2471 1451 66 91 U+3057 991 3021 23 136 U+6C34 1833 3675 105 73 U+30CF 2258 1071 69 46 U+304D 317 2220 51 98 U+306E 734 2278 82 72 U+624B 2046 3076 57 107 U+624B 1793 1782 49 87 U+3066 980 2563 38 105 U+3082 2481 2420 48 94 U+6C17 1620 3105 72 140 U+3042 1821 1623 77 69 U+308B 1829 1473 43 56 U+8A00 522 3275 84 100 U+3053 1791 1924 52 68 U+4E0D 1880 1785 68 62 U+3044 2261 1615 73 50 U+3078 1149 906 116 38 U+3075 2451 2848 88 72 U+305F 747 1683 58 74 U+3068 505 1764 85 103 U+65E5 1633 2927 47 66 U+3068 1833 1319 32 77 U+8A00 938 1656 93 91 U+3044 2045 2509 68 59 U+5982 296 2154 99 68 U+308B 962 1039 40 70 U+3078 1396 3328 115 42 U+30CF 540 3815 71 48 U+898B 721 1095 89 101 U+3005 1209 2787 43 81 U+3005 347 3670 35 76 U+3044 2456 797 69 46 U+3068 2068 2418 30 87 U+30D0 2467 3014 74 51 U+306C 1789 2051 60 51 U+30D0 511 1975 77 43 U+3066 2063 3622 39 93 U+3068 1869 3604 34 63 U+4E91 1786 2170 59 58 U+3092 1788 2106 58 60 U+4E5F 1388 1959 102 54 U+3057 1618 733 18 140 U+5449 1811 2234 104 103 U+308C 2470 2915 62 95 U+3051 1206 3747 54 52 U+3044 513 2347 67 37 U+304F 1189 1706 33 79 U+3057 538 1572 26 106 U+3055 1637 3445 42 72 U+30DF 772 3287 32 67 U+30CF 961 2007 74 42 U+308B 1204 3801 51 59 U+3057 1628 1497 25 123 U+3005 1212 2584 30 74 U+304C 779 3668 36 59 U+3058 2290 1405 42 112 U+30CF 1884 2096 54 44 U+3057 771 2672 19 128 U+3068 2282 1534 30 80 U+306B 1424 3704 29 69 U+3066 548 3710 46 98 U+3078 2032 3575 103 42 U+3044 509 1874 73 50 U+591A 732 2185 83 106 U+624B 1891 1946 40 73 U+3066 985 3649 38 110 U+30D8 490 1935 115 39 U+54B2 1391 2201 96 92 U+8DB3 757 3786 91 80 U+85AC 2034 3272 96 112 U+4F55 931 823 93 129 U+3078 1776 1995 80 63 U+3057 1202 1894 22 107 U+30C4 980 1777 49 45 U+3057 2289 1851 17 95 U+3057 350 3196 27 133 U+3066 1218 3250 29 115 U+3057 1424 2286 19 115 U+3089 1210 2336 27 64 U+3066 1643 3628 36 99 U+3068 1897 2026 22 66 U+4E0D 747 3738 100 49 U+308A 1611 1406 50 86 U+308A 1640 2707 49 91 seg_fp 1224 3239 21 53 U+4E00 934 1759 109 18,200021660-00074_2
U+306A 1621 1204 69 82 U+591C 2251 863 92 108 U+6211 2243 986 98 107 U+7570 1603 1080 98 109 U+5BB6 2256 1096 90 123 U+3053 1404 754 77 91 U+3066 1608 985 79 82 U+8003 1398 1032 84 126 U+3086 2058 1008 83 77 U+306E 2253 1231 78 52 U+6C17 2260 1394 82 102 U+3092 2470 1396 84 81 U+534A 1202 1279 63 108 U+305A 1195 1179 84 102 U+306A 977 1235 74 87 U+967D 2254 1286 92 103 U+3092 2044 764 86 73 U+3092 1405 942 80 84 U+308C 1389 848 93 91 U+901A 2461 817 103 101 U+3042 1189 765 71 96 U+5B9A 2465 936 86 113 U+65E5 2272 764 57 80 U+306A 1841 762 72 93 U+3066 1127 1503 76 83 U+306B 1401 1326 89 66 U+6CD5 2465 1293 85 101 U+899A 2475 1482 76 134 U+305F 2470 1146 75 81 U+5BB6 1838 1267 86 121 U+3059 990 759 58 109 U+306F 2379 1737 61 85 U+308C 972 1400 72 108 U+7406 1403 1459 84 83 U+307C 2056 906 100 103 U+6C17 1841 1079 61 134 U+306B 1618 756 83 67 U+5927 2050 1271 78 87 U+304A 2049 846 91 61 U+30CF 1838 1217 72 45 U+3064 961 872 95 78 U+306A 1198 1023 66 81 U+3075 1398 1159 85 88 U+5F8C 2370 1635 84 95 U+308A 1212 861 44 96 U+4E8B 982 1045 63 177 U+308A 1852 865 52 101 U+308B 992 961 46 79 U+308A 1624 909 54 94 U+3066 2489 1684 38 119 U+967D 1801 962 128 122 U+308A 2494 1052 37 78 U+3079 1603 1344 102 50 U+308B 1432 1247 42 67 U+9014 1186 1397 93 94 U+304B 991 1325 35 81 U+3057 1641 1385 23 171 U+308B 2493 1223 41 58 U+3078 2475 1636 86 61 U+308B 1637 1283 38 58 U+3088 1639 827 30 80 U+3005 1865 1390 27 89 U+4E00 1403 1414 88 19 U+4E8B 2059 1352 59 143 U+4E00 2470 766 94 19 U+308B 2070 1084 46 55 U+304B 1220 970 28 57 U+3089 1220 1106 21 80 U+306B 1144 1418 30 93 seg_fp 2080 1177 36 82,200021660-00075_2
U+67F3 978 1704 101 116 U+9577 974 3175 104 109 U+63FA 973 2062 108 100 U+53E5 985 2832 89 93 U+6BC6 2040 3228 112 98 U+3092 766 1413 93 88 U+7CA7 758 1217 104 112 U+6851 1837 2488 98 132 U+7C3F 542 2310 103 127 U+3092 1846 3659 80 72 U+306E 2259 998 75 63 U+8695 337 2638 111 114 U+7E45 757 1764 108 107 U+8CA2 130 3162 101 123 U+6B69 1204 2665 93 105 U+706F 338 2238 107 103 U+6625 978 2983 88 114 U+524D 121 2145 97 103 U+306B 982 1980 84 69 U+6851 1833 1867 106 125 U+72EC 333 3585 107 105 U+307C 1627 1773 113 98 U+6771 1844 1048 83 90 U+306E 561 3564 70 62 U+63FA 1192 3012 106 96 U+98A8 985 1883 106 96 U+8272 2044 1791 98 102 U+6628 544 2655 98 83 U+3092 343 2341 88 80 U+306E 2055 3528 84 63 U+6881 2044 2363 96 117 U+8272 2054 3705 84 96 U+6211 121 1040 104 94 U+821E 2261 2615 80 134 U+306E 1632 1713 74 59 U+6C17 2259 3394 93 116 U+591C 343 902 91 93 U+7F8E 2061 2698 78 114 U+3057 982 914 91 74 U+6B64 2257 816 97 75 U+529F 772 3059 93 74 U+82B1 1195 1043 92 114 U+8A69 2250 897 99 93 U+8001 111 819 110 113 U+8695 563 3442 85 107 U+821E 2255 1648 94 146 U+542B 1624 3005 102 103 U+67F3 1190 2896 101 105 U+6625 1403 2530 89 116 U+6311 537 2552 105 96 U+6797 1830 1210 102 87 U+6765 126 1128 94 117 U+6597 138 2733 70 108 U+3072 2255 2329 89 76 U+306B 129 2853 86 66 U+6696 118 938 110 91 U+8695 770 2864 106 112 U+8E0F 1191 2430 101 102 U+671D 760 2318 98 105 U+3066 1632 1935 70 84 U+306E 1840 3859 83 67 U+3042 137 2927 77 80 U+990A 335 2831 92 157 U+5BAE 2056 3104 78 111 U+306E 764 818 78 58 U+306E 1636 2749 71 61 U+6240 980 1133 97 108 U+5712 1836 1304 100 99 U+306E 1832 1574 101 86 U+72EC 118 1916 108 111 U+6851 1403 946 95 107 U+9E97 2048 2814 91 126 U+6B69 988 1313 87 97 U+306E 1843 1151 79 53 U+4ECA 759 2207 118 110 U+6696 1627 2649 97 90 U+6881 2040 1409 99 113 U+98A8 1205 3115 107 96 U+7C3F 547 3092 87 128 U+3075 1398 3405 96 80 U+308D 1197 1385 94 111 U+62D3 1826 2004 106 86 U+5176 1834 939 94 101 U+71D5 2254 2405 88 108 U+82E5 1837 2699 88 111 U+6628 331 818 111 78 U+8302 1843 3289 102 131 U+306E 1200 1161 75 55 U+3072 768 1337 86 76 U+6B4C 2254 1455 98 92 U+306A 555 932 71 80 U+5730 1619 1498 104 100 U+76C6 770 1876 78 121 U+306E 137 3285 76 60 U+6210 1407 3590 97 96 U+306E 984 3108 85 57 U+304D 771 1147 83 78 U+666F 1390 2273 109 114 U+3066 2254 1885 68 92 U+3092 1420 3264 75 73 U+64AB 1394 2157 103 102 U+306B 987 2169 78 64 U+305A 137 3055 92 100 U+7D05 345 1068 92 81 U+96F2 1837 3742 95 107 U+3092 2058 911 93 92 U+753B 2045 1304 98 92 U+59FF 984 1515 85 129 U+64EC 120 1368 116 92 U+4ECA 762 3430 120 104 U+9752 1198 2535 78 117 U+306B 1196 2071 90 73 U+6625 2252 3198 83 114 U+306A 2058 3327 72 94 U+8996 534 2208 108 98 U+7B11 1188 1840 115 114 U+591C 548 2748 88 108 U+7D05 543 2863 98 88 U+8272 2247 3516 88 102 U+542B 1838 2092 103 111 U+666F 1413 2654 65 126 U+52D5 1621 3638 98 100 U+732E 758 2122 103 86 U+6B64 986 2674 95 72 U+4E5F 1192 2356 113 69 U+306E 982 1822 77 54 U+7CF8 772 2004 79 112 U+9E97 758 895 93 140 U+3092 1412 1281 86 69 U+96F2 1627 2032 95 120 U+306E 777 2999 68 49 U+3072 344 2995 88 79 U+3075 538 3361 98 86 U+4E0D 340 3490 100 82 U+3080 986 1431 88 76 U+5973 1614 3748 116 69 U+8001 121 2321 108 110 U+50AC 1407 1904 98 99 U+7D42 768 3241 86 96 U+305F 1005 991 56 77 U+6C17 1639 1604 82 97 U+8CA2 122 1461 106 127 U+9084 119 1252 106 99 U+4E5F 571 3845 66 94 U+3092 2053 3807 89 94 U+6625 1629 2517 74 115 U+9591 985 3286 87 93 U+306E 130 2258 76 58 U+5F69 2032 1695 98 100 U+706F 540 2451 107 86 U+3073 1202 1493 104 86 U+671D 771 3532 89 100 U+306A 2055 1900 81 98 U+3092 341 3273 84 78 U+306F 2262 2513 62 95 U+3092 1407 2902 91 73 U+591C 344 1807 90 112 U+767D 792 3687 59 96 U+9577 2244 3630 90 112 U+5B66 1204 2773 79 111 U+5B97 548 1113 80 102 U+306E 1204 3695 80 58 U+6B4C 2247 2217 92 106 U+6C17 2063 3594 82 107 U+69D8 2044 810 99 97 U+308A 2074 1194 51 100 U+3064 1619 1865 84 74 U+305F 140 3350 71 79 U+610F 2258 1067 81 116 U+9053 548 3629 92 109 U+3057 2047 2111 89 86 U+8272 1415 2786 68 96 U+3059 361 2004 59 89 U+624B 138 2027 67 109 U+308C 1618 2349 95 86 U+3075 332 3404 102 79 U+69D8 1185 1962 100 102 U+611B 1411 2987 83 108 U+3075 1834 873 102 68 U+7B11 1402 3807 93 107 U+3092 986 1246 83 59 U+6311 339 2433 108 81 U+3092 352 2759 80 65 U+9591 2257 3742 73 89 U+3054 1636 811 101 80 U+306E 353 1004 66 50 U+3092 1624 3207 90 73 U+3068 556 818 72 103 U+4EBA 113 2436 123 72 U+4E5F 556 2120 98 71 U+3082 1428 1066 47 83 U+306B 2058 2494 78 71 U+3092 1413 1831 86 62 U+8695 1408 1726 113 92 U+7ACB 348 1528 83 91 U+3080 1635 3127 78 69 U+71D5 2248 1550 102 90 U+3086 1191 2218 87 73 U+91CE 1203 3599 87 89 U+6851 977 3590 108 129 U+65E2 771 2669 99 100 U+307B 1208 1236 73 78 U+306A 1853 1410 62 78 U+524D 348 1344 80 107 U+3082 367 1912 47 95 U+898B 1633 1078 79 103 U+3075 1617 1343 98 82 U+53C8 1624 1427 115 76 U+80E1 336 3857 104 82 U+9D2C 2252 1991 91 146 U+5144 1410 3485 85 103 U+306E 1845 2638 71 50 U+6C17 1631 2822 87 100 U+308B 1424 3199 49 64 U+306A 1003 3382 58 73 U+306A 564 1819 55 70 U+8FF0 2045 1001 102 95 U+3068 1846 3163 77 108 U+306A 2060 2937 75 80 U+305F 129 2574 85 85 U+622F 2236 2756 117 105 U+69D8 550 1644 87 86 U+308B 999 3796 55 59 U+767D 786 2432 67 80 U+308A 788 1677 52 85 U+4E5F 136 3804 108 93 U+9D2C 2252 1301 90 143 U+5973 974 3862 109 61 U+306E 2260 3330 71 49 U+9752 1205 3756 69 114 U+5BB6 344 3736 94 120 U+5177 559 3741 64 100 U+30CF 2052 1632 71 53 U+56DB 991 2762 80 69 U+5EDF 537 1231 89 107 U+30CF 2253 2162 79 41 U+3059 1427 2004 49 85 U+306B 781 2775 80 69 U+732E 546 1407 104 85 U+990A 1405 1586 88 138 U+4E8B 1838 1650 82 143 U+8FF0 754 1506 105 80 U+3069 2082 2002 59 96 U+306E 137 2504 68 54 U+306F 1203 982 73 49 U+3070 1655 2434 64 71 U+306A 1639 2248 69 90 U+5DE5 1626 3852 95 54 U+3092 1629 2930 79 73 U+53C8 338 1280 111 67 U+65E5 1210 814 51 70 U+82B1 1408 3686 84 106 U+6210 2255 3840 92 84 U+3081 149 3423 66 78 U+308A 1010 2412 41 91 U+4E5F 1831 1791 131 78 U+30CF 554 3035 71 46 U+51FA 1413 1361 91 72 U+306B 553 1735 78 67 U+4F3C 982 2248 89 75 U+30CF 1413 2479 71 49 U+4E8B 346 3164 81 109 U+3081 137 2654 74 63 U+4E5F 980 2600 108 62 U+3059 155 3574 50 86 U+306B 987 3518 85 65 U+305F 998 2324 63 85 U+3054 2263 2911 93 79 U+308A 786 3336 58 88 U+3068 154 3737 56 66 U+308A 574 1891 37 86 U+308B 150 3660 53 62 U+308B 999 1069 49 59 U+306B 139 3503 85 63 U+96F2 1841 2215 89 116 U+305F 781 1592 59 80 U+308B 2073 2282 40 63 U+305F 1857 3499 59 87 U+3082 1636 3280 49 83 U+738B 126 1595 96 78 U+308B 1212 1712 55 59 U+3068 1006 3735 57 58 U+30CF 1853 2435 64 45 U+3052 357 2524 77 98 U+3059 1422 3103 50 94 U+9752 1859 2948 62 118 U+82BD 1419 1157 68 116 U+30CF 1207 3423 73 41 U+304D 774 3788 101 87 U+30CF 784 2609 69 51 U+3070 1424 1491 89 102 U+30CF 144 1854 69 46 U+3044 1413 3353 68 46 U+6625 1200 3465 76 127 U+30CF 1417 902 72 44 U+3044 1841 817 74 56 U+30CF 992 1655 69 43 U+3069 1868 1484 67 84 U+308B 1859 3590 47 59 U+4E5F 1409 2096 111 57 U+308B 2075 3025 45 66 U+306F 2262 1184 65 106 U+3082 797 3142 44 89 U+3068 2084 3421 43 88 U+308A 369 1719 45 84 U+3066 2079 2568 35 115 U+308A 578 1019 34 83 U+305F 2067 2200 53 77 U+3068 1653 2155 39 81 U+304F 1649 974 37 91 U+30CF 1205 1789 77 38 U+306B 353 1453 85 60 U+3053 1212 1321 48 63 U+308B 1005 3456 41 58 U+3075 1195 3348 93 70 U+3068 1217 894 36 84 U+305F 2069 1104 52 87 U+3068 1014 815 30 86 U+304F 2270 3083 37 103 U+3044 348 3354 68 45 U+30CF 994 2943 73 43 U+30CF 354 1223 66 44 U+82BD 1823 2809 94 147 U+3068 1439 811 28 84 U+306B 554 1340 75 64 U+3068 1432 2392 34 80 U+308A 1874 3415 40 69 U+3068 159 1760 33 90 U+3044 562 3303 63 52 U+30DF 1222 2156 37 62 U+3044 1204 3292 70 52 U+3068 2286 1787 26 96 U+3057 803 1025 18 113 U+305B 1411 1433 81 63 U+308B 1207 2291 51 51 U+7ACB 1633 1192 70 90 U+3068 2284 2992 28 94 U+7CF8 778 3853 84 85 U+30CF 780 3643 70 37 U+6B5F 1616 3547 99 79 U+3068 2074 1529 26 96 U+3044 1629 3382 69 47 U+305F 1204 1584 83 123 U+305A 571 1492 74 77 U+3068 1013 2505 27 86 U+3068 800 2518 28 87 U+3057 582 1979 19 127 U+304C 372 2101 64 51 U+516C 145 1678 66 82 U+3044 1629 1281 73 57 U+3068 1657 893 28 82 U+308B 568 1573 48 64 U+3068 580 3215 25 83 U+3068 580 2946 22 85 U+3089 368 2154 31 79 U+3068 1871 2339 26 90 U+3068 376 1139 23 79 U+308B 2277 2853 40 50 U+3005 1224 3867 40 64 U+3078 1601 3435 131 46 U+4E00 338 3704 100 21 U+3057 379 3070 19 92 U+3005 1872 3071 26 73 U+3078 343 1677 92 39 U+304B 377 1628 31 43 U+3089 160 3009 27 64 U+3068 1233 3209 24 79 U+308B 1651 3466 38 70,200021660-00078_1
U+306E 550 2913 76 75 U+4E2D 331 1182 83 133 U+4E8B 2084 1534 89 200 U+6211 1180 2496 119 112 U+592B 533 2084 114 114 U+5F7C 325 720 109 107 U+5F7C 1193 717 107 106 U+8A31 1424 2713 99 120 U+91D1 2502 1811 113 119 U+5B5D 1857 2448 101 114 U+592B 744 711 118 107 U+5099 2296 1336 94 95 U+4ED5 548 3433 96 88 U+5BB6 985 3162 88 134 U+306B 1195 1368 91 70 U+80B2 1643 1699 75 134 U+4F7F 2502 1182 105 107 U+3092 1424 1318 93 96 U+3092 984 1843 91 74 U+8CA7 1871 3276 77 154 U+306E 984 2165 81 77 U+6BCB 1852 1519 109 79 U+58F2 1411 809 100 144 U+5973 1188 818 115 79 U+58F2 981 1930 98 139 U+8463 1849 711 90 144 U+306E 333 1099 78 65 U+3064 1863 2024 91 104 U+7E54 327 3345 118 140 U+5B5D 976 2233 105 120 U+8A31 769 3155 93 122 U+8015 1623 1200 106 109 U+306E 2300 1081 73 75 U+306B 334 1333 91 75 U+6642 1854 1438 100 74 U+3092 1429 2065 94 77 U+305F 342 2167 94 94 U+6C38 2083 1324 108 119 U+6211 975 1618 112 122 U+4EBA 2291 803 102 67 U+3066 984 1524 73 92 U+7236 1848 1873 125 93 U+306B 546 1994 91 78 U+3066 1414 957 79 90 U+6210 535 2400 115 108 U+80FD 761 1919 96 115 U+308C 1633 3503 108 100 U+5F8C 1425 1835 102 108 U+306A 1871 2560 75 88 U+8F9E 529 1113 105 129 U+6C38 1194 2139 105 128 U+59BB 1181 1232 114 133 U+306B 1853 1603 95 67 U+3082 1874 2752 50 93 U+306E 768 1528 72 59 U+5A66 539 2205 97 116 U+3092 1407 717 103 80 U+5BAE 2511 3740 94 104 U+58F2 1428 2150 104 147 U+5036 547 2514 86 117 U+305F 2508 727 97 86 U+7D79 333 3025 94 107 U+306B 774 3272 86 68 U+4EBA 534 2832 115 99 U+306A 1211 1444 66 88 U+4EBA 1601 709 144 100 U+3059 775 2554 88 101 U+8EAB 1416 1942 101 117 U+306B 2294 716 90 75 U+93B0 2503 2030 96 111 U+7D79 330 1790 97 109 U+304D 337 2923 85 96 U+539A 2505 2985 87 134 U+793C 2500 2761 112 111 U+3066 2509 3245 74 95 U+8463 2075 1166 99 149 U+306A 1636 3336 95 90 U+5176 1413 1723 97 108 U+308B 1647 2022 98 97 U+3061 987 979 73 84 U+304D 1860 1350 96 88 U+308A 1882 2651 49 100 U+3042 1440 3618 64 76 U+5339 340 3247 100 91 U+7F8E 340 2620 78 124 U+308C 1850 3674 113 95 U+3061 1664 3096 69 84 U+6211 752 1818 115 101 U+5983 2281 999 113 74 U+3064 977 2704 95 104 U+65B9 546 2999 73 116 U+306E 334 1709 83 62 U+69D8 762 1724 94 81 U+3051 1859 1161 89 97 U+3092 1650 1592 73 97 U+3075 527 786 102 81 U+306E 339 3772 82 74 U+4F5C 1628 1308 99 78 U+5973 743 1442 119 75 U+7D42 545 1881 84 114 U+5145 983 2589 91 115 U+308C 1853 1790 116 84 U+306B 2296 1260 88 71 U+305A 551 1770 82 105 U+5036 769 2665 96 120 U+6C38 1836 861 116 102 U+7F8E 1437 3356 75 115 U+8FCE 2504 3358 110 98 U+306B 984 2506 90 71 U+3066 353 2006 49 140 U+6A5F 758 2040 113 114 U+3066 987 3749 80 95 U+4F4D 2287 1160 89 96 U+5973 324 831 117 73 U+3066 2508 1596 81 92 U+3092 2512 2446 94 90 U+306A 752 992 98 88 U+306E 778 3072 69 84 U+9EC4 2512 1687 88 131 U+8005 2509 1278 102 109 U+3059 1658 2845 61 104 U+306B 1860 1956 97 72 U+5BB6 1860 3144 93 135 U+6211 1634 3651 111 109 U+884C 778 3345 75 113 U+307F 1407 1630 119 95 U+3084 2296 1972 97 122 U+3044 1850 1027 92 50 U+9803 1197 3089 112 103 U+306B 1631 796 80 66 U+3092 2517 1383 79 91 U+5F8C 2516 3633 95 105 U+306A 1863 1258 65 86 U+3093 759 1136 122 94 U+6B7B 1646 2213 101 87 U+5A66 757 817 97 90 U+3068 1431 1470 76 66 U+306E 983 3092 82 65 U+304B 1643 3184 97 57 U+6642 1645 2413 100 81 U+306E 1438 2641 72 66 U+306A 1435 1537 70 85 U+4ECA 969 2788 120 118 U+30CF 1854 971 77 49 U+6708 346 982 67 101 U+304C 2107 1462 65 66 U+793C 1410 1220 108 97 U+306B 769 2788 92 75 U+4E3B 791 2872 43 104 U+8EAB 973 1724 101 120 U+306B 1213 3376 91 71 U+3092 775 2165 85 72 U+8CA7 1203 2599 86 139 U+3044 551 3177 73 50 U+846C 1410 1060 102 155 U+3059 989 712 56 100 U+9053 1425 3025 99 120 U+767E 2492 1933 108 90 U+304D 990 863 60 107 U+306B 758 908 91 79 U+6C38 536 1005 105 99 U+304A 1855 1675 99 63 U+884C 1428 2884 79 148 U+8463 1201 901 84 150 U+8D08 2500 2544 99 100 U+3092 1657 2742 79 94 U+81F3 1870 2343 84 95 U+3084 1609 872 107 73 U+306B 2511 1102 82 72 U+767E 325 3148 104 85 U+307E 2519 796 57 111 U+846C 1635 2495 107 148 U+3072 339 2333 85 85 U+3068 2329 1816 36 95 U+308A 560 3328 57 111 U+304A 1210 3458 99 62 U+305B 1638 2297 98 67 U+308A 1882 3025 48 106 U+308A 356 1581 44 114 U+3092 2517 2889 87 64 U+3072 2303 1567 84 82 U+3075 1182 1887 99 96 U+3078 1418 2846 108 44 U+306B 551 2635 85 71 U+4E3B 560 2719 53 112 U+3075 748 1359 98 81 U+304D 1656 2990 59 94 U+308C 1635 1093 88 103 U+3072 2512 904 91 82 U+5F0F 1649 2651 113 107 U+3044 1423 1418 93 46 U+884C 979 3334 87 101 U+990A 982 2353 82 148 U+4E3B 355 3595 47 109 U+7236 1629 1502 115 97 U+3079 963 814 117 60 U+308A 2532 2645 45 106 U+3093 1195 1628 106 106 U+306A 349 2422 60 83 U+846C 1201 3664 110 129 U+3078 961 1278 125 68 U+3059 557 1237 54 88 U+306B 1435 3149 89 62 U+305F 557 3234 64 93 U+8463 537 867 84 129 U+3078 538 3132 108 38 U+3042 550 1531 74 96 U+3055 996 1197 52 77 U+308C 1208 3588 108 76 U+3044 1204 2340 66 58 U+3075 750 1646 102 73 U+304B 331 1428 94 52 U+4E3B 1442 2453 49 117 U+7D42 2505 995 93 102 U+3066 796 3463 42 116 U+3070 1886 3753 50 93 U+4EBA 324 3712 118 81 U+4EBA 962 3015 132 95 U+4E3B 996 2902 51 105 U+8463 1195 1971 83 165 U+7236 1196 3271 119 102 U+3068 808 3745 35 98 U+3051 567 3565 53 76 U+30CF 1635 1041 70 51 U+3066 1220 2967 46 111 U+7D66 2311 1474 60 83 U+3075 1185 2408 98 91 U+305F 556 1631 62 84 U+8EAB 1640 3747 92 102 U+3066 359 3465 47 131 U+308B 798 2239 35 63 U+3044 543 719 71 62 U+304F 1207 2888 72 74 U+3051 1652 3436 70 59 U+5973 1414 3474 115 73 U+3088 1887 2936 42 95 U+3066 2310 872 45 119 U+3078 2295 1444 105 41 U+3092 1213 3792 89 66 U+304C 1222 2278 60 57 U+4ED5 776 3584 96 86 U+304F 1005 1411 43 107 U+3057 367 2751 21 164 U+304F 1640 1829 86 67 U+3068 1864 1087 71 72 U+3093 784 3666 105 91 U+3051 1872 3602 61 67 U+7236 970 2069 124 103 U+3066 1888 2216 40 120 U+306B 544 3730 94 91 U+93B0 2483 2164 66 75 U+3066 1454 3220 44 127 U+3057 2335 1640 21 171 U+304C 1221 1167 68 62 U+4E00 337 934 97 24 U+3092 776 2452 85 97 U+3068 364 1898 33 101 U+30D0 1644 3603 97 47 U+30CF 549 1727 69 49 U+4EBA 1416 2581 117 80 U+6C38 1195 1062 96 107 U+4F55 992 3561 87 75 U+3089 1675 3243 43 89 U+3068 1222 1720 31 95 U+304F 348 2258 92 67 U+7236 1634 2145 118 77 U+3068 1887 2841 41 83 U+3068 2505 2238 30 68 U+4E21 2566 2325 52 57 U+3057 1893 3418 18 172 U+3068 369 1480 28 101 U+3057 1237 2733 18 146 U+5341 2561 2199 60 65 U+308B 1664 2365 45 53 U+304F 361 2504 38 97 U+3044 1204 1817 69 62 U+304B 2323 1918 45 61 U+3068 1652 948 31 88 U+3081 2520 3574 70 59 U+56DB 2566 2272 52 50 U+308A 1442 3742 55 101 U+3068 577 2327 26 91 U+3078 542 3530 115 35 U+306A 990 1322 63 90 U+4EBA 751 2983 127 108 U+5982 991 3496 83 57 U+3044 772 1302 63 51 U+3068 787 1213 33 84 U+3057 2553 3468 17 108 U+3078 1423 3699 109 42 U+3044 769 1597 65 42 U+65E5 1238 3190 45 71 U+3051 1660 1965 60 59 U+304F 1219 3527 70 56 U+304B 1004 1063 39 55 U+4E5F 988 3431 130 67 U+3057 2553 1473 22 120 U+3092 2572 2388 44 58 U+3057 2545 3124 19 127 U+306B 1433 3558 91 49 U+3079 1634 2955 113 49 U+3057 1469 2290 18 153 U+3057 1669 1381 17 116 U+3078 1851 2180 119 60 U+308B 553 1327 47 93 U+3089 1226 1533 32 99 U+3075 2487 2374 65 62 U+304F 1864 1736 69 54 U+3057 1020 3640 21 111 U+3090 568 3641 46 75 U+3078 971 3310 125 35 U+30DF 1669 1893 38 69 U+3089 1010 1118 31 78 U+3044 2492 2312 45 42 U+304B 1891 2125 32 54 seg_fp 565 1427 34 95 U+3089 791 1077 35 77 U+4E8C 2566 2160 52 38 seg_fp 1655 2120 69 40,200021660-00080_2
U+306E 226 862 82 81 U+5E73 431 3458 98 123 U+5B88 1517 3397 104 120 U+3092 455 2142 96 84 U+306E 458 1918 86 74 U+697D 216 941 105 135 U+306E 445 878 89 78 U+967D 1516 2949 100 120 U+8ACC 1515 1020 104 107 U+308B 224 1288 112 104 U+53C8 2360 737 118 91 U+6851 1296 1745 107 144 U+306E 1517 3222 78 65 U+53C8 1286 1526 130 92 U+3092 2368 2004 99 116 U+306E 1306 1914 84 73 U+6C11 225 734 93 136 U+5F8C 1725 717 106 122 U+56FD 1092 1442 97 106 U+56FD 443 3345 90 109 U+3075 663 955 102 102 U+4F5C 454 1805 102 101 U+306B 668 889 85 74 U+5C02 1289 729 120 151 U+696D 1289 1056 115 145 U+4E21 663 2691 101 108 U+306E 1728 965 90 66 U+592A 1510 3292 91 98 U+4E8B 458 1989 91 159 U+6851 866 1022 108 137 U+5C90 867 1925 124 112 U+3072 2165 3156 93 86 U+6728 660 1878 100 110 U+3057 2154 1518 109 86 U+6F22 1726 839 104 122 U+6C11 1960 1542 93 119 U+4E8B 1956 2437 87 198 U+67D3 2365 1543 104 117 U+3082 679 2002 51 109 U+308C 1280 3538 131 104 U+80FD 1507 918 100 108 U+5F35 1721 1028 113 113 U+3042 2168 2088 80 89 U+67D3 2377 2398 98 101 U+79C0 870 1671 94 141 U+3093 2373 2292 115 108 U+9942 1735 1264 87 108 U+6D74 1092 1165 106 107 U+6F01 1515 2840 105 108 U+7A42 437 959 104 107 U+696D 1937 1891 117 137 U+6F22 1942 1188 111 123 U+6C11 1307 2824 99 134 U+6851 660 733 100 141 U+3068 2159 2951 88 111 U+3092 1303 2960 93 85 U+653F 453 2620 105 88 U+306E 1095 846 85 97 U+541B 862 2175 116 99 U+3057 2371 1084 94 91 U+306B 1515 1677 93 81 U+3081 1307 1425 81 88 U+6C11 1303 3741 98 118 U+9EA6 657 3384 91 127 U+90E1 1511 3073 112 138 U+9EA6 871 1536 114 133 U+3079 215 1405 131 52 U+3092 2167 2541 79 103 U+3081 1302 2614 86 80 U+307E 2181 1257 61 108 U+3092 1732 2208 100 66 U+52E6 1727 3034 110 117 U+793C 1720 2103 126 97 U+8FB2 1288 898 111 158 U+3066 426 3795 89 77 U+306B 1089 1714 100 71 U+52DD 1494 2279 129 115 U+6E5B 1731 1148 105 105 U+4EBA 1716 1646 129 112 U+3042 1521 2629 82 86 U+3064 1516 1766 90 99 U+305A 233 1602 110 142 U+4E0D 875 2675 102 85 U+4E07 1516 1961 110 127 U+30CB 434 733 117 61 U+64AD 2363 840 106 111 U+306A 670 2117 80 106 U+5E03 2377 1875 85 126 U+308B 1523 2396 85 107 U+63A1 1287 1621 119 121 U+6E5B 1947 1423 112 114 U+3084 656 1581 108 78 U+80FD 1296 2699 101 116 U+64AB 1287 3058 113 107 U+306B 1958 1649 83 75 U+541B 449 2516 91 103 U+751F 1730 1849 90 115 U+5DDE 2369 962 90 122 U+51FA 2369 1672 100 87 U+3092 1729 3623 90 64 U+306F 1741 1738 61 103 U+604B 2142 2658 116 122 U+3092 1301 1217 90 76 U+3092 1523 1121 97 94 U+8C4A 453 1658 82 132 U+3092 453 2723 80 74 U+3075 1722 2792 117 91 U+308A 680 2563 47 124 U+5F35 445 2387 113 117 U+3078 429 3285 123 59 U+5316 1085 960 99 104 U+8C4A 1083 1556 102 157 U+4EBA 2142 2456 122 106 U+52E7 1297 1301 108 119 U+306A 2177 1368 70 80 U+6B4C 1089 2595 108 109 U+4E21 876 1823 93 96 U+6C11 1522 2089 94 118 U+306B 1521 2196 87 78 U+4E5F 450 1462 119 68 U+305D 2169 1834 59 89 U+305D 1100 726 70 114 U+5F35 1937 1312 117 109 U+7D66 460 3029 70 84 U+3081 1089 1942 90 138 U+79C0 654 3575 83 164 U+624D 1519 2504 71 121 U+306A 1296 2258 105 109 U+697D 875 2536 109 123 U+6CD5 1721 3410 103 97 U+541B 1511 1564 100 118 U+7686 460 1538 93 119 U+30C4 461 806 62 69 U+3092 1307 2150 91 93 U+597D 1732 2284 102 84 U+3061 2394 2192 69 98 U+307E 2370 1238 98 85 U+3092 1088 2716 100 86 U+306A 669 1178 79 90 U+697D 1088 1800 102 133 U+306A 1518 1213 97 92 U+652F 865 2911 119 130 U+307E 2165 1663 83 83 U+679D 861 1398 134 114 U+3092 448 1068 93 99 U+30CF 668 1509 79 64 U+51FA 453 1168 97 91 U+3078 1505 1906 117 76 U+5F35 862 2046 125 108 U+306B 1088 1063 103 94 U+8A5E 2232 883 67 69 U+3064 1734 2443 90 108 U+308A 2394 1430 53 103 U+8695 1948 1731 101 163 U+9644 873 1285 103 103 U+3070 1316 3623 68 98 U+3092 1949 2029 103 107 U+601D 2163 3070 94 80 U+308A 687 1758 51 118 U+4E8C 1734 1382 73 100 U+3066 1117 2426 45 150 U+52E7 1944 2142 111 132 U+3080 1960 2275 89 94 U+306B 2162 1748 86 78 U+3059 456 1266 92 113 U+4F5C 1089 2809 105 104 U+304B 254 1449 41 79 U+5C90 653 2802 128 116 U+4E8C 651 3094 111 61 U+4E8B 1311 1983 80 165 U+306A 2180 2174 66 83 U+5EA6 1729 3500 106 113 U+30CF 662 3526 74 50 U+82B1 2230 964 66 87 U+304B 2372 2134 94 58 U+306A 444 2809 98 102 U+3075 439 2295 107 90 U+304D 1517 3795 104 81 U+80B2 1308 3173 71 158 U+306A 667 2475 67 87 U+3081 2163 1932 79 68 U+306A 243 1834 75 105 U+8CEA 1726 1970 107 129 U+3086 436 3203 91 78 U+308A 1536 2716 58 123 U+306B 434 3599 89 77 U+3066 673 3741 48 125 U+305F 1534 3539 59 98 U+3057 1729 2630 96 88 U+3057 1129 1274 26 164 U+7121 865 1175 115 104 U+308B 2177 3297 57 62 U+306F 2182 1066 59 103 U+3059 2389 1758 47 106 U+70BA 867 2292 116 135 U+3075 433 3119 101 90 U+308A 2190 1170 63 95 U+3044 458 2235 72 54 U+3057 2192 2780 28 163 U+3057 1759 1491 23 174 U+308A 260 1943 58 160 U+3051 2177 3238 63 60 U+306B 2161 2397 88 69 U+308B 1534 3638 46 77 U+305F 672 3271 61 101 U+307E 688 3159 44 114 U+30CF 676 3024 71 57 U+6B62 1720 3156 118 70 U+6B63 1733 3701 93 65 U+304B 243 1194 47 93 U+308B 2175 2002 51 73 U+306F 235 1089 53 103 U+3057 1336 2447 31 155 U+304F 1519 721 78 76 U+53EF 864 2775 117 132 U+308B 2188 1449 46 61 U+3075 2362 2662 100 87 U+3082 1756 3303 55 94 U+3088 1115 2205 49 120 U+3064 1087 2333 96 93 U+3051 1309 3468 63 66 U+3068 268 1728 33 105 U+306B 1733 3227 83 73 U+308A 1115 2080 52 119 U+653F 877 2423 121 97 U+3057 696 2220 29 140 U+3055 1319 2363 60 84 U+3068 1529 3728 56 64 U+3088 2398 1332 34 96 U+304B 2396 1181 42 59 U+30DF 1761 2367 40 70 U+3068 691 2376 33 97 U+3068 492 1358 28 102 U+3044 2388 2592 63 67 U+3057 1339 3323 28 134 U+304B 2187 1610 39 55 U+306A 2172 3434 69 94 U+3069 676 1662 99 93 U+308B 1120 2912 43 67 U+3068 688 1410 35 92 U+3057 699 1266 24 127 U+3066 1530 1397 52 155 U+3068 2404 2507 30 82 U+3068 697 2916 26 102 U+3057 487 3670 28 114 U+3089 249 1526 49 105 U+3057 495 2904 30 125 U+308B 1972 2372 47 55 U+3057 705 1055 23 107 U+3057 1764 3762 19 115 U+304B 1768 2883 35 66 U+304F 1763 2934 36 92 U+304B 2183 3373 46 63 U+3057 1552 799 26 119 U+30DF 1761 2721 33 69 U+304B 1539 1849 33 64 U+3057 1565 1297 40 136 U+309D 1776 2553 20 60 U+3061 2180 2316 56 83 U+304B 2186 2261 35 63,200021660-00087_1
U+4F53 959 2920 110 139 U+306E 1181 1915 81 71 U+6E3E 944 994 101 130 U+306E 524 1700 80 68 U+306E 1832 2651 79 76 U+3092 309 1578 92 81 U+5E95 941 699 107 135 U+6709 2457 2363 108 130 U+3092 2046 1505 94 79 U+305A 304 771 104 127 U+4E16 2465 2240 120 76 U+306E 1393 1281 88 67 U+305A 746 1954 100 111 U+5973 2029 2770 124 94 U+6804 1395 1348 93 115 U+3064 1610 812 89 99 U+5E03 512 1784 97 137 U+6B64 2045 698 96 83 U+8EAB 508 817 96 115 U+306E 1181 1181 79 70 U+8F9B 741 2064 82 165 U+5168 2023 3407 134 112 U+7C89 1830 2525 107 113 U+6804 1174 1989 93 124 U+6BCE 720 695 119 111 U+98DF 2462 1558 123 123 U+6211 722 903 108 102 U+6709 1604 2200 93 129 U+306E 1604 3209 118 112 U+3092 517 1918 85 80 U+7121 2451 1286 120 104 U+8FB2 2044 1023 110 149 U+6211 2462 3381 116 119 U+5E74 1186 2996 95 154 U+8695 1203 3521 97 112 U+9EBB 514 1571 99 124 U+306E 2045 3786 89 73 U+7D05 1834 2325 91 94 U+305F 1624 1063 65 95 U+5BDD 736 1688 114 130 U+98E2 1589 700 120 110 U+306E 2051 2868 82 66 U+6804 524 2964 93 122 U+306E 1837 1788 78 68 U+306F 2056 904 68 105 U+5168 2450 1160 139 99 U+56FD 1404 2693 87 104 U+6E3E 2254 1423 110 142 U+77E5 2460 1985 119 91 U+8F9B 319 2938 92 131 U+8F9B 2244 872 102 132 U+6211 494 701 114 105 U+8FB2 1403 3146 107 142 U+3064 750 3560 90 129 U+8EAB 524 2013 89 127 U+3066 1387 989 80 88 U+8EAB 955 1134 83 140 U+306B 514 936 89 77 U+50CD 300 1175 111 110 U+4E8B 955 856 69 143 U+4F55 1374 699 109 95 U+7CF8 725 2673 126 148 U+5883 1386 2946 124 116 U+591C 734 1126 104 122 U+3082 756 1242 56 95 U+8C48 1610 1777 93 128 U+306E 1620 3611 80 67 U+3066 959 2662 83 98 U+98E2 2449 1427 137 118 U+7D35 2258 1841 99 129 U+306E 2050 1312 83 64 U+3042 315 898 78 94 U+306E 515 3256 135 111 U+3092 760 2796 78 111 U+82E6 320 3072 87 116 U+7D35 516 1101 93 125 U+7E41 1164 700 97 121 U+8C48 2467 1835 108 113 U+6C11 1406 3296 94 128 U+6190 2042 1584 105 152 U+98DF 2024 3636 128 141 U+308A 2071 2372 46 124 U+5BB6 1839 1640 92 149 U+8868 325 2581 97 134 U+3092 1841 1948 82 83 U+8EAB 2255 1568 99 117 U+6804 2473 2522 103 145 U+5E95 2252 1155 108 116 U+6B4E 313 3296 112 113 U+7740 2240 1690 109 130 U+5730 1165 1093 116 87 U+306F 338 2475 70 96 U+8FBA 1406 2798 81 141 U+82E6 2242 1003 124 129 U+7C89 2031 2492 129 101 U+306B 518 2143 87 69 U+308A 770 3006 51 126 U+3092 968 3677 94 70 U+8272 2469 990 102 129 U+304F 1854 3129 47 129 U+5BB6 2050 1174 105 130 U+306B 730 828 95 63 U+6C11 971 1997 97 116 U+9593 1393 1175 100 94 U+9053 2463 3236 123 118 U+7D35 953 1436 101 122 U+7CA7 2035 2940 106 111 U+308C 1831 2121 90 107 U+8FB2 1827 1479 105 169 U+52A0 2464 1712 113 71 U+7740 950 1282 89 136 U+4E16 1604 2107 122 80 U+306E 1404 3071 82 57 U+6B64 325 2278 99 78 U+83EF 1386 1467 94 160 U+83EF 1612 2449 86 178 U+306F 1628 2888 68 93 U+8EAB 1627 3318 75 119 U+3093 1398 2142 102 96 U+8A69 327 2362 104 119 U+8F9B 1194 3638 83 127 U+5973 1830 1862 107 73 U+306F 1193 2279 62 92 U+697D 515 3360 105 143 U+4EBA 2449 2113 153 109 U+98E2 2035 3538 114 100 U+9EBB 504 1235 113 121 U+304D 310 1075 103 90 U+9EBB 950 1556 111 128 U+9060 1390 2557 113 124 U+52B4 2049 1376 78 121 U+4E8B 2250 1261 110 152 U+308A 1632 1650 44 117 U+3066 1402 3756 75 100 U+6DAF 512 2841 110 107 U+3092 326 3206 81 82 U+9001 308 1668 111 98 U+767D 1848 2424 68 101 U+3066 523 1463 75 94 U+5E74 955 3291 102 133 U+306E 1178 952 78 61 U+308A 1425 2436 46 105 U+83EF 1163 827 104 125 U+3072 2042 3060 87 86 U+83EF 528 3097 78 173 U+3042 1403 1633 81 87 U+306B 743 1596 90 77 U+4EA4 1149 1387 138 128 U+306B 328 2724 89 74 U+307F 954 2102 115 98 U+90FD 1399 3660 92 93 U+82E6 738 2234 93 129 U+306F 326 2816 75 106 U+8A69 2036 2159 109 116 U+6B4E 952 2414 112 112 U+8695 968 3545 102 129 U+3092 1399 1900 89 95 U+3066 1826 3371 69 90 U+98FC 964 3757 102 88 U+3092 338 3727 65 111 U+8695 2474 3533 97 130 U+5E74 2471 2923 108 144 U+5BB9 1591 1249 115 140 U+7C89 2447 873 141 110 U+3057 1176 2388 89 89 U+304B 1608 3004 108 64 U+306A 538 3741 96 84 U+306A 965 3058 76 102 U+3072 524 2450 100 94 U+308B 1850 871 53 84 U+4E5F 322 2193 118 78 U+8FB2 957 1848 106 152 U+4E16 1377 1090 120 73 U+4F3C 1595 1475 104 91 U+4EBA 1606 2005 121 99 U+8A69 2038 787 101 112 U+3086 744 1337 80 83 U+306A 1407 3425 70 81 U+6804 1614 2328 101 110 U+3057 1385 2001 101 83 U+751F 527 2712 69 123 U+306B 1182 1305 91 77 U+3075 1820 782 99 85 U+308B 1628 1160 46 80 U+30CF 1409 3611 80 46 U+52A0 1813 701 111 75 U+306A 2057 2274 69 95 U+60C5 313 3591 97 131 U+306A 1830 3045 97 95 U+306A 1839 960 73 97 U+3075 1600 2805 106 87 U+3084 735 1826 103 63 U+571F 1182 1017 71 75 U+306A 756 3144 73 97 U+8005 1618 3676 84 90 U+83EF 2469 2679 99 185 U+308A 988 3163 41 119 U+3065 958 2187 115 73 U+4EBA 1157 1253 141 79 U+308A 1210 2878 44 99 U+30D0 1176 1701 108 47 U+30CF 2056 2716 72 47 U+3068 1402 2236 88 115 U+308C 1602 974 115 111 U+77E5 1601 1912 117 102 U+7CA7 1816 2725 110 121 U+65E5 330 1489 53 76 U+3082 547 3605 71 118 U+82E6 1186 3759 94 100 U+306B 312 1401 89 73 U+306A 1191 2779 73 97 U+3075 952 2833 104 81 U+30CF 1840 1431 68 45 U+3066 763 2515 45 140 U+3092 522 3513 88 86 U+304D 331 1287 52 107 U+307E 1846 3468 51 106 U+307E 531 2225 55 114 U+83EF 1173 2131 107 146 U+306B 1602 1388 87 72 U+3092 2046 3162 87 88 U+4F5C 2045 1882 104 96 U+8272 2047 2592 83 101 U+3055 305 704 63 79 U+9EBB 2245 1975 119 110 U+3064 1820 3579 90 66 U+308B 341 3520 48 65 U+30CF 530 1036 65 42 U+3075 2031 3324 103 83 U+3076 1607 3440 109 81 U+305F 754 1420 58 110 U+305F 1625 1563 57 88 U+3075 1813 1342 106 88 U+308B 327 1773 85 96 U+3057 775 2362 23 145 U+30CF 970 1790 71 53 U+3068 346 2083 38 103 U+306F 746 1012 61 100 U+6211 1183 3407 114 106 U+3093 1614 3512 122 103 U+305F 1845 3647 55 88 U+3005 991 3430 35 98 U+304C 772 3245 73 85 U+3070 1860 2214 53 96 U+3044 1625 2745 68 57 U+3066 773 3705 48 146 U+30DF 1856 2041 44 76 U+305A 343 3416 78 100 U+306A 1412 2355 65 82 U+306F 1628 3776 68 86 U+3044 2049 3255 70 64 U+3089 780 3330 31 110 U+306D 1173 1597 89 99 U+308C 2063 1976 65 107 U+3068 763 2924 64 80 U+3068 545 1360 31 98 U+3084 1610 3066 102 66 U+3046 1639 3134 31 87 U+3088 331 1999 67 78 U+304B 990 2273 35 55 U+304F 1855 3735 33 115 U+3072 1842 2845 78 88 U+3066 543 2550 45 142 U+3068 1210 2675 35 95 U+3078 730 3518 126 50 U+3044 969 2773 73 57 U+3089 1202 1509 46 85 U+3057 1870 1057 26 122 U+3058 1004 2523 45 140 U+9053 1186 3272 95 138 U+3068 983 1689 36 90 U+3068 1421 787 33 96 U+3068 1641 2639 36 100 U+3069 1429 3503 67 99 U+306F 1848 2932 58 108 U+3005 2496 3127 48 72 U+3058 1202 2545 75 120 U+304B 1636 911 36 57 U+3066 2070 1727 43 139 U+308B 2075 2086 48 70 U+3005 1216 3151 38 97 U+3068 544 2340 38 106 U+3089 775 1893 22 81 U+304B 771 1539 28 58 U+3057 1421 883 30 118 U+304B 777 3458 34 58 U+3044 1837 1280 67 61 U+308B 1418 1720 45 53 U+3089 987 2330 38 89 U+3068 1858 1192 30 83 U+3089 332 991 34 87 U+3089 1223 2481 21 98 U+3089 1441 2089 23 74 U+9593 1185 1828 87 87 U+4E16 1165 1743 116 84 U+3057 1862 3271 16 103 seg_fp 2586 2200 34 35,200021660-00088_2
U+90CE 468 3558 85 151 U+4E2D 884 2268 87 129 U+6614 2153 864 109 131 U+5E74 1515 1529 105 140 U+5E74 2159 1003 103 135 U+5E74 1519 2531 98 137 U+4F53 1734 1491 108 112 U+306E 1103 1701 81 80 U+6642 1296 1957 127 89 U+305A 463 1716 103 117 U+5168 1732 1388 111 98 U+306E 462 2978 77 64 U+6614 1514 1401 100 117 U+5973 442 3457 117 85 U+53D7 654 2073 105 107 U+90CE 1957 1347 102 106 U+88CF 2394 1000 89 142 U+7E54 238 858 109 131 U+3092 2384 2143 96 85 U+8695 1293 1053 122 109 U+81EA 2167 2514 81 108 U+306E 1098 2385 78 69 U+990A 2157 2663 109 151 U+306F 2402 1242 67 113 U+3092 1741 1609 84 80 U+306E 1320 3177 77 69 U+7121 1509 805 109 109 U+306E 669 1715 87 69 U+70BA 1518 920 96 100 U+4ECA 1302 3724 113 134 U+306E 1524 1028 78 59 U+7DBA 666 1100 103 124 U+4E0D 2153 3296 115 103 U+6642 1523 1092 88 106 U+4E5F 259 3714 92 92 U+3072 465 3189 82 86 U+3080 1517 1738 102 83 U+524D 1521 3094 105 111 U+304D 1529 2904 109 88 U+7DBA 464 1196 93 131 U+306E 1309 1901 93 61 U+81EA 1105 1051 61 113 U+4E8B 470 1412 80 148 U+3086 1304 1628 100 80 U+547D 2378 1471 119 129 U+6700 886 2142 79 127 U+51E6 2371 1705 104 124 U+306E 1104 3512 79 70 U+306B 2389 1157 98 82 U+5E74 1737 1950 93 149 U+306E 1741 1318 81 67 U+5BB6 2168 1623 107 125 U+306B 463 1332 89 74 U+3092 672 1898 88 72 U+306B 2382 1610 96 78 U+4E8B 1533 3281 73 153 U+8F9B 2160 2201 104 160 U+6614 1737 1817 91 130 U+5929 2384 1368 98 101 U+524D 1309 1400 96 98 U+990A 879 1844 84 161 U+8695 875 2008 116 119 U+308C 1512 2289 113 92 U+8695 1742 1046 107 126 U+306A 1104 2892 80 82 U+5A66 2147 1775 119 118 U+306E 464 2526 72 74 U+8695 249 1419 106 119 U+7DBE 452 2858 105 122 U+306F 1751 932 65 104 U+52B4 885 2816 77 114 U+8A69 1734 808 105 124 U+304D 879 1111 95 87 U+306E 1520 1998 92 68 U+7DBA 452 2612 101 132 U+8EAB 885 1201 85 125 U+8F9B 1085 808 91 117 U+4E2D 1106 2767 72 131 U+8695 1100 1311 100 116 U+8695 1736 2383 107 127 U+306F 469 2748 59 99 U+7BED 251 3579 100 125 U+4ECA 872 1713 128 133 U+6B64 1741 716 97 86 U+305F 456 3051 98 87 U+4ECD 668 1242 97 93 U+53E5 676 1786 75 109 U+4E8B 1522 2065 91 134 U+8695 650 3385 119 116 U+5973 1302 3094 112 77 U+7F85 665 855 94 122 U+610D 655 723 103 119 U+306F 1743 3018 74 101 U+8F9B 872 2676 105 135 U+898B 1300 2113 104 110 U+3066 256 1986 71 91 U+3059 2395 1826 61 89 U+89E3 234 721 105 129 U+3082 899 1605 53 102 U+306A 886 2396 74 91 U+7F85 468 2049 90 132 U+306E 1741 3426 77 63 U+8695 1095 2256 105 111 U+7BED 255 2314 103 129 U+3084 871 934 97 75 U+6B20 466 1621 80 97 U+521D 449 3734 97 93 U+8695 1728 3137 116 123 U+7B11 1732 2254 96 119 U+3092 1521 1197 83 75 U+3066 664 3288 77 82 U+6587 1098 1606 116 96 U+4E45 1517 2682 107 87 U+52E4 2157 2367 120 120 U+4F55 1091 3421 101 84 U+4ECD 871 3504 104 102 U+3075 2383 2237 98 96 U+4E0E 670 1000 96 86 U+306F 1106 3324 66 86 U+52E4 1080 930 110 105 U+7E54 1961 1774 120 116 U+696D 1721 1180 121 128 U+990A 1088 1169 84 141 U+7B11 1310 2598 94 99 U+611B 1736 2114 92 139 U+610F 1317 3254 83 134 U+6851 238 982 95 110 U+5C31 235 1778 117 111 U+308C 880 2492 97 86 U+5A66 1732 2656 106 119 U+5E73 1092 3088 107 103 U+839A 251 2089 103 103 U+5F15 668 1982 92 95 U+3065 253 2849 108 85 U+4ECA 2153 1920 127 135 U+7DBA 1950 1013 107 133 U+3081 2397 2448 71 90 U+308A 2405 2636 51 156 U+89E3 1959 1633 108 113 U+990A 657 3590 73 153 U+4ECD 2156 3019 110 97 U+308B 1320 1319 54 72 U+5BB6 1743 2517 86 135 U+53EA 1309 950 85 88 U+3092 255 3020 78 76 U+308C 871 1430 118 100 U+65E5 1540 710 55 71 U+3075 465 1968 95 77 U+4E0D 882 3741 91 86 U+3092 663 3518 84 66 U+3066 2412 857 47 133 U+7C43 255 3383 80 135 U+7FA9 663 2437 101 131 U+6700 1109 2658 70 118 U+3082 1541 2442 60 77 U+65E5 1114 719 54 69 U+9053 871 3606 110 112 U+3042 1526 3564 79 89 U+6851 261 2197 80 109 U+5973 1939 1199 127 92 U+306A 260 2442 75 87 U+89E3 250 3103 98 120 U+306A 866 727 96 99 U+8695 2166 1471 99 142 U+610F 2374 1996 94 135 U+6642 1089 2459 102 87 U+306A 473 3271 62 75 U+6210 244 1682 108 101 U+306E 1532 3221 74 56 U+305B 1297 1819 101 76 U+5E73 1716 3739 99 115 U+306A 891 3309 68 90 U+305D 462 923 93 108 U+3079 1299 717 109 125 U+304D 1322 3005 85 86 U+3075 1738 1739 94 79 U+306A 1525 2198 79 87 U+3075 1517 1326 99 73 U+7F85 2156 3557 110 131 U+7C43 1954 2063 110 150 U+7F85 466 1045 88 143 U+3059 872 1012 89 104 U+306A 676 2572 70 86 U+3053 467 835 69 88 U+4E0A 665 1615 90 92 U+308A 1339 3636 41 88 U+898B 1319 3395 83 109 U+53D6 260 2623 73 94 U+82E6 1089 3585 86 117 U+4EE5 1527 3003 108 84 U+52B4 664 3067 86 108 U+30CF 1527 1681 69 43 U+82E6 663 2937 91 133 U+7C43 251 1098 81 152 U+5C11 1321 2912 89 85 U+3070 482 723 69 103 U+6101 2157 3424 111 113 U+521D 1950 1492 112 97 U+6851 1957 1908 116 138 U+30CF 1108 1537 69 56 U+7B11 2162 1325 114 125 U+8695 2156 2815 109 161 U+696D 237 1547 117 135 U+306E 1315 1495 87 131 U+7BC0 1095 2530 82 128 U+3059 462 2312 92 127 U+3078 654 3755 98 67 U+751F 1112 3199 59 106 U+5A66 1730 3581 98 136 U+3068 495 1815 38 99 U+8FF0 2392 725 100 123 U+5BB6 1744 3266 108 145 U+305F 268 2771 57 84 U+3066 691 2181 39 115 U+305F 1331 3556 58 79 U+308A 903 3402 43 97 U+5C11 1740 3493 89 91 U+3075 664 1486 91 74 U+308B 1322 1704 56 62 U+3066 1119 2121 43 118 U+3075 1732 2931 96 88 U+3069 283 2529 67 88 U+9053 2159 3148 117 114 U+308A 1129 1935 42 103 U+306B 1312 2703 80 75 U+3068 888 3191 82 109 U+306B 1103 2034 79 88 U+30CF 260 3531 68 41 U+305F 2405 2537 57 99 U+3069 1558 2356 68 85 U+308B 2408 1916 35 73 U+3075 659 2368 100 71 U+3070 907 2582 62 85 U+30CF 261 1359 70 50 U+306A 885 1333 70 91 U+308A 1131 2983 41 96 U+51FA 1310 1176 86 78 U+3044 472 1918 74 46 U+3066 1331 2780 43 113 U+611B 1307 2459 92 127 U+611B 2159 1177 114 130 U+4E0E 1928 868 129 111 U+308A 489 3347 42 76 U+3050 467 3123 76 66 U+308B 1534 3791 48 62 U+3092 1104 1846 82 87 U+3068 1339 2033 47 83 U+3082 483 2442 42 85 U+3075 245 3316 99 62 U+30CF 479 2199 69 41 U+30CF 473 1569 69 38 U+3044 675 1425 71 58 U+304B 664 2770 96 64 U+308A 698 2658 37 100 U+3056 1538 3718 75 72 U+30CF 678 1564 69 48 U+306B 1522 3445 84 64 U+3068 275 1259 32 96 U+3044 1753 1690 58 44 U+3069 910 1522 58 84 U+591A 863 2940 86 140 U+3068 1126 1432 32 99 U+304B 282 2714 39 55 U+304B 1544 1827 47 61 U+304F 2416 2327 35 107 U+3044 1532 1280 66 44 U+65E5 2187 2074 48 81 U+304F 283 2922 47 97 U+3057 1564 2764 17 130 U+304F 905 820 44 95 U+3079 1299 2266 113 53 U+304B 1329 1770 43 53 U+3044 676 2318 63 44 U+3068 1766 2769 30 97 U+3057 1341 2300 19 141 U+3068 698 1340 30 87 U+30CF 1528 3512 69 47 U+3078 1302 3508 112 44 U+3068 1113 1783 61 62 U+3057 287 1885 19 101 U+3057 1560 1883 20 111 U+3044 1744 2871 63 56 U+3056 1328 1249 70 70 U+3057 917 3055 19 135 U+3046 493 2240 34 78 U+308B 1332 2214 51 55 U+3057 701 3185 22 105 U+3057 1345 839 31 95 U+3089 1558 3655 24 67 U+304F 710 2835 31 75 U+3082 1115 3734 77 110 U+3044 257 3261 63 54 U+3068 284 3209 26 60,200021660-00089_1
U+4F1A 1109 2070 73 94 U+3073 2342 1390 70 81 U+755D 1374 1994 81 70 U+4F59 1235 1845 71 76 U+5BBF 1777 1564 69 87 U+3059 1122 2169 60 63 U+6642 1240 2076 72 81 U+5F7C 1642 1694 71 81 U+5EA6 2352 1541 68 82 U+3084 679 2077 85 68 U+767E 2346 1467 67 71 U+65AF 835 1915 65 80 U+304D 2212 1820 74 68 U+53CB 1107 1934 57 78 seg_fp 1508 1883 74 72 U+5609 1773 1700 74 74 U+6709 1240 1924 54 84 U+5510 1645 1775 65 80 U+306B 705 2000 50 80 U+306B 1112 2019 73 52 U+65E2 1229 1719 71 72 U+305F 2352 1324 44 64 U+7A0B 2345 1804 74 74 U+6851 1647 1954 69 84 U+3064 2213 1884 71 82 U+767E 1506 1809 72 71 U+7A2E 1493 1576 81 82 seg_fp 1511 1955 76 68 U+308A 2488 1339 38 68 U+3072 842 2151 61 65 U+9ECD 1516 2026 70 84 U+98DF 1384 2146 73 78 U+5343 2346 1248 59 78 U+3092 1653 2042 66 69 U+985E 836 2061 65 88 U+6642 2346 1937 74 68 U+308C 2206 1437 61 84 U+306B 2349 1883 69 51 U+308A 1258 2008 33 70 U+660E 2067 1597 77 57 U+7336 2203 1589 81 69 U+308B 1385 1703 65 78 U+79FB 2195 1348 77 87 U+3072 973 2002 62 64 U+3081 2354 1621 55 57 U+307B 554 2021 77 76 U+308B 2365 1733 41 66 U+3082 981 2157 46 65 U+3069 2222 1521 45 69 U+591C 2069 1459 74 93 U+308B 2078 1652 56 66 U+8863 1383 2069 70 71 U+3084 2479 1567 70 79 U+306E 1776 1655 76 47 U+3068 714 2148 30 67 U+5531 1787 1880 67 69 U+8CD3 1107 1829 57 110 U+77E5 2072 1834 77 65 U+306B 1643 1554 64 57 U+3092 2077 1719 58 46 U+3092 1520 2121 66 54 U+306E 2073 1550 58 44 U+7A2E 1369 1614 85 84 U+306E 1650 1901 55 49 U+308B 841 1995 60 70 U+3067 2085 1960 62 62 U+5341 1385 1930 67 62 U+304A 547 1966 73 50 U+306C 1931 1982 75 54 U+4E09 1383 1878 72 52 U+308A 2498 1822 40 59 U+3082 2086 1774 40 55 U+676F 2481 1691 76 76 U+3066 1643 1615 58 77 U+3092 1785 1831 63 46 U+3005 1262 2158 32 64 U+308B 1523 1657 37 70 U+4E8B 1802 2001 49 84 U+306B 1241 1793 63 47 U+3093 968 2107 85 56 U+3057 578 2097 19 120 U+3073 1788 1769 62 59 U+3050 2347 1677 76 51 U+3069 2221 1652 60 49 U+8208 1922 1538 80 82 U+306A 2473 1278 55 61 U+305E 2474 1470 75 97 U+3075 1787 1955 74 51 U+4F8B 2468 1205 67 70 U+305B 1929 1923 66 58 U+3051 986 2059 41 47 U+4EBA 1634 1859 83 47 U+3068 2495 1411 27 66 U+3068 989 1885 26 70 U+3081 2213 1759 57 59 U+3044 974 1955 55 41 U+3058 1953 1614 32 77 U+3042 1932 1695 61 63 U+309D 2242 1967 24 54 seg_fp 2486 1886 68 104 U+3089 2095 1896 35 74 U+3068 2509 1768 21 52 seg_fp 1531 1744 26 64 U+3088 2223 1705 45 57 U+309D 2508 1645 18 49 U+308B 1938 1778 61 63 U+5C3D 1935 1856 53 59 seg_fp 1402 1797 29 83 U+30CF 1935 1841 56 25,200021660-00090_2
U+5DFE 1295 1166 80 109 U+4E16 535 1165 91 98 U+516B 759 1967 93 55 U+9EC4 1469 1008 102 138 U+80E1 335 1028 104 105 U+8336 1282 1007 102 145 U+30F2 1165 2057 59 92 U+6CAB 152 2199 114 114 U+5BC4 909 1008 99 149 U+5473 1477 1160 94 99 U+6C0F 365 2334 80 106 U+89D2 1108 2195 80 134 U+4F11 527 2330 124 120 U+5BB6 917 2323 106 128 U+5510 725 2183 101 125 U+5C71 1674 2203 97 100 U+516B 757 3110 98 58 U+8FD4 1463 1294 105 112 U+79EC 712 2333 110 116 U+5C0F 1109 1015 92 96 U+5229 521 2196 120 124 U+6E90 346 2198 96 121 U+30A6 976 2056 53 93 U+82B1 1468 2186 109 131 U+5B9A 917 2186 104 123 U+9752 534 1012 118 142 U+4E03 953 1955 83 64 U+5BB6 151 1008 106 138 U+5341 201 1976 68 85 U+305F 156 1557 91 119 U+6843 327 1153 125 112 U+8CAB 1659 1289 98 137 U+516B 957 3107 88 58 U+826F 160 1411 92 118 U+30A6 787 2059 48 89 U+96EA 160 2328 90 113 U+30F2 1727 2046 66 103 U+305F 1681 2592 82 112 U+9D89 713 1012 112 136 U+3076 1668 2329 131 133 U+4E94 1530 1983 75 54 U+30A6 1537 2060 64 106 U+714E 1653 1148 105 141 U+9905 1098 1282 103 111 U+30F2 1729 3187 56 94 U+8C9E 161 1274 77 133 U+30F2 1352 3184 50 90 U+4E03 1147 3104 66 54 U+4E3B 162 1162 87 89 U+4E94 1714 3088 78 67 U+305F 1117 2601 82 102 U+30F2 959 3210 68 98 U+305F 1298 2714 77 118 U+305F 1488 1560 72 119 U+304D 1108 2344 83 104 U+5341 403 3133 54 74 U+305F 927 1183 72 105 U+3054 1320 2957 61 102 U+3062 1303 2442 86 110 U+305F 928 2475 87 109 U+30A6 783 3196 52 92 U+305F 1489 2342 81 111 U+305F 550 2473 82 112 U+305F 738 1165 75 119 U+308A 1134 2449 42 140 U+305F 355 2473 77 119 U+7D05 1657 1029 112 117 U+305F 1298 1308 82 103 U+305F 741 2476 82 113 U+516D 1318 3098 91 64 U+305F 161 2469 80 111 U+305F 1122 1426 68 112 U+305F 1670 1438 86 97 U+30F2 405 3227 55 78 U+3054 759 1418 66 92 U+30A6 224 2074 47 78 U+4E5D 596 1978 78 70 U+30A6 420 2063 53 76 U+4E5D 400 1967 81 72 U+304D 1694 2464 62 107 U+30F2 1149 3199 66 87 U+8C46 1107 1155 94 98 U+3046 1305 2549 57 152 U+4E94 1504 3090 90 64 U+3054 1135 1666 59 104 U+30A6 1539 3199 45 99 U+3054 373 2705 54 99 U+4E03 1156 1975 65 54 U+307E 1310 2830 64 132 U+3093 1293 2311 101 116 U+3054 565 2722 62 92 U+3054 375 1537 62 101 U+3054 945 1421 55 96 U+307E 1127 1538 58 133 U+3054 1693 1664 61 109 U+30F2 1366 2074 44 71 U+4E94 1735 1978 62 49 U+307E 564 2588 62 136 U+307E 941 1290 56 131 U+307E 1503 1677 48 122 U+307E 178 1675 61 123 U+30F2 617 2083 45 66 U+307E 364 1409 66 125 U+307E 756 2594 58 133 U+3054 184 2703 58 94 U+307E 1133 2708 56 130 U+3054 1326 1545 49 102 U+3054 567 1545 68 88 U+305F 544 1294 73 106 U+4E5D 594 3131 73 58 U+307E 1303 2191 77 123 U+30A6 608 3218 48 91 U+307E 753 1286 55 139 U+3054 1701 2817 54 103 U+307E 943 2587 62 136 U+3054 762 2729 58 84 U+307E 1318 1416 54 134 U+307E 1698 2703 60 124 U+3057 1516 1421 20 138 U+516D 1342 1978 79 67 U+3054 1136 2837 60 99 U+307E 365 2585 56 119 U+3054 1509 1794 51 114 U+3054 1505 2581 57 101 U+307E 182 2576 55 127 U+305F 358 1296 75 104 U+307E 1684 1539 65 129 U+3054 187 1798 58 87 U+307E 554 1413 68 126 U+307E 1505 2458 60 128 U+3054 946 2726 62 90 U+5341 217 3119 56 71 seg_fp 1756 2170 48 36 U+30F2 194 3228 73 98 U+4E00 223 3189 50 14,200021712-00007_1
U+5375 1637 1045 100 102 U+306E 120 1428 87 87 U+5375 1061 2198 104 111 U+5375 109 1303 101 104 U+714E 1431 1178 107 121 U+8FBC 1431 1313 122 89 U+4E39 668 1180 118 91 U+90E8 78 1546 129 126 U+5375 871 1685 106 106 U+5473 870 1161 96 87 U+767D 882 2583 72 94 U+FA45 1651 1170 95 101 U+4E03 1689 1962 73 61 U+30F2 1124 3242 60 80 U+7B4D 1432 1040 110 128 U+304C 1646 1693 115 87 U+725B 1446 2198 85 106 U+9999 1250 2458 93 127 U+7261 675 1046 115 93 U+6D77 1260 1039 100 117 U+305F 1660 2713 69 118 U+714E 1439 2462 101 121 seg_fp 1446 2314 94 139 U+52A0 868 1053 97 67 U+56F2 1452 2592 87 112 U+30A6 549 2055 60 89 U+7269 1248 2607 108 99 U+30F2 928 2047 70 98 U+516B 1694 3149 92 56 U+30F2 1498 3264 61 79 U+84B8 489 1167 97 127 U+306E 1263 2334 84 87 U+305F 1257 1558 87 126 U+5375 1258 2215 100 108 U+305F 1079 1051 72 117 U+714E 1640 2453 97 119 U+8338 1643 2306 93 131 U+30A6 1129 2062 49 96 U+84B2 1061 1412 102 133 U+82DE 494 1036 91 123 U+677E 1622 2196 123 100 U+30A6 1512 2071 43 76 U+713C 873 1545 101 116 U+516B 1500 1970 73 45 U+5C71 1070 2344 85 70 U+5439 1067 2459 98 85 U+5DFB 279 1167 118 121 U+4E5D 1487 3143 90 57 U+305F 700 1297 69 106 U+80C6 1634 1292 103 125 U+5341 1110 3133 75 74 U+307E 1079 2698 84 105 U+304D 1274 1428 63 113 U+8FBC 1643 2601 98 70 U+7CA5 867 2706 99 114 U+30F2 1317 3261 52 76 U+3054 1468 1675 76 91 U+305F 1464 2734 73 108 U+5341 1120 1975 66 67 U+3054 1474 2970 64 94 U+30A6 1329 2080 45 64 U+3054 527 2960 59 102 U+307E 1082 1169 67 127 U+305F 505 2735 72 102 U+4E5D 1318 1977 67 64 U+5341 936 1951 61 64 U+307E 517 2840 63 125 U+4E09 538 1984 74 45 U+307E 1477 2838 57 134 U+5341 1305 3136 74 75 U+5341 726 1913 78 66 U+30F2 752 2035 51 65 U+4E94 286 1433 106 97 U+3054 1675 2945 59 102 U+3054 716 1534 69 106 U+307E 1274 1682 68 142 U+307C 1078 2845 96 130 U+927E 1045 1559 120 133 U+307E 900 2318 66 128 U+307E 1671 2829 62 119 U+713C 688 2317 96 113 U+307E 1265 1301 81 127 U+6749 664 2199 122 101 U+30F2 1710 3252 49 67 U+304F 1675 1800 33 112 U+30F2 550 3249 67 75 U+3054 723 2701 54 102 U+307E 714 2576 68 132 U+30F2 736 3230 65 91 U+307E 1469 1540 60 135 U+5341 740 3116 57 42 U+4E09 735 3168 63 44 U+30A6 923 3232 62 124 U+304B 1099 2605 33 92 U+307E 713 1407 60 128 U+5B50 870 1424 87 99 U+3080 500 2453 87 88 U+305F 885 2221 77 91 U+305F 705 2451 67 121 U+3054 1284 1821 53 103 U+3054 1090 1285 57 98 U+305F 501 1311 81 107 U+4E01 880 1296 85 87 U+5341 545 1914 73 55 U+3054 521 1555 67 101 U+3053 1098 2976 47 82 U+5341 929 3116 53 81 U+30A6 1724 2064 42 60 U+307E 520 1428 58 140 U+3067 1648 1436 102 100 U+4E8C 734 1981 63 30 U+82D4 1273 1163 64 119 U+8471 491 2313 102 130 U+3053 905 2442 40 87 U+3093 1657 1544 83 112 U+3057 518 2566 40 137 U+305F 1452 1439 78 103 U+51AC 510 2189 86 109 U+4E4B 295 1299 119 107 U+56DB 557 3180 61 41 U+5341 547 3118 68 74,200021712-00009_1
U+5DFB 919 1133 116 127 U+5375 934 2180 103 121 U+306E 947 2321 81 88 U+9152 1888 2713 97 109 U+5375 945 1273 88 127 U+306E 377 1280 87 94 U+65B9 939 1539 81 109 U+306E 364 2324 104 90 U+306E 1324 1392 98 103 U+306E 1704 1397 103 107 U+30EB 938 2863 95 84 U+306E 565 1536 94 103 U+30B1 938 2449 78 126 U+5DDD 565 1265 97 106 U+65B9 351 1533 101 133 U+30A6 1178 2041 66 101 U+65B9 736 2831 102 116 U+5473 357 2442 102 107 U+30F2 1760 2059 59 90 U+5207 733 2709 111 82 U+308D 1331 2582 67 116 U+828B 939 991 83 135 U+7D2B 1122 998 101 123 U+5BD2 331 996 145 136 U+564C 353 2565 107 121 U+9C72 1299 1520 126 148 U+5375 1315 2180 93 132 U+7518 1887 2566 102 121 U+30F2 1759 3233 64 106 U+9B5A 555 1391 95 141 U+6F6E 1698 1514 102 125 U+6F2C 1891 2824 94 143 U+6BBB 725 2310 130 138 U+6C41 1501 2705 100 122 U+30A6 986 2044 54 103 U+30F2 1364 3259 72 98 U+9EA6 739 1131 109 140 U+306E 952 1430 62 89 U+305F 1704 1013 79 118 U+4E94 972 1952 84 59 U+30A6 1380 2058 47 83 U+6F2C 361 2703 93 128 U+85AC 1510 2168 89 131 U+305F 1133 1412 84 115 U+3042 1711 2849 77 134 U+8607 1115 1136 113 126 U+307C 1331 2428 74 131 U+7C89 1119 2314 109 110 U+30EB 942 2602 99 73 U+4ED5 332 1404 127 113 U+4E94 1184 3190 63 57 U+714E 1691 1651 92 139 U+90E8 537 1658 125 131 U+305F 1703 2449 75 122 U+9C0A 1682 2172 117 154 U+84B8 1889 1381 88 138 U+9958 730 994 126 128 U+7C95 1860 1269 123 117 U+5375 735 2177 108 136 U+5171 746 2442 89 126 U+3006 752 1659 74 119 U+305F 1908 2189 75 101 U+548C 1311 1674 108 108 U+30A6 795 3230 68 113 U+30A6 1562 2056 60 91 U+30F2 417 2067 57 82 U+305F 1136 2449 69 110 U+30BB 936 2726 70 72 U+305F 1524 1008 75 126 U+305F 1330 1013 73 121 U+30F2 1562 3233 57 100 U+9BC9 344 1141 121 127 U+3054 1151 2669 50 101 U+305F 1517 2324 74 125 U+9BD1 1681 2310 112 135 U+3054 782 1519 57 94 U+516B 390 1943 91 62 U+6F09 1124 2168 101 150 U+56DB 1185 1964 66 43 U+30F2 403 3244 69 111 U+30F2 1948 2055 57 84 U+3093 1130 2875 96 88 U+4E8C 1752 1970 71 34 U+56DB 1372 3152 65 44 U+3042 1332 2710 76 129 U+307E 1910 2298 70 127 U+3054 1921 2424 52 106 U+4E8C 1567 1965 54 37 U+305F 760 1281 80 123 U+307E 1908 1652 62 124 U+6F2C 1136 1264 87 133 U+305C 1137 2782 89 88 U+307E 773 1412 62 113 U+3054 1718 2695 55 94 U+307E 1523 2445 67 134 U+3054 1920 1774 52 113 U+307E 1716 2570 55 128 U+30F2 1174 3268 73 101 U+516D 766 1959 100 77 U+305F 1893 1549 82 103 U+7CDD 1496 1386 126 188 U+306B 769 2571 56 91 U+307E 1336 1133 71 125 U+4E09 1380 1962 62 49 U+4E03 778 3141 86 65 U+3054 1528 2582 61 86 U+307E 1719 1133 59 136 U+4E09 1566 3148 53 45 U+30F2 1005 3263 49 75 U+9BC9 338 2186 133 124 U+3053 1729 1276 37 98 U+8150 1873 1123 102 138 U+30A6 796 2054 60 103 U+307E 1140 2560 59 114 U+30A6 1952 3202 53 116 U+516D 962 3157 95 76 U+3054 1154 1657 57 94 U+307E 1153 1526 57 132 U+3056 1148 2965 75 90 U+307E 1545 1140 52 139 U+8C46 1890 1011 87 105 U+4E5D 409 3119 78 68 U+4E8C 1776 3160 48 28 U+305D 1320 2310 81 125 U+3054 1548 1272 44 97 U+3054 1347 1260 54 109 U+3044 1135 3064 95 85 U+3078 1709 2991 88 78 U+3078 1328 2853 90 86 U+4E00 1953 1968 60 12 U+4E00 1948 3151 58 9 seg_fp 838 1736 36 44,200021712-00009_2
U+304B 1678 1443 97 78 U+564C 1675 2748 99 119 U+3053 1686 1316 84 92 U+5927 1481 1047 93 104 U+306E 1491 1574 105 107 U+70CF 1298 2347 93 117 U+306E 1685 2366 93 98 U+540C 1497 2231 79 96 U+5473 1675 2619 93 101 U+70CF 1112 1570 87 115 U+5473 1294 1309 97 102 U+76EE 552 1317 73 102 U+306E 1303 1196 87 90 U+7CE0 1659 2478 121 126 U+6F2C 1677 2877 99 158 U+5834 1472 1430 113 138 U+30F2 1741 2093 60 88 U+9730 1283 2208 108 136 U+9332 520 1451 127 110 U+564C 1287 1445 99 103 U+9B93 1457 1825 132 153 U+30F2 1555 3278 45 84 U+9B92 1471 1694 118 138 U+9B93 1464 2484 120 134 U+5341 1738 1972 62 81 U+30A6 1350 2091 52 105 U+65E9 1493 2363 79 102 U+6F2C 1679 1688 110 151 U+306E 1694 1188 93 100 U+30F2 1354 3270 63 94 U+5341 1735 3166 63 61 U+9BA0 1283 1039 117 122 U+8CCA 1083 1704 130 116 U+77F3 1459 1334 107 84 U+6F2C 1296 1563 90 150 U+5341 1547 3155 52 65 U+3081 1115 1314 78 137 U+5341 1163 1973 58 65 U+8CCA 1269 2481 134 119 U+5341 1544 1983 55 74 U+7562 550 1582 91 156 U+30A6 1551 2091 47 88 U+5341 1354 3138 63 65 U+4E09 1362 3206 65 50 U+9B92 1654 1043 130 140 U+3057 1722 1528 17 140 U+305D 1110 1042 87 119 U+4E8C 1542 3224 62 34 U+9B92 1660 2219 131 130 U+4E09 1166 2043 59 47 U+5341 1343 1980 62 59 U+30A6 1166 2106 51 101 U+6D25 1479 1173 98 138 U+30A6 1735 3270 58 97 U+3093 1125 1452 92 107 U+3046 1121 1163 55 151 U+4E8C 1352 2047 56 28 U+4E00 1541 2061 55 13,200021712-00010_1
U+306E 559 3279 70 78 U+306E 751 2610 76 96 U+306E 755 1964 71 101 U+306E 356 917 79 84 U+306E 943 1299 93 103 U+306E 928 2220 93 107 U+306B 936 3013 99 91 U+306E 374 2226 72 90 U+3031 1331 1680 66 113 U+9CE5 937 1412 96 121 U+306E 949 2605 68 107 U+306E 559 1180 73 83 U+5473 545 1421 109 117 U+306E 564 2482 67 104 U+6E29 744 2341 102 114 U+5165 336 1313 127 85 U+308D 1329 1560 79 97 U+65B9 741 2080 97 116 U+306B 942 1696 88 88 U+9CE5 1318 1282 94 128 U+4F55 925 1558 111 114 U+9D28 1121 2328 107 125 U+3092 571 1563 76 85 U+767D 567 1290 67 103 U+5185 952 1165 82 110 U+65B9 1315 1947 99 114 U+3078 751 2248 90 53 U+540C 361 1446 87 92 U+8EAB 555 2341 86 121 U+53F3 908 3384 116 110 U+3092 364 1176 71 95 U+3046 384 1825 41 102 U+53F3 921 906 105 105 U+8EAB 740 1813 89 134 U+9D28 923 2075 110 120 U+3078 554 3038 94 55 U+306E 1178 3014 67 68 U+3092 764 1162 66 110 U+5927 1119 1953 92 98 U+4E4B 1514 1300 112 102 U+3059 553 1678 92 138 U+9CE9 1112 1686 116 117 U+4ED5 1308 1817 109 120 U+9D2B 1116 1027 112 121 U+5916 541 3135 103 109 U+8EAB 362 1028 76 125 U+3044 1320 1453 93 52 U+7389 559 916 85 99 U+9CE5 545 3380 97 115 U+306D 744 1026 101 117 U+9D89 1121 2071 106 130 U+571F 1704 2739 101 99 U+9CE5 1515 1150 98 120 U+5B50 560 1048 86 101 U+5802 1705 2860 101 127 U+5B9D 1899 1018 101 139 U+3092 369 2493 70 93 U+6B64 929 1039 111 99 U+4E07 1897 908 105 99 U+6599 913 2337 126 119 U+5176 336 3129 109 111 U+3058 1167 1548 64 124 U+7C89 729 2734 116 120 U+79D8 1877 1415 133 121 U+7C89 353 2334 100 134 U+7406 927 2473 113 99 U+6625 1161 2851 90 103 U+6599 1884 1156 130 125 U+3066 941 3261 76 88 U+304D 575 2732 55 121 U+3075 747 3003 95 104 U+6D1B 1699 2205 113 121 U+304B 1158 1837 39 72 U+90E8 1498 1426 119 125 U+5668 1701 2590 102 126 U+7406 1891 1289 123 103 U+3055 1187 3265 58 68 U+308A 768 1635 48 169 U+307B 753 911 81 109 U+308A 388 2719 41 130 U+3092 760 2877 69 94 U+98E9 734 2474 110 108 U+3082 959 1934 60 125 U+3075 347 2615 106 110 U+82B1 1688 2068 118 130 U+3066 942 1820 85 109 U+308A 784 3106 36 125 U+3078 350 3421 107 71 U+4E00 1123 945 109 19 U+306A 561 2609 87 128 U+304B 1157 2232 37 71 U+306F 1168 2759 75 43 U+308A 584 2199 41 129 U+304B 1160 2490 35 79 U+5BC6 1890 1536 115 126 U+3069 362 1946 113 128 U+521D 1160 3147 95 81 U+662F 1164 2605 91 108 U+7BB1 1887 1668 114 138 U+306C 544 2105 98 98 U+4E0A 353 3273 87 88 U+3051 758 3376 70 125 U+304F 958 2882 46 108 U+304F 766 1391 48 127 U+65B9 549 2879 90 100 U+304B 1161 1187 34 66 U+3088 759 1288 64 105 U+306A 1181 3430 72 81 U+8457 1680 3118 127 140 U+3057 589 1894 23 180 U+3093 368 2071 100 122 U+304B 775 3277 40 101 U+3051 1138 1295 70 124 U+304B 1204 3359 31 71 U+304F 385 1703 38 97 U+3057 399 1545 19 155 U+3068 781 1514 37 116 U+3093 1138 1424 99 106 U+3053 580 1811 39 78 U+3051 365 2963 76 150 U+304B 380 2872 41 95 U+30EC 436 1404 48 22 U+3057 969 3131 23 122 seg_fp 952 2740 82 127,200021712-00010_2
U+5207 1907 1705 113 95 U+3059 956 1304 84 129 U+306B 385 3174 89 79 U+9D28 1138 1545 108 121 U+306B 1930 1834 92 77 U+3066 369 2096 90 101 U+306E 1742 3286 75 95 U+714E 1529 1020 97 145 U+306F 976 1699 77 105 U+306B 777 2372 80 78 U+3060 376 2623 109 133 U+306E 376 1305 89 103 U+6C34 1148 2233 100 100 U+7269 1534 1175 107 106 U+53E3 1931 1588 70 64 U+7528 783 2491 69 116 U+540C 1537 2494 88 101 U+7269 1529 2228 105 113 U+5C11 1165 2888 80 114 U+306E 568 1569 117 122 U+564C 1531 1830 94 123 U+306B 383 1969 98 82 U+306F 1552 922 62 46 U+5C0F 1921 1444 100 87 U+5165 746 1041 131 95 U+51FA 1741 1034 79 112 U+3080 958 1183 93 90 U+5185 1932 2495 81 122 U+3059 1748 1178 54 114 U+65B9 572 1822 89 104 U+623F 958 3038 92 120 U+3066 386 3295 72 93 U+3086 782 2631 73 89 U+5207 1717 2368 109 88 U+3082 1547 2364 84 102 U+306B 1145 1181 96 70 U+65B9 1338 1960 91 112 U+5473 1532 1696 100 113 U+6C34 370 3039 116 97 U+725B 956 2889 94 129 U+4E2D 769 1844 87 105 U+3092 389 1697 74 114 U+5207 960 2373 93 98 U+3073 1928 2998 118 138 U+53C8 1719 3431 120 86 U+53F3 954 1436 99 108 U+9D28 365 1172 105 119 U+714E 754 1159 99 137 U+4F46 744 1708 121 96 U+4ED5 1326 1840 112 115 U+4ED5 559 1702 109 106 U+5E73 1727 2904 93 110 U+96C1 1136 1033 108 112 U+52A0 381 3428 97 87 U+4ED5 1133 2354 114 120 U+662F 953 1563 120 110 U+3066 1163 2766 74 98 U+3066 1741 920 68 90 U+9CE5 1343 1550 86 125 U+96C1 369 1038 101 124 U+306B 1925 2633 98 85 U+306B 1728 2499 99 70 U+9152 380 1832 93 116 U+304D 1549 2098 60 111 U+713C 947 1815 121 131 U+9CE5 576 1429 89 114 U+3066 1747 1998 71 84 U+3078 769 1428 87 122 U+306E 1352 1706 71 81 U+7528 1548 1438 69 120 U+91A4 1144 2080 99 144 U+5C71 964 3295 89 80 U+9EA9 1327 1420 118 128 U+76AE 379 1559 105 112 U+91A4 373 2892 103 134 U+3068 1963 918 34 106 U+9EA9 942 1950 119 134 U+304D 1941 2361 59 109 U+306B 1163 2634 96 83 U+714E 365 2224 101 129 U+76BF 1719 3057 108 61 U+306B 1160 1704 84 94 U+51C6 1337 1293 106 124 U+6900 754 1965 118 108 U+5C0F 1736 2102 86 95 U+5473 1924 3162 99 105 U+7B39 945 2494 117 103 U+51FA 390 2367 83 107 U+6577 1932 3413 92 123 U+564C 1920 3293 97 108 U+53E3 1753 2248 55 64 U+71AC 556 1290 118 131 U+3086 1549 1569 75 132 U+304D 981 2754 55 108 U+4F46 1722 1701 115 103 U+304B 1181 3060 36 96 U+25CB 1726 1572 98 99 U+6CB9 382 1438 92 97 U+3066 1740 2748 67 111 U+3089 1171 3156 49 109 U+71B1 1910 2211 113 122 U+304B 794 920 31 67 U+84B8 1735 1828 90 134 U+306B 1546 1308 63 94 U+3082 1743 3157 62 101 U+3081 1168 3289 74 120 U+7ACB 1171 2491 71 110 U+3078 1731 1315 96 66 U+3066 1930 2092 70 91 U+828B 957 3409 91 122 U+3082 1164 1927 68 128 U+3057 1574 2615 20 166 U+3075 1917 1145 106 130 U+308B 802 1305 41 92 U+306E 781 2244 72 83 U+308F 1927 2772 89 98 U+3066 1161 1804 62 117 U+25CB 1935 1294 86 96 U+306B 1168 3426 75 84 U+3066 1147 1299 82 104 U+304C 985 2629 83 124 U+3044 1937 1057 79 63 U+3055 1942 2875 56 118 U+304B 990 3187 33 60 U+3082 792 2095 50 112 U+304B 980 917 35 73 U+3057 1770 1428 15 139 U+3057 811 1565 15 115 U+3057 1765 2612 24 131 U+3082 1162 1422 89 109 U+3057 1576 1969 18 125 U+3051 971 1004 66 140 U+4E00 369 947 96 14 U+305B 979 2109 54 99 U+3093 966 2218 93 121 U+3057 421 2765 13 123 U+4E00 1138 945 109 15 U+30B7 1211 3022 51 28 U+3057 393 2482 50 130 U+30B7 840 1815 42 31 U+3057 1962 1929 20 151 U+30B7 1807 1799 45 45,200021712-00011_2
U+4E2D 1697 1306 77 120 U+306E 1701 1202 77 76 U+3092 1701 2336 68 107 U+306E 1890 2098 95 91 U+306E 1883 1447 104 101 U+767D 1508 1826 73 102 U+6642 921 3357 115 128 U+4E09 920 3260 101 67 U+3066 554 3379 71 91 U+9CE5 1309 1814 90 119 U+4ED5 1874 2216 118 115 U+6642 933 2968 93 121 U+9CE5 1884 1290 99 131 U+5BD2 1687 1032 109 140 U+70AD 1116 919 103 126 U+6CD5 1892 1559 91 115 U+306E 1317 1313 75 128 U+5473 1884 1826 91 106 U+6C17 552 1821 97 121 U+3066 935 2726 71 91 U+4E0A 546 3255 94 75 U+308D 760 1314 58 95 U+25CB 1130 3391 74 85 U+3046 773 2186 38 134 U+53F3 1302 1701 91 98 U+5165 327 1836 126 84 U+96C0 1686 1813 98 143 U+65B9 1891 2335 86 106 U+5927 542 1302 95 103 U+3055 373 1179 65 106 U+58F7 353 1559 96 124 U+3066 1704 3244 72 102 U+6C34 1495 3120 115 101 U+3067 1504 3361 85 124 U+3070 356 2108 91 83 U+6C41 548 1692 95 118 U+306A 555 2594 85 123 U+7B49 1294 2593 106 140 U+7F6E 350 1960 91 118 U+3092 1515 2217 67 104 U+306A 563 1970 73 116 U+3064 1698 2855 91 113 U+5206 1324 2751 72 98 U+6912 925 1295 112 106 U+8AD6 1872 1688 120 125 U+9AA8 1698 3360 93 122 U+9152 1501 2858 104 111 U+640D 340 3122 108 111 U+5473 1308 2092 98 90 U+306F 1514 938 78 67 U+5F8C 755 2967 77 129 U+306C 746 1971 90 78 U+306B 557 2476 65 66 U+564C 1873 1946 107 126 U+9D2B 1688 2081 108 109 U+53D6 537 3112 106 110 U+706B 1129 1058 83 101 U+3092 943 2451 68 106 U+3031 1144 2068 57 150 U+98A8 358 2866 99 92 U+5473 1495 1946 100 110 U+3031 755 3342 68 132 U+308F 950 923 54 103 U+5165 921 2603 120 78 U+3088 1528 1043 57 105 U+308A 958 1025 43 126 U+307E 367 1304 78 105 U+306B 1340 2877 39 71 U+5E74 345 2336 105 137 U+306A 565 1051 78 117 U+714E 1105 2980 103 144 U+3066 1124 1300 80 100 U+80E1 919 1707 109 87 U+3079 748 2616 92 63 U+6642 541 2841 97 132 U+4E8C 925 2878 98 54 U+3031 1146 1649 47 154 U+5B9F 902 1940 121 131 U+304B 1717 1707 40 79 U+3031 769 1422 53 128 U+5408 1306 2988 107 110 U+308D 1134 1971 69 114 U+307F 927 2299 90 114 U+3070 1328 1421 96 123 U+3066 1502 1703 79 88 U+307B 756 934 67 106 U+3092 1326 2477 68 99 U+306B 1709 1450 56 80 U+714E 727 2454 106 148 U+3068 579 929 42 110 U+3078 1130 3130 75 105 U+5E7F 923 1822 86 130 U+3086 1131 1434 82 129 U+5473 356 2989 97 102 U+3046 581 2296 33 136 U+305D 750 1181 77 111 U+307C 742 3115 104 137 U+3086 1317 925 94 113 U+304D 570 2087 60 99 U+305F 573 1524 58 123 U+306B 1341 3256 40 83 U+9ED2 940 1552 85 116 U+3088 1526 2345 57 95 U+3067 363 2595 66 99 U+5C71 935 1172 87 88 U+5165 1290 3389 133 76 U+934B 1294 3128 116 114 U+3082 374 2730 61 104 U+305F 1508 1305 86 112 U+3078 365 1740 79 43 U+307E 1129 2593 87 125 U+304D 1519 1559 64 117 U+306B 765 2338 47 83 U+307B 1701 2466 84 151 U+306D 349 3259 91 115 U+96C9 1684 1559 116 116 U+304D 1140 2456 60 121 U+3059 1524 2587 51 130 U+3059 363 3371 78 100 U+304B 1718 1984 37 68 U+25CB 935 1428 87 98 U+7FCC 351 2213 95 113 U+564C 1490 2071 98 127 U+304B 1115 2347 98 101 U+304F 1526 2434 48 118 U+3068 1155 2229 32 98 U+3051 759 1817 77 132 U+304B 1721 2238 40 64 U+308D 759 3251 62 105 U+304F 1529 1143 46 129 U+4E00 1705 960 88 20 U+308A 1539 2712 37 130 U+304B 959 3139 32 62 U+304F 925 2095 88 87 U+306B 578 2975 48 100 U+308A 1733 3094 31 126 U+3088 372 921 61 104 U+304F 1337 1142 35 123 U+3068 1538 2993 34 109 U+306B 1149 1178 36 117 U+308A 575 1166 43 130 U+3068 777 1584 30 89 U+564C 1324 2214 77 116 U+3057 770 2694 27 167 U+307E 381 2479 39 106 U+308B 571 2707 50 94 U+3084 751 2092 85 97 U+5176 753 2863 52 105 U+308B 1155 1553 36 85 U+304F 1722 2709 43 106 U+3068 1342 1974 35 92 U+3057 1161 2820 21 153 U+305D 1131 1828 78 138 U+304F 1711 2998 71 92 U+308B 954 2183 45 81 U+308B 1343 1039 37 99 U+3069 782 1038 37 111 U+308F 1148 2720 43 98 U+3057 398 1411 17 134 U+3054 748 1707 101 101 U+3084 542 2216 109 77 U+304F 382 1023 39 112 U+3057 1161 3245 18 118 U+3057 1351 1551 23 133 U+30EC 452 1908 47 26 U+304B 572 1440 38 80 U+3068 1536 3246 26 110 U+305D 1717 2613 60 100 U+30BB 1377 3095 52 26 U+3068 1339 2361 39 106 U+30EC 1393 3464 61 36 U+309D 1548 1412 28 89,200021712-00018_2
U+306E 1335 2594 69 97 U+5185 1149 1280 73 106 U+306E 1525 1561 73 99 U+4E2D 371 2452 89 120 U+3092 1719 1296 74 99 U+5165 1504 2331 122 83 U+306E 1151 3235 67 105 U+5165 1329 1188 91 70 U+306E 581 2865 60 83 U+3084 1123 3109 102 97 U+306E 386 2335 63 88 U+7269 556 3116 100 106 U+3084 549 1816 107 98 U+5207 938 1048 104 95 U+6CB9 1332 1432 88 98 U+5165 1318 1949 107 81 U+3092 573 3244 64 97 U+3066 956 1311 80 77 U+53F3 1314 2453 104 105 U+306E 1902 1822 99 98 U+8179 555 2722 108 102 U+7FBD 556 2330 100 90 U+3072 375 1956 80 93 U+6BDB 558 1294 95 99 U+3092 1719 2069 68 101 U+591A 1328 914 80 118 U+5C0F 1142 3367 89 94 U+714E 1311 2053 96 129 U+3059 1319 1539 97 137 U+6B64 1134 1180 99 81 U+9CE5 1328 2825 96 124 U+5869 1708 1029 108 107 U+8C9D 1133 1683 95 102 U+306A 957 2713 78 125 U+8D64 1128 1536 98 142 U+9EA9 1122 2068 110 116 U+3079 1516 924 114 65 U+9CE5 1720 1152 86 120 U+5927 1720 2854 81 99 U+306E 386 2992 66 100 U+51FA 374 913 81 102 U+9905 357 2713 114 114 U+6D17 361 1810 111 128 U+53F3 360 2195 95 98 U+3079 1144 918 98 60 U+304D 974 2330 54 112 U+3044 1704 1438 106 51 U+306B 1546 1309 46 75 U+53D6 556 3382 111 88 U+4ED5 743 2191 113 112 U+3066 384 2076 70 84 U+9152 1520 3234 92 110 U+6253 555 2592 98 103 U+5165 1118 2346 136 71 U+3092 577 2465 60 91 U+3092 1531 3369 61 99 U+308D 944 2065 100 135 U+9CE5 1512 1407 93 116 U+65B9 1911 2059 78 110 U+51FA 1714 2453 88 109 U+306E 760 2076 78 114 U+6BDB 548 1677 105 96 U+3092 1520 1798 89 109 U+3066 1328 3253 77 77 U+3092 577 1422 73 108 U+714E 1702 3340 110 117 U+676F 369 3368 99 100 U+5F15 561 1554 90 113 U+5869 1319 2703 113 104 U+3084 1327 2206 92 78 U+9D8F 546 1018 122 137 U+4ED5 1893 1944 107 104 U+714E 1508 2438 94 130 U+9CE5 757 1278 87 125 U+3084 1127 1826 97 88 U+7C73 369 2851 93 112 U+3082 1720 1788 67 128 U+306E 578 1174 61 106 U+6599 739 1814 115 119 U+5869 1693 1937 110 104 U+306A 962 1554 73 100 U+714E 1318 3345 98 140 U+3066 1720 2705 63 101 U+304D 577 1949 64 95 U+306E 957 2579 79 109 U+65B9 758 2319 87 111 U+86EE 751 1667 98 143 U+6CB9 1509 1671 102 114 U+3088 1722 2186 63 114 U+3066 570 2203 68 88 U+9CE5 1913 1411 84 114 U+3078 372 2629 95 33 U+5165 935 1174 125 64 U+3078 1138 1437 90 52 U+7406 741 1947 110 104 U+7C89 356 3114 109 109 U+96D1 543 2978 120 121 U+5C71 1139 2723 92 92 U+308F 1163 2464 52 94 U+98EF 741 1422 113 115 U+3092 1148 2209 67 92 U+3059 1515 1939 79 127 U+3042 382 1174 75 107 U+304D 1155 1956 59 97 U+3092 378 1411 65 123 U+9CE5 1895 1675 93 107 U+5357 752 1542 100 125 U+308A 1741 3212 47 126 U+3089 1552 2861 40 89 U+6912 1120 2848 128 104 U+308C 1325 3101 112 118 U+4E00 1709 946 97 17 U+3088 959 1939 70 125 U+308A 1163 2555 39 129 U+304F 1733 2292 45 115 U+304D 1730 3119 63 92 U+53E3 967 928 65 53 U+91A4 1330 1276 99 144 U+934B 1500 1164 128 114 U+306B 1739 3006 53 79 U+3082 951 2462 78 114 U+3088 388 1550 63 112 U+5206 1338 1047 78 105 U+306F 1541 2587 56 109 U+5869 1889 1279 116 109 U+306B 1738 1652 40 95 U+304B 1741 1550 35 97 U+3057 414 1039 19 129 U+4E00 564 942 100 15 U+714E 1887 1541 100 137 U+3044 1332 2993 81 61 U+3060 966 1797 82 111 U+4E00 372 3280 94 15 U+306F 961 1699 74 77 U+304F 390 1658 42 129 U+3068 399 1284 37 118 U+3053 1546 2061 44 90 U+3057 1360 1775 26 155 U+3057 1564 1031 17 126 U+308A 971 2846 37 113 U+304B 1550 2985 42 77 U+306F 970 1409 53 137 U+30EC 1216 2408 50 22 U+3057 1555 2149 21 150 U+3053 1352 1677 39 98 U+3057 1365 2312 23 134 U+304B 1164 2998 27 67 U+3057 1564 2695 27 143 U+3057 987 2212 25 117 U+30AD 1769 2962 47 58 U+30EC 1417 2034 33 23 U+30EC 1025 1242 41 32 U+3057 1173 1030 14 131 U+3057 599 2064 20 130 U+3057 1547 3063 38 167 U+3057 1742 2576 21 130 U+30EC 1432 1249 47 25,200021712-00019_2
U+306E 1916 1306 79 95 U+306E 1157 1708 68 98 U+3042 568 1177 88 116 U+306F 398 2351 70 65 U+306F 971 2369 71 59 U+5E03 1919 2590 81 124 U+9CE5 1534 1809 90 127 U+3064 1344 2858 82 125 U+3064 955 2752 98 91 U+76AE 1342 2460 82 109 U+6599 1523 2077 100 123 U+9CE5 956 1416 90 125 U+306E 1349 2610 60 103 U+6268 1520 1569 111 81 U+9262 1516 2856 116 117 U+306E 777 3010 65 87 U+751F 1146 1443 93 96 U+9CE5 375 1416 86 116 U+3059 759 1694 92 131 U+53F3 951 1300 91 102 U+53C8 1130 2608 122 91 U+3092 1539 1961 68 88 U+306E 385 1574 106 90 U+53F3 1717 2860 93 103 U+9CE5 1341 1671 86 129 U+9CE5 559 2467 105 130 U+3066 767 3387 78 90 U+4ED5 366 3000 105 106 U+9AA8 1729 2981 83 124 U+6E6F 760 922 101 119 U+6E29 1529 3245 93 101 U+5916 360 2723 108 117 U+7406 370 1834 110 102 U+306E 375 1965 86 115 U+7406 1522 2224 104 86 U+306E 1730 2469 107 99 U+3092 1157 2222 68 94 U+8089 1922 1412 84 124 U+4F55 1710 1302 108 109 U+65B9 385 3118 78 105 U+9CE5 1143 1558 87 118 U+5165 1909 3372 118 72 U+60AA 582 3092 81 128 U+5869 1521 1681 111 99 U+307E 387 2458 82 124 U+6642 1726 1429 93 121 U+3066 1921 2344 72 98 U+3059 1551 2339 59 117 U+6E6F 1145 2855 100 124 U+306B 408 2869 47 83 U+5176 1330 1161 84 124 U+6599 362 1696 110 107 U+306E 965 1582 66 83 U+4FAD 1320 1303 103 117 U+306F 792 2387 58 35 U+9D28 1903 1159 115 112 U+306E 769 1063 88 101 U+53F3 1334 2333 81 107 U+6BDB 1136 2090 102 95 U+307E 581 1299 77 116 U+3031 600 1541 42 133 U+3092 1347 924 68 94 U+751F 1717 2223 102 88 U+3042 392 3256 73 113 U+539A 939 2463 111 143 U+4E2D 769 1178 76 124 U+306B 1940 2733 49 78 U+308D 1343 2996 82 132 U+58FC 1915 3101 91 126 U+9CE5 1730 2337 78 105 U+3092 1345 1830 71 93 U+53D6 1138 1047 104 98 U+4ED5 360 2093 110 106 U+96C1 1902 1037 106 112 U+3066 1341 2238 74 78 U+9CE5 750 2847 105 135 U+65B9 375 2211 88 108 U+662F 361 1040 118 113 U+3081 1548 919 65 130 U+306B 1540 3009 68 77 U+306F 1729 3131 86 90 U+3051 582 2854 83 129 U+6EBA 1329 1950 104 110 U+3066 390 1286 60 109 U+306B 1950 3250 39 74 U+53F3 360 924 93 95 U+3066 1164 1335 65 79 U+307E 582 1953 83 125 U+4E7E 1698 1956 120 107 U+5869 748 3116 112 99 U+3092 779 1581 70 90 U+308C 772 2224 106 100 U+5869 751 1438 110 103 U+306F 582 2317 73 133 U+53D6 1524 1179 105 91 U+3064 968 1690 84 104 U+534A 1532 3120 72 101 U+3078 766 1348 89 44 U+6E6F 1522 3367 104 116 U+3092 1925 2079 75 98 U+51FA 770 3256 80 95 U+6606 1908 2464 107 118 U+3092 1159 927 69 102 U+304F 991 2617 33 95 U+304F 1336 2734 78 92 U+306F 1746 1202 51 46 U+5869 1902 1942 109 102 U+3066 1350 1545 59 104 U+3058 1769 3327 53 149 U+4E0A 1137 1178 98 87 U+306F 1164 3017 62 43 U+5165 754 2088 120 86 U+304D 605 1818 46 114 U+304F 1172 1954 45 107 U+5165 1342 1057 104 61 U+304D 1554 2711 62 120 U+71B1 1134 2715 108 129 U+3060 406 2576 85 129 U+3084 940 2090 105 91 U+3051 1738 1046 75 122 U+3092 1736 927 62 119 U+3066 586 2980 63 90 U+307E 1928 2852 75 127 U+3066 968 3132 71 82 U+305A 1744 2081 51 105 U+308D 1145 3233 99 124 U+6E29 946 3370 110 114 U+304B 985 924 39 119 U+304D 1939 2977 56 108 U+306F 1748 3244 45 79 U+306B 1341 1440 79 103 U+3088 581 924 68 100 U+3070 1933 1563 75 119 U+3068 1168 2346 52 100 U+308B 1174 2447 43 103 U+3082 1741 1805 72 115 U+308A 403 3370 45 122 U+534A 953 3251 81 120 U+3084 757 2594 97 104 U+308A 1937 1792 41 133 U+3079 1538 1295 76 71 U+305B 579 2218 59 102 U+308A 983 1921 40 145 U+3088 1168 3110 43 119 U+3059 962 1177 80 114 U+305F 1344 3256 85 115 U+308A 608 1411 36 108 U+304F 973 2869 62 96 U+306B 1556 1047 48 97 U+304B 574 1698 90 111 U+308A 978 2965 48 142 U+3053 796 1828 36 88 U+304B 1948 1692 33 99 U+3057 1962 2179 18 158 U+3046 979 2180 41 151 U+308B 1562 2454 35 98 U+3057 805 1923 23 137 U+4E00 1909 951 101 16 U+3057 1562 1392 23 155 U+307E 1740 1573 54 104 U+3057 620 3230 14 145 U+3057 1183 3363 19 133 U+304F 973 1833 63 90 U+3068 1549 2609 62 91 U+306F 786 2469 48 115 U+304F 588 2613 55 93 U+308F 604 2078 30 96 U+30B1 1210 1274 37 39 U+3067 1731 1685 90 112 U+304F 802 2695 28 114 U+3057 1372 2079 25 141 U+30EB 842 2180 51 28 U+306B 395 1173 36 113 U+30EC 1999 3440 50 31 U+308B 1373 3372 38 99 U+304E 1368 3118 62 117 U+3089 982 1045 29 128 U+3057 603 1023 23 146 U+30EC 1432 1123 52 27 U+3057 1775 2728 18 111 U+3060 588 2715 58 105 seg_fp 1175 1828 36 130 seg_fp 479 1658 24 41,200021712-00021_2
U+6599 92 1093 103 123 U+5B9D 104 963 98 127 U+7406 94 1230 106 102 U+79D8 95 1357 108 117 U+7BB1 91 1617 107 129 U+5BC6 94 1475 123 125 U+4E07 103 851 75 90 U+5DFB 102 1748 119 126 U+4E00 109 1934 98 15 U+7D42 133 2017 99 99 seg_fp 1466 3489 75 102,200021712-00024_1
U+5BF8 932 2781 97 105 U+306E 942 1602 92 99 U+4E2D 743 1072 75 124 U+4E2D 1130 3302 77 134 U+306E 362 1610 68 74 U+80B4 1686 2637 97 122 U+3064 351 2910 107 101 U+3066 538 1602 91 99 U+5165 1121 2919 110 82 U+3044 936 3178 83 55 U+540C 177 1735 72 84 U+65B9 166 1203 81 119 U+306F 748 1873 87 98 U+5375 1313 2903 87 117 U+5165 1105 1597 131 88 U+5375 554 2506 97 112 U+6CBB 347 1470 99 107 U+306E 1502 1730 106 97 U+5473 1121 2242 95 98 U+3066 741 966 75 77 U+3092 563 3023 63 110 U+5473 1314 3301 88 95 U+306B 372 2012 59 82 U+306B 953 3297 49 82 U+306B 1706 1258 82 64 U+5375 1305 1590 104 129 U+4E09 561 1895 84 59 U+524D 166 1463 77 128 U+5473 549 2897 97 98 U+8FBC 727 1603 110 86 U+898B 742 3167 72 109 U+5375 1497 1589 100 120 U+3066 1130 1722 68 92 U+3089 965 3013 38 121 U+3044 355 2142 93 61 U+307B 947 1862 72 115 U+53C8 1110 2006 115 84 U+306B 587 2397 50 83 U+592A 922 1730 91 113 U+767D 1318 3164 71 102 U+9577 921 2512 115 113 U+3059 1139 1188 51 122 U+3075 1307 2334 93 135 U+304F 380 2244 48 102 U+662F 1303 1338 98 102 U+306E 760 2411 59 79 U+713C 1110 1849 117 120 U+306E 762 2668 57 73 U+8EF8 730 2515 115 114 U+5148 1115 956 99 122 U+51FA 551 1326 87 113 U+672C 1691 2111 94 108 U+8EAB 1691 3417 86 116 U+306B 1333 2789 48 79 U+9EC4 1115 2103 93 116 U+65B9 1498 1986 89 116 U+3081 759 2126 79 97 U+306B 190 1592 46 93 U+4ED8 560 3166 73 119 U+3092 1133 2369 61 106 U+3072 170 1069 78 104 U+6D3B 1493 1455 99 120 U+3066 560 3282 59 104 U+3082 561 2017 81 93 U+4ED5 1488 1858 117 98 U+3057 739 2006 94 85 U+308A 587 1189 38 137 U+713C 718 1721 125 126 U+927E 911 1077 110 119 U+6268 536 962 120 93 U+306E 1314 2637 79 110 U+306E 1328 3062 57 90 U+713C 1690 1594 104 130 U+5207 909 3440 111 95 U+304F 937 2908 74 86 U+53D6 1688 2511 99 96 U+6307 1682 3294 111 106 U+3092 929 1219 78 94 U+306F 368 1246 59 37 U+308A 965 2364 43 138 U+3057 1735 1832 23 167 U+3064 351 2389 93 92 U+767D 559 2762 64 93 U+706B 554 3433 75 94 U+3066 1715 1486 57 98 U+3092 1319 3436 60 89 U+6C41 1689 2247 97 123 U+308C 359 1070 111 118 U+3078 1127 1125 85 45 U+84B2 919 952 98 121 U+4E8C 554 1763 100 48 U+6C41 1696 3046 85 112 U+3068 563 1075 86 114 U+3059 1144 2506 57 124 U+306E 1300 1723 94 112 U+306E 575 2656 58 100 U+4E8C 1689 2933 95 45 U+3078 742 1243 72 40 U+3066 365 3178 70 101 U+308F 947 1341 51 103 U+3051 375 3029 79 146 U+3044 1322 2259 64 74 U+3062 567 2124 77 118 U+3055 748 1334 64 90 U+3089 932 1445 70 128 U+3068 1343 2131 30 102 U+3057 1153 2715 27 176 U+306B 959 2114 38 108 U+9063 368 3308 65 109 U+9768 1292 1847 112 139 U+306F 1323 1470 92 97 U+934B 1297 1989 114 113 U+3086 750 3294 83 121 U+306F 190 1376 58 33 U+304D 948 2255 65 104 U+4E00 1302 984 97 17 U+3078 1135 3482 75 37 U+4E00 1694 2039 93 16 U+3068 370 2662 77 92 U+308A 390 2754 36 123 U+306B 774 3040 42 97 U+535C 1532 1339 38 95 U+3057 784 2249 22 138 U+535C 386 1336 38 103 U+3093 1124 3154 88 109 U+3068 358 967 66 92 U+3068 964 1976 41 135 U+3082 1336 2503 48 122 U+304F 580 2237 45 134 U+304F 374 1875 44 90 U+307E 1143 3039 56 116 U+304F 1727 1132 33 93 U+4E00 927 2705 100 17 U+3078 1703 1762 91 32 U+308B 769 3417 39 105 U+3057 585 1450 23 133 U+30C4 624 1822 47 51 U+4E00 1698 3219 78 15 U+3075 359 3423 96 104 U+3057 1168 1424 19 146 U+304F 771 2941 36 104 U+9063 181 963 76 96 U+3053 1143 1350 49 68 U+4E00 1695 2429 99 13 U+3082 381 2483 64 144 U+30CE 1747 2988 51 45 U+3057 783 1427 16 125 U+3053 1153 2631 31 77 U+3057 1740 1356 17 136 seg_fp 1305 1067 104 88 U+4E00 1692 2829 84 10 U+30C4 624 1962 43 52 U+3057 211 1861 13 135 seg_fp 1730 1060 29 70 seg_fp 1719 968 28 76 seg_fp 1309 1129 103 89 seg_fp 1 1747 43 104 seg_fp 2 1386 47 54 seg_fp 0 1456 43 87 seg_fp 769 2766 57 63 seg_fp 0 1877 36 84 seg_fp 1351 1217 21 100 seg_fp 776 2838 33 107 seg_fp 1 1535 35 51,200021712-00028_1
U+306E 749 2379 82 82 U+306E 760 1605 71 79 U+5439 938 1464 96 102 U+306E 1506 2522 79 90 U+3092 358 2258 98 76 U+5411 1134 2756 76 101 U+306E 369 1989 68 91 U+53C8 1307 2257 99 87 U+5375 1701 1089 99 130 U+306E 1138 1095 76 102 U+7AF9 355 1847 102 112 U+51B7 1317 1472 116 108 U+4EFB 1120 3003 96 107 U+751F 1506 2127 91 103 U+3082 775 1332 59 109 U+5375 1505 980 110 105 U+5473 746 3283 93 90 U+5375 554 3272 97 121 U+3059 1141 3142 62 110 U+6642 1506 1985 95 124 U+5E38 1698 1337 101 145 U+5375 1310 2371 105 112 U+53F3 748 1464 86 99 U+306B 1726 3165 47 88 U+9EC4 743 3128 88 127 U+3092 1705 2508 66 91 U+4E32 370 2104 72 133 U+82B1 1309 2627 103 116 U+305F 752 2010 90 89 U+3066 1129 2513 83 80 U+3052 367 963 101 131 U+706B 562 1725 78 88 U+3066 551 1592 81 90 U+306E 1707 1502 77 70 U+3066 366 1104 71 76 U+3078 367 3037 92 54 U+8DA3 1108 2621 124 121 U+304D 1143 2366 65 109 U+6F2C 1318 966 103 134 U+3066 1705 2269 73 81 U+6C41 1505 2632 91 117 U+65B9 363 3397 81 117 U+307E 1132 2248 86 122 U+3092 1714 1231 64 91 U+306E 945 1736 80 92 U+3066 1335 1128 70 78 U+706B 368 2643 85 86 U+3066 1333 1740 67 90 U+65B9 949 1985 78 109 U+5375 940 1588 94 123 U+3042 1138 1217 72 97 U+306E 751 3038 76 62 U+304D 564 2734 66 121 U+3042 372 1214 76 103 U+6BBB 1684 2366 112 124 U+6E6F 1692 3028 106 125 U+306B 1123 2898 94 75 U+5207 1311 1870 108 113 U+6F2C 1687 3267 106 132 U+3064 1327 2891 84 100 U+71B1 1685 2884 116 125 U+306F 575 3189 55 36 U+306E 1520 3041 66 55 U+304D 1143 1462 65 117 U+5C71 946 1346 89 90 U+8CAB 1691 2124 102 123 U+5375 747 2887 102 121 U+65B9 1886 2121 94 110 U+3055 363 2377 76 78 U+714E 1695 1996 94 121 U+7D19 1120 1997 119 111 U+306B 1156 2138 50 71 U+306B 575 1476 59 77 U+9060 537 1205 123 124 U+706B 564 2374 80 91 U+306E 1892 1876 93 86 U+4ED5 926 1858 109 109 U+5375 1888 1738 101 110 U+306B 1151 1898 56 81 U+306B 1316 3295 103 106 U+306B 1536 1108 51 76 U+3068 1725 2636 36 117 U+306B 1329 2773 57 81 U+3057 384 1418 67 123 U+3092 755 3406 64 91 U+706B 565 1354 74 86 U+306B 1705 1889 88 82 U+307E 778 2116 52 115 U+3064 1138 1355 75 104 U+3064 561 2483 75 125 U+3078 1122 3302 94 37 U+3066 1719 3429 55 77 U+4ED5 1882 2003 98 79 U+6C41 1502 3148 100 120 U+306B 774 2755 48 92 U+306C 545 981 103 102 U+7D30 354 1601 102 94 U+3061 1148 1757 72 144 U+9063 370 3275 75 104 U+714E 742 1711 91 128 U+306B 1532 3414 46 88 U+7389 1118 982 115 83 U+307E 1525 1481 85 116 U+714E 1889 1456 101 134 U+7156 1503 1203 100 140 U+3053 580 3421 46 66 U+304D 385 1727 51 95 U+308C 755 1204 103 117 U+308A 1722 2748 43 119 U+3078 570 2121 75 43 U+7D05 1497 2892 110 102 U+3092 1333 2506 56 99 U+8102 1492 2369 104 120 U+3057 592 2167 20 169 U+308A 584 1079 43 104 U+304D 554 3006 86 134 U+8CAB 742 1848 107 135 U+308F 1545 1597 39 122 U+3046 772 2486 40 143 U+308A 1544 1713 46 122 U+304F 1718 1750 46 96 U+3068 374 2770 73 92 U+304B 1535 2787 33 56 U+7D05 1890 1347 106 108 U+3078 1337 2021 73 44 U+71D5 1499 2243 104 108 U+4E00 754 995 100 21 U+8CAB 1889 1598 98 136 U+304B 1536 3296 35 71 U+3057 404 2477 16 144 U+3057 399 3126 17 136 U+4E00 1703 1013 104 17 U+3088 1346 1220 61 99 U+3082 1330 3405 87 109 U+3068 565 1865 72 80 U+308B 391 2864 44 99 U+304F 1328 3032 65 86 U+3078 742 2626 103 110 U+3057 1364 1606 17 115 U+3054 783 2232 55 105 U+3057 1158 3366 24 176 U+304F 1345 1316 54 132 U+3053 761 1091 75 97 U+3046 1154 1605 38 154 U+3057 1356 2072 21 164 U+3088 570 2610 40 124 U+308B 1342 3121 45 100 U+3068 585 2888 36 112 U+308B 588 1957 38 100 U+3057 415 1317 19 147 U+304C 1555 1381 51 42 U+3057 1551 1836 16 140,200021712-00028_2
U+5375 566 1594 99 110 U+3082 381 1223 70 89 U+306E 1336 3158 75 75 U+306F 1548 1239 65 49 U+5C0F 1910 1340 97 92 U+306E 570 1733 89 94 U+4E2D 1333 3262 82 138 U+9CE5 1517 1839 100 135 U+306E 1525 2004 77 66 U+5207 558 1479 108 102 U+306E 1723 1870 75 79 U+3066 1144 1859 75 96 U+5375 1325 2497 98 115 U+306E 385 2001 65 82 U+98F4 1316 3010 101 108 U+65B9 566 1973 95 104 U+53F3 1321 2242 100 106 U+5375 1712 1718 103 108 U+306E 766 1356 103 86 U+53F0 950 2340 92 140 U+540C 773 3277 78 88 U+5C0F 1531 1350 98 73 U+524D 1892 2350 102 110 U+3075 1899 1984 98 88 U+306E 1150 3170 76 71 U+4ED5 1696 1978 116 105 U+5375 1509 2111 102 106 U+662F 359 1079 117 117 U+3092 1918 1588 63 103 U+308C 1139 2752 114 118 U+53E3 1919 1484 78 61 U+306E 1340 2372 67 97 U+6E6F 369 2752 111 132 U+3066 1918 1213 76 77 U+65B9 956 1988 83 98 U+80B4 761 1721 82 123 U+5165 1902 1104 113 75 U+714E 362 1324 96 132 U+6268 1321 2109 114 100 U+4ED5 547 1862 112 99 U+662F 1519 1074 110 108 U+5916 775 2891 83 87 U+5C0F 1713 1339 99 78 U+3092 390 2257 64 96 U+308A 409 2484 42 128 U+53D6 755 1601 102 96 U+898B 958 982 87 91 U+305F 376 1619 88 87 U+5927 763 1989 89 99 U+8CAB 369 1472 97 127 U+714E 1319 1208 102 137 U+306E 1912 2512 72 65 U+6268 1133 1984 109 105 U+5165 1122 972 125 78 U+5408 1899 970 138 100 U+9905 1126 3001 116 139 U+65B9 1719 2103 82 95 U+89D2 561 1331 96 125 U+3078 1331 3443 94 42 U+3092 1343 1096 70 90 U+3055 969 3032 53 89 U+5B9C 1513 2356 98 98 U+6BBB 361 2116 106 109 U+9905 1701 1585 115 126 U+6BBB 1315 1600 119 120 U+714E 1132 2107 97 131 U+306C 1130 1595 94 131 U+71B1 365 2620 109 117 U+53D6 955 2894 99 95 U+3057 384 3028 89 91 U+5C0F 1524 3155 95 77 U+53BB 374 2371 84 100 U+524D 754 3002 96 141 U+3092 1334 2636 80 84 U+307C 1530 1706 95 116 U+91CD 766 1093 90 112 U+3082 961 1608 70 91 U+304B 1541 2261 44 66 U+304F 1169 3392 42 110 U+624B 951 2760 84 101 U+3084 1517 1577 97 94 U+786F 742 2120 114 99 U+306F 974 2153 57 38 U+3078 389 2923 87 56 U+308A 1357 1967 47 121 U+5176 762 2755 84 126 U+3092 1341 1740 73 80 U+3070 399 3145 74 99 U+5982 1136 3292 101 91 U+5C0F 1146 2259 66 76 U+63D0 738 968 127 110 U+3076 752 2238 130 119 U+3082 776 1218 66 93 U+3086 952 1102 87 113 U+305F 1522 3260 84 114 U+3072 950 1851 92 118 U+308A 1160 1274 54 164 U+3054 1354 969 72 91 U+306C 1319 1355 110 123 U+304D 1357 1475 54 102 U+3088 1922 1704 59 121 U+4E00 1532 995 96 21 U+3044 1519 2744 87 74 U+4ED8 1143 2501 85 107 U+304F 1920 1819 57 144 U+306A 967 3259 58 108 U+9063 954 1731 76 106 U+3061 1539 1469 72 106 U+307E 1544 3381 45 113 U+3068 1162 1461 38 119 U+304F 1146 1090 70 78 U+304E 1907 2218 97 128 U+3054 399 1851 66 90 U+4E00 955 2272 93 22 U+3053 954 1353 87 97 U+3059 1907 2869 72 136 U+8C46 1721 1471 83 99 U+305F 784 2357 56 108 U+3093 1527 3008 85 97 U+3089 411 3262 45 115 U+4E00 956 2670 92 20 U+304F 1930 2759 33 98 U+4E00 950 3441 88 18 U+304F 393 3372 52 122 seg_fp 1154 2916 71 36 U+306B 792 3141 46 94 U+308B 1165 1169 48 105 U+3057 802 3386 17 128 U+308B 1359 2906 38 77 U+307E 399 1716 51 140 U+3068 1362 1856 39 113 U+4E00 359 998 105 15 U+304F 1160 2608 49 124 U+308C 957 1459 92 106 U+3055 1923 2111 47 113 U+3082 787 2508 44 95 U+3057 1941 3082 21 162 U+308B 983 1213 34 98 seg_fp 2098 1091 52 65 U+3057 1365 2743 18 163 U+306E 766 2608 80 128 U+4E00 761 1511 93 19 U+305A 1535 2630 71 105 U+308A 1168 1720 41 113 U+304B 980 3171 37 91 seg_fp 2093 952 57 112 U+4E00 774 1905 83 17 U+5F15 956 2505 84 100 U+3057 1553 2472 19 131 U+3076 1526 2870 88 128 U+30BB 1995 1057 41 49 U+3078 1908 3014 86 76 U+30EC 1231 1054 38 42 U+30EC 2006 1175 35 23 U+8C46 1151 2366 81 105 seg_fp 2087 909 62 26 seg_fp 2093 1206 57 102 seg_fp 2106 1488 41 35 seg_fp 2097 1306 52 120 seg_fp 2106 2236 44 86,200021712-00030_2
U+3059 1343 2462 86 124 U+306E 783 2214 76 73 U+5341 1532 1026 96 105 U+5408 575 1568 118 99 U+662F 1922 1020 89 109 U+3082 395 1167 64 89 U+662F 772 1010 91 123 U+3082 594 1172 56 83 U+6C34 1936 2993 98 102 U+3080 1352 2343 86 100 U+53F3 578 2213 83 109 U+306E 1939 2081 69 79 U+306E 972 1681 86 97 U+5165 374 1297 111 75 U+4ED5 763 2332 111 117 U+9752 574 2337 88 130 U+306E 1932 1683 69 69 U+5185 1347 1537 80 108 U+5165 364 1952 111 79 U+306E 1741 2223 70 71 U+5473 569 1035 99 95 U+5408 1336 901 109 97 U+5375 1743 3387 92 96 U+3066 1351 1421 65 82 U+308D 1161 1686 76 83 U+3092 1556 3262 71 101 U+6C41 381 1028 86 116 U+3092 1542 906 79 82 U+307F 1539 2748 94 81 U+4E2D 1754 3135 70 111 U+5375 962 1544 90 117 U+5510 1911 1274 98 118 U+5165 1332 1290 110 66 U+3066 1740 2880 83 95 U+662F 1537 1403 83 125 U+9752 953 1268 100 139 U+9152 1541 3127 95 121 U+306E 786 1422 64 78 U+3082 1371 2993 48 109 U+5408 1545 2333 107 107 U+524D 761 1275 99 110 U+6D77 772 1675 98 114 U+6BB5 1146 1280 93 112 U+3092 1939 2337 73 98 U+306F 1934 1149 77 103 U+6599 1345 3264 102 110 U+540C 782 2735 80 97 U+3066 1554 1287 66 77 U+306F 786 1176 77 66 U+5408 366 2612 129 98 U+6652 1916 1955 108 85 U+3068 1738 899 84 137 U+4F46 767 3000 106 107 U+65B9 768 2457 88 102 U+80FD 1933 3381 99 111 U+5408 1720 1161 114 99 U+7406 1343 3403 104 88 U+662F 1332 2853 112 114 U+5176 1728 2991 94 108 U+3092 586 2631 77 84 U+9752 767 1536 92 138 U+83DC 575 2477 98 129 U+3079 591 1950 90 72 U+7C89 1920 2195 113 122 U+9EC4 555 902 105 122 U+5165 1524 1175 111 67 U+4E8C 1548 3426 96 44 U+662F 786 3250 86 126 U+307B 1356 1021 71 111 U+3080 394 2763 80 83 U+3059 407 1547 47 115 U+304D 1750 1033 60 115 U+4ED5 947 1811 112 112 U+3068 387 2341 83 135 U+4E16 956 1435 90 84 U+5869 370 1412 110 107 U+8336 1344 3133 97 120 U+3031 1553 1914 55 139 U+306F 1156 1017 82 104 U+306B 616 3144 40 80 U+6C41 1733 2063 88 122 U+307B 1947 2732 75 107 U+3068 1738 2591 86 143 U+3066 1359 2204 61 106 U+3088 1171 1542 53 106 U+4F4D 1717 2332 110 123 U+5BD2 1909 1789 103 143 U+305F 785 1811 68 135 U+9063 382 3261 84 116 U+4E09 1935 2480 78 79 U+65B9 967 1948 77 90 U+304D 399 2471 63 118 U+3032 610 2918 88 198 U+3082 1547 1569 69 73 U+3066 1560 2588 56 105 U+3068 806 2598 35 107 U+65B9 381 3380 96 120 U+3053 585 2753 87 71 U+3053 1341 1690 81 79 U+5408 1931 2591 106 136 U+3059 413 2888 49 118 U+308C 1736 1407 83 112 U+3082 1754 1546 51 114 U+3055 1551 2480 68 108 U+5176 387 911 56 116 U+3088 1559 1673 50 120 U+3057 420 1766 20 158 U+3066 1949 3271 61 84 U+3054 805 2074 66 94 U+3078 1351 2641 77 29 U+3057 1382 2693 20 151 U+304D 1562 2197 54 113 U+3073 1921 1512 102 129 U+308D 1735 1814 96 132 U+306B 1173 905 32 105 U+307E 784 1947 84 129 U+304F 408 2178 39 124 U+3088 399 2073 61 105 U+3068 1741 1686 80 130 U+304D 1762 2734 62 113 U+306F 802 3427 58 43 U+4E8C 586 1456 99 41 U+3068 1178 1410 33 101 U+3053 412 1662 41 91 U+3057 623 2054 17 133 U+3068 1550 2087 65 108 U+304D 1345 1941 90 127 U+307E 608 2863 48 94 U+304F 1556 1791 51 110 U+306B 1379 2080 28 121 U+308A 1566 2865 42 121 U+3093 1540 2985 93 105 U+306B 1761 2459 47 100 U+304D 1936 1412 60 113 U+3057 430 3119 14 119 U+3069 1966 2843 77 126 U+3057 1188 1797 17 151 U+3066 592 3395 72 95 seg_fp 1372 1132 37 129 U+304F 614 1806 40 110 U+30EC 1411 1364 45 29 U+3053 1741 1293 84 104 U+306B 1966 3146 33 132 U+30BB 449 2718 43 38 U+30EC 454 2038 47 27 U+4E00 1927 928 87 17 U+3057 805 2849 30 126 U+3057 827 3112 15 122 U+30C4 647 1514 37 45 U+3078 388 3028 90 70 U+3078 1748 3302 78 31 U+30EC 458 1381 48 27 U+4E00 1148 1191 87 19 U+30F2 1602 1124 41 50 U+3068 615 1705 39 103 U+30BB 652 1669 39 39 U+3057 1368 1790 33 144 U+30BB 1626 2422 44 61 U+3057 629 3257 17 130 U+309D 1760 1944 42 85 U+30C4 647 1371 42 49 U+30BB 1820 1238 32 59 U+4E00 817 934 45 16 seg_fp 583 1329 89 12 seg_fp 2086 1564 64 115,200021712-00032_2
U+662F 1239 917 83 120 U+306E 487 1615 75 79 U+5341 287 2264 69 108 U+65B9 262 1314 92 103 U+524D 1623 923 96 129 U+5B9F 274 1587 93 141 U+4E2D 95 1883 76 118 U+3092 1256 2130 71 92 U+306F 285 1478 72 54 U+307B 282 2410 80 79 U+4E09 273 2157 98 73 U+767D 1248 1193 63 97 U+306E 1439 1603 93 91 U+80E1 260 1751 111 94 U+9EBB 1227 1453 112 115 U+4ED5 261 1198 106 100 U+5408 1228 1721 107 112 U+5375 1045 2799 96 122 U+4E2D 1054 2535 82 122 U+540C 1637 1201 81 96 U+306E 83 1470 88 106 U+84B8 861 3051 92 136 U+3092 301 2946 66 90 U+5165 847 2805 107 74 U+9152 82 2134 95 119 U+306F 1240 1065 80 94 U+6B64 1049 2389 91 84 U+540C 671 1738 80 95 U+306F 1651 830 64 43 U+3092 294 2003 58 107 U+80E1 1233 1329 97 100 U+9262 849 2400 104 107 U+4E0A 266 2680 98 87 U+3092 99 2283 66 105 U+306B 1647 1090 53 71 U+5229 1415 1190 105 114 U+6CB9 1241 2001 98 102 U+3078 1061 2681 78 75 U+65B9 1436 1855 76 104 U+3066 875 2948 59 66 U+4F11 1416 1316 111 117 U+3078 869 3237 85 50 U+3059 1052 2126 83 119 U+3092 1065 2944 62 91 U+306E 285 1070 68 66 U+80E1 455 1197 108 100 U+3092 1249 1879 72 89 U+5341 1061 3074 68 98 U+5375 470 1463 101 108 U+6BBB 262 2783 123 127 U+9262 73 801 118 114 U+647A 259 3337 115 107 U+4E94 1040 1073 98 84 U+3031 866 1274 58 149 U+7BB1 847 2129 106 117 U+3059 75 1186 85 141 U+3084 647 1066 101 99 U+4ED5 471 1740 94 101 U+308A 1069 2244 53 104 U+5408 861 1734 99 106 U+662F 869 1863 74 124 U+65B9 474 1862 80 102 U+3082 881 2022 59 92 U+5375 1426 1456 103 109 U+6843 263 1874 115 113 U+4ED5 1420 1728 109 104 U+3079 80 1615 92 78 U+6B64 76 1750 94 92 U+676F 85 3328 88 121 U+308A 104 1315 44 108 U+306B 107 3097 46 78 U+3059 1243 2789 86 113 U+53E4 1050 814 76 97 U+3072 665 933 80 94 U+3066 1253 3312 63 98 U+306B 684 1586 52 105 U+9152 1045 930 95 103 U+3055 1259 3204 62 103 U+9063 664 797 69 119 U+3055 100 2547 62 88 U+306B 886 2661 45 93 U+307B 1061 1331 69 100 U+3078 110 2051 68 49 U+6843 465 1339 112 96 U+308A 302 3169 46 136 U+3046 697 1167 31 124 U+304B 889 2551 39 113 U+304D 873 1586 67 130 U+524D 647 1457 101 130 U+308A 1070 3307 51 131 U+307F 838 931 107 108 U+3057 898 3312 18 139 U+3088 1260 2525 60 119 U+3068 873 1441 43 146 U+304F 1073 1972 49 115 U+3069 306 2526 55 108 U+3088 1068 1871 61 107 U+308A 1267 2360 44 118 U+3088 871 1060 54 103 U+3066 100 1051 48 81 U+306F 685 1355 56 38 U+3053 274 931 84 68 U+3068 1274 2254 45 109 U+3066 1237 3038 77 104 U+3055 300 3076 55 98 U+3069 1068 1438 69 142 U+306B 111 951 33 98 U+308F 1075 3218 47 90 U+3057 705 1856 18 155 U+304D 97 2946 73 112 U+304B 889 2297 32 50 U+304B 112 2693 36 62 U+4E00 1235 836 95 13 U+304F 874 1161 41 119 U+308C 1052 1713 77 132 U+304F 1263 2637 49 115 U+3053 874 819 44 112 U+3044 1058 1620 69 71 U+5C0F 93 2443 90 67 U+30EC 927 2895 49 29 U+308A 1263 2906 40 127 U+624D 1040 1203 79 81 U+4E00 1236 1632 91 13 U+3064 96 2831 81 106 U+30F2 1119 3163 32 45 U+3057 1671 1320 12 99 U+30BB 942 1823 38 30 U+4E00 88 3243 86 13 U+4E00 297 833 77 16,200021712-00033_1
U+4E2D 1653 3012 84 104 U+306E 1672 2628 70 71 U+3059 1658 3279 77 103 U+516B 692 1165 96 63 U+5341 895 2872 86 99 U+767D 1466 1415 70 101 U+306E 1085 1958 85 88 U+540C 1670 1410 81 89 U+306E 1651 3168 114 80 U+306B 1674 1283 80 71 U+767D 881 2205 83 99 U+706B 93 1666 85 109 U+306E 504 1038 73 73 U+767D 1664 1805 68 95 U+5375 1077 1814 89 111 U+706B 1465 3017 79 99 U+706B 1464 2636 86 84 U+9060 1447 2475 99 128 U+6238 270 1402 104 117 U+5927 881 1266 95 117 U+5301 893 3006 68 111 U+3092 93 1006 61 105 U+3092 1477 1683 68 97 U+5165 693 1423 109 73 U+7C89 678 1000 106 128 U+6C5F 274 1267 124 118 U+5473 1460 1546 93 97 U+306E 505 1282 85 79 U+826F 1082 1671 85 122 U+516B 881 1975 98 58 U+5408 684 2601 124 116 U+4ED5 1065 2079 111 107 U+3092 893 1682 67 92 U+5473 1659 1949 95 96 U+7CD6 883 2474 101 114 U+306E 704 3166 62 61 U+706B 81 3286 77 91 U+884C 58 2872 117 101 U+516D 887 2755 90 85 U+3066 1466 3422 76 91 U+767E 886 2623 81 84 U+306E 704 896 66 85 U+306E 285 3143 99 86 U+5E03 500 890 90 125 U+306E 81 3159 73 66 U+5408 693 1265 108 108 U+306E 1671 2895 62 77 U+3066 511 3006 69 91 U+5165 486 2085 119 79 U+548C 271 883 131 113 U+304D 526 1689 48 110 U+5207 685 3280 108 78 U+3092 711 1964 68 88 U+7802 878 2355 101 85 U+53F3 688 1548 89 106 U+3092 97 1811 67 105 U+934B 256 1538 145 123 U+306E 278 1812 104 78 U+3066 1468 2865 65 99 U+84EE 1646 2733 106 132 U+3081 1681 910 70 75 U+3054 101 891 80 80 U+76EE 513 1139 61 90 U+65B9 1077 2203 80 99 U+3092 1678 2091 61 86 U+3042 510 1408 77 131 U+54C1 694 1827 91 98 U+53F3 1643 2481 104 95 U+5927 500 3403 86 97 U+5F15 283 2878 104 127 U+3078 1476 911 81 68 U+3066 88 2487 76 86 U+7A74 1659 3404 96 100 U+7389 893 1426 74 72 U+3066 1286 1557 62 87 U+3066 713 2777 57 65 U+5341 893 1829 72 83 U+3092 290 2347 97 89 U+306B 526 1936 49 102 U+53F3 269 3014 124 99 U+306A 1476 1829 72 89 U+5B50 898 1549 67 84 U+706F 68 2998 109 115 U+3069 883 3262 125 134 U+4E3B 1076 1421 89 96 U+76BF 60 3427 100 62 U+5E95 270 1932 126 125 U+6CB9 276 2219 126 102 U+3057 498 2610 90 117 U+934B 261 1002 142 117 U+3058 732 2986 54 129 U+8C9E 1082 1533 77 129 U+53E3 1680 1161 64 59 U+5BB6 1078 1275 92 124 U+3068 290 2471 110 116 U+306C 1661 2222 97 114 U+3088 103 1940 58 129 U+304D 709 2472 68 115 U+3078 83 1554 86 59 U+5207 1269 1695 108 102 U+3059 1483 1023 49 123 U+304F 1286 994 47 129 U+3078 506 2340 83 147 U+3068 1490 3154 33 110 U+4E0A 882 1003 82 115 U+3078 1285 1843 73 49 U+3066 512 3251 61 119 U+308A 1484 3262 37 146 U+4E0A 75 2598 98 119 U+304F 719 2175 51 116 U+304F 1688 1665 36 109 U+3088 1290 895 56 99 U+3068 689 2348 92 122 U+3088 717 2081 59 103 U+4E09 703 1706 78 69 U+307E 1273 1271 92 127 U+304B 339 1164 37 57 U+3082 709 2872 59 117 U+3078 285 2114 112 73 U+307C 515 2728 91 124 U+304B 533 1828 38 110 U+306B 910 2077 30 87 U+3053 1467 2219 81 118 U+304F 105 2170 45 136 U+3055 517 3137 55 110 U+307F 1466 2348 83 104 U+4E00 884 916 89 13 U+308A 524 2854 43 113 U+3055 1274 1169 62 98 U+5C0F 1669 1028 77 68 U+306B 1489 2753 29 108 U+306B 107 2721 42 99 U+3093 889 3397 78 109 U+3057 1316 1916 15 150 U+308A 1684 2337 46 121 U+304B 725 3426 36 50 U+3044 84 1132 78 86 U+304F 297 2582 80 128 U+3046 907 3135 38 115 U+3093 504 2484 92 92 U+3057 1490 1239 18 162 U+308C 80 1228 105 130 U+30BB 765 2718 42 38 U+3057 1310 1396 20 134 U+305F 284 3259 104 138 U+3057 1700 1531 18 139 U+3053 1477 1154 44 76 U+308F 103 2065 48 107 U+304B 332 1702 36 52 U+304C 1500 1946 59 86 U+3089 541 1543 29 108 seg_fp 277 3392 129 108 U+4E0B 76 1407 86 92 U+3057 117 2331 24 149 U+30EC 776 1512 38 23 U+3005 911 1122 31 90 U+3057 1504 2034 17 127 U+30EC 590 2171 36 27 U+3068 308 2727 60 132 seg_fp 178 1358 27 23 U+4E00 496 2245 108 17,200021712-00034_1
U+306E 683 3123 74 86 U+307B 1256 2051 87 88 U+4E2D 482 833 84 130 U+6642 866 1757 99 125 U+4ED5 1433 1895 112 112 U+5375 1435 1626 107 113 U+306E 1449 1768 95 96 U+9AA8 867 954 97 122 U+306B 1669 986 55 75 U+5207 853 2430 108 125 U+9CE5 1242 3220 93 125 U+3092 1256 2303 79 112 U+306E 683 2183 66 84 U+306E 491 3249 69 78 U+3092 1261 1910 68 97 U+3060 689 1088 98 97 U+306A 492 1098 75 99 U+5C0F 1258 973 88 77 U+4E2D 1064 2294 85 107 U+7B49 281 947 96 142 U+306B 501 2575 49 79 U+9AA8 869 3227 92 122 U+6C34 1053 1631 104 100 U+3092 880 3384 70 93 U+5473 285 2427 91 109 U+306B 885 1364 65 104 U+3078 489 1018 82 43 U+306B 506 1487 51 92 U+65B9 1436 2019 99 112 U+5408 267 1352 140 101 U+9AA8 1055 2429 102 123 U+3072 867 2699 94 111 U+9CE5 1443 1221 98 119 U+3066 290 3235 80 95 U+7ACB 856 2571 104 107 U+716E 1429 1350 110 152 U+3092 1063 2574 86 100 U+306D 1252 2174 98 108 U+6298 1047 2693 111 123 U+306E 117 848 66 76 U+306B 1270 2844 49 86 U+9D2B 1244 1359 110 121 U+51FA 876 1096 82 103 U+8FBC 1426 1515 121 93 U+53C8 93 2580 94 100 U+304C 506 1240 73 83 U+7C89 463 3357 126 115 U+3066 493 1369 69 78 U+3092 285 838 79 99 U+9D28 1245 1084 114 120 U+9CE5 668 2964 96 115 U+306B 95 1780 88 65 U+3092 87 3092 79 103 U+3092 1065 966 75 99 U+8EAB 674 3221 78 120 U+8179 856 2030 110 118 U+714E 663 1483 104 149 U+306E 1245 3381 99 82 U+662F 1066 3350 83 125 U+4E21 95 2172 93 94 U+9CE5 287 3344 87 120 U+5BD2 462 2683 125 132 U+8CAB 664 1633 107 127 U+5C11 287 2696 93 113 U+6BDB 1055 834 98 102 U+767D 282 2297 81 93 U+3059 1660 1098 66 109 U+888B 1239 2432 115 123 U+9CE9 1240 1626 119 113 U+3082 887 836 60 105 U+3066 1069 1903 75 94 U+3066 477 1915 85 82 U+7C89 462 2433 118 114 U+3066 1252 3099 83 98 U+306E 672 3368 86 94 U+304B 1264 1782 52 79 U+5DFB 95 1614 95 130 U+3092 107 1103 62 94 U+3078 1659 1258 79 45 U+308A 1094 1203 39 126 U+9EBB 78 3216 99 123 U+306B 304 1248 57 71 U+6D17 1058 2024 99 130 U+306F 872 1962 77 43 U+3046 506 2027 39 132 U+3066 285 2165 78 85 U+305F 686 1783 81 109 U+306C 278 2975 109 111 U+3066 108 2017 63 111 U+304D 1257 2695 70 114 U+76EE 102 2976 67 86 U+3054 711 2018 66 93 U+6268 671 1368 112 89 U+304B 1287 1248 30 69 U+306F 115 2285 58 108 U+306C 1243 2580 98 120 U+308A 706 935 46 121 U+5408 94 2821 117 95 U+304D 889 1606 54 127 U+8EAB 105 948 81 124 U+3059 273 1505 92 121 U+3089 501 2944 47 120 U+629C 1044 2832 110 132 U+3055 1077 1108 61 91 U+3066 874 3100 73 102 U+3075 269 1892 108 119 U+304B 1273 1522 39 75 U+4E00 1247 872 107 18 U+304F 864 1500 82 102 U+3089 895 2810 34 125 U+308A 700 2839 43 117 U+3092 691 2538 60 138 U+3092 288 2578 84 86 U+3055 692 2712 55 119 U+3088 890 2163 54 109 U+306F 99 2736 55 34 U+308A 898 2270 39 129 U+3057 325 2815 22 150 U+307E 691 1896 70 122 U+7CF8 95 3344 72 109 U+304B 672 2303 90 94 U+3072 1068 2163 82 99 U+3057 513 3086 24 149 U+3066 1076 3234 64 96 U+3088 110 1222 56 99 U+308C 484 1762 99 129 U+5165 1625 854 105 63 U+306B 1086 1764 33 126 U+3056 479 2830 119 118 U+3057 1684 1328 20 174 U+5206 303 1110 74 106 U+308A 299 3086 65 125 U+3057 909 1220 21 125 U+3088 1080 1358 62 116 U+3057 127 2400 24 151 U+3006 99 1478 70 121 U+3068 670 847 89 78 U+3057 715 1215 20 123 U+308A 285 2011 68 146 U+304D 882 2972 50 116 U+304F 1092 1474 37 113 U+3057 312 1726 25 153 U+306B 1084 2966 47 89 U+3044 489 1652 76 69 U+308F 705 2404 46 130 U+304F 118 1321 33 118 U+3057 1103 3091 42 133 U+30BB 345 1458 49 41 U+3093 492 2301 84 101 seg_fp 1719 903 47 59 U+3053 309 1621 34 107 U+30BB 162 2918 39 50 U+3069 486 2152 113 84 seg_fp 120 1870 80 140 seg_fp 1289 2949 21 139 seg_fp 1718 900 38 22 seg_fp 502 2228 57 64,200021712-00035_1
U+5EFF 938 2063 93 92 U+3092 946 1921 75 107 U+5347 556 3232 95 138 U+53C8 932 2334 120 85 U+306E 1515 3131 120 96 U+306E 1330 1394 98 100 U+4E94 931 2196 104 95 U+5DFB 1889 2034 107 130 U+306B 751 1408 83 74 U+3092 380 3370 67 110 U+5009 920 1379 120 138 U+5C0F 1327 2072 95 71 U+306E 1514 1392 116 98 U+5E03 745 2982 96 131 U+305F 943 1538 90 91 U+6C34 561 2996 108 85 U+306E 378 2601 70 81 U+5C0F 1907 3233 104 82 U+4E09 937 3263 103 59 U+5B50 1507 1800 94 93 U+306E 953 2721 72 97 U+306B 1735 1008 46 79 U+767D 567 2308 70 94 U+53F0 1713 2941 104 158 U+3092 758 1781 70 116 U+5375 366 2453 97 119 U+53F3 555 3384 95 100 U+5473 749 2317 98 104 U+5E03 1882 1654 107 123 U+3066 1912 1373 69 106 U+53C8 361 2335 110 98 U+3066 1914 990 65 105 U+3065 1315 1630 122 144 U+3066 1716 2450 82 93 U+53F3 947 3374 91 95 U+9EC4 743 2175 98 134 U+7D20 1120 1378 101 139 U+6268 546 1942 121 82 U+65A4 552 2850 96 101 U+8336 1513 2566 108 138 U+786F 1300 885 122 107 U+5207 1696 884 110 89 U+5927 1505 3367 111 106 U+4ED5 1115 1794 118 107 U+62CC 546 1659 103 136 U+306E 1513 2321 100 99 U+306E 1140 1659 101 98 U+3080 1904 2184 95 92 U+767D 756 1520 66 92 U+3073 1719 3120 118 114 U+65B9 1119 1922 107 110 U+53E3 1337 2205 72 64 U+767D 377 2709 65 97 U+5375 1130 1256 98 119 U+5473 751 1647 89 104 U+304D 1749 3235 55 111 U+6C34 344 1273 120 91 U+3066 379 2183 64 113 U+3092 1719 2078 71 92 U+5E73 1510 888 98 117 U+5473 367 2841 96 109 U+9EBA 1109 1529 122 126 U+3092 771 2851 58 108 U+3082 1336 1917 67 117 U+8584 1901 1498 96 155 U+5BB6 935 2432 113 137 U+4E8C 743 912 100 59 U+9D28 932 2571 113 126 U+3070 769 2458 77 100 U+304D 1732 1792 68 127 U+5176 1699 1505 92 139 U+3066 567 1814 70 82 U+3070 391 2981 89 112 U+307C 561 894 93 99 U+5C0F 940 1264 94 86 U+83D3 1506 1632 93 148 U+5207 1316 2307 110 139 U+3066 1910 2441 71 103 U+7CF8 1709 1922 90 127 U+3057 746 3370 105 104 U+54C1 752 1010 84 87 U+305F 948 2848 90 83 U+3082 1529 2178 67 116 U+304B 398 3119 42 119 U+3088 1920 2576 67 109 U+3066 766 3248 69 94 U+3055 1924 2850 64 92 U+7CD6 541 2567 113 122 U+304D 381 1782 58 127 U+308C 1341 1775 64 136 U+3082 1529 1257 69 113 U+3066 1335 2543 70 117 U+307E 1916 2977 91 107 U+3082 1339 1251 67 110 U+3006 1906 1249 75 108 U+304B 358 1676 99 103 U+7E2B 1886 1115 120 123 U+3059 1724 1125 54 131 U+305C 376 2063 98 121 U+3054 962 1781 76 95 U+3088 1736 2572 71 126 U+3078 1336 3008 82 50 U+7802 534 2449 121 110 U+308A 580 996 45 114 U+308A 400 3227 37 119 U+308A 759 2047 65 133 U+53E3 1930 3393 64 53 U+4E00 1719 3408 100 23 U+3082 764 1239 74 126 U+4E00 1505 3286 110 19 U+3066 1914 1905 67 108 U+3054 971 3097 67 95 U+304D 1723 2311 71 127 U+3088 579 1394 60 103 U+4E0A 935 992 86 121 U+3044 1326 1546 82 74 U+304B 780 2601 40 101 U+3068 780 1924 46 123 U+3088 380 1394 62 123 U+306B 1933 877 36 109 U+3053 582 1146 33 62 U+3076 1311 1018 111 94 U+3068 1739 2187 42 120 U+308A 776 2699 43 106 U+307E 974 2978 47 115 U+3075 1314 2847 109 112 U+308F 1538 1927 39 112 U+307E 961 1647 53 136 U+3057 597 1239 20 141 U+9063 1324 2701 80 142 U+3055 1525 1016 61 90 U+3093 1518 2044 83 111 U+3068 1742 1657 42 124 U+305F 1345 1111 49 107 U+306B 1323 2448 86 93 U+3046 374 1125 47 150 U+4E00 1715 2882 96 19 U+307E 386 1937 47 123 U+3082 1529 2984 74 103 U+3057 1743 1359 24 137 U+4E0A 563 2071 88 100 U+3057 1372 3070 24 169 U+306B 1909 1795 77 104 U+3093 1529 2844 81 88 U+4E8C 564 2747 88 53 U+306B 780 3139 36 102 U+3068 394 1004 31 112 U+304F 1940 2684 37 122 U+3068 774 1127 39 108 U+4E00 926 917 112 19 U+308F 1540 2740 56 104 U+3057 1758 2696 20 148 U+30C4 1024 3335 40 48 U+3055 371 897 63 67 U+304F 386 1520 37 116 U+4E00 562 3158 90 15 U+3089 1521 1109 78 129 U+304F 592 1495 33 119 U+3057 1949 3079 18 123 U+3078 1709 1280 83 48 U+3057 1938 2304 21 137 U+3005 972 1124 26 100 U+3005 603 2181 32 104 U+4E00 1504 2501 107 15 U+4E00 1519 1565 92 13,200021712-00035_2
U+5E03 1641 3004 95 128 U+306E 894 1735 77 73 U+306E 321 2238 72 77 U+4E2D 509 1989 83 115 U+5206 695 2744 78 119 U+3092 700 2496 74 97 U+306E 1660 3163 66 73 U+306E 705 1720 74 93 U+6CB9 1455 1597 97 102 U+306E 113 2379 77 84 U+306B 1484 941 47 88 U+306F 1092 2002 64 47 U+51AC 682 1039 112 112 U+306E 684 2238 121 97 U+306E 508 1450 79 81 U+306E 104 3169 81 74 U+306E 507 2125 73 90 U+3042 1668 945 83 133 U+6F2C 298 1687 113 142 U+53F3 1254 933 101 92 U+4ED8 692 2101 96 109 U+3059 1286 1964 57 123 U+5375 111 2223 96 115 U+5375 878 1583 111 115 U+3080 1269 1848 97 83 U+6C34 282 1438 126 101 U+5C0F 1663 1325 89 93 U+6BB5 1075 2612 106 101 U+3092 105 2907 78 95 U+5E72 505 1310 89 105 U+306F 1272 3136 74 91 U+7518 1068 934 89 90 U+3078 311 1606 96 61 U+65B9 871 1969 102 112 U+5E38 502 925 106 132 U+4E09 674 2640 114 66 U+8336 1253 1048 116 134 U+3092 705 1443 75 98 U+5B9C 1067 3141 96 98 U+6240 679 2363 111 117 U+5165 1626 2255 144 73 U+306E 708 1192 74 66 U+60AA 1256 3275 98 109 U+306B 1689 1732 51 81 U+306B 1288 1325 57 87 U+3092 503 2362 72 99 U+304D 335 1964 52 119 U+65B9 1075 1843 84 104 U+306E 511 1081 78 63 U+3092 315 2619 73 112 U+53F3 92 3026 99 93 U+53D6 293 3405 120 88 U+6599 1058 2219 101 112 U+8336 1640 1436 127 140 U+306E 1077 2756 75 110 U+3066 1290 1698 61 105 U+3042 1265 2373 82 109 U+5165 1439 2510 109 72 U+8C9D 502 2612 79 124 U+53D6 500 3397 107 88 U+3059 1478 1055 57 134 U+306B 1673 2757 48 79 U+67DA 670 1312 130 109 U+4E0A 690 1577 89 78 U+53E3 1270 3030 67 65 U+3070 708 2888 86 111 U+306E 114 3417 69 83 U+6606 1646 2873 102 118 U+53E3 1092 1086 59 56 U+67DA 494 1180 118 95 U+65B0 103 2495 97 122 U+8336 1060 2082 108 126 U+308A 718 3361 43 124 U+6838 486 2224 113 120 U+67DA 289 2098 120 102 U+4ED5 884 1842 98 103 U+7406 1053 2358 120 93 U+5F8C 1049 2474 130 117 U+3079 1267 2105 88 79 U+3072 1667 1200 86 96 U+86E4 484 2480 126 101 U+3052 1464 3006 84 143 U+67DA 871 1308 114 102 U+91A4 1447 1436 112 155 U+304A 315 1869 83 94 U+3072 1082 1708 85 110 U+3042 308 2357 77 112 U+308D 1079 1303 97 135 U+3066 123 1035 58 106 U+3057 295 930 102 131 U+308A 1272 2600 55 145 U+5E72 888 1458 82 117 U+304B 1245 2754 107 114 U+3089 1280 2865 57 133 U+5869 1433 2094 130 101 U+305F 1649 2374 94 93 U+3066 507 2869 73 99 U+7897 1629 1586 137 109 U+304D 117 2781 60 109 U+67DA 87 3277 116 101 U+3057 115 1182 87 106 U+304D 1484 1943 50 130 U+304D 1458 2755 85 86 U+3044 309 2766 71 67 U+3051 1285 1567 77 142 U+985E 1073 2869 89 139 U+304D 695 3255 71 105 U+3057 1304 2208 20 169 U+304F 724 1947 38 137 U+304B 111 1691 97 117 U+3066 1472 3399 64 104 U+3055 510 3015 64 102 U+304B 1475 2887 42 123 U+3088 1463 2619 57 122 U+3059 1675 1848 51 129 U+3057 1112 1443 22 149 U+308F 142 1812 46 103 U+3066 319 3274 57 94 U+304F 523 1745 54 136 U+3062 708 1835 88 111 U+3088 1095 1183 55 122 U+306B 526 1883 52 82 U+3089 1694 1081 39 119 U+7897 1263 1193 124 102 U+304B 1288 1450 46 119 U+3054 1676 2604 75 93 U+3068 1491 1707 45 107 U+3093 1459 3149 88 89 U+3060 1650 3269 95 102 U+3070 127 1291 61 119 U+3092 1471 2357 60 103 U+3084 1460 1840 93 102 U+307E 1287 2490 43 103 U+3060 309 2843 98 123 U+9063 1073 1591 89 109 U+3057 1694 3371 17 127 U+306B 1096 3010 53 91 U+304F 334 2466 37 120 U+3070 329 1063 63 120 U+304B 720 3004 35 125 U+304F 134 1525 42 129 U+308A 708 3122 48 134 U+3078 506 3255 82 97 U+3057 1494 1292 21 155 U+4E00 684 958 104 15 U+307E 1682 2467 57 126 U+3057 1113 3265 15 164 U+304F 329 1290 43 132 U+3053 1487 1193 39 102 U+3053 1680 1983 43 100 U+306B 522 2744 37 108 U+3068 1488 2230 37 120 U+30EC 1727 2331 45 21 U+3057 336 2967 23 132 U+304B 143 1963 31 101 U+3057 1689 2089 18 153 U+3089 535 3119 37 136 U+3055 322 3150 54 112 U+3057 144 2615 21 164 U+3057 150 2057 19 156 U+4E0A 121 933 69 94 U+3057 1303 3400 12 104 U+3089 147 1415 28 115 U+30EC 1536 2578 43 26 U+3057 1495 3252 14 140 U+3089 344 1190 29 111 seg_fp 535 1639 38 108 seg_fp 794 2330 30 36,200021712-00037_1
U+4E2D 384 1230 82 106 U+5C0F 582 1996 96 85 U+5206 1537 1587 82 111 U+7802 1903 1326 105 89 U+516B 1530 1473 89 65 U+306E 960 3023 115 86 U+306F 1163 3039 63 50 U+5165 1518 2101 114 70 U+306E 759 2630 101 101 U+662F 1718 955 111 120 U+306E 1338 2119 95 92 U+306E 1541 1099 66 70 U+307C 778 3128 100 100 U+8EAB 575 1199 87 121 U+5165 1908 2111 107 73 U+306E 967 2241 112 95 U+76EE 1542 1731 67 88 U+65B9 1150 2871 84 101 U+5207 570 2249 109 93 U+662F 391 3279 90 114 U+5C71 1343 972 81 89 U+3092 1547 3141 67 93 U+3082 785 1722 79 110 U+306E 1736 1477 62 76 U+5165 1127 1718 129 89 U+306E 769 1882 105 96 U+53F0 954 1055 95 152 U+306E 966 1608 108 100 U+53F3 1720 3264 95 101 U+3092 1919 1594 66 92 U+4E2D 1925 962 72 108 U+3092 1733 2108 67 101 U+3080 1151 2108 83 87 U+306B 1163 1605 61 71 U+8272 377 971 83 108 U+516D 1333 1345 88 81 U+767D 1931 1187 58 101 U+4E2D 1542 1197 67 103 U+8336 759 2096 106 128 U+7CD6 1907 1449 102 118 U+306E 1746 3409 62 73 U+3078 1541 2650 89 58 U+5165 373 1482 107 69 U+76DB 763 2873 102 111 U+9EC4 1710 1198 98 125 U+3092 1349 1214 62 91 U+307F 761 981 94 81 U+5165 1327 1604 129 75 U+307B 1535 1852 74 102 U+5176 1343 1724 80 113 U+4F46 1707 3006 121 116 U+7269 781 3401 96 86 U+53C8 1526 2246 104 71 U+3092 392 1096 64 93 U+5473 1728 1336 89 94 U+6307 567 1070 95 115 U+3075 1321 3382 112 100 U+306B 1550 1340 55 82 U+3066 578 1872 77 78 U+3082 976 2103 67 95 U+83D3 769 1194 88 135 U+9ED2 1534 2738 84 113 U+53D6 1144 3263 86 91 U+306D 580 2598 105 126 U+3082 968 2869 74 97 U+5E73 976 2482 78 122 U+306B 599 2757 58 90 U+3059 1931 1722 56 127 U+306A 385 3009 87 124 U+80B4 1135 3387 98 116 U+304D 987 1327 49 115 U+7C73 1339 1974 89 114 U+6912 1316 1083 135 106 U+4E03 1339 1490 92 66 U+5165 1543 3276 97 58 U+9EBB 1512 3001 116 112 U+3092 1723 1097 74 93 U+307F 1917 3369 102 108 U+308A 1937 3099 49 135 U+4E0A 1536 2497 81 78 U+7C89 1326 2227 111 107 U+3072 961 1229 80 96 U+307F 1707 1594 99 105 U+3092 1350 2365 67 95 U+3082 783 2486 88 100 U+3057 810 3233 25 152 U+51B7 570 1596 113 108 U+304D 408 2642 68 93 U+4E0A 1335 1863 89 72 U+5C24 582 3276 84 95 U+5176 1534 2361 64 115 U+3072 1159 2729 84 102 U+53E3 595 2137 70 61 U+306B 587 1354 71 114 U+3069 1564 1957 72 106 U+7D05 567 3400 117 99 U+80E1 1517 2882 108 91 U+3078 1919 1122 80 49 U+6F2C 1528 3375 94 139 U+3059 1167 2235 51 109 U+5165 1711 2480 120 83 U+306F 587 1472 86 94 U+3089 983 2719 47 123 U+67DA 1514 961 118 95 U+308A 1164 967 33 107 U+5B50 772 1358 77 94 U+3082 397 1655 74 65 U+3053 791 3016 48 80 U+305F 1927 2593 75 141 U+308F 1936 3001 54 101 U+3068 1367 3252 35 106 U+3059 1342 2483 73 125 U+6BB5 387 1855 109 101 U+307E 1922 2730 89 140 U+306C 1720 1971 97 100 U+7BED 1126 1453 113 132 U+308F 1741 2236 50 97 U+3092 1941 2871 72 102 U+3059 604 2885 48 126 U+3064 386 2239 77 121 U+3057 622 3109 22 166 U+3088 1167 1838 58 109 U+306E 390 2891 76 87 U+3078 1924 2488 87 80 U+306A 1729 2742 89 117 U+3068 418 1990 32 96 U+308A 1742 2335 38 124 U+3057 424 2494 23 128 U+3093 774 1567 83 102 U+3057 1188 2438 20 183 U+304F 420 2368 24 96 U+3055 973 3265 63 81 U+3078 389 1387 90 37 U+9063 1162 2626 65 99 U+4E00 761 2029 85 16 U+84B8 1143 1318 98 132 U+308A 410 3128 44 110 U+3046 412 2115 32 111 U+4E00 953 994 97 18 U+3078 1158 2352 69 75 U+4E00 947 1762 109 18 U+3055 971 2623 58 98 U+3082 385 2778 76 104 U+3057 612 1718 18 132 U+3053 1935 3277 62 86 U+3057 1378 2689 19 165 U+308B 1740 2625 54 106 U+3059 981 1852 54 131 U+4E00 1137 3170 96 17 U+3070 1352 2872 77 125 U+304F 1180 1944 39 116 U+4E00 965 3182 85 17 U+3093 767 2346 104 91 U+30EB 443 1554 54 33 U+308A 1744 2857 43 99 U+3044 956 1990 106 75 U+3053 1940 1852 42 94 U+3079 590 3008 86 84 U+5176 1932 2222 56 121 U+308A 1365 3115 39 120 U+3053 1361 2606 41 81 U+306F 404 3445 67 42 U+308F 782 1470 59 94 U+305F 1734 1695 52 118 U+3089 1368 3002 36 114 U+304B 1164 1093 43 112 U+3057 1947 1948 17 135 U+308F 789 2253 48 87 U+4E00 395 1773 81 18 U+4E00 954 2400 111 15 U+3057 1009 3353 17 163 U+3055 599 2456 58 135 U+30EC 1614 3342 43 26 U+30C4 1409 1561 41 41 U+3057 1768 3120 18 150 U+3082 981 1471 51 117 U+4E00 761 2789 93 16 U+4E00 568 989 106 19 U+304C 610 2365 64 88 U+30EC 1796 2574 41 24 U+4E00 771 1123 90 13 U+3051 1144 1196 77 134 U+308C 1746 1827 46 139 U+30EC 1432 1686 40 21 U+30EC 1246 1800 43 28 U+30EC 1992 2188 57 19 seg_fp 1940 2345 37 83 seg_fp 1067 2332 23 26 U+30C4 1422 1427 32 25 U+30EC 1605 2187 46 16,200021712-00037_2
U+306E 652 1211 73 84 U+306E 1411 3175 71 71 U+4E2D 1402 1850 86 114 U+7AF9 441 3027 101 117 U+306E 1414 1736 74 87 U+7AF9 639 1065 104 99 U+306E 650 1467 101 89 U+5408 1592 3388 117 98 U+306E 268 3187 67 72 U+5473 1598 3124 106 117 U+6240 445 2771 101 136 U+3066 1613 2107 72 96 U+65B9 836 1980 85 107 U+306E 832 1732 90 92 U+7247 74 1984 85 105 U+4F46 642 2503 98 92 U+53C8 1389 2917 122 78 U+7389 1598 2776 94 79 U+306E 1614 2647 61 77 U+7AF9 635 2893 106 111 U+662F 453 954 87 122 U+306E 1613 2914 70 66 U+306B 1241 1619 46 75 U+5165 1215 1730 101 73 U+5E72 1211 1873 86 101 U+5375 1403 1585 104 111 U+5C3A 629 1720 117 105 U+3070 83 2376 76 101 U+4E2D 71 3289 83 101 U+6708 1236 2749 61 91 U+767D 1603 3009 75 93 U+3092 269 3420 71 90 U+5375 828 1597 109 105 U+53F3 1583 2493 101 103 U+4E94 1206 2638 100 72 U+6E6F 1605 1850 103 131 U+5E74 1215 2371 86 131 U+3092 1605 1713 70 112 U+3042 657 3157 71 115 U+307B 667 1860 67 109 U+53D6 1203 3274 111 97 U+7AF9 821 1463 109 107 U+53F3 250 2891 89 94 U+307B 77 1464 77 110 U+4ED5 813 1863 123 97 U+6BB5 1036 1843 101 110 U+306B 1631 2011 56 75 U+304D 471 2622 57 120 U+306E 455 3412 115 90 U+306E 72 3189 94 74 U+3078 471 1375 71 55 U+3092 275 1079 60 85 U+304D 480 1593 51 102 U+3057 1599 962 99 96 U+7ACB 254 3288 86 97 U+56DB 1206 2539 93 49 U+82DE 1206 1465 106 121 U+6A2A 60 943 98 134 U+51FA 1218 3413 93 83 U+5BD2 1387 3018 115 129 U+3069 682 1970 63 116 U+304D 78 2746 58 117 U+771F 643 2756 91 124 U+307B 260 1588 83 134 U+5185 1414 3275 76 118 U+84B8 835 1316 99 132 U+3066 470 1735 60 88 U+3092 658 2373 71 96 U+3046 1623 1172 46 153 U+306B 1422 3398 63 107 U+7FCC 1217 2235 90 119 U+3086 457 1469 85 128 U+5B50 661 1333 74 88 U+306B 1237 3153 51 66 U+4E94 74 1200 81 94 U+3069 97 1580 64 112 U+306A 654 2114 86 114 U+306B 1622 3283 47 65 U+308A 90 2863 43 148 U+3064 73 2119 93 103 U+3057 695 2599 20 137 U+308D 1025 2226 90 126 U+306A 1408 2716 89 86 U+7ACB 76 1729 80 121 U+5BF8 85 1326 68 96 U+3082 470 1098 83 91 U+3084 1598 1063 97 106 U+6839 237 948 131 93 U+3059 466 1852 56 120 U+307E 270 2239 65 104 U+85AE 442 1208 120 137 U+306B 98 1849 42 92 U+308F 1435 957 45 105 U+7B4D 63 3012 88 159 U+3088 1040 2106 62 115 U+304F 279 1425 45 116 U+3075 445 2382 103 110 U+3072 1028 1205 84 95 U+4E00 648 982 89 18 U+3053 1223 965 77 84 U+6642 1223 2878 88 131 U+5B50 463 3293 67 89 U+3092 65 3425 70 90 U+3066 1226 2111 63 91 U+3089 94 2225 40 127 U+3091 1596 1341 99 128 U+3068 1068 1983 22 92 U+3075 261 1221 83 84 U+306A 1413 2112 66 80 U+308A 287 1716 43 139 U+308A 1431 1057 42 117 U+3080 1409 2576 85 92 U+3068 285 1861 40 107 U+3078 1414 2017 79 60 U+3076 443 2117 110 110 U+304D 1614 2364 71 112 U+308A 274 1968 57 144 U+306B 99 1082 37 87 U+307F 1404 1333 95 104 U+3044 460 1972 85 88 U+3057 1063 2349 21 149 U+308A 1427 2804 41 91 U+308A 87 2604 47 125 U+306F 1045 1614 58 26 U+3092 466 2922 58 88 U+3059 268 2473 49 121 U+3093 458 2234 90 97 U+306E 462 3182 56 105 U+304F 670 3424 31 88 U+3068 1637 2234 46 120 U+7B4D 248 3014 98 156 U+3089 1247 1217 43 125 U+3057 1062 948 15 125 U+9063 1026 1084 73 110 U+5206 1242 3014 41 100 U+3057 1439 1437 26 131 U+304B 98 2494 43 114 U+304C 1432 2221 66 74 U+3053 1421 2448 50 111 U+3057 1254 1994 18 116 U+5176 282 2119 48 113 U+3079 266 2597 68 80 U+306F 674 3068 51 36 U+3057 293 2696 17 145 U+4E00 1029 1762 90 13 U+304B 288 1349 33 81 U+4E00 660 1626 84 15 U+3057 689 3267 19 135 U+3058 1641 1498 61 209 U+3053 1429 1221 42 101 U+3057 1439 2295 21 121 U+3078 1229 1341 84 81 U+3078 1028 1464 88 59 U+5019 1053 1337 29 103 U+3068 491 2496 30 131 U+308B 664 2235 54 134 U+309D 284 2342 29 86 U+3057 1259 1054 12 126 U+3093 1607 1469 89 79,200021712-00038_1
U+306E 1522 2508 80 79 U+306E 1156 2492 63 77 U+306E 1717 987 74 86 U+3092 1724 3000 76 120 U+3066 383 3147 73 92 U+306E 1532 2265 71 64 U+306E 573 1499 77 83 U+306B 399 2768 52 75 U+3072 1328 1481 85 97 U+308D 1343 1603 71 101 U+5EA6 367 2487 97 123 U+3092 780 1612 61 97 U+306B 1736 1729 53 82 U+6C34 360 2629 110 91 U+53F3 1498 2119 102 108 U+306E 1153 1131 66 63 U+7AF9 1505 2354 111 113 U+3092 965 3273 68 98 U+5165 1512 1991 132 82 U+3072 390 3007 83 111 U+76EE 1726 2122 62 91 U+306E 975 2899 55 82 U+3092 1527 3015 70 105 U+5C0F 1902 980 90 82 U+3066 371 1353 88 85 U+3059 1524 1604 89 134 U+306B 1930 2235 60 82 U+4E0A 1905 3151 89 71 U+3092 579 2646 74 92 U+3092 1157 1352 61 95 U+3066 1337 976 66 82 U+308D 589 3142 64 85 U+53E3 1350 2903 59 71 U+5165 753 2259 124 68 U+3092 1164 2768 53 103 U+5207 1118 2242 118 90 U+4E0A 378 3271 88 85 U+306B 1355 3024 52 76 U+6268 1316 2636 114 92 U+3031 1547 973 47 118 U+91CF 1704 2362 99 116 U+3066 962 1088 68 90 U+629C 556 2756 110 109 U+3066 774 3254 71 110 U+53D6 561 2894 100 94 U+3079 561 982 106 53 U+3066 774 1355 69 85 U+306B 1744 2512 50 81 U+5200 1902 1234 86 89 U+6C34 753 1473 111 101 U+304B 369 3395 89 76 U+7C73 944 2758 92 100 U+5165 1342 2376 98 69 U+3066 1724 1979 71 101 U+3092 765 2755 76 106 U+5165 928 3417 139 68 U+306E 1341 3409 65 78 U+5B50 1523 2623 79 99 U+304D 594 2217 66 118 U+5408 1139 3140 122 99 U+4F46 1899 3008 103 94 U+5165 940 2015 134 76 U+3066 1352 1845 54 114 U+304A 584 3025 74 68 U+306B 604 2379 49 84 U+306C 559 1237 96 108 U+5C0F 1921 1116 72 62 U+9905 939 2624 105 119 U+3066 1152 2092 59 101 U+6D17 378 2882 91 122 U+91DC 548 2503 129 121 U+91DC 943 1845 125 125 U+3059 395 1951 50 137 U+4E0A 756 2382 100 74 U+845B 1136 969 95 125 U+3059 1147 1474 74 120 U+3066 967 2478 60 115 U+51B7 556 3398 120 104 U+3054 1742 2851 65 110 U+308A 980 1661 44 158 U+5C0F 1337 2763 85 71 U+305F 1720 2632 84 102 U+308A 1735 3243 59 132 seg_fp 1124 2602 112 147 U+3059 1332 1088 73 126 U+304D 1922 1861 52 104 U+7126 575 1605 87 113 U+7E04 1139 3393 102 110 U+3054 1350 2240 77 90 U+306E 1928 3282 60 52 U+3075 1141 1862 97 113 U+306B 964 976 74 77 U+3046 1742 1559 32 141 U+308C 1714 1225 96 101 U+305F 1344 1991 66 120 U+3044 384 1736 74 68 U+3092 1538 1490 55 78 U+304B 986 3159 36 85 U+304D 396 1204 63 116 U+306C 951 3027 92 126 U+8FBC 1321 2514 107 82 U+FA5C 555 1726 108 127 U+3052 1341 1719 88 138 U+306B 1925 1350 55 115 U+308F 1744 3151 44 91 U+5207 1515 2769 102 77 U+3075 755 2502 102 115 U+3088 784 973 56 98 U+3088 1928 1599 59 109 U+4E0A 1523 3144 94 110 U+306A 576 1871 75 119 U+7ACB 950 2133 93 77 U+3066 1919 1463 57 102 U+308A 401 1579 45 107 U+306B 793 2126 47 94 U+5869 1508 1346 110 101 U+3055 1922 2366 66 94 U+53E3 1545 2904 54 60 U+306C 1707 1356 97 103 seg_fp 982 2252 36 95 U+3078 381 2103 95 64 U+3031 783 1960 59 158 U+80FD 1704 3393 116 108 U+7C89 1122 1223 111 104 U+308C 1917 1990 72 121 U+4E00 373 2398 92 20 U+308A 1936 2839 42 120 U+304A 367 1123 102 78 U+3088 974 1231 59 101 U+307E 1353 2117 38 123 U+3057 410 2201 24 171 U+84B8 747 3377 108 131 U+304F 952 1478 74 91 U+3057 761 1737 87 110 U+3084 1710 1460 91 97 U+53E3 1167 2394 55 52 seg_fp 1893 3373 117 130 U+3057 405 973 29 118 U+3068 403 1478 49 101 U+3068 1945 2738 37 95 U+5206 1719 2241 63 111 U+3088 784 2880 51 102 seg_fp 1744 2737 38 114 U+3068 605 2102 48 117 U+3068 1726 1101 63 123 U+304F 789 2978 42 108 U+304D 1545 1221 55 116 U+304B 595 1386 37 48 U+3057 596 1083 28 141 U+3057 1184 1681 19 174 U+8A70 758 1220 102 109 U+4E0A 1334 3146 82 94 U+3057 618 3241 14 144 U+306B 1559 3257 42 86 U+308B 601 1983 43 96 U+3060 394 1806 79 145 U+308A 1172 1972 38 123 U+3068 1558 1098 34 112 seg_fp 790 2615 43 115 U+304F 1170 2988 35 123 U+305F 784 1840 57 119 U+30EC 1031 2092 53 24 U+304F 797 1065 30 95 U+3044 1913 2117 102 81 U+3088 1161 2876 55 111 U+3078 1913 2622 87 75 U+3057 1568 3369 16 129 U+5C0F 1157 3283 66 74 U+30BB 1208 3232 48 43 U+3053 1177 1590 35 91 U+3053 1353 1213 42 95 U+30EC 1400 2451 51 25 U+3057 1364 1308 20 171 U+304F 984 1324 40 121 U+3057 1564 1815 24 148 U+304F 1933 1698 43 120 U+3089 1941 2465 40 136 U+3057 799 3117 27 133 U+3053 1552 1734 40 81 U+30EC 1597 2075 51 24 U+3057 1744 1829 25 143 U+3057 998 2346 17 134 U+3005 1370 3246 29 99 U+309D 987 1571 34 86 U+30EC 846 2328 42 21 U+30EC 1044 3485 48 23 U+30AD 1985 1045 44 53,200021712-00038_2
U+4E2D 1280 1225 78 132 U+306E 1085 2526 103 94 U+3066 1284 2650 82 103 U+306F 1093 3427 93 97 U+306B 1116 3314 54 74 U+306B 1662 1751 101 83 U+3066 1671 3449 87 79 U+306E 1476 3048 65 90 U+5473 896 1199 95 101 U+53F0 1084 1451 95 137 U+5408 1647 3291 136 104 U+306E 1481 2282 75 71 U+9152 1473 1482 101 106 U+5B50 898 2926 89 91 U+7B49 1655 2900 97 117 U+6268 1660 2147 107 85 U+306E 1092 1877 97 93 U+5C0F 910 3176 80 82 U+53F3 1467 2903 74 104 U+6885 874 958 121 103 U+6C37 1655 2271 110 93 U+53C8 1460 978 106 69 U+7269 1092 3173 97 83 U+306E 1285 1110 87 84 U+8336 1085 2769 97 122 U+308D 1680 2515 66 87 U+624B 893 2512 82 100 U+4EC1 877 1085 111 102 U+306B 1290 3055 80 77 U+83D3 893 2770 89 132 U+564C 894 1340 89 111 U+306B 1691 3179 48 73 U+8449 1468 3287 87 132 U+3082 1098 2386 73 99 U+5B9D 136 1064 82 146 U+3092 1680 2788 71 95 U+4E0A 1269 1615 95 98 U+3064 703 1446 80 138 U+7D30 1663 975 111 88 U+7389 1467 1105 89 62 U+3092 1481 1348 68 96 U+51FA 1290 3422 83 105 U+53D6 876 2654 120 91 U+3066 1478 1729 72 114 U+8CAB 1461 2000 117 124 U+714E 1460 1862 98 140 U+304A 1669 2396 91 57 U+5165 1260 1492 133 77 U+5E72 1472 3182 76 90 U+3066 915 1729 56 104 U+6BBB 1458 2381 123 118 U+306E 1474 3445 98 80 U+7389 1472 2166 97 72 U+5206 1684 3040 66 119 U+80B4 1069 2236 93 129 U+308A 1308 1841 41 124 U+6599 129 1213 91 113 U+79D8 129 1464 90 112 U+53D6 1071 2126 123 93 U+4ED8 1274 2521 93 99 U+5B50 1478 1213 78 96 U+306A 1686 1094 74 102 U+3066 1307 3277 51 114 U+3092 1493 2523 64 108 U+3075 1666 1341 97 127 U+3082 721 948 56 120 U+3082 1109 1737 50 89 U+3089 924 3417 50 99 U+3078 1284 1404 89 45 U+3059 1290 2003 57 130 U+5F15 1089 1610 70 101 U+7C89 1267 959 114 112 U+3068 1497 2651 51 103 U+308A 1495 2753 48 129 U+3056 908 3302 100 117 U+3051 1678 2005 76 120 U+3059 1103 973 50 117 U+3082 716 1852 58 128 U+3072 1676 1574 82 123 U+306E 715 1070 95 109 U+62BC 1270 2396 107 124 U+7406 133 1340 85 96 U+307D 704 1601 101 106 U+3088 1301 1740 57 102 U+4E07 139 959 80 90 U+3057 1126 1189 21 174 U+5DFB 130 1862 108 126 U+3057 703 1333 78 112 U+3092 896 2121 81 101 U+4E0A 877 1868 106 115 U+4E00 1080 2030 103 17 U+871C 130 1592 97 131 U+306B 1483 1631 79 94 U+30BB 1716 3391 61 43 U+306B 916 1983 54 93 U+3093 1099 3007 76 97 U+5E73 1281 2786 87 126 U+304F 925 2223 45 141 U+7BB1 123 1726 95 129 U+4E00 1078 1381 101 17 U+306E 705 1987 105 110 U+304D 903 1611 78 120 U+308B 1712 1196 36 86 U+4E00 1082 2685 99 16 U+308F 1109 2923 48 76 U+4E00 886 2416 110 17 U+76EE 1290 2913 66 91 U+4E8C 131 2028 100 46 U+4E00 903 3079 87 14 U+3078 1096 1099 96 69 U+304F 731 1702 42 122 U+3053 1299 2136 45 94 U+304B 1683 1865 50 139 U+4E00 711 1251 92 14 U+3057 1709 2640 14 141 U+30EC 1356 1568 47 23 U+308B 1704 1464 31 100 U+3057 1317 3150 22 134 U+3057 1311 2228 27 161 U+3057 926 1474 23 127 U+7D42 164 2124 88 107,200021712-00040_1
U+306E 949 1859 71 85 U+4E2D 749 1846 87 117 U+65B9 547 2117 96 105 U+306E 370 945 66 91 U+306E 1321 1722 95 90 U+306E 768 1725 64 95 U+3066 944 1337 77 87 U+65B9 1321 1969 91 116 U+51E1 554 937 106 98 U+5408 928 1179 117 110 U+53F3 743 1316 91 103 U+3092 948 2259 72 97 U+53D6 358 2116 106 94 U+5375 1517 1186 100 114 U+306E 1133 2118 91 90 U+8CAB 925 2117 108 121 U+306E 766 1465 60 96 U+5375 1325 1579 100 110 U+5165 751 2109 106 85 U+3066 574 1738 71 89 U+306B 947 2939 93 67 U+9152 1136 1980 87 105 U+3067 1139 1698 96 109 U+4ED5 1300 1845 121 114 U+306F 582 3197 57 41 U+3059 1130 2641 87 128 U+6625 1115 1427 121 129 U+306E 1135 1850 78 98 U+3092 1137 2374 73 97 U+306F 568 2277 80 44 U+3092 373 1188 77 98 U+307B 573 1311 74 95 U+8336 351 3025 111 122 U+3066 1143 3171 68 86 U+7C89 343 1051 118 110 U+9752 548 3278 95 131 U+306D 942 933 100 113 U+3060 570 2484 85 153 U+7CDF 726 1563 123 127 U+62BC 737 2501 112 113 U+3088 384 1720 61 93 U+6F2C 1323 1432 104 136 U+9152 1138 2500 91 111 U+79D8 1883 1434 125 131 U+3059 779 938 49 136 U+7CDF 1110 2233 113 115 U+5185 952 2797 81 84 U+6F2C 565 1567 96 135 U+5DFB 1872 1700 140 128 U+65E5 576 1195 56 71 U+4E8C 551 1085 113 48 U+3042 953 2391 72 117 U+51AC 1118 1044 112 126 U+7269 358 3417 115 95 U+304D 962 2661 61 110 U+7CDF 1304 1298 120 127 U+90E8 1499 1437 123 137 U+306B 565 3052 75 100 U+7406 1891 1326 111 102 U+308A 1158 1295 43 105 U+305F 951 1456 74 119 U+5165 1123 3042 126 77 U+3088 765 2238 60 113 U+5BC6 1890 1569 118 124 U+4E07 1897 930 113 96 U+3055 386 2256 57 77 U+3078 742 3320 114 44 U+3088 1158 1190 48 107 U+714E 926 1967 104 137 U+6BBB 925 3035 121 113 U+3092 939 3177 83 84 U+6599 1873 1187 132 117 U+6F2C 757 3009 91 149 U+5B9D 1887 1032 123 159 U+3072 560 2768 91 120 U+306B 775 1177 51 95 U+3066 765 2899 64 87 U+304D 575 2885 66 114 U+3072 567 1973 86 114 U+306E 373 2757 93 110 U+3069 591 1416 61 132 U+3055 961 3301 62 97 U+3082 387 2630 48 119 U+3066 380 1602 67 89 U+3054 969 1700 67 108 U+9063 553 1864 97 106 U+308A 975 1044 39 107 U+3064 952 2508 75 157 U+306A 375 2497 54 93 U+3078 762 2018 82 36 U+82D4 558 3413 87 116 U+304B 394 1323 47 125 U+304B 397 2387 40 114 U+307E 965 1577 45 121 seg_fp 784 1071 40 108 U+3088 1150 3279 61 108 U+3064 748 2657 83 97 U+4E4B 1519 1324 106 102 U+308A 968 3402 53 134 U+307E 1153 1586 41 113 U+3053 1153 2767 50 103 U+3051 375 1443 67 160 U+308F 387 3179 52 106 U+4E00 362 2027 103 16 U+304F 1163 3386 41 113 U+3057 802 3401 16 121 U+3044 555 2639 103 76 U+3057 401 1841 22 129 U+30EC 1209 3116 69 29 U+3093 376 3287 89 94 U+304F 781 2352 37 97 U+3051 777 2762 62 130 U+4E00 562 2403 92 13 U+30BB 1007 1284 42 38 U+4E00 365 2946 93 15 seg_fp 787 3161 45 93 U+30EC 835 2208 44 25 U+3057 1167 2872 28 137 U+4E09 1899 1850 106 90 U+4E00 1132 965 88 13,200021712-00040_2
U+306E 1094 1307 70 80 U+306E 508 1965 75 96 U+306E 320 1839 67 93 U+306E 1469 3300 68 76 U+3092 507 2353 79 102 U+3092 1475 3030 64 109 U+306E 1673 2647 73 74 U+306E 710 1700 95 82 U+5341 1270 1428 92 95 U+5375 1082 1166 90 99 U+751F 1468 1827 90 97 U+51FA 506 2753 87 110 U+53F3 1657 2498 89 96 U+662F 513 1004 72 120 U+306B 1686 2907 47 83 U+306E 886 1704 118 90 U+306F 1670 3327 75 51 U+85AC 880 1817 92 126 U+51FA 1279 2487 82 106 U+4F46 1653 1841 112 93 U+4E94 1256 1564 110 85 U+53C8 1480 1710 97 76 U+7528 1082 3286 72 96 U+3092 117 2207 71 120 U+3052 315 2344 91 123 U+306F 1090 1037 75 97 U+5473 491 2221 106 98 U+53F3 1453 3169 84 101 U+3092 1087 3171 65 100 U+306B 301 2504 99 68 U+3070 1290 1300 82 76 U+5B9C 1670 1572 88 92 U+4E5F 1255 3426 96 97 U+53E4 298 2765 85 91 U+871C 1079 1408 102 137 U+6708 1462 902 84 95 U+5D0E 1068 2211 106 127 U+305F 512 1577 83 83 U+5C11 310 3154 89 116 U+5165 307 2627 103 76 U+3084 296 2237 92 84 U+624B 497 3411 88 112 U+3066 311 994 64 112 U+63C9 289 1405 112 124 U+9262 101 2481 112 105 U+51B7 1657 2098 119 103 U+65E5 1291 1698 57 68 U+6301 1454 1280 113 124 U+65B0 1451 2221 101 145 U+3066 131 2732 57 122 U+3086 1085 3416 72 114 U+53D6 1253 2364 118 103 U+6253 118 896 89 121 U+9152 304 2885 92 111 U+6F2C 1078 1551 101 126 U+662F 1068 901 107 112 U+3092 313 3020 64 99 U+306B 1298 901 45 77 U+306F 509 1166 87 88 U+7D30 491 3036 105 95 U+5375 695 1553 95 111 U+4ED5 679 1830 113 105 U+9EC4 492 2083 102 124 U+5C02 1074 2747 90 145 U+706B 311 1693 99 107 U+714E 491 1277 99 133 U+306F 1481 2110 72 81 U+3066 1681 2356 58 108 U+714E 1253 2758 103 146 U+6F2C 1470 1940 90 132 U+3082 1691 1032 50 112 U+9060 292 1552 109 130 U+306A 899 1974 69 118 U+306B 121 2621 68 111 U+7CDF 1641 2750 118 123 U+306B 1290 3061 49 68 U+8CAB 1247 2911 114 124 U+65B9 694 1945 89 119 U+8CAB 489 1423 103 111 U+6BB5 1666 1290 97 99 U+6C17 882 1550 94 120 U+647A 102 2355 102 104 U+304D 1482 2526 58 88 U+7CBE 869 1408 109 125 U+306F 1102 2651 59 39 U+6F09 690 1268 116 128 U+6F2C 1270 998 89 152 U+7C89 682 1415 114 109 U+307B 1481 1028 72 104 U+6F2C 1656 3016 98 141 U+7CDF 1442 3403 113 120 U+9577 1054 2090 120 108 U+306B 303 887 86 103 U+3068 1691 1424 38 104 U+307E 510 1695 83 118 U+3054 527 1815 73 96 U+306B 524 3262 40 93 U+3088 320 1144 62 105 U+307B 1291 1815 67 99 U+3054 1491 2877 66 110 U+3052 123 1809 101 127 U+3066 1083 2478 66 97 U+3069 1498 1136 53 120 U+306F 904 892 43 125 U+3084 119 1688 90 118 U+3066 134 1036 59 99 U+3066 1293 2234 52 105 U+3057 1701 1951 19 128 U+3068 533 2486 41 114 U+308A 524 2602 44 119 U+3069 1308 1931 56 124 U+3057 1509 1529 18 143 U+306B 1697 910 33 119 U+3088 138 2887 51 107 U+306F 331 1958 48 108 U+305F 1472 2648 84 108 U+3075 1070 1930 100 125 U+3066 110 3441 87 89 U+308C 1664 3158 105 112 U+3059 1286 3173 50 114 U+306B 1098 2357 34 116 U+3068 1115 1703 31 109 U+3059 130 3130 49 142 U+305F 137 1956 44 120 U+308C 1271 1146 100 114 U+306A 896 1020 75 89 U+3088 145 1150 51 100 U+3064 305 3428 79 53 U+3057 1310 2616 17 123 U+308A 123 3277 48 152 U+3057 537 2892 16 123 U+30B1 1732 3473 47 53 U+306F 898 1164 72 61 U+304B 532 3164 32 99 U+3078 1469 1463 88 34 U+3053 1081 2928 78 96 U+308B 137 2074 34 103 U+308A 905 2090 47 124 U+304F 328 1248 37 116 U+308C 1078 3035 106 106 U+3060 905 1257 72 127 U+307E 1495 2762 38 115 U+3057 1707 1689 16 125 U+3057 335 3276 17 125 U+304F 149 1252 35 122 U+3057 1315 2092 18 140 U+308B 1285 3288 45 86 U+306F 145 1397 44 123 U+3057 345 2065 32 147 U+4E00 502 928 94 11 U+3057 1499 2388 28 130 U+3044 1091 1845 62 63 U+30EC 386 2722 48 24 U+4E00 1660 3450 101 15 U+3057 1707 2220 18 132 U+4E00 1653 1207 106 19 U+304F 143 2990 36 90 U+3057 154 1528 25 136 U+309D 345 3483 18 50,200021712-00041_1
U+5408 302 2195 98 116 U+306E 508 1945 72 85 U+306E 1656 1418 74 79 U+306E 1273 3281 70 95 U+6C34 1254 1135 95 107 U+9ED2 297 1533 92 110 U+4E2D 881 1944 80 138 U+91D1 1256 993 99 114 U+5E38 1649 1250 90 151 U+58F1 1444 2722 88 150 U+5473 489 2466 97 107 U+65B0 1631 1522 106 141 U+53E4 1058 1136 85 101 U+306F 1654 1132 85 88 U+4E94 1645 2203 95 88 U+7528 1468 1664 69 133 U+6268 478 1534 126 104 U+3066 1264 871 67 81 U+767D 1662 2863 62 101 U+306E 1659 3267 76 116 U+722C 479 1672 125 112 U+767D 505 2330 65 92 U+5375 494 2067 96 121 U+5E95 1252 1515 102 120 U+5375 1642 1944 104 119 U+662F 121 2601 87 126 U+7092 292 2342 110 104 U+53F3 1257 3128 93 106 U+3092 1458 1538 79 87 U+9EC4 1435 866 104 138 U+714E 863 1123 96 145 U+306B 494 1127 79 85 U+3092 1674 2074 60 98 U+5473 1266 3404 91 98 U+3066 879 998 64 97 U+5473 1451 2328 97 99 U+3092 1265 2743 80 95 U+5473 1647 2991 93 119 U+5408 1427 2880 121 95 U+5408 1073 2729 95 109 U+3092 1089 3145 61 82 U+767D 1465 2197 61 97 U+3066 303 1425 81 75 U+662F 1645 983 87 120 U+80E1 293 1672 98 102 U+3086 1469 1819 72 103 U+5473 1441 1020 99 92 U+3092 509 2209 72 101 U+6B64 875 1808 100 105 U+3066 505 3419 75 75 U+3092 1663 3151 69 81 U+9EBB 281 1795 117 119 U+3092 1462 2606 60 88 U+5C0F 673 1401 106 87 U+4E2D 305 3277 77 107 U+3092 903 3271 56 94 U+306E 1272 1412 66 75 U+5165 681 1124 90 81 U+706B 1078 3418 100 87 U+306E 124 3025 66 82 U+4E94 875 2465 89 95 U+6B64 302 3137 96 102 U+53C8 114 1021 87 78 U+3066 699 1266 63 77 U+9EC4 480 2595 105 137 U+6BDB 496 1801 98 103 U+308A 1093 2308 42 119 U+3059 1448 3255 87 122 U+53F3 878 2201 87 97 U+3066 316 2473 76 78 U+5473 883 3144 95 97 U+5165 472 3290 127 76 U+3070 1474 1147 77 108 U+5315 700 1540 72 86 U+306E 891 2349 71 84 U+8944 1259 1252 92 129 U+5185 116 3140 71 95 U+5408 1065 1538 107 111 U+308D 706 2082 59 106 U+564C 1437 2466 103 117 U+306E 895 2891 69 91 U+307E 684 864 85 125 U+308C 1075 3004 101 110 U+70AD 1057 3259 102 129 U+9EC4 877 2999 92 130 U+9152 1070 1275 89 99 U+564C 1056 871 95 145 U+308A 1485 3372 42 124 U+3082 131 2751 53 107 U+307B 1666 2342 72 116 U+4E94 112 1820 90 73 U+3051 1673 3382 66 116 U+306E 888 2622 71 88 U+3051 1276 2193 66 126 U+3031 707 2204 58 132 U+3066 500 1391 63 91 U+5473 495 2742 95 99 U+3059 1051 2189 101 123 U+3088 1471 3006 51 106 U+714E 281 1256 94 145 U+767D 122 1139 52 92 U+308A 1292 1926 38 146 U+5176 903 3403 50 99 U+308A 1674 2706 44 148 U+306B 1290 1681 40 83 U+3059 1279 2585 62 138 U+534A 1070 1402 78 123 U+304D 719 2594 50 114 U+76EE 130 2073 67 88 U+5BD2 97 2878 117 119 U+7126 694 3134 76 105 U+308F 1672 2604 42 102 U+3092 308 1942 73 104 U+3092 121 1664 73 102 U+3059 1279 1797 58 132 U+3068 311 869 77 111 U+3066 895 1651 55 119 U+3059 317 2862 62 123 U+3066 1073 1798 70 100 U+305D 704 1939 76 145 U+3068 120 1404 63 112 U+62FE 107 1932 99 99 U+8FD4 868 1284 108 110 U+3066 706 1801 57 109 U+308A 1483 1389 35 116 U+304F 321 983 49 117 U+8C46 1256 2350 105 108 U+3088 1082 1933 60 105 U+3088 317 2604 62 110 U+308A 1289 2976 39 126 U+3079 1063 2599 104 109 U+3056 115 1247 86 116 U+7389 877 2760 91 83 U+304D 1655 1802 71 109 U+3046 135 1511 36 157 U+306B 122 3279 53 63 U+304B 696 2472 95 121 U+3053 1082 2886 70 119 U+308B 710 3380 38 95 U+306B 1090 1016 41 90 U+304F 328 2710 41 127 U+3046 520 959 29 111 U+306E 1070 2470 71 119 U+4E0A 1453 1953 92 109 U+3084 482 872 95 83 U+304B 1265 2478 89 103 U+3055 896 1544 53 107 U+306B 1089 1662 36 132 U+306B 718 1678 34 122 U+307E 711 2738 74 116 U+304F 1094 2035 41 124 U+3069 1682 2457 65 117 U+3068 1298 2865 35 109 U+308A 333 2985 38 132 U+306B 523 3133 50 121 U+3068 723 2360 29 76 U+308C 119 2327 89 135 U+62F5 92 3393 97 110 U+3056 704 3275 76 104 U+3064 1264 2103 76 85 U+304F 1477 3104 40 123 U+3068 519 2864 43 133 U+5165 110 878 91 74 U+306B 898 875 35 121 U+4E00 1637 894 94 16 U+3078 311 3443 80 43 U+3068 329 1118 25 126 U+30C4 1724 2297 41 50 U+4E00 303 2100 83 18 U+30EC 176 965 53 25 U+3044 113 2221 79 90 U+3078 890 2123 78 32 U+30EC 761 1220 49 19 U+308F 731 2860 33 110 U+304B 1488 1262 33 135 U+3057 730 2964 32 149 U+309D 718 981 24 89 U+30C4 934 2573 44 49 U+3057 1687 1664 20 139 U+3082 520 3000 51 135 U+30EC 569 3371 43 23 U+30BB 1147 2831 30 43 U+308B 149 2463 44 94 U+3057 918 1400 17 126 U+3005 1487 2062 29 82 U+3057 533 1233 18 152 seg_fp 772 1503 31 44,200021712-00042_1
U+4E32 958 942 72 144 U+306E 959 837 73 77 U+4E2D 1548 2027 75 121 U+5165 1527 2301 117 67 U+540C 383 1230 80 90 U+3066 1352 3235 77 79 U+306E 1552 1906 68 85 U+5E73 567 1913 105 120 U+7AF9 1154 3354 103 106 U+306E 1355 2180 68 87 U+306B 958 1110 83 75 U+65B9 1350 2564 80 108 U+306E 203 1643 65 90 U+6E6F 1540 1756 96 130 U+3066 1167 3239 67 79 U+53D6 1333 1090 114 105 U+5473 961 2827 102 108 U+4F55 1723 3351 113 113 U+65B9 191 1902 82 98 U+3092 1758 2294 62 101 U+5165 1736 1911 101 79 U+5375 189 1221 92 111 U+662F 1527 1491 111 113 U+662F 1148 1516 91 112 U+306E 593 2154 61 98 U+51B7 1350 1611 109 106 U+6BB5 578 1355 98 105 U+714E 1522 2421 110 135 U+3066 787 2316 64 88 U+6268 1729 1768 116 96 U+3092 1161 835 65 88 U+5473 772 1087 86 101 U+53C8 759 2862 112 81 U+306E 1352 2445 73 94 U+307F 772 1780 96 86 U+304D 1359 942 63 112 U+524D 364 943 97 134 U+307B 1168 2037 65 90 U+3092 1554 1641 61 94 U+4EC1 755 1639 109 98 U+539A 1726 2419 97 131 U+65B9 570 3364 91 100 U+5E45 1140 2423 108 128 U+3055 967 1228 77 75 U+3082 1557 1082 67 101 U+7BC0 1345 2286 93 137 U+7D19 1731 2566 112 102 U+53E3 1747 2184 72 57 U+3068 1156 960 80 130 U+7E1B 1525 1213 112 128 U+4ED5 183 1768 103 101 U+308D 788 2554 85 135 U+7B52 1338 2022 100 123 U+845B 771 2954 91 145 U+714E 1521 3198 102 145 U+9905 178 1488 102 125 U+9063 583 3106 79 118 U+3046 793 928 33 136 U+306F 388 836 58 59 U+3092 1166 1649 64 83 U+5F15 784 2159 76 125 U+6885 756 1486 117 120 U+3066 1546 1372 69 71 U+76BF 574 2050 97 67 U+3046 1771 928 33 138 U+3072 587 3231 80 110 U+306E 787 3116 63 66 U+3055 595 2300 57 81 U+308A 1187 3083 38 115 U+308F 1375 2975 44 98 U+7389 1354 3374 86 79 U+3082 1176 2838 54 108 U+3066 1359 1889 58 104 U+306B 1558 835 64 104 U+306B 1173 2265 51 112 U+9577 1132 2704 109 105 U+3082 1173 2564 53 128 U+3088 1363 2702 58 105 U+305B 785 841 54 86 U+3044 1159 1233 74 62 U+714E 178 1345 92 138 U+308A 1379 2812 38 138 U+3088 607 1639 48 107 U+3051 600 930 57 128 U+3042 783 3217 78 138 U+3068 612 1500 29 99 U+3088 799 2430 55 125 U+308A 1380 3070 37 126 U+304D 1166 2979 68 101 U+306B 394 1072 54 105 U+564C 964 2967 92 120 U+3064 1741 2985 87 91 U+3073 968 2671 97 124 U+3084 1727 836 100 88 U+308A 1179 1088 36 112 U+3088 1165 1769 61 125 U+306B 1765 1098 38 80 U+3044 1354 1249 78 53 U+306B 983 2023 52 99 U+5165 1729 1235 104 71 U+3082 590 1108 70 86 U+3059 977 1490 64 137 U+3066 1556 941 56 98 U+3066 1742 2840 76 87 U+5176 593 2841 55 122 U+3068 1363 838 51 104 U+706B 970 1897 82 122 U+304D 1170 1898 65 119 U+8CAB 1517 2565 112 132 U+3057 620 2396 18 153 U+3078 1562 2196 58 42 U+3088 1563 2968 52 94 U+308F 978 2456 69 87 U+305D 779 1908 73 119 U+3093 789 3354 75 101 U+307F 1766 3182 34 130 U+5916 592 2965 53 120 U+304B 799 1390 34 63 seg_fp 808 1221 41 71 U+3057 1009 1325 16 137 U+304B 807 2069 38 60 U+304B 604 835 31 91 U+3057 1777 1601 18 146 U+3057 617 1758 21 135 U+3055 984 2546 53 117 U+306B 1564 2710 46 84 U+3053 985 1621 38 95 U+3057 1582 2820 15 135 U+30EC 1613 2378 52 26 U+304B 985 2169 40 115 U+3057 814 2703 18 136 U+3057 1385 1743 19 149 U+3057 998 1717 24 154 seg_fp 809 1290 39 55 U+4E00 574 1261 94 17 U+3060 1365 1305 86 131 U+3057 1584 3353 16 113 U+3057 1389 1435 23 156 U+304F 1575 3061 36 107 U+304B 1007 3124 25 52 U+3053 590 2584 56 86 U+3057 416 1355 15 151 U+3093 969 3348 84 116 U+306B 1768 2707 29 118 U+30EC 1818 1315 58 21 U+307F 571 2733 106 75 U+3057 1787 2040 14 121 U+3057 1187 1382 25 113 U+308B 1766 1368 44 102 U+3078 1745 1517 87 42 U+3055 988 3238 50 110 U+3069 1185 2144 36 114 U+30EC 1816 1992 53 18 U+3060 1181 1281 72 101 U+309D 1776 3078 31 102 U+3051 989 2316 54 131 seg_fp 975 2278 50 62 seg_fp 0 867 37 17,200021712-00043_1
U+306E 418 3276 84 86 U+306E 993 3025 78 87 U+306E 804 2505 82 87 U+3066 1749 2500 81 80 U+5408 1545 3248 127 123 U+306E 1369 2127 76 94 U+3066 1564 3388 68 84 U+53C8 1714 2617 137 93 U+306A 798 2871 83 92 U+306E 1360 1102 81 83 U+5341 413 1476 86 130 U+5473 795 2744 98 103 U+5408 1718 2342 146 113 U+5165 1720 3257 140 84 U+3066 794 3137 76 82 U+662F 415 2751 100 120 U+3066 1174 980 79 88 U+304F 823 3006 44 101 U+308C 791 2106 121 114 U+53F3 1146 2610 116 109 U+5375 401 3141 108 111 U+5165 763 1991 139 89 U+5EFF 1545 1978 97 96 U+767D 1930 1317 79 105 U+4E94 1926 1715 92 90 U+9152 1741 1083 97 109 U+81ED 800 2604 80 136 U+51FA 987 1595 82 111 U+5375 592 1608 113 119 U+8336 1154 1951 115 136 U+82DE 580 1466 127 130 U+304D 437 2622 62 110 U+3080 1748 3377 91 98 U+53F3 1342 969 98 103 U+3059 994 1729 83 108 U+5927 580 1350 112 110 U+65B0 1536 1210 104 126 U+3064 1734 2104 102 110 U+676F 1724 1326 119 111 U+564C 1927 1575 94 121 U+888B 404 3373 109 117 U+65B9 580 1979 113 117 U+53E4 1744 969 92 107 U+3088 820 3242 59 107 U+307B 1562 2212 79 117 U+9262 1723 2738 118 118 U+305F 422 1095 77 132 U+3070 1940 961 87 85 U+3051 991 978 85 123 U+4E2D 1002 3124 66 141 U+306E 605 1733 122 91 U+6F2C 802 975 87 143 U+3068 413 2490 91 134 U+5C24 980 2113 89 97 U+306B 990 1481 86 74 U+4ED5 578 1868 125 89 U+3092 1180 3257 75 95 U+6E6F 989 2860 94 128 U+307B 1938 2094 75 99 U+5341 1927 1835 91 129 U+5473 1929 1448 94 105 U+4E2D 1370 2224 76 138 U+3066 990 1103 70 75 U+3092 1179 1233 77 87 U+306B 819 1868 58 85 U+3042 417 2111 88 110 U+306C 1366 2873 103 111 U+5165 1722 1475 133 69 U+7389 799 2370 90 84 U+3066 1557 1095 71 88 U+4E94 1540 2108 106 80 U+5165 1908 2348 133 79 U+304D 1766 2213 65 109 U+305F 1553 1592 89 112 U+306B 1187 2237 70 102 U+9905 1347 1209 119 133 U+3066 1373 2476 71 103 U+3068 1970 2856 38 109 U+7897 1156 2098 118 111 U+7CBD 385 3011 125 110 U+53F3 1909 2467 115 118 U+3082 1008 2235 68 95 U+5668 767 1713 145 128 U+8336 960 2347 113 136 U+5301 1941 1964 72 105 U+308F 435 1864 50 101 U+306B 1369 3251 92 71 U+307B 423 1626 78 103 U+304D 817 1583 57 117 U+4E0A 1927 1073 86 126 U+304A 793 1126 92 88 U+304F 443 2305 49 152 U+9905 1146 1093 121 127 U+308A 431 1967 51 123 U+304D 818 1212 55 118 U+5408 1937 3377 118 106 U+3054 446 1333 58 106 U+3079 969 1842 108 74 U+3068 1557 2988 87 138 U+305F 1181 2860 75 118 U+3082 995 2724 89 115 U+306E 1185 2763 71 93 U+3061 1958 2726 71 122 U+304B 1194 3395 50 67 U+3059 1181 1342 76 125 U+3065 1177 1703 100 118 U+304D 1571 1470 61 105 U+307E 437 1222 60 123 U+3066 1745 2988 79 109 U+5165 966 3398 144 81 U+3084 1356 3001 105 107 U+7BED 1347 1970 114 130 U+3082 1756 1725 85 93 U+3046 1391 3110 42 141 U+308F 1567 2461 48 121 U+3064 799 1475 93 107 U+308A 1564 2581 53 147 U+3054 1583 1828 56 105 U+6417 1921 3239 123 123 U+306B 1768 2875 38 107 U+307E 1576 1709 62 122 U+3059 1004 1209 46 137 U+3042 796 1348 87 113 U+306B 1011 3257 49 93 U+3068 1964 2195 36 121 U+304D 1568 3134 76 98 U+3055 1376 2613 68 111 U+307E 1184 2977 69 129 U+3057 1407 3329 27 170 U+4E00 404 1014 98 16 U+3088 1763 1835 66 101 U+3054 1201 3101 64 107 U+304F 1580 2837 38 140 U+3059 1376 1335 56 123 U+3044 1175 2355 87 90 U+3088 1563 2733 66 108 U+304F 1770 1935 50 121 U+3069 439 1728 60 112 U+3070 812 2280 73 46 U+3068 1581 2334 35 121 U+662F 1738 1584 119 123 U+3057 831 3368 24 142 U+3088 1964 2994 59 108 U+3053 1195 1466 49 99 U+3082 1954 2598 49 124 U+3093 995 2588 106 122 U+3075 1361 1596 92 101 U+3082 1779 3107 87 118 U+3057 1027 1952 22 147 U+4E00 1746 1247 87 14 U+84B8 1367 1834 92 136 U+3093 1369 1705 108 105 U+3044 1364 1465 107 81 U+308F 1013 2481 42 105 U+3081 1374 2736 83 133 U+304F 1014 1344 33 109 U+3057 1583 1329 26 144 U+30BB 1807 2444 50 40 U+306B 1391 2357 37 109 U+3082 432 2889 71 103 U+308C 1172 2458 128 124 U+3057 1583 968 20 119 U+309D 1209 1819 37 86 U+30A6 478 1567 33 63 U+30EC 1819 1543 56 25 U+30EC 1834 3333 52 24 U+304F 1964 3101 39 117 U+3005 1967 1199 28 89 U+3089 454 2222 32 83 U+3057 1213 1564 19 157 U+30EB 858 2068 75 28 U+30EC 2014 2428 58 33 U+30BB 2026 3450 39 38 U+30EC 1069 3465 55 30,200021712-00048_2
U+306E 1060 947 71 89 U+3092 474 1442 74 113 U+306E 1238 954 85 84 U+306E 286 1449 70 96 U+3059 1224 2342 90 140 U+306E 1425 954 85 83 U+4F55 433 1588 125 111 U+3066 269 1208 80 83 U+306E 1636 1207 65 104 U+3066 1426 3268 79 88 U+3080 1615 2733 93 107 U+536F 646 1308 105 118 U+3055 1234 1835 68 93 U+306B 1614 1731 104 80 U+3066 1622 2612 79 92 U+4E8C 266 2374 100 52 U+53C8 1597 3266 116 106 U+306E 87 1708 104 90 U+3092 274 2236 76 94 U+5165 54 3255 105 83 U+5C0F 1224 1716 93 83 U+306E 662 1831 122 125 U+4ED5 640 1959 117 101 U+53F3 1223 3388 92 100 U+3066 1230 3278 78 83 U+662F 476 2600 76 128 U+306B 1066 3406 57 84 U+304D 282 937 71 110 U+306A 282 2743 89 125 U+306A 76 2862 91 101 U+6C41 1422 1841 95 122 U+3072 843 1967 88 121 U+5E95 236 1559 130 128 U+308D 1612 2077 96 147 U+5408 255 1065 125 102 U+713C 247 1817 135 125 U+307B 475 1722 75 99 U+53F3 1402 3388 107 110 U+305F 474 1049 82 128 U+3046 1061 1955 45 138 U+306E 852 2224 113 91 U+3092 1233 1576 66 106 U+5165 1598 2489 124 74 U+3066 1629 953 74 82 U+3042 475 2878 77 129 U+3066 1231 2245 72 73 U+5375 649 1706 107 111 U+306E 1047 3272 114 95 U+85AC 845 2339 90 134 U+4E0A 84 1307 86 86 U+51FA 1041 2475 83 115 U+306B 1434 1204 79 76 U+714E 1408 2854 97 153 U+3078 277 1736 94 41 U+3082 478 2754 94 106 U+6C41 1038 1050 98 126 U+5916 1593 3390 113 114 U+307B 281 2495 80 112 U+3092 1426 1986 75 88 U+305F 92 1823 69 123 U+3031 493 3110 47 135 U+934B 252 1306 130 119 U+305D 83 2336 93 124 U+5473 1422 1578 103 108 U+3092 1046 1189 68 95 U+564C 1413 1702 102 125 U+3092 1030 2099 87 95 U+5668 1614 1331 108 112 U+53F3 1607 1067 100 104 U+3048 856 2087 72 102 U+3072 1230 2600 96 118 U+4F46 823 1715 121 111 U+3054 487 1315 68 83 U+8150 261 2077 101 138 U+71AC 627 1565 135 130 U+3069 1228 1051 119 129 U+53F3 70 1559 86 116 U+5438 1037 3014 98 91 U+307E 483 1174 75 140 U+3059 1634 2874 55 118 U+3059 1420 1436 90 128 U+306B 473 1949 83 116 U+3078 88 1469 78 48 U+82B1 636 1433 115 116 U+3079 1040 2741 102 83 U+306B 1641 2339 52 100 U+308D 90 2479 73 108 U+308F 488 2347 52 106 U+3092 82 2208 68 98 U+714E 79 923 87 151 U+8C46 267 1973 88 100 U+3066 93 1083 57 76 U+3046 1250 1412 37 150 U+308A 493 2449 46 134 U+308A 112 2584 40 138 U+3082 1054 3122 52 142 U+3069 315 2610 54 115 U+306B 1247 2896 54 67 U+3069 491 1818 78 119 U+3059 1060 2611 46 123 U+6268 60 3405 135 95 U+3066 270 3386 71 100 U+306B 1233 2114 92 99 U+3082 488 2182 67 140 U+65B9 661 2078 84 115 U+6B64 89 1190 67 70 U+306A 859 2495 78 119 U+3051 1058 1426 63 124 U+304F 1235 2496 72 97 U+305B 1032 1849 85 105 U+6900 1208 2731 129 117 U+7ACB 1407 3009 100 104 U+3089 471 3001 59 122 U+3093 867 1165 92 100 U+3088 1443 2606 52 123 U+3068 109 2739 33 107 U+3055 1055 1586 62 98 U+934B 1407 1052 110 119 U+3057 1658 3100 16 150 U+307E 103 1941 55 134 U+3089 1454 2341 41 143 U+305D 1056 2220 50 106 U+305F 861 1062 68 96 U+3066 474 2066 72 115 U+3068 501 3245 30 115 U+305B 1615 1862 80 93 U+3053 1441 2104 51 89 U+304F 1439 2722 43 115 U+3054 106 2067 49 105 U+3088 872 1436 53 119 U+3044 1230 3010 92 77 U+3084 1230 1317 89 93 U+3082 1637 1595 88 104 U+308A 860 2611 58 142 U+308C 1227 3119 103 131 U+3078 1050 2335 74 112 U+304D 281 3261 62 120 U+3093 1040 1695 107 114 U+3046 1652 2226 30 116 U+3068 471 3381 87 83 U+3078 1611 3005 103 63 U+3078 1428 2506 95 77 U+3068 886 1311 35 105 U+3057 1068 2852 24 144 U+3078 267 3007 99 86 U+3046 1439 1305 44 133 U+3058 1265 1962 62 142 U+3044 1612 1962 108 79 U+3057 884 1556 19 146 U+304C 104 2983 58 82 U+3057 888 1831 20 116 U+3057 1451 3120 26 155 U+30C4 347 2446 42 45 U+4E00 854 965 90 12 U+3068 1649 1471 37 117 U+3057 1461 2192 25 132 U+3057 112 3066 20 135 U+3057 306 3121 21 137 U+304B 1066 1342 39 84 U+30EC 1711 2565 50 30 U+30BB 342 1151 43 47 U+3089 300 2866 38 135 U+4E00 462 967 96 11 seg_fp 1266 1199 19 112,200021712-00051_1
U+86E4 414 1022 102 86 U+306E 1577 1651 65 87 U+306E 1756 3228 73 69 U+306F 827 1155 67 79 U+662F 799 1004 98 118 U+306F 1384 2838 73 86 U+53F3 1757 1137 83 95 U+6C41 611 890 86 105 U+306E 438 2321 95 78 U+86E4 415 1790 109 106 U+5927 614 2568 91 95 U+67FF 1748 1270 107 104 U+306F 1576 2452 73 81 U+53F3 1747 3085 88 107 U+629C 793 2572 112 101 U+53C8 1957 2715 81 69 U+3066 1577 1273 69 79 U+306E 621 1032 92 74 U+5E73 1566 1398 88 108 U+86E4 803 1269 111 95 U+53C8 1551 2326 85 66 U+662F 1948 872 90 123 U+53F3 802 3215 94 85 U+5408 1361 1514 111 102 U+65B9 1373 2703 92 99 U+76BF 1565 1538 86 57 U+4F46 1932 2582 110 79 U+306E 1564 3240 99 84 U+306E 1963 3091 63 94 U+8336 1554 2571 108 124 U+3082 1970 1019 66 92 U+3068 1759 2825 81 121 U+306E 826 1924 76 94 U+6BB5 1384 1787 90 98 U+540C 1190 1147 70 89 U+3042 1575 1004 70 121 U+3059 1951 1130 84 135 U+677F 809 1787 104 98 U+3066 434 1655 72 89 U+8EAB 429 2166 81 120 U+3092 441 1147 63 92 U+6CB9 1951 3219 92 99 U+3092 1963 3351 71 91 U+3064 1371 3103 87 104 U+3079 1945 2307 91 76 U+3092 833 1402 70 91 U+5315 1773 2457 65 80 U+3072 1378 2569 73 99 U+714E 1735 872 104 125 U+6CB9 1754 3349 90 93 U+3068 450 896 34 101 U+306B 1590 889 42 76 U+524D 1164 883 96 126 U+9D72 1740 2300 110 122 U+305D 624 3082 89 92 U+706B 1950 1524 82 107 U+306E 1007 1660 91 91 U+3092 441 3090 70 94 U+88B1 1351 894 111 101 U+9EBB 1947 2953 101 124 U+96E8 998 1414 92 98 U+306B 832 2839 69 88 U+8EAB 814 2694 89 111 U+3046 652 1887 39 149 U+308A 462 3316 40 116 U+3052 1582 1120 74 121 U+4ED5 999 1790 93 99 U+65B9 1002 1919 83 95 U+5375 1006 1534 88 102 U+306B 1969 1666 44 80 U+5353 1560 3344 80 114 U+306B 451 2713 58 78 U+3046 461 2550 37 145 U+751F 824 2435 75 101 U+3088 1381 2053 56 110 U+6642 991 1259 101 126 U+305F 1775 1392 67 108 U+304B 1951 1787 89 110 U+3059 445 1918 56 109 U+305F 444 1267 61 118 U+308D 1371 2164 88 124 U+3092 1769 2203 64 89 U+307E 1778 1498 67 109 U+3031 645 3294 57 135 U+306A 442 2830 84 108 U+80E1 1934 2838 101 101 U+308A 458 2031 43 107 U+308D 634 3216 68 82 U+3055 1575 1779 59 105 U+4E0A 809 2053 91 106 U+308A 1574 3093 59 97 U+306F 637 2172 56 108 U+3059 428 3216 102 106 U+304D 440 1508 64 115 U+9063 1371 2458 74 102 U+306E 1385 1157 61 72 U+306B 649 2062 47 71 U+3068 1404 1913 32 107 U+3059 1778 1639 51 133 U+306B 1774 2583 51 110 U+308A 1776 2944 48 126 U+304F 650 2378 36 135 U+5408 1755 1914 88 104 U+3066 827 2282 55 107 U+3044 1377 2985 81 38 U+3082 1387 3340 57 104 U+308C 1394 3208 43 123 U+308A 656 1254 34 120 U+6839 608 2692 109 130 U+3057 1409 2304 15 129 U+307E 820 1531 83 118 U+3066 1764 2690 55 96 U+3068 1410 1262 30 112 U+3066 633 2954 60 86 U+3066 824 3071 77 90 U+5869 792 3340 122 92 U+3046 1586 2903 37 145 U+306B 1203 1009 46 100 U+308A 1792 1768 32 135 U+308A 1583 2716 44 95 U+3084 1547 2814 101 86 U+304F 1974 2178 33 91 U+3057 1983 2421 15 123 U+3084 611 1780 107 101 U+3057 1604 1883 19 152 U+3051 1969 1916 63 128 U+7533 653 1389 35 130 U+308B 465 2940 45 102 U+3084 445 2449 75 99 U+3057 1217 1255 16 144 U+3055 639 1142 61 111 U+308A 1404 1376 51 120 U+30BB 1444 1615 37 37 U+306B 832 2168 54 118 U+3084 625 2290 87 87 U+306B 643 2835 52 117 U+4E00 1374 1702 90 15 U+306A 830 1655 59 84 U+3053 1578 2071 36 89 U+306C 628 1636 81 137 U+3053 1978 1264 40 77 U+3057 1781 2057 30 146 U+3057 1797 1011 22 96 U+3057 1990 1352 25 146 U+307F 1563 2175 80 102 U+3055 643 1520 53 99 U+309D 458 1385 31 126 U+3057 1982 2064 19 124 U+30BB 1811 2016 42 40 U+3082 1394 1021 39 114 seg_fp 845 2932 37 146 U+4E00 805 925 93 9 seg_fp 854 3325 34 36,200021712-00053_2
U+5341 282 1516 79 123 U+6C41 1050 1267 93 121 U+3042 281 2321 74 117 U+4E2D 92 1655 79 139 U+4F55 1625 1935 99 108 U+3092 862 2581 67 104 U+8584 1039 866 95 131 U+6728 61 3228 91 103 U+53C8 1052 3259 102 71 U+3031 286 2512 64 192 U+3092 287 1918 70 113 U+676F 75 2046 106 122 U+306E 481 2073 98 103 U+51E1 283 1380 78 111 U+306B 1447 1109 66 106 U+5408 1220 1255 135 104 U+53C8 1241 1825 82 74 U+5E73 1417 2187 100 112 U+307B 288 1660 79 88 U+76BF 1410 2334 119 71 U+5165 79 2718 95 74 U+76BF 857 1557 96 57 U+5C0F 96 1919 80 97 U+53C8 1635 1814 82 88 U+306E 96 1142 96 88 U+5375 458 1531 106 114 U+3088 1264 1516 65 121 U+304D 298 2969 65 116 U+8EAB 1050 2178 84 122 U+6577 1430 1519 98 137 U+6B64 98 1523 78 81 U+4E2D 866 1398 75 109 U+5207 1033 2987 105 78 U+3092 103 1404 60 99 U+306B 884 1667 58 80 U+5473 72 2966 96 113 U+51FA 673 868 79 114 U+306E 1430 2589 88 99 U+6268 258 3109 126 98 U+7A2E 1220 984 119 129 U+3088 1251 2461 71 91 U+306E 1242 3109 92 93 U+3088 1444 1808 75 91 U+52A0 72 2865 96 75 U+3082 1448 2440 52 119 U+91CD 1043 3096 87 112 U+5BB6 861 869 86 133 U+51B7 1037 2589 110 96 U+53D6 1229 1139 113 99 U+6307 1029 2047 104 112 U+5438 1237 2847 107 81 U+548C 1408 873 123 116 U+4E8C 87 2348 89 49 U+5D0E 460 1390 117 146 U+306B 112 2199 48 78 U+3070 1645 3123 55 88 U+9577 452 1249 115 126 U+6FE1 847 2309 102 118 U+65B9 462 2325 102 104 U+307F 1603 2854 112 122 U+845B 1241 2178 86 142 U+306F 1051 2444 86 110 U+4ED5 455 2193 114 110 U+306F 91 3143 57 46 U+3068 299 2703 36 125 U+3066 851 3392 82 75 U+7C89 79 1257 110 116 U+305F 280 984 79 119 U+3046 1666 1112 34 136 U+3068 695 1520 32 125 U+308F 295 2059 54 94 U+306F 1251 1960 66 40 U+3059 851 2708 92 138 U+3082 1257 2339 53 104 U+308D 670 1787 84 126 U+304C 1664 1283 38 69 U+3066 1445 1381 60 116 U+3068 280 2843 75 120 U+98DB 459 1664 106 125 U+982D 466 1938 105 107 U+3066 855 1140 82 95 U+306F 878 1296 56 50 U+3066 1260 1419 61 79 U+4F55 1418 2981 104 113 U+3082 1650 2195 61 108 U+3066 1042 2862 68 80 U+306B 1653 2086 63 111 U+306B 1651 2718 41 102 U+98F4 830 2447 116 109 U+6577 1224 2047 120 127 U+306F 1441 2839 79 104 U+6BB5 663 1390 114 105 U+3088 672 1661 61 129 U+308A 302 2151 44 116 U+305B 1641 1021 73 89 U+307F 1621 1391 104 139 U+306B 1069 2325 53 117 U+751A 1231 3217 93 140 U+3057 1275 2580 21 132 U+305D 1063 1126 69 125 U+308A 1643 3345 42 120 U+3069 306 1778 58 113 U+3046 122 981 37 129 U+4E00 1425 2097 95 18 U+7ADC 451 1792 122 130 U+3082 1447 3343 73 123 U+3062 113 869 83 110 U+307E 286 3239 52 101 U+305D 1617 2972 88 136 U+3082 1251 2965 56 130 U+307F 1037 1020 97 104 U+306B 1450 3094 54 127 U+3059 689 1012 52 124 U+305D 1635 1529 79 130 U+8336 1029 3352 122 121 U+304B 1660 892 44 56 U+4E00 1039 1433 103 17 U+3057 1469 1928 20 142 U+306B 1452 2715 60 123 U+3044 1632 2346 87 72 U+308C 861 1918 106 114 U+3057 1080 2712 21 150 U+3078 99 1840 81 54 U+3082 677 1139 91 113 U+307E 291 1102 59 141 U+304B 1649 3247 38 100 U+3054 301 1243 64 104 U+6C70 1237 3373 114 88 U+307E 1055 1640 80 118 U+3059 1065 1507 56 126 U+3082 1455 1686 51 99 U+3051 842 3225 91 171 U+304B 1469 1015 36 93 U+304B 1660 1696 40 51 U+4E00 1237 903 89 14 U+304B 873 3119 45 113 U+4E00 653 1305 96 15 U+306F 103 2455 39 117 U+3066 1434 3222 65 124 U+3093 254 3351 122 92 U+4E00 1046 1969 88 16 U+3053 872 2842 44 84 U+3044 76 2574 84 94 U+4E0A 844 2065 104 122 U+8033 65 3363 86 103 U+308C 1626 2432 93 137 U+3057 1284 1643 16 145 U+3044 862 1824 77 74 U+4E00 1240 2758 86 15 U+4E00 272 894 94 13 seg_fp 892 2956 14 142 U+3089 305 2441 27 98 U+306B 883 1029 30 97 U+3057 1471 1245 20 133 U+3057 701 1935 16 131 U+3057 1085 1757 22 151 U+305A 1645 2562 75 155 U+3005 884 2189 33 93,200021712-00056_1
U+65B9 273 868 96 111 U+6C34 857 2429 107 95 U+306F 300 1029 70 51 U+5C0F 289 2569 87 81 U+306E 1246 1643 89 99 U+6268 851 872 113 89 U+564C 1237 2557 92 128 U+3092 1249 2166 80 107 U+6F2C 673 1111 96 135 U+3092 1253 2705 70 95 U+534A 1243 3094 85 111 U+5473 96 2683 88 98 U+306F 1254 1139 77 77 U+307B 688 2554 71 120 U+5473 1243 2425 87 106 U+662F 1236 980 114 128 U+306E 286 2972 107 87 U+4E2D 1064 1650 75 119 U+5165 853 2701 98 72 U+6C34 1050 1906 105 101 U+534A 857 993 95 117 U+76BF 282 2713 89 59 U+3092 1062 2690 63 99 U+53F0 277 3180 93 149 U+306F 493 2707 77 90 U+76AE 867 2816 87 112 U+6B64 1051 1529 103 92 U+306E 677 1268 112 97 U+53D6 868 2039 97 94 U+304D 1263 2035 61 103 U+4E94 669 2291 92 97 U+306C 1245 1925 91 76 U+306B 696 1530 55 75 U+5948 662 863 112 112 U+3059 489 864 77 104 U+51FA 869 2170 83 100 U+56DB 477 1405 88 55 U+306E 1438 1664 95 90 U+826F 680 999 88 107 U+80B4 271 1240 94 128 U+306E 295 2301 102 95 U+306B 109 1117 76 124 U+4ED5 1419 1782 122 109 U+7A0B 1218 3352 111 105 U+564C 90 2814 90 119 U+4E94 473 1520 93 88 U+5408 1624 877 111 106 U+307B 871 1259 79 101 U+3066 1055 3361 91 93 U+5869 461 2551 118 105 U+5C24 477 998 89 100 U+4EC1 96 2570 87 81 U+714E 1229 1758 107 139 U+711A 845 1505 108 135 U+7CE0 1216 2285 137 129 U+53D6 268 1116 119 96 U+6E6F 1242 2825 94 124 U+51FA 679 3333 72 120 U+6F2C 671 1632 98 149 U+3078 1071 1826 72 37 U+3092 881 2967 60 98 U+3079 670 1918 94 64 U+3068 686 3076 70 124 U+8336 262 1767 123 120 U+3092 1069 1142 78 84 U+7CDF 657 1375 110 112 U+6F2C 1433 1376 106 145 U+6885 83 2430 112 114 U+3079 485 2313 104 60 U+5165 1056 2849 88 52 U+65B9 1429 1906 94 115 U+3092 98 2026 72 99 U+3082 503 2042 50 110 U+5408 1022 870 136 103 U+714E 1035 2954 98 124 U+306B 1258 2988 48 66 U+6301 461 2165 116 120 U+51E1 676 2181 94 87 U+5375 1427 1536 107 96 U+304D 881 1902 66 111 U+7CDF 1410 1242 138 129 U+305F 1056 2301 83 113 U+5206 871 1141 79 95 U+3078 871 2594 84 46 U+5341 480 1261 76 87 U+65E5 695 2444 50 75 U+6E6F 1057 998 99 120 U+3082 305 2807 66 117 U+3066 100 3074 63 90 U+3059 1651 1376 52 134 U+307B 497 1772 68 102 U+3059 108 1374 74 121 U+76EE 108 1905 62 81 U+3066 869 3360 70 65 U+3088 1072 2034 52 112 U+65E5 487 1649 65 90 U+305A 484 3077 92 112 U+308A 1071 2148 42 121 U+714E 1038 1245 99 132 U+304B 1633 1013 101 99 U+3082 298 2155 84 104 U+305F 1257 1260 76 110 U+3072 494 3333 74 124 U+3066 677 2957 64 86 U+3082 489 1128 78 93 U+306E 102 982 93 106 U+304F 1661 1208 36 119 U+306E 284 1510 110 113 seg_fp 1255 3242 39 69 U+3051 111 2283 71 116 U+308C 478 2942 91 134 U+3057 719 1994 20 170 U+3057 122 3315 19 139 U+4E00 282 2464 92 16 U+307E 1064 2416 67 133 U+3088 112 3188 53 103 U+3069 702 2670 36 130 U+308F 303 1921 55 93 U+8CAB 1031 3091 112 124 U+9063 487 3223 81 102 U+3057 902 2285 18 134 U+3054 1069 2545 44 96 U+3054 1268 1498 50 96 U+306F 121 1238 64 106 U+713C 92 1748 107 132 U+3057 515 2389 24 136 U+3093 283 2010 103 117 U+4E00 1243 904 102 15 U+3084 1630 1112 96 99 U+3055 895 3087 48 100 U+3069 889 1362 48 119 U+308A 890 3185 36 122 U+308A 699 3200 37 95 U+3079 1636 1517 87 83 U+3069 506 1875 63 155 U+3044 487 2845 78 86 U+3064 101 2182 77 101 U+307E 1269 1375 54 124 U+3057 1676 1625 23 134 U+4E00 279 3111 88 13 U+3068 897 1776 30 116 U+308B 697 1782 54 100 U+5F15 93 2947 79 124 U+3053 118 1490 51 96 U+3057 1093 1374 14 133 U+3057 138 1586 18 150 U+5F15 275 3353 101 94 U+3082 109 877 54 97 U+3057 901 1644 19 130 U+3057 1094 3221 15 116 U+3082 303 1388 51 104 U+3057 701 2815 21 146 U+30BB 1122 957 35 39 U+30BB 1715 952 45 34 U+4E00 289 1680 83 12,200021712-00058_1
U+306E 417 1511 102 91 U+5375 419 1381 95 107 U+306B 1598 1659 50 89 U+306E 606 1912 108 96 U+5165 1365 1013 108 70 U+5408 596 2929 109 101 U+5B50 791 1904 95 111 U+306B 1015 1394 47 80 U+306B 1402 890 55 77 U+5E03 1555 2026 95 147 U+3066 1180 2428 67 88 U+306E 606 876 90 84 U+306B 1195 3100 64 85 U+3080 1374 2042 80 100 U+3042 1374 2297 82 106 U+65B9 800 1505 84 113 U+524D 206 963 109 124 U+83D3 800 1746 90 144 U+4F46 214 3200 94 96 U+6C41 603 2024 102 119 U+3057 974 1646 99 95 U+51B7 1173 2162 111 103 U+564C 606 1111 86 114 U+5927 1565 1530 93 99 U+53F3 1545 3203 100 92 U+8CFD 1172 2926 92 142 U+306E 234 1241 101 104 U+307C 1570 2540 95 121 U+5149 989 3316 85 105 U+56DB 1178 2566 83 61 U+53C8 20 2431 99 85 U+4ED5 388 1642 120 93 U+306A 798 2282 86 96 U+6C34 6 2541 114 116 U+3057 1560 2416 78 92 U+306E 799 2950 93 97 U+306F 819 1673 62 44 U+5473 602 975 98 108 U+3084 972 2439 109 87 U+6B69 1353 3070 97 119 U+9577 205 1766 95 101 U+3066 1388 1140 61 79 U+5165 973 1529 126 71 U+3092 45 1747 64 113 U+767D 1587 1015 66 85 U+3082 1596 888 54 100 U+53D6 1175 1655 102 93 U+3066 221 3084 76 79 U+3052 1009 1222 77 144 U+3072 808 1378 78 103 U+4E3C 1549 3314 101 122 U+539A 1364 2817 89 118 U+3056 1595 1129 92 97 U+898B 609 2802 91 113 U+89D2 1184 2659 74 131 U+3056 820 2043 74 96 U+76F4 34 1886 82 123 U+304F 239 1898 37 112 U+3079 1187 1383 91 64 U+308C 1570 1892 94 117 U+6BB5 221 1112 119 109 U+304D 1395 1375 52 110 U+307B 1375 3364 71 62 U+3068 1585 1249 82 133 U+306A 1191 1128 79 120 U+307E 615 2277 75 104 U+304B 1381 1255 91 122 U+3052 233 2654 90 154 U+3066 1565 3061 74 99 U+3084 982 2931 81 107 U+3066 1564 2282 76 94 U+3088 1003 3073 53 102 U+3059 625 3072 56 106 U+5165 200 2949 116 82 U+3059 626 2151 51 122 U+3031 57 1252 44 117 U+304A 28 2686 85 61 U+3044 41 1398 83 53 U+304D 1185 3214 68 90 U+304D 226 2031 67 108 U+6268 1359 1925 106 82 U+91CD 798 2674 87 120 U+65B9 422 1768 71 102 U+3079 1374 1664 95 57 U+3059 56 2035 47 108 U+4E8C 596 1669 101 47 U+7ACB 1380 1527 75 98 U+3069 1192 882 88 126 U+534A 1376 3207 69 119 U+5916 618 2673 90 104 U+63D0 783 2538 114 112 U+3079 29 2150 101 81 U+3046 1597 1380 43 133 U+306B 1208 1005 48 91 U+306B 40 3074 53 99 U+308D 22 2795 92 131 U+3082 815 2815 77 95 U+5EA6 32 1104 95 131 U+306F 63 1023 47 41 U+306F 1008 873 63 102 U+4E09 582 1794 108 65 U+662F 43 867 71 120 U+3064 987 2798 76 127 U+3082 813 3327 72 101 U+306B 243 2807 52 90 U+3057 251 3307 21 116 U+5438 792 3210 89 77 U+306B 1206 2824 39 80 U+5176 589 2539 109 131 U+3057 63 2250 25 139 U+308A 1584 2660 42 108 U+304F 245 1557 49 166 U+3084 209 2554 109 100 U+306F 228 2296 75 108 U+3057 1408 2152 24 137 U+3057 648 3271 17 159 U+7DD1 392 1244 119 121 U+308A 1200 3307 46 103 U+308A 240 2145 50 141 U+304F 1008 3173 42 116 U+307F 46 1601 89 111 U+3057 1408 1749 21 135 U+3079 608 3188 85 62 U+3070 1006 1768 80 125 U+4E00 603 1553 93 18 U+9063 802 1247 80 124 U+4E00 798 3113 86 16 U+3057 1210 2281 24 129 U+3057 1214 1462 23 161 U+3057 831 1074 20 146 U+4E00 798 2458 91 17 U+3044 1575 1782 71 95 U+304B 818 2158 44 124 U+3078 803 987 85 81 U+306F 996 2167 78 103 U+3057 644 2383 20 128 U+308B 809 883 61 91 U+3057 1212 1969 30 176 U+3057 648 1250 17 159 U+3076 24 3302 95 108 U+3050 1371 2421 94 100 U+304C 67 1491 67 114 U+3053 1585 2820 49 65 U+3044 1194 1794 70 50 U+30EC 1450 1087 40 27 U+306B 1586 2184 30 86 U+3084 991 1149 86 78 U+3057 58 2931 22 144 U+4E00 1367 3010 76 16 U+3089 1022 1894 38 143 U+306F 1400 2730 45 34 U+308C 1374 2533 87 120 U+304C 1018 2540 61 95 U+4E00 220 890 99 15 U+308B 643 1403 31 83 U+3057 1025 975 41 159 U+3057 272 2408 22 125 U+30EC 294 3043 42 22 U+3057 1030 2275 33 150 U+304F 1006 2019 45 120 U+3057 1019 2643 24 140 U+3057 1591 2891 27 162 U+307E 39 3208 47 97 U+30EC 1067 1600 44 24 U+308B 1213 1244 40 86 U+3060 1203 1852 63 121 U+30B5 1436 2928 46 58 seg_fp 259 1461 36 102 seg_fp 257 1368 74 88,200021712-00060_1
U+6C34 750 1976 94 113 U+306E 1316 1718 92 98 U+4E2D 750 2230 84 127 U+5165 1884 1578 117 96 U+6B64 561 2615 93 92 U+306E 745 2112 102 98 U+4E2D 571 2739 71 140 U+4ED5 1305 1848 106 116 U+65B9 1321 1967 86 120 U+6C34 743 3131 100 107 U+3092 942 1719 76 102 U+3042 1518 1213 72 125 U+5165 932 2370 106 76 U+5408 1108 1706 116 117 U+4EA4 352 1963 102 123 U+53C8 551 1731 94 73 U+91DC 550 1851 106 118 U+306B 571 1988 74 95 U+5408 1883 1181 126 123 U+306B 769 1609 59 85 U+306E 937 3397 102 87 U+5408 1686 2353 118 118 U+3092 1700 932 82 114 U+6C34 1121 2738 105 103 U+5165 746 1731 99 65 U+5165 562 2110 104 67 U+3092 1902 2221 78 90 U+51E1 1120 1462 105 102 U+5375 1311 1587 105 116 U+306E 1906 3134 108 98 U+306B 1701 2245 81 93 U+828B 1688 2081 89 146 U+3092 753 3261 78 90 U+3092 758 1345 71 95 U+9152 362 2230 94 103 U+3066 767 2481 60 99 U+53F3 932 3260 90 102 U+4F46 1690 1842 101 92 U+3080 1893 1712 90 95 U+5408 943 1961 92 122 U+306B 943 1095 71 85 U+306F 1713 3026 66 64 U+9262 1873 1317 131 132 U+3076 1702 3385 130 97 U+5165 342 3409 118 70 U+3089 585 1321 49 125 U+3066 368 1593 67 89 U+3072 1904 2859 86 125 U+6CB9 1700 2871 99 118 U+3066 946 3160 68 69 U+3092 567 1096 69 95 U+3070 1130 2447 93 131 U+307B 370 1072 69 108 U+3092 367 2357 71 115 U+711A 933 1197 95 133 U+534A 366 3248 85 129 U+307B 1129 1846 80 109 U+98EF 913 952 118 128 U+304F 1150 2195 48 124 U+306A 943 2489 77 112 U+5EFF 563 3388 84 88 U+7C73 935 1583 99 122 U+4E94 349 971 95 79 U+711A 917 2860 109 136 U+96EB 549 957 96 130 U+3092 564 3270 71 86 U+3069 1159 1953 58 129 U+3093 1514 940 89 108 U+5927 1123 1067 88 108 U+306B 765 2377 61 103 U+53E4 366 2100 86 97 U+3066 1145 3398 65 86 U+662F 1882 2084 114 121 U+306B 1920 2491 49 74 U+9EA6 1106 1185 107 151 U+5C24 928 1354 90 93 U+6268 546 1596 117 99 U+305F 564 1220 76 101 U+4E0A 930 3015 105 88 U+4E8C 929 1875 94 50 U+6D17 1126 3115 92 140 U+53F3 1880 2994 104 120 U+304D 575 2470 68 131 U+6E8F 1697 2735 95 133 U+9EA6 1291 1300 127 147 U+3066 759 1859 64 69 U+5B50 575 3144 68 89 U+3088 1145 2348 48 101 U+3069 390 1186 66 124 U+7389 560 3021 88 88 U+676F 354 2623 98 126 U+5668 1884 2332 114 118 U+828B 1898 3239 91 143 U+3092 1132 1340 69 106 U+98EF 916 2739 106 120 U+9EA6 750 954 86 120 U+304C 1532 1586 68 87 U+51FA 1709 1316 77 128 U+3079 1708 1589 98 58 U+3064 1510 1351 86 112 U+304D 1532 1464 56 107 U+3078 571 2902 68 63 U+6D17 747 2860 85 142 U+3068 1541 1093 32 96 U+307B 955 2107 69 103 U+4E94 1120 1591 96 90 seg_fp 733 1447 105 132 U+3072 753 3001 76 98 U+3088 1135 2094 68 94 U+3059 1903 945 78 110 U+306B 1924 1463 48 81 U+5B9C 1506 1712 83 86 U+308A 1920 1055 48 105 U+3066 1141 2985 63 107 U+5C0F 368 2496 66 91 U+6C41 1898 3387 105 111 U+98EF 1291 1450 129 121 U+3066 1910 1963 62 103 U+308A 369 1429 61 150 U+3059 1722 2489 50 118 U+3051 1708 1177 94 127 U+3059 1713 1447 74 106 U+306B 1130 2874 75 112 U+639B 730 3374 116 107 U+3088 373 1711 66 109 U+308B 578 2244 57 91 U+3072 1138 3258 80 103 U+3088 768 2605 56 122 U+3059 1715 3135 55 127 U+3057 1736 1671 27 156 U+306B 385 2747 57 96 U+3057 593 1454 19 145 U+304F 369 1813 57 135 U+3082 948 1469 77 102 seg_fp 971 2208 34 119 U+308F 376 1340 54 87 U+304F 774 2723 38 121 U+308B 1735 2605 40 108 U+306F 380 3000 42 131 U+3088 1913 2598 55 137 U+4E00 1119 986 97 18 U+4E00 367 2914 82 24 U+308A 938 2599 65 129 U+3081 757 1097 75 115 U+305D 1922 2743 49 115 U+3057 1735 1949 23 130 U+304B 1713 1068 57 107 U+3044 357 3134 100 79 U+3068 600 2339 27 127 U+30EC 637 2192 52 31 U+3044 1695 3273 100 87 U+3057 1169 2579 26 133 U+30B1 993 3103 35 38 U+30EB 1011 2450 46 31 U+3057 1936 1825 19 140 U+3057 794 1202 33 142 U+3057 1542 1819 15 105 U+30EC 1980 1672 36 27 U+30BB 1987 1270 37 43 U+30EC 818 1808 48 18,200021712-00061_2
U+7AF9 1893 1529 104 102 U+306E 1904 1666 96 104 U+306B 1916 1156 65 93 U+65B9 372 1939 92 109 U+4E2D 569 1040 90 116 U+306E 965 1562 68 88 U+53C8 1709 2441 91 83 U+53F0 380 2921 84 151 U+306E 1716 1538 92 97 U+306E 1143 2313 98 101 U+306E 1327 1937 87 99 U+4E32 1908 1774 77 137 U+306E 1515 1540 101 113 U+4ED8 1507 899 101 108 U+306B 1917 2563 71 88 U+3059 1719 2565 69 114 U+4ED8 1704 1278 91 101 U+306E 1139 1167 95 94 U+306F 960 1305 90 88 U+6BB5 1520 1403 101 101 U+5C24 579 2066 84 95 U+4ED5 1315 2064 105 103 U+3068 950 905 87 128 U+306B 393 1055 63 85 U+76AE 937 1153 98 125 U+3081 1912 1020 80 109 U+5375 1325 1796 99 116 U+5165 370 1175 100 72 U+5E73 1898 900 89 103 U+306F 394 2074 81 96 U+306E 1143 1550 105 108 U+4E2D 1144 2055 82 118 U+3066 1722 2302 67 90 U+306E 1154 1950 70 96 U+3092 1724 1934 67 100 U+3066 772 918 62 85 U+306B 783 1454 61 83 U+5EA6 569 3310 93 110 U+306E 763 2968 118 98 U+306B 972 2583 73 88 U+3059 574 2686 83 144 U+3055 1914 2043 66 86 U+306B 1541 2327 44 83 U+53F3 751 2830 106 106 U+6D77 1711 1657 99 109 U+706B 1893 2427 93 105 U+3066 1910 2949 73 75 U+3082 591 2185 57 100 U+51FA 1143 1286 81 108 U+5BB6 1523 2184 80 128 U+3081 1722 3203 69 132 U+706B 950 2448 89 106 U+306E 569 914 88 96 U+3092 1922 3329 74 93 U+8338 1144 2415 82 151 U+3092 1722 3346 74 92 U+65B9 1324 2180 82 103 U+306B 1927 1926 54 95 U+70AD 960 2290 84 133 U+53F3 1683 1403 110 120 U+639B 935 3329 114 112 U+8336 1507 2043 109 135 U+76EE 1925 3206 62 92 U+306E 389 3342 93 90 U+3072 387 1811 89 108 U+3061 779 1306 65 124 U+306A 397 2690 75 98 U+3066 384 1295 74 74 U+3051 1920 2795 79 150 U+76DB 1131 1408 108 126 U+3092 1150 2946 60 105 U+958B 1145 2180 80 98 U+79CB 1113 1028 116 108 U+3082 393 3208 69 107 U+53D6 379 2324 101 102 U+70AD 1898 2290 96 128 U+677E 1311 1289 107 100 U+6D41 574 1289 115 107 U+3092 774 1935 76 93 U+80B4 1502 1653 93 139 U+3092 1145 2579 63 83 U+3059 1707 893 80 117 U+8338 1142 1786 89 157 U+714E 1308 1548 108 131 U+3066 1529 2706 65 63 U+305D 958 1428 85 115 U+307E 959 1668 81 120 U+8FBC 1327 1684 89 80 U+306B 965 3233 73 89 U+713C 570 1660 96 121 U+7686 1141 3074 84 111 U+5F15 375 3092 84 104 U+306A 1522 1810 83 106 U+8FBC 560 1565 106 74 U+3056 404 2454 98 86 U+51FA 1515 1020 85 124 U+305F 768 1567 80 100 U+8338 1315 1399 109 143 U+713C 751 1028 105 116 U+306E 766 3219 107 83 U+3088 1537 2809 55 83 U+3057 608 1896 30 151 U+677E 1124 1678 116 102 U+3078 588 1203 76 40 U+304D 1736 3078 60 110 U+3088 401 1397 62 119 U+306B 973 1899 62 127 U+3066 969 2168 61 100 U+3084 1703 2978 101 103 U+304B 408 2582 44 94 U+306C 1708 2052 85 105 U+308F 787 2056 54 106 U+80C6 1686 1783 115 135 U+3066 1911 1395 66 90 U+3075 1519 2553 76 115 U+308A 973 1032 45 108 U+3057 612 1409 22 136 U+3079 573 1819 113 53 U+308A 790 2160 49 132 U+713C 1906 3039 111 121 U+3088 783 2303 58 108 U+3051 967 2806 85 141 U+9063 368 1686 82 114 U+3051 962 3073 82 157 U+9063 1511 2428 88 119 U+305F 585 2320 81 107 U+3059 1524 1154 77 100 U+3068 768 2560 94 137 U+3092 595 2551 61 94 U+308A 1510 1915 76 139 U+306E 958 2961 65 106 U+4E00 1514 1317 93 19 U+7B20 753 3322 101 121 U+304D 789 2707 57 116 U+4E00 1128 936 104 16 U+3062 1157 2696 81 114 U+3065 580 3080 96 97 U+3053 1737 1010 35 98 U+3054 799 1790 58 103 U+3057 1744 1109 21 154 U+307E 791 1667 55 128 U+4E00 379 2240 96 16 U+307E 600 2424 55 127 U+308A 1170 3331 39 86 U+304F 795 2409 41 131 U+3057 1942 2147 21 138 U+3057 404 1517 30 157 U+4E00 382 2858 93 21 U+3057 1548 2929 22 146 U+304F 1169 2809 36 113 U+304B 1931 2682 40 115 U+8338 771 3075 80 122 U+308A 1753 2154 31 97 U+3046 778 1167 46 137 U+3053 1727 2698 49 104 U+309D 995 1787 30 87 U+304B 980 2691 42 112 U+3031 402 914 52 102 U+3053 601 2833 32 75 U+3057 612 2909 17 126 U+3057 1935 1264 19 127 U+309D 616 3178 26 80 U+30EC 454 1250 40 24 seg_fp 1153 3201 35 36 U+3057 1739 2806 30 150 U+3057 999 2023 25 140 seg_fp 1148 3247 31 36,200021712-00062_2
U+3067 1499 1304 85 109 U+56DB 1683 1597 92 56 U+5BF8 1686 1694 74 108 U+3066 1496 805 78 92 U+5200 1103 1709 86 99 U+9593 1301 1570 90 114 U+306E 1877 1710 89 87 U+7247 917 2629 90 119 U+6C34 1660 3153 131 94 U+3092 1685 3019 78 102 U+53C8 329 2118 107 94 U+5165 714 2502 128 81 U+8EAB 1292 1178 87 127 U+3092 728 3009 77 115 U+5C0F 1117 1580 87 83 U+306E 733 1456 86 79 U+3066 734 1182 76 84 U+3092 1306 2114 75 92 U+3092 1493 1577 73 103 U+3092 740 1709 65 108 U+76AE 1670 2880 107 120 U+306E 1106 2773 110 90 U+9162 1484 1445 95 114 U+306E 1298 1450 88 101 U+725B 1687 1037 75 111 U+3092 1684 1321 75 98 U+3092 936 2892 68 101 U+3066 928 1059 70 98 U+5E95 712 1829 106 105 U+4E8C 924 1736 84 51 U+3092 339 1453 70 102 U+4E38 1299 1840 100 93 U+845B 720 1302 93 133 U+306B 1700 3279 61 83 U+307B 942 1975 67 93 U+623F 1659 1167 107 139 U+3086 1493 2614 84 128 U+5927 1664 911 97 102 U+5165 1467 2105 121 72 U+6E6F 1495 1172 90 132 U+53C8 535 3027 85 78 U+306E 342 1204 76 89 U+306C 909 807 98 109 U+3066 1113 1951 68 121 U+307B 1688 1840 76 111 U+4E09 1683 1468 82 71 U+305F 728 2629 87 122 U+5408 507 1312 128 97 U+4E2D 1110 2630 79 106 U+306E 529 1985 103 97 U+56F2 1869 1572 91 111 U+3078 1297 1723 99 84 U+4E32 1306 1959 73 133 U+725B 1871 1180 84 94 U+3068 1500 2992 74 137 U+3059 1478 1708 95 137 U+304D 940 916 52 110 U+714E 521 1568 95 139 U+306B 354 810 63 111 U+8EAB 1113 2879 78 117 U+304D 1129 1446 54 98 U+8868 1668 2744 119 128 U+5E95 903 2758 107 107 U+7C89 719 1576 114 109 U+3069 954 2093 67 114 U+3059 740 2096 61 137 U+65B9 1868 1954 87 112 U+3092 921 1577 78 96 U+3092 1112 3021 72 99 U+3055 1311 3285 65 82 U+304D 1690 2237 69 107 U+3066 352 2618 58 117 U+305F 370 3263 52 112 U+7D19 906 1453 116 102 U+307F 531 1823 99 135 U+3031 1323 2997 51 120 U+304B 929 2239 84 92 U+304D 551 1176 56 114 U+3078 739 2013 78 41 U+308A 747 991 48 157 U+308D 1311 2881 59 116 U+307F 335 2337 93 121 U+3066 1496 2230 63 74 U+3068 1328 1041 30 115 U+3068 543 1047 68 133 U+306B 356 2488 60 135 U+3051 350 1964 83 121 U+308A 1517 3120 43 125 U+76AE 1301 921 92 104 U+308A 364 1696 44 122 U+7B4D 527 1443 103 125 U+6D41 537 2500 101 108 U+6D17 1488 917 94 131 U+3075 336 1579 99 118 U+4ED5 1846 1835 118 116 U+3088 1505 2344 58 109 U+306B 556 2392 56 99 U+679A 907 1845 112 101 U+308A 731 3246 56 125 U+3075 330 3133 106 128 U+3053 355 1330 49 60 U+3088 1705 2485 55 110 seg_fp 1854 1292 94 148 U+304D 928 1327 57 104 U+845B 323 1067 96 115 U+307F 1097 2474 96 133 U+6268 1087 1182 122 96 U+6268 1278 814 101 84 U+3067 1505 2734 83 105 U+3072 1500 1052 84 97 U+4E00 1699 821 71 15 U+306B 1704 2089 60 116 U+304B 341 2244 91 95 U+3068 1326 1325 39 122 U+3057 575 2629 25 143 U+307F 539 2885 82 106 U+306B 1127 1843 56 110 U+307F 1290 2606 93 115 U+539A 879 1183 122 146 U+3068 354 2769 64 76 U+307F 1112 1036 74 105 U+53E3 560 3292 55 55 U+308A 1701 2343 50 134 U+3054 748 2881 76 101 U+4E0A 1497 3286 77 83 U+307E 743 2754 67 130 U+306D 915 2467 102 127 U+3068 933 3027 72 82 U+7D30 1097 1315 114 97 U+3068 956 3255 31 124 U+304B 352 1847 51 117 U+714E 1860 1433 93 130 U+304F 718 798 86 101 U+3068 1322 3137 36 120 U+3055 1312 2229 53 104 U+3069 1720 1949 55 130 U+304F 561 2263 46 137 U+3082 361 917 44 114 U+308F 743 3145 48 102 U+3057 1336 2329 24 145 U+4E0A 550 3162 70 68 U+305D 1295 2752 89 134 U+3088 548 789 57 110 U+3068 373 2982 35 140 U+3057 1525 1927 22 161 U+3057 1145 2189 25 150 U+304F 356 2843 57 139 U+3053 1507 1838 45 90 U+304F 1712 2590 42 128 U+3055 1121 2104 56 90 U+3054 549 1726 68 99 U+3057 769 2330 17 144 U+3053 1316 2504 50 99 U+3053 1112 946 50 85 U+304F 554 896 44 128 U+3053 560 2786 53 91 U+304F 1516 2449 37 126 U+3053 757 2232 40 100 U+304F 947 3106 49 112 U+30EC 1558 2175 54 29 U+3057 1133 799 15 120 U+3053 1111 2373 62 98 U+309D 1527 2844 29 98 U+30BB 610 1409 34 32 U+3055 938 2334 61 118 U+30EC 823 2594 45 21 U+309D 764 898 31 86 seg_fp 1142 3292 29 63,200021712-00063_2
U+3042 788 2931 66 120 U+4E2D 388 1224 73 107 U+306E 1153 1353 78 95 U+5E03 1712 2526 98 135 U+540C 1343 1350 81 85 U+306E 969 1478 69 105 U+5375 1141 1222 100 113 U+5DFB 1705 2790 115 119 U+3080 1535 1224 88 90 U+306E 1158 1748 103 107 U+306B 1744 2697 52 73 U+306E 1925 1488 88 99 U+306E 385 1093 103 98 U+4E2D 962 2278 70 105 U+524D 1332 1087 93 107 U+5C0F 970 3069 81 79 U+76AE 577 2783 95 114 U+306B 1360 1229 49 86 U+53F3 561 3308 100 104 U+306B 1344 2928 85 98 U+51B7 1523 1487 115 100 U+722A 960 2003 102 102 U+5DFB 1720 1742 92 122 U+306B 786 2270 59 80 U+306E 966 2409 78 95 U+306B 978 3325 67 83 U+306E 969 1113 69 78 U+74DC 367 961 107 105 U+3092 1929 1885 57 96 U+3092 958 2143 81 102 U+3066 1725 2010 69 85 U+307B 1338 1888 86 128 U+9999 1132 1472 103 123 U+5473 1917 1743 91 103 U+6C34 745 2141 122 101 U+3057 767 3321 99 89 U+5948 381 3184 91 115 U+3092 970 2928 71 107 U+3059 1912 2005 78 127 U+767D 1924 1622 65 85 U+7269 1139 1624 102 112 U+306B 1544 2403 67 128 U+826F 392 3312 81 114 U+3068 389 2260 86 130 U+9752 950 1207 88 147 U+74DC 946 1352 116 113 U+3066 781 842 73 79 U+306E 1727 967 88 127 U+308D 1751 3193 55 108 U+305F 1923 3071 80 107 U+3054 982 2795 72 99 U+5200 984 3195 60 67 U+3088 1354 3182 62 104 U+306C 1917 2394 81 128 U+6F2C 769 2387 88 133 U+6268 1714 2139 116 89 U+3053 390 2802 71 123 U+307F 377 2927 91 111 U+3006 1716 1890 75 96 U+306B 1548 844 62 87 U+304A 385 1770 87 73 U+304D 1345 2267 65 113 U+3078 1532 2941 88 50 U+3044 1529 1887 85 56 U+5C0F 969 1606 85 89 U+53F3 1895 2669 100 103 U+304D 783 1340 62 108 U+304D 969 1742 70 108 U+4F46 1309 1621 121 88 U+3072 1541 3311 77 117 U+3078 393 1393 72 38 U+714E 566 2017 95 124 U+3092 1727 840 82 82 U+306A 968 2662 76 97 U+3068 586 3045 74 130 U+3046 1755 3296 33 123 U+3055 592 1838 56 77 U+306E 378 848 90 90 U+306E 1924 2794 82 96 U+3066 1342 2539 64 76 U+3082 1362 3046 45 104 U+3092 1736 2387 60 112 U+3055 970 2539 60 85 U+3092 585 2925 68 122 U+65B9 1340 852 78 93 U+308A 1368 2378 37 125 U+4E0A 1721 2261 84 119 U+304D 1525 2666 79 128 U+8A70 367 2664 108 106 U+308A 603 3176 36 112 U+65B9 1155 2010 80 110 U+306B 389 1619 74 104 U+3059 766 1209 74 130 U+53D6 760 2802 112 89 U+6268 373 3068 119 91 U+3066 1543 1728 55 105 U+305F 578 2411 86 108 U+82B1 926 1870 126 122 U+304D 792 2657 60 119 U+713C 1913 2920 105 121 U+3068 417 2529 28 117 U+8EAB 1323 2782 102 133 U+3076 1723 1462 108 126 U+3054 609 2637 57 121 U+305F 1917 1104 83 116 U+3066 1934 978 56 108 U+9063 1534 3193 73 117 U+53C8 748 3213 113 73 U+3057 768 1612 93 111 U+7ACB 382 1480 77 135 U+4ED5 1129 1891 117 109 U+6307 1334 2651 100 111 U+3066 589 1916 59 96 U+3082 1544 2530 62 109 U+308C 1530 1068 103 112 U+53D6 758 1482 111 89 U+304F 411 2387 44 113 U+3057 1378 1720 19 152 U+3057 1574 1341 20 136 U+306F 1354 1000 54 40 U+304B 586 1231 84 91 U+308A 1928 2521 58 147 U+306E 584 2283 97 94 U+590F 947 952 106 128 U+3088 794 950 59 106 U+4E00 953 876 90 13 U+3046 1560 2216 31 166 U+3057 1563 3023 21 137 U+3084 1514 2102 100 111 U+3093 1728 1582 89 122 U+8494 1919 838 91 140 U+304B 579 1461 88 93 U+3054 1947 3307 62 94 U+305A 1740 1204 99 123 U+3054 1940 1356 62 91 U+304F 1366 2120 41 132 U+3092 781 2545 68 117 U+307E 1948 3179 53 132 U+304F 800 1050 44 110 U+305D 1363 2012 46 111 U+3044 1536 972 79 74 U+307E 602 2520 58 119 U+3070 575 840 107 113 U+305B 1745 1089 52 78 U+3070 800 1716 66 142 U+307E 1941 1222 49 135 U+3066 576 1685 68 116 U+3057 1376 1464 16 140 U+3057 1957 2224 18 161 U+307F 371 2128 102 108 U+3057 427 1867 18 137 U+3089 809 1853 29 148 seg_fp 800 2049 30 47 U+304B 1555 2023 40 76 U+3044 1721 1332 93 88 U+308B 1558 2789 35 92 U+3053 1947 2132 32 97 U+3053 394 2030 53 87 U+3052 779 3048 92 144 U+308F 610 1328 35 90 U+305B 1733 2972 67 94 U+8CAB 592 2144 77 134 U+304F 597 1056 40 101 U+3057 1370 3305 22 132 U+3044 1727 3075 98 43 U+3089 615 953 31 109 U+3057 1565 1613 19 118 seg_fp 595 1553 41 141 seg_fp 1805 1692 37 33,200021712-00064_2
U+306E 1990 1769 71 89 U+306B 1802 2149 71 100 U+306E 468 1777 73 77 U+4E2D 1617 1107 75 127 U+5341 1601 1911 88 108 U+3070 1046 1235 93 77 U+306E 857 1648 88 90 U+306B 1807 2958 79 100 U+3092 668 3072 53 110 U+3092 1613 1762 74 114 U+306E 1045 2571 85 84 U+3054 1051 861 87 90 U+306B 683 1382 60 87 U+706B 1781 3089 100 110 U+4E2D 1986 1377 80 129 U+5165 1785 1105 118 82 U+306E 1224 3075 98 100 U+306F 659 1110 86 105 U+306E 1412 2181 95 80 U+6B64 1611 984 91 81 U+6C17 1041 2409 92 135 U+3079 1409 1369 108 77 U+3068 1605 3070 82 140 U+4E8C 445 884 105 57 U+5927 1034 2168 90 97 U+5C0F 1993 2957 88 75 U+5165 1969 2421 110 85 U+767D 1811 1889 69 98 U+306E 1987 1254 97 93 U+304B 1993 1905 82 68 U+308A 479 2254 49 130 U+534A 644 3198 90 112 U+3092 1987 2294 70 103 U+51FA 1234 1496 75 114 U+3053 468 1633 74 88 U+306C 453 3068 94 77 U+6E6F 655 1503 105 124 U+3078 1605 1280 92 56 U+934B 641 1237 115 111 U+3092 678 1657 63 98 U+4F46 1220 1782 100 95 U+5F15 1789 3331 83 117 U+662F 463 2671 83 118 U+711A 1785 1234 107 140 U+3066 1600 3345 67 84 U+4E39 839 1370 100 121 U+662F 638 981 108 118 U+3082 483 2819 70 90 U+3088 1051 1892 71 106 U+6B64 1223 2026 93 79 U+91DC 1393 2020 117 127 U+306A 1046 975 75 133 U+7C73 1980 2149 106 118 U+7CA5 1792 2016 100 110 U+676F 1986 3081 90 130 U+6BDB 1212 2942 95 102 U+3092 1995 2827 73 97 U+3053 2001 1130 70 88 U+3059 1244 1637 45 123 U+3060 1053 1745 85 132 U+3092 1792 3206 83 94 U+3068 1809 2688 80 145 U+304D 1606 3212 68 119 U+305F 1228 2151 79 127 U+304B 470 1120 85 91 U+308C 1042 1113 101 112 U+7261 833 1247 110 106 U+304D 668 2561 64 108 U+304D 1803 2829 73 109 U+5375 847 1503 95 115 U+53D6 1601 863 112 94 U+307F 466 2526 81 129 U+3066 469 1504 64 91 U+4E94 1597 2043 94 78 U+9152 1985 2680 90 111 U+714E 658 1759 81 146 U+304F 1436 1746 45 128 U+53F3 1987 1637 75 91 U+7D19 639 3330 116 109 U+308A 1622 2522 48 139 U+53E4 1990 2567 70 95 U+3088 1811 1490 70 101 U+3068 1425 1642 77 106 U+307B 1613 2148 75 118 U+3054 675 2929 59 117 U+679A 441 983 117 107 U+308A 1056 2919 39 131 U+3053 1244 2837 50 75 U+3078 1994 1535 86 57 U+305F 1434 2399 48 117 U+3080 1421 1212 77 117 U+65B0 645 2286 105 126 U+6268 1804 1776 95 91 U+305F 1610 1362 78 122 U+304D 680 2149 54 117 U+3054 1633 1614 61 110 U+3072 1221 1359 92 124 U+3075 1404 2285 99 115 U+3057 1410 2945 88 98 U+3031 1620 2878 46 161 U+306A 1041 3073 71 109 U+304F 1037 2682 75 96 U+3092 652 2020 78 127 U+306A 1806 2273 79 129 U+3059 1049 2780 49 140 U+4E71 449 2939 110 92 U+308F 1624 2421 52 104 U+7CBE 1028 2265 106 137 U+3084 452 3174 86 75 U+3068 1443 1876 39 123 U+4E2D 461 1890 83 132 U+3046 1249 2667 35 141 U+308A 1061 3181 35 138 U+4ED5 827 1763 105 119 U+3057 1450 1466 18 136 U+306D 462 1346 90 131 U+3066 1243 982 51 95 U+6D41 1412 859 105 103 U+308F 483 2162 45 89 U+306A 1047 1495 80 108 U+3046 486 3245 26 117 U+65B9 847 1896 85 112 U+305F 663 2677 71 131 U+3055 2019 863 51 101 U+306F 1057 1359 53 123 U+3054 1246 2406 81 88 U+3082 1224 2537 88 113 U+3057 2034 1989 19 148 U+3092 1411 2549 76 116 U+3057 1843 1601 19 157 U+307E 1630 1484 64 137 U+3088 1618 2672 52 113 U+4E00 649 896 88 15 U+3066 1427 2803 50 116 U+307E 1243 2274 58 134 U+3057 1265 1878 19 134 U+3068 1630 2260 34 123 U+3057 1085 2011 17 139 U+307E 678 2800 55 127 U+308A 1829 2393 40 128 U+305F 1224 3202 50 100 U+3057 1263 857 23 131 U+3057 1834 2513 22 163 U+3088 1248 1104 46 100 U+3055 486 1215 52 106 U+3053 477 2429 45 93 U+304F 1428 3312 54 123 U+306B 2019 3218 36 81 U+3053 1437 1124 44 85 U+4E00 2002 3384 70 16 U+304C 1830 1377 81 66 U+3057 690 2425 21 136 U+3044 1799 975 98 89 U+305D 1229 1215 75 140 U+306F 1825 868 40 101 U+3078 476 2031 73 94 U+304F 1619 2777 44 102 U+3070 1436 3054 73 143 U+3066 2012 968 45 99 U+3057 699 1898 17 127 U+30CB 508 3397 34 44 U+3057 1457 982 13 115 U+3057 1453 2663 32 148 U+307E 1234 3340 51 91 U+306F 1052 1659 65 70 U+3089 1448 3194 32 131 U+3066 1859 1201 41 33 seg_fp 2076 3045 35 37 seg_fp 1310 2645 27 27,200021712-00066_2
U+7518 1429 1391 94 108 U+306E 301 2939 104 106 U+306E 490 1028 104 85 U+306E 490 1532 97 90 U+5347 678 1644 86 125 U+3056 113 3059 97 81 U+53F3 1037 2806 105 103 U+306F 1063 905 75 84 U+306C 306 3199 96 71 U+5165 99 2815 118 81 U+306E 1246 1283 111 101 U+767D 115 2940 68 93 U+306B 123 2681 65 92 U+3092 686 2552 72 106 U+5165 275 3076 128 91 U+6301 1232 2931 109 127 U+306E 866 2694 110 86 U+4E09 1055 2055 80 70 U+51AC 1238 1000 96 124 U+76AE 870 2037 96 104 U+3066 481 2701 86 80 U+9152 1429 1525 98 108 U+51B7 468 3055 152 100 U+6268 662 3327 121 87 U+5341 680 2693 81 101 U+3042 859 1403 81 101 U+7518 677 1260 79 104 U+6708 108 1387 77 99 U+3067 1236 2667 99 138 U+65B9 1419 2033 99 116 U+5165 649 3205 126 84 U+76BF 1616 1791 100 62 U+3092 1066 1281 69 85 U+5165 268 1787 121 83 U+306B 1262 1543 61 80 U+53F3 273 1001 101 108 U+6708 485 1384 77 104 U+7518 863 2817 89 93 U+3092 1055 3328 76 95 U+304D 879 1649 61 107 U+98A8 280 2815 131 105 U+51E1 671 1137 96 112 U+53F3 468 893 110 103 U+3048 505 2421 70 107 U+9152 678 1389 86 101 U+6B63 474 1275 112 77 U+5E74 1231 2426 100 124 U+5165 1029 1541 121 80 U+7518 1053 1023 93 105 U+306E 307 1139 77 88 U+53C8 1612 1544 118 83 U+8FBC 1221 1791 114 82 U+5C0F 116 2436 87 69 U+4ED5 1224 1653 110 101 U+3066 505 3306 56 94 U+307B 687 1788 71 97 U+65E5 1074 2180 54 66 U+306E 1630 2038 107 101 U+306E 1435 1787 95 106 U+4E94 669 2810 93 87 U+305F 1063 2941 75 112 U+9152 1062 1154 82 97 U+5C0F 1623 1661 91 70 U+5185 1253 1395 78 109 U+3066 124 1109 57 113 U+3066 1059 1902 66 95 U+9152 490 1144 92 102 U+6F2C 1427 1637 98 138 U+69D8 287 3314 108 108 U+4E09 105 1275 81 63 U+3088 1641 1270 71 102 U+307B 1069 2296 70 104 U+3070 1254 2158 93 123 U+3092 306 2429 66 102 U+3092 300 1641 78 104 U+3044 111 2055 70 65 U+5375 1428 1281 101 110 U+3066 1055 2677 81 100 U+4ED5 1410 1907 118 102 U+714E 476 2150 100 148 U+9152 871 2948 88 92 U+307B 691 2935 72 122 U+53F3 852 2541 100 106 U+5BD2 1247 1137 95 122 U+305F 306 1266 76 118 U+76BF 100 2567 98 68 U+53C8 292 903 82 71 U+53D6 93 1910 116 96 U+5EA6 470 2017 116 127 U+3064 841 1544 104 105 U+662F 1232 3315 111 114 U+3066 309 2686 59 104 U+3088 305 1907 62 103 U+3078 874 3100 78 45 U+306B 1632 2173 94 111 U+306B 873 1905 70 116 U+3082 1266 2801 60 119 U+305F 685 2167 81 111 U+714E 852 888 89 133 U+3088 1642 2428 59 101 U+304F 314 2007 52 117 U+5805 1057 1399 96 108 U+9803 117 1514 83 111 U+304B 525 2307 48 114 U+306B 877 1166 74 87 U+5185 878 1773 67 127 U+7FCC 1233 2300 98 109 U+308A 132 1757 41 125 U+3057 529 2549 26 146 U+308A 887 2396 54 148 U+3051 1243 2032 85 117 U+6BB5 1632 1011 98 102 U+3075 288 2170 104 131 U+3060 120 2121 69 104 U+307E 1259 2560 59 111 U+3054 707 2403 60 102 U+3088 136 1662 43 98 U+306B 1073 1653 52 104 U+306B 501 1781 76 98 U+3068 111 3166 83 119 U+3068 1663 1132 37 124 U+3054 1087 3179 53 94 U+8CAB 856 1027 103 133 U+3078 1246 3096 90 41 U+3082 1643 2282 59 125 U+3054 326 1500 54 100 U+306B 689 2019 66 120 U+3069 709 3056 51 121 U+3082 1639 1896 55 142 U+305F 323 2301 44 99 U+3057 1286 3160 20 138 U+3092 1248 1916 75 108 U+3092 873 2172 74 101 U+304F 518 2905 40 110 U+306B 140 899 38 75 U+3057 718 987 20 137 U+307E 1070 3053 66 128 U+3046 137 3288 32 129 U+3078 687 915 84 42 U+3055 881 2279 65 112 U+3069 1079 2407 66 124 U+4ED5 840 3192 121 101 U+307E 317 1381 63 126 U+3069 713 1888 50 127 U+307E 705 2276 61 127 U+3057 900 1274 18 146 U+3088 523 2811 43 90 U+3057 1658 1392 21 134 U+4E00 680 1567 81 14 U+672B 484 1646 95 134 U+4E00 1630 937 89 12 U+3057 138 2232 25 170 U+3057 1660 2526 32 160 U+3057 529 3185 22 120 U+3057 148 998 17 115 U+4E00 487 1933 85 13 U+4E00 1251 929 90 12 U+3057 338 2531 29 154 U+3057 1086 2527 27 143 U+3057 1092 1755 29 145 U+30EC 378 1861 57 33 seg_fp 852 3342 45 77 U+30EC 185 2897 42 25 seg_fp 930 3344 72 70 seg_fp 948 370 89 170,200021712-00070_1
U+767D 384 1843 69 94 U+306B 386 2882 82 80 U+516B 1707 2614 94 71 U+6728 369 1972 88 103 U+6642 1712 3378 96 111 U+305A 1531 1695 88 119 U+306E 578 1725 100 97 U+4E2D 1918 3378 71 111 U+3092 961 3372 73 111 U+3092 1533 1313 64 115 U+5206 1715 2726 90 119 U+5165 925 2994 134 83 U+52A0 1310 2351 105 82 U+306E 1532 3388 88 90 U+3066 959 3118 73 94 U+5375 573 1469 96 97 U+306B 1724 2991 73 100 U+5473 1327 2464 88 106 U+706B 948 3251 91 99 U+306A 964 2226 78 97 U+6C41 574 1583 93 115 U+714E 1904 2858 86 126 U+7D19 364 3238 115 105 U+53F3 1698 1970 100 108 U+6268 930 1090 126 87 U+76EE 1722 2876 69 97 U+3092 377 2495 82 95 U+53E3 1156 2245 68 62 U+5165 1143 3124 104 82 U+725B 1135 1836 91 125 U+306E 379 3399 111 83 U+6B64 1914 3257 85 74 U+304D 1536 2342 59 103 U+5C0F 1147 2122 81 83 U+3059 1346 1963 60 127 U+306F 978 2008 59 42 U+306B 390 1589 64 90 U+5207 1132 2357 98 91 U+76F8 947 1464 95 93 U+4E38 948 2107 98 102 U+65B9 568 1969 94 110 U+5473 1522 3265 94 85 U+7389 1517 2492 92 86 U+306F 1735 1871 53 57 U+306E 383 2250 115 92 U+53C8 1129 1727 115 82 U+305F 1725 1457 72 120 U+4ED5 551 1862 116 89 U+714E 1711 3109 88 148 U+3054 1738 1703 59 108 U+5F15 754 957 88 114 U+306B 1905 1599 83 82 U+3092 1529 2603 70 100 U+9EC4 1513 3115 90 155 U+307E 773 1445 76 120 U+65B0 1505 2092 108 129 U+51FA 781 1838 73 107 U+5F71 373 2617 96 115 U+308B 1163 1466 53 94 U+308A 1540 2827 43 130 U+306B 976 1730 62 86 U+5E72 366 2761 97 91 U+5FDC 941 1567 111 135 U+5165 1483 3007 133 86 U+308A 1349 3347 48 138 U+85AC 578 1309 87 141 U+305F 1917 1706 54 133 U+3066 1926 2725 55 108 U+3064 1341 956 78 113 U+3089 981 2471 48 102 U+4EBA 953 1204 108 100 U+7389 950 1866 96 83 U+3046 1746 2219 32 135 U+5165 1131 1324 124 81 U+3068 1521 1458 85 140 U+305F 1530 958 78 106 U+69FF 348 2090 130 119 U+5408 1872 2102 136 125 U+8584 358 1053 105 141 U+898B 1895 1973 83 125 U+6817 1324 2994 104 116 U+6268 359 1724 114 91 U+3057 1365 2183 23 155 U+623F 1131 1983 87 123 U+3066 771 1688 74 99 U+713C 1324 2847 100 120 U+3076 1339 1065 96 131 U+3046 787 1309 33 121 U+3059 1148 2590 84 116 U+3078 1710 982 91 41 U+306F 1339 2730 78 103 U+308C 1719 1182 86 141 U+306B 1927 2228 54 98 U+3084 1317 1590 115 93 U+3066 1156 2991 63 90 U+4E8C 1316 3159 104 45 U+306B 1330 1834 85 102 U+308F 1541 2727 39 106 U+3066 1908 1840 64 101 U+6C41 370 1469 85 106 U+307E 1734 1574 56 138 U+3059 1904 961 77 127 U+3066 1141 1195 71 97 U+308C 1328 1199 102 110 U+3057 801 2189 23 176 U+304C 982 2353 75 122 U+8584 1898 1323 85 135 U+306B 1353 2618 51 111 U+3088 775 1075 59 99 U+3065 952 2745 103 114 U+306B 1153 956 62 107 U+564C 370 1327 92 117 U+3066 395 3098 53 100 U+3046 1359 1675 43 158 U+6E1B 1903 2460 114 137 U+3044 1722 1076 75 96 U+3056 1723 2094 78 126 U+307E 1549 1055 54 127 U+3057 1936 3068 29 161 U+52A0 1902 2363 106 74 U+82B1 364 2357 116 116 U+3078 1914 3019 85 40 U+3054 1549 1184 77 103 U+6570 944 1309 116 130 U+304B 1176 1609 33 62 U+4E0A 1517 1851 87 108 U+308B 1357 1434 41 118 U+304F 780 1174 44 108 U+3081 1919 1462 78 111 U+3046 1156 2465 47 127 U+4E00 945 2641 98 20 U+3059 792 1972 35 125 U+3057 983 960 21 124 U+3059 1708 2353 85 125 U+30C4 1013 2682 45 57 U+304F 1172 2693 51 123 U+3053 1930 1086 38 87 U+5473 373 1210 85 86 U+3078 1340 2098 80 70 U+308B 1749 1322 40 93 U+3056 1341 1332 91 97 U+3079 768 2106 89 79 U+3044 1714 2484 90 80 U+3057 1558 2213 21 127 U+3057 1759 3250 14 110 U+304B 1554 1599 31 76 U+3082 1149 3255 63 86 U+3057 1943 1175 21 136 U+3057 1943 2596 24 134 U+3057 1181 2842 19 148 U+4E00 353 993 108 13 U+309D 991 2848 37 81 U+3005 1559 1961 28 99 U+30EC 1040 3077 45 23 U+3057 416 2975 22 130 U+3057 807 1558 23 119 U+30EC 1216 1405 40 29 U+3057 1169 1059 40 130 U+30EB 1224 3210 33 36 U+308F 1355 3261 44 85 U+30EC 1593 3084 48 23 U+3088 1158 3392 34 75 U+30C4 1399 3215 42 30,200021712-00071_2
U+6C41 966 2205 89 107 U+306E 968 2085 94 90 U+306E 1920 2573 106 95 U+5C0F 971 2962 89 84 U+5408 394 2828 105 110 U+306E 584 1949 108 98 U+6B64 1536 2195 87 85 U+62BC 1517 1831 108 103 U+3066 1536 2078 74 89 U+306B 1538 1695 74 88 U+5916 755 1065 106 91 U+91CD 955 1301 89 118 U+306B 1739 2717 70 91 U+62BC 1327 1315 99 108 U+53C8 1706 948 109 79 U+4ED8 1523 1960 96 99 U+5341 1335 2088 94 97 U+767D 1921 943 68 98 U+3066 1533 946 73 83 U+5473 384 2451 100 95 U+8EAB 1145 1686 84 113 U+306F 1163 1344 67 61 U+3092 1913 1454 78 91 U+6F2C 1339 1559 87 131 U+304C 1149 2318 103 112 U+306B 1156 1838 66 122 U+306E 407 3224 97 88 U+3092 1539 3087 74 96 U+306E 961 1582 111 99 U+564C 375 2570 103 120 U+3092 378 1318 71 91 U+639B 374 2319 110 117 U+65B9 574 2195 101 108 U+6B64 1726 1061 90 78 U+767D 1729 1447 74 91 U+306A 967 939 69 97 U+53F3 1900 2192 93 107 U+7B2C 1717 2438 88 112 U+306E 973 2705 108 111 U+3055 1540 2712 77 84 U+6268 1523 1064 120 95 U+3059 386 1949 84 129 U+5584 566 1677 103 133 U+53D6 1151 3083 103 90 U+65B9 1131 1181 97 117 U+3092 396 2712 79 99 U+306B 403 1583 69 84 U+3075 1717 2083 94 106 U+51E1 1340 1950 88 109 U+3082 1552 2549 56 114 U+306F 1156 1967 74 97 U+898B 774 1186 83 98 U+5375 566 1565 105 98 U+3075 1907 1582 93 106 U+5C0F 381 1050 74 94 U+3060 406 3325 106 105 U+4E94 1328 2336 106 76 U+6B21 1712 2319 117 108 U+4ED5 563 2079 113 105 U+4E09 960 1970 79 63 U+3066 393 1809 66 107 U+3031 1741 2552 66 151 U+306E 972 3331 102 95 U+6B64 1916 1823 89 85 U+3092 1925 2968 71 95 U+3056 1730 1565 96 101 U+3068 1917 1184 76 133 U+6606 403 2958 88 100 U+3068 1540 2824 86 120 U+3056 1169 3220 89 72 U+5408 765 1312 103 139 U+8C46 380 1180 90 106 U+58F7 1515 1417 99 130 U+5176 763 940 92 104 U+3082 985 2573 56 96 U+7C89 557 1437 123 109 U+56DB 1346 2222 74 50 U+306B 781 1443 67 101 U+3092 1723 1952 67 92 U+6F09 568 1300 115 124 U+9940 361 1436 121 116 U+4ED8 1332 1446 87 94 U+3056 1932 1078 69 90 U+305F 1919 2337 83 104 U+3066 1354 2943 55 95 U+4E8C 964 1855 80 46 U+307E 1932 2444 69 95 U+3082 968 1437 66 95 U+304B 1922 3100 95 93 U+306D 1730 3076 96 113 U+76BF 962 3104 102 57 U+6307 1135 1557 101 111 U+306D 1153 2554 88 120 U+63D0 949 1173 113 104 U+54C9 571 1822 108 110 U+9262 1516 1185 106 113 U+8584 1907 2691 112 145 U+307B 1357 2574 70 112 U+51FA 1352 3079 76 95 U+3046 1943 1314 39 111 U+3046 1745 1801 35 133 U+3082 997 3210 52 87 U+308A 1942 1681 39 120 U+308A 1740 2187 49 120 U+304F 1364 1024 42 130 U+3079 1346 3190 99 72 U+3046 1540 2944 60 131 U+5E03 397 3076 113 100 U+3072 1152 1052 84 97 U+3068 1357 937 52 95 U+4E0A 1523 2322 97 118 U+5438 946 2448 123 93 U+308A 1183 2183 39 107 U+3075 1539 3213 95 94 U+308A 1573 3306 37 102 U+65E5 1363 2454 52 73 U+713C 1909 2835 115 114 U+304D 1161 2094 71 87 U+4E0A 1723 1178 86 131 U+3059 773 1569 54 119 U+304D 1360 1824 60 118 U+3092 1351 1712 60 109 U+4E0A 1911 1945 81 115 U+304B 1555 1576 35 66 U+3051 1751 3316 77 101 U+9C60 1143 2814 118 129 U+3068 1374 1157 27 142 U+306B 1543 2444 74 105 U+9063 1142 946 98 98 U+4E00 955 1098 91 14 U+4E00 1135 2744 108 18 U+4E00 364 965 103 16 U+306B 1734 1310 71 102 U+3068 1751 1689 37 108 U+4E00 1141 1471 94 16 U+4E00 1151 2996 92 17 U+3079 767 1697 89 75 U+304B 1562 1338 36 68 U+4E00 964 2876 81 15 U+3057 428 2152 16 141 U+4E00 961 1739 84 16 U+3055 1742 2952 54 122 U+3055 1958 3196 42 88 U+4E00 957 2367 92 15 U+3078 1917 2068 86 93 U+306D 1930 3343 87 96 U+304B 1760 3217 42 99 U+3055 1174 2433 56 116 U+304B 1746 2849 42 105 U+3057 802 1802 16 171 U+3057 1388 3281 15 147 U+3053 413 2074 35 79 U+3057 1379 2821 17 118 U+3057 422 1683 19 123 U+3069 1370 2686 52 111 U+30BB 480 2928 35 26 seg_fp 1974 3281 20 65 seg_fp 214 1329 80 142 seg_fp 230 1782 64 94 seg_fp 228 1700 71 79 U+30BB 856 1403 25 40,200021712-00073_2
U+306E 883 2213 76 80 U+308D 132 1189 72 105 U+306E 1633 3229 101 96 U+5BFA 1246 2071 95 120 U+53C8 1054 3112 120 76 U+767D 307 3209 86 97 U+4ED5 497 1836 106 99 U+306E 1447 1062 88 94 U+3082 883 1187 60 87 U+306E 881 2993 93 84 U+3086 1076 1816 77 107 U+306E 508 1700 110 94 U+828B 305 1163 88 137 U+5165 1434 2341 120 66 U+3064 134 2462 70 104 U+62BC 107 2331 109 103 U+6D3B 884 2085 85 98 U+5E72 1254 947 88 99 U+3081 1645 2206 86 112 U+6C41 1647 1060 83 114 U+5DFB 499 1441 99 114 U+6E6F 310 1692 103 119 U+6C34 1257 1827 98 91 U+3092 316 1315 71 98 U+306B 1457 1962 63 85 U+5375 499 1568 102 130 U+3092 316 2823 70 111 U+524D 1248 1945 98 117 U+9577 283 1040 103 104 U+306E 130 1834 99 88 U+7B46 871 2819 101 151 U+76AE 305 2690 114 119 U+306F 903 1865 58 37 U+6817 1260 2961 95 112 U+714E 1630 2580 92 135 U+4E38 879 2333 99 99 U+3092 1655 1838 67 100 U+662F 1640 2334 86 117 U+3066 1454 2467 63 79 U+3088 1082 2834 66 93 U+3092 1268 3358 69 81 U+3092 1656 2479 54 87 U+845B 868 928 99 140 U+52A0 1446 2971 86 85 U+3066 1654 1307 56 107 U+53C8 879 1587 105 77 U+306B 1468 3225 54 112 U+3092 128 1318 63 116 U+674F 1264 3213 80 111 U+3068 124 934 86 139 U+5473 1445 3087 102 97 U+65B9 509 1957 78 95 U+571F 872 2720 102 74 U+5F15 869 1080 98 102 U+306E 690 1176 79 117 U+3092 1075 1960 69 97 U+5165 1062 940 111 75 U+8CFD 1257 1423 105 150 U+3066 1075 2702 69 101 U+3080 887 2470 78 79 U+5E96 106 3204 103 122 U+5473 1443 940 96 93 U+6625 876 1691 112 117 U+3086 1640 1964 87 111 U+304D 324 3338 63 95 U+308A 1284 2688 44 129 U+304D 894 2595 66 88 U+714E 297 1819 102 130 U+3057 1068 1439 91 103 U+713C 1248 2819 110 118 U+5165 1054 2089 106 68 U+4E0A 304 2589 89 73 U+308A 1463 2189 46 133 U+304B 1085 2196 43 97 U+677F 110 1707 116 100 U+51B7 302 2328 114 97 U+711A 1440 2572 91 125 U+308A 1287 1674 44 124 U+4E00 304 951 92 18 U+5165 694 1311 108 59 U+305F 1642 2865 82 95 U+308A 320 3047 64 150 U+3088 708 2085 69 86 U+72EC 856 1957 113 104 U+3066 122 2183 61 109 U+3054 1659 3076 62 103 U+3080 1068 2455 83 89 U+307E 124 1454 82 123 U+306B 1658 1203 58 100 U+306E 1262 2221 78 99 U+306B 339 1967 55 98 U+7C89 1628 1709 111 102 U+6BB5 695 1820 104 102 U+4E0A 112 1956 91 118 U+3066 325 2190 60 110 U+3059 1072 1044 67 124 U+306A 124 1580 81 91 U+307F 1441 1190 97 101 U+304B 1091 3226 46 98 U+9EC4 1633 3330 89 133 U+3046 1473 1785 37 153 U+3082 708 1538 59 127 U+3079 1461 2731 85 47 U+7DDA 1251 2450 104 119 U+9280 1243 3100 125 104 U+3088 896 1304 65 113 U+3076 121 2587 105 98 U+306F 1456 3336 82 103 U+304F 328 1532 45 113 U+306C 1436 1575 110 118 U+3046 1093 1650 36 145 U+3057 1485 2808 18 138 U+308B 705 1429 53 104 U+304B 1259 1072 83 89 U+3089 1282 1289 41 129 U+3084 871 3107 100 90 U+828B 501 1293 91 136 U+308B 1667 2072 40 97 U+307E 1657 2967 61 127 U+3068 123 2841 90 116 U+304E 1276 2588 88 100 U+308F 1463 2095 49 98 U+308C 1441 1421 101 112 U+3057 1103 1255 24 175 U+3088 324 1428 57 113 U+3068 728 1951 29 103 U+306B 132 2077 59 113 U+3068 155 3059 34 129 U+3057 1680 1556 20 151 U+3076 1254 1164 104 127 U+3084 1068 1549 90 101 U+3057 1111 2951 17 134 U+3057 160 2681 26 148 U+3060 1455 1290 91 128 U+3055 330 2957 52 93 U+304F 137 2950 51 111 U+308A 1283 2318 37 107 U+3053 1634 1463 83 67 U+308B 705 941 55 98 U+3084 1442 1696 97 91 U+3051 1084 3323 73 122 U+3057 737 2185 21 167 U+3046 907 3194 30 139 U+3057 349 2449 15 123 U+3057 1098 2572 23 128 U+4E00 682 1726 96 18 seg_fp 910 3350 53 82 U+3082 712 1041 39 131 U+3057 1682 943 17 106 U+3057 1677 2722 15 131 U+3053 144 1070 34 85 U+3053 1098 1168 32 86 U+304E 1273 1578 77 95 U+30EC 1518 2414 43 24 U+4E01 123 3353 74 87 U+3057 911 1435 22 127 U+30EC 764 1385 51 29 U+3057 356 2064 30 120 seg_fp 1074 2293 59 68 U+3051 1065 2355 72 97 seg_fp 1151 1021 37 48 U+30EC 1155 2154 37 33,200021712-00074_1
U+65B9 639 3160 95 107 U+6C41 1412 2526 94 122 U+53C8 1020 1918 112 86 U+308D 1623 2415 60 95 U+306E 86 1756 91 102 U+306E 468 2164 102 90 U+6C41 847 1634 85 131 U+53E3 485 1027 61 62 U+306E 1029 2545 105 86 U+53C8 1400 1800 109 78 U+9577 1030 1021 98 107 U+306E 1227 1147 102 96 U+3092 1624 2153 65 93 U+5C0F 468 892 94 76 U+306E 848 2266 92 93 U+306E 669 1657 79 86 U+306E 1414 2042 96 80 U+3072 1612 2286 83 90 U+3070 1243 912 80 123 U+5375 82 1507 102 109 U+53F3 814 2144 112 92 U+306B 1034 3065 74 80 U+306E 852 1499 87 90 U+3042 664 1774 71 131 U+662F 1029 2915 77 124 U+8584 834 2388 95 135 U+80E1 650 1387 97 111 U+4ED5 59 1891 115 101 U+306E 1405 2405 96 95 U+306A 1231 1651 75 128 U+3082 1640 914 65 87 U+3088 283 1125 67 104 U+5C24 460 1769 90 90 U+4E0A 1225 3297 85 79 U+306A 1045 1524 67 128 U+5B50 1410 2296 89 93 U+304D 1626 2031 65 106 U+306C 1210 2423 103 75 U+3092 1040 2800 59 98 U+306B 488 1390 68 103 U+304D 1237 2537 60 103 U+306B 1035 1409 80 84 U+306E 1606 3321 99 87 U+3072 653 3026 91 95 U+3092 1236 1531 68 95 U+751F 1412 1912 83 91 U+305F 847 1262 83 120 U+3092 1426 1044 69 86 U+3046 1058 2386 41 135 U+3092 842 1783 76 84 U+9958 77 1245 101 119 U+304E 489 1126 72 100 U+3006 654 1022 75 94 U+304D 1425 1657 63 109 U+82B9 1394 3047 96 117 U+9EBB 640 1510 128 109 U+9EA6 86 1374 83 125 U+7389 1416 2174 84 73 U+65B9 71 2008 90 103 U+3064 470 2391 84 117 U+5DFB 640 890 112 112 U+7C89 1402 902 112 111 U+714E 1208 2273 99 138 U+306B 1062 905 55 89 U+3066 852 2769 58 116 U+3079 1217 1910 100 84 U+63DA 637 2398 119 120 U+4E09 1408 3313 83 58 U+3031 862 3120 50 164 U+6BB5 271 888 90 104 U+3084 1588 1913 115 120 U+306B 472 3048 59 111 U+6268 1604 1526 110 102 U+7C89 1009 2662 114 111 U+8336 460 1888 100 119 U+305F 1228 2669 80 107 U+307E 1039 2020 83 138 U+3066 1607 2655 73 99 U+3066 670 2257 66 108 U+5BB6 473 2019 95 124 U+306E 463 2917 77 98 U+3006 79 1630 80 97 U+308A 504 1235 36 114 U+6268 644 1256 112 103 U+3092 1221 3034 93 113 U+307E 1054 1267 50 115 U+3046 1600 3164 67 156 U+6B64 1217 3174 91 79 U+306B 675 2153 60 112 U+306B 851 2664 59 108 U+3053 1627 1037 71 83 U+306C 837 1905 84 103 U+3057 463 2275 99 122 U+3066 861 1114 61 100 U+3066 470 1621 76 112 U+3066 646 1145 79 68 U+3059 1410 1153 88 119 U+3075 1009 3169 111 117 U+3059 1613 1742 77 135 U+3057 686 2730 22 160 U+307E 1419 1536 82 121 U+3076 635 1907 128 125 U+9063 644 2908 85 117 U+713C 832 2541 114 105 U+306F 678 3331 48 39 U+307E 1618 2782 46 115 U+3052 1616 2528 83 123 U+307E 860 1374 67 95 U+306F 453 3166 89 107 U+3062 1044 2270 89 116 U+3092 1413 2666 67 105 U+304B 1439 3193 29 61 U+3079 646 2641 106 74 U+307D 471 2520 103 116 U+3082 479 2779 54 132 U+308A 1055 3278 42 120 U+307E 1232 2793 71 132 U+3062 1616 3048 81 118 U+3068 306 1020 21 91 U+3068 876 3287 34 115 U+304B 1257 1050 38 72 U+306C 1403 2773 94 141 U+308A 865 2006 39 115 U+3057 310 1252 20 141 U+3055 1051 1160 59 108 U+304F 1252 1374 44 152 U+3079 1030 1796 96 85 U+3062 1245 1271 70 106 U+4E00 453 3341 96 17 U+3057 1452 1371 18 159 U+308B 861 3010 42 109 U+304F 843 2926 71 86 U+3051 858 989 79 133 U+308A 1428 2910 43 136 U+304F 499 2632 42 117 U+3089 681 2031 40 106 U+3093 1033 2150 113 103 U+3093 1612 2897 95 105 U+3053 1435 1270 41 103 U+3078 1628 1402 87 80 U+308B 668 2554 63 83 U+3089 1649 1289 42 107 U+304B 873 898 34 87 U+3066 1234 2135 56 126 U+3055 1249 2033 44 91 U+3057 1659 1122 18 165 U+3054 1244 2919 74 87 U+3089 1053 1653 37 128 U+3046 1634 1650 35 100 U+3089 1244 1779 34 129 U+30C4 1496 3371 38 34 U+3057 509 1489 35 132,200021712-00075_1
U+6C34 746 2238 105 97 U+306E 765 2368 95 81 U+3070 583 1593 102 98 U+6C41 952 2619 90 120 U+3031 790 1582 62 137 U+306E 1714 1864 95 87 U+5473 1522 2115 96 95 U+306E 1714 1224 102 92 U+306E 1339 1235 67 81 U+53F3 565 1733 91 92 U+306E 1337 2618 95 90 U+306E 1728 3140 61 74 U+53F3 1516 1470 95 94 U+5165 1317 2101 117 81 U+5E72 388 3026 84 88 U+53C8 949 2259 115 76 U+306E 573 2776 74 75 U+6C41 1521 2358 96 114 U+672B 1715 1344 87 99 U+4E2D 765 2497 69 91 U+306B 1537 1995 67 95 U+3066 563 1226 79 78 U+5185 1714 1968 82 101 U+6C41 1145 1849 89 110 U+306B 1532 3396 81 83 U+4F46 358 1751 111 80 U+53C8 376 2387 108 82 U+53F3 1321 1104 98 99 U+3066 380 1618 68 74 U+98A8 365 995 118 108 U+306E 1723 2352 93 83 U+306E 961 1485 94 88 U+5E74 1711 2612 90 132 U+306E 391 3293 89 74 U+4E38 1315 1601 116 99 U+304D 1151 1234 62 104 U+6606 1150 3251 84 105 U+53F3 740 985 101 94 U+305D 576 2103 84 119 U+53C8 1703 1607 124 80 U+306B 378 1127 73 69 U+3066 769 2124 74 77 U+7F6E 581 3394 82 112 U+306E 764 3274 118 97 U+4ECA 1143 2361 113 114 U+306B 1152 1363 69 82 U+6D17 567 1347 96 117 U+5473 946 2358 104 93 U+53F3 1318 2485 94 98 U+308A 1365 3365 41 115 U+3068 1137 1118 86 116 U+53F3 955 1353 81 89 U+9BAD 371 3140 104 109 U+3092 1333 1477 75 96 U+6C41 1336 3005 82 105 U+306E 588 1873 55 72 U+714E 373 2110 92 130 U+564C 958 2483 94 118 U+7C00 580 2863 87 153 U+5165 760 2759 95 73 U+3092 585 2249 71 98 U+5EA6 1130 2487 123 110 U+306B 965 1893 74 71 U+3078 1157 3167 81 50 U+5473 1135 1592 99 105 U+3066 383 2269 68 83 U+3092 1529 993 65 83 U+4E09 1723 2498 79 69 U+53C8 1124 1486 121 85 U+5982 374 3421 98 71 U+843D 572 2359 100 131 U+711A 957 1985 88 118 U+4E0A 761 1994 87 87 U+9BC9 1315 1341 113 131 U+714E 1342 2230 78 124 U+65B9 1905 1842 82 105 U+3092 774 1243 64 92 U+5BD2 1698 1708 120 131 U+306E 574 3033 118 90 U+306F 1170 2660 56 40 U+5473 1339 2736 88 92 U+9BC9 366 1998 105 114 U+53D6 757 1879 100 85 U+306E 1156 2887 81 84 U+51AC 1711 1079 114 122 U+3078 572 1497 90 64 U+7AF9 558 2630 101 83 U+304D 978 1238 56 88 U+306E 1912 1604 98 91 U+3068 962 3271 81 126 U+3066 1342 2373 64 88 U+9BC9 1700 2226 112 108 U+3075 367 1241 95 114 U+564C 1331 2864 93 106 U+9C57 1512 1587 103 118 U+64B0 1505 1100 119 131 U+5BD2 370 2488 106 135 U+304D 586 1092 49 100 U+3066 1335 992 67 80 U+306D 1331 3140 97 89 U+3072 1721 2994 91 100 U+3092 1148 1983 65 99 U+9BC9 749 1099 108 114 U+3066 968 2145 62 73 U+706B 1531 3276 80 93 U+306A 1350 1722 66 89 U+304D 987 3395 50 103 U+306D 955 2749 87 97 U+3068 781 1742 47 103 U+3092 971 996 59 84 U+3066 1527 1361 65 68 U+3082 1534 1850 67 112 U+9BC9 1133 2746 113 112 U+308C 1147 2220 104 117 U+308D 779 1498 58 91 U+3066 1539 2989 55 104 U+564C 1144 1717 87 102 U+3050 1714 2749 105 105 U+305F 1545 2860 53 133 U+3082 1733 3251 54 107 U+70AD 1517 3130 92 130 U+53D6 1517 1241 97 87 U+308C 381 2764 98 110 U+307F 573 1997 88 103 U+3059 399 2646 45 117 U+304B 1746 1481 33 59 U+4ED5 1885 1722 119 98 U+3078 774 2643 84 64 U+306E 1731 3364 67 108 U+3092 555 995 76 99 U+305D 764 1353 83 128 U+564C 1505 2235 107 116 U+5BD2 1908 1330 99 135 U+306F 385 2931 75 34 U+3059 1526 2595 85 120 U+304B 1744 2108 30 61 U+304F 978 1759 39 110 U+306B 596 3260 64 95 U+3089 1350 1945 51 123 U+308A 985 2970 43 105 U+3057 806 3086 18 166 U+3044 1149 2119 80 88 U+4E0B 1152 3013 75 85 U+3059 769 2855 63 149 U+4E0A 589 3148 69 120 U+304B 402 1358 42 121 U+304F 1551 2706 57 138 U+3057 1175 974 20 122 U+3057 992 3104 19 139 U+3089 1737 2854 45 142 U+3057 996 1095 15 142 U+305B 388 1473 62 87 U+4E00 1709 1004 97 14 U+3057 417 1863 17 130 U+3070 1365 3250 58 113 U+3057 609 2497 15 125 U+3046 1545 2479 37 122 U+3053 788 3002 42 86 U+9593 768 3391 91 99 U+3070 988 2867 58 105 U+304C 1359 1849 69 94 U+3068 1549 1733 34 112 U+30EC 1396 2198 54 25 U+5E03 1136 3384 78 84 U+9BC9 1890 1476 114 117 seg_fp 191 1138 90 93 seg_fp 197 991 81 135 seg_fp 198 1238 85 121 seg_fp 198 1374 93 98 seg_fp 828 3356 64 52,200021712-00076_2
U+4E2D 532 2176 89 134 U+306E 329 3091 104 93 U+6240 903 924 99 130 U+4E09 902 2072 94 76 U+4E2D 341 3220 75 123 U+306E 1086 2711 103 97 U+306E 338 2834 99 76 U+306E 532 2077 95 91 U+5F8C 1667 1419 106 120 U+53E4 1472 2053 83 112 U+96E8 1087 2450 95 86 U+6708 916 2188 63 90 U+591C 1464 2817 99 103 U+6C41 337 2954 85 109 U+6C34 521 1937 112 105 U+51AC 1650 2559 96 122 U+662F 1275 1052 89 108 U+306B 917 1066 68 96 U+9152 1468 2184 89 114 U+53F3 521 1421 91 104 U+3092 730 926 67 106 U+6E6F 725 2177 93 121 U+306B 1487 2316 63 86 U+306B 345 2063 74 87 U+53F3 898 3084 88 88 U+65B0 1089 926 88 123 U+306B 1113 1434 74 76 U+5165 516 2452 118 61 U+3079 1463 3355 114 67 U+306A 1672 1813 83 88 U+4E09 1659 2977 72 62 U+3066 346 2298 66 104 U+306B 740 2327 53 71 U+5C0F 338 1554 87 71 U+306E 918 3223 51 68 U+8584 329 2416 89 129 U+65B9 143 3098 79 98 U+306E 1657 2706 82 94 U+308A 728 3309 54 134 U+6599 129 2566 97 118 U+65E5 1475 2576 63 73 U+9152 1289 1298 88 102 U+3042 1101 2833 71 110 U+5C71 1288 1575 82 79 U+4E38 336 1423 91 86 U+53D6 519 933 97 98 U+5176 1274 3066 83 127 U+3092 535 1812 68 99 U+5473 333 2568 88 91 U+3084 1656 2181 97 72 U+306B 1691 938 61 119 U+306E 530 1556 102 87 U+7A3F 1087 1286 101 112 U+3042 532 1054 71 111 U+6F2C 1463 2936 85 135 U+304D 544 3338 50 101 U+5165 151 1434 100 59 U+65E5 1679 3092 46 66 U+711A 128 2182 101 121 U+306E 1478 1049 93 87 U+3051 726 2547 79 125 U+5F15 1268 2822 84 113 U+6E29 724 2065 94 104 U+6625 897 1804 115 126 U+82DE 1083 1912 105 130 U+6CA2 1286 1418 85 129 U+53F3 338 1295 80 99 U+307B 1671 3197 75 97 U+3082 1302 1189 42 83 U+306F 1692 1347 57 35 U+91E3 890 1185 119 110 U+9BC9 889 3327 113 106 U+548C 501 3209 107 107 U+4E8C 911 1965 85 42 U+65E5 1684 2839 41 68 U+3066 1096 2279 65 111 U+7406 134 2711 99 84 U+4E0A 1282 2965 76 68 U+53F3 1464 943 89 84 U+306B 1486 1438 64 98 U+3079 907 1553 114 72 U+3066 1481 1669 67 91 U+3078 538 2355 81 51 U+53D6 707 1054 118 84 U+3088 1298 2569 59 108 U+306F 136 3256 81 36 U+308C 529 2576 81 121 U+306A 1301 1680 73 115 U+98A8 1098 2575 105 93 U+3066 151 1563 73 95 U+3052 541 1163 90 153 U+3072 150 2954 75 97 U+3088 1298 2056 53 95 U+305D 141 1677 92 122 U+308A 1300 2676 44 117 U+3079 147 2357 105 49 U+306B 1106 2069 56 91 U+3070 536 2698 80 85 U+3059 148 1046 79 125 U+304E 346 1800 90 97 U+3031 170 1900 54 155 U+564C 323 2692 97 116 U+9152 154 924 89 107 U+3057 705 1542 101 117 U+9BC9 518 1668 110 113 U+3059 529 2825 83 130 U+306B 1695 1559 51 108 U+3070 740 1658 68 126 U+308D 158 1823 67 93 U+304D 352 1156 56 118 U+304D 1112 1169 57 98 U+3066 533 1313 69 80 U+9803 904 2316 88 120 U+53E3 342 1690 68 61 U+308A 367 1898 38 133 U+307F 1669 2049 82 106 U+308C 1668 1170 97 120 U+307E 1281 3200 79 117 U+306F 1682 1673 72 99 U+3078 334 3392 83 34 U+3084 1655 1945 100 105 U+304D 921 2932 52 117 U+3059 1676 2291 52 123 U+3092 1465 3091 75 94 U+306B 921 2442 62 91 U+3075 886 2686 107 116 U+304D 737 2832 55 110 U+3092 712 2711 84 120 U+308C 1285 2430 102 103 U+3064 1101 1563 86 81 U+3092 907 1307 71 101 U+304C 1302 1939 61 75 U+3057 187 2428 20 125 U+9063 148 2827 71 125 U+304F 926 1408 48 130 U+3044 724 1180 67 55 U+308C 714 3051 100 114 U+3068 360 1043 40 110 U+3089 1120 3060 34 129 U+306A 1687 1053 63 116 U+3068 929 2825 37 105 U+3069 1683 3324 55 115 U+308B 1310 1791 48 97 U+304F 1491 1302 48 118 U+3057 1694 2409 34 131 U+307F 1121 1791 29 83 U+3057 564 3038 23 151 U+304F 1493 3185 42 106 U+4E00 1466 2735 84 15 U+3068 181 2053 30 115 U+3057 370 2161 26 138 U+4E00 1467 2477 89 16 U+3057 186 1256 17 163 U+4E0A 1469 1825 75 87 U+305D 726 2958 48 95 U+3088 742 3210 36 94 U+308B 1116 3335 35 98 U+3057 1315 2184 18 135 U+309D 1131 1642 39 89 U+309D 1304 3313 31 116 U+3057 1319 932 15 103 U+3057 1519 1531 25 131 U+304F 745 1904 39 118 U+3064 733 2454 69 94 U+30EC 216 1507 50 21 U+305F 1108 2942 49 116 U+3053 164 1169 49 72 U+3060 737 1243 80 99 U+30EB 595 2531 48 28 U+3089 760 1784 27 132 U+3057 374 920 17 123 U+4E00 130 3383 102 15 U+3005 1494 1917 36 102 U+3057 956 1642 12 143 U+3057 755 1343 27 172 U+9063 900 2569 83 117 U+3057 1137 1050 17 117 U+305D 1290 2324 51 95 U+3056 1103 3207 91 132 U+3053 548 2952 46 88 seg_fp 1126 2158 31 123 seg_fp 1506 1169 33 129,200021712-00077_1
U+306E 293 1010 92 90 U+306E 298 2059 67 91 U+306B 685 1547 69 74 U+9AA8 1242 2960 83 119 U+306F 1251 1676 81 83 U+3067 1445 3307 98 137 U+624B 1043 1777 92 108 U+53D6 1043 1921 104 97 U+306B 1059 890 78 97 U+662F 493 2183 79 109 U+304D 497 1390 57 101 U+5165 654 2050 138 85 U+306F 1641 896 71 56 U+5408 651 1906 123 105 U+3092 493 2706 63 94 U+5347 659 1386 95 121 U+306E 1824 3223 70 63 U+9803 1243 1526 83 112 U+9162 661 2703 112 111 U+306E 1251 1407 63 64 U+7269 1049 2429 106 124 U+3066 682 3329 70 104 U+711A 666 2291 99 145 U+80B4 1053 2038 78 125 U+51E1 662 996 97 123 U+5341 1635 3080 70 90 U+3092 1838 1016 53 98 U+5408 649 2942 122 92 U+53C8 1245 1027 93 79 U+3092 1815 1667 77 92 U+5473 1246 2300 96 99 U+5E74 1428 3077 83 128 U+53F3 1427 2054 88 98 U+98A8 1249 2191 95 91 U+99B4 1432 1532 95 107 U+3092 1259 3099 71 86 U+4E09 675 1802 89 70 U+540C 869 1275 81 95 U+53C8 1045 2199 99 76 U+5408 1801 1146 122 91 U+306A 1250 1798 78 88 U+62BC 1619 1013 105 103 U+3078 686 3213 77 63 U+306E 1440 2205 67 66 U+5869 660 1653 109 100 U+52A0 669 3078 93 82 U+308D 1251 2542 82 138 U+9032 1051 2295 100 112 U+53C8 1816 2967 103 87 U+51B7 489 3204 113 93 U+3092 485 1802 72 100 U+5185 300 1132 69 121 U+53F3 1813 1283 87 96 U+5EFF 1619 1542 94 69 U+5869 274 2166 115 101 U+9152 673 1134 89 113 U+548C 1224 3217 107 95 U+4ED8 1605 1148 107 101 U+65B9 865 1918 84 99 U+308D 1059 2960 71 94 U+306B 499 2314 58 102 U+3082 1262 883 62 105 U+307B 1641 1772 73 109 U+4ED5 842 1788 114 105 U+711A 468 2819 97 124 U+5408 266 3337 135 99 U+3088 1066 2825 60 99 U+307B 1643 3332 63 110 U+306B 1839 2277 56 97 U+3079 1835 2693 76 71 U+3088 1078 1395 57 112 U+309F 311 2302 54 90 U+98EF 467 2559 111 109 U+65E9 860 1410 88 109 U+62BC 1614 2433 100 104 U+3059 1630 2051 79 121 U+590F 1239 1136 94 124 U+3066 308 1357 53 119 U+53F3 265 884 94 93 U+306E 868 1665 74 89 U+3079 1435 1785 103 86 U+307E 1456 3215 43 96 U+304D 1648 1380 64 129 U+6C17 476 1524 96 148 U+6BB5 1056 1136 91 107 U+306B 1074 2581 64 108 U+305F 1834 1786 58 114 U+9152 476 1017 91 98 U+65E5 1641 3223 61 75 U+521D 1808 3094 102 98 U+79CB 1214 1275 110 102 U+3082 1078 2689 65 106 U+4E03 1631 2970 77 62 U+3081 1835 1392 63 132 U+3092 1250 1927 68 91 U+304F 488 1141 62 109 U+53F3 465 897 90 90 U+3069 1634 1885 95 153 U+5869 1802 890 110 97 U+662F 668 2435 90 132 U+3070 1467 2829 59 79 U+9999 464 1674 92 100 U+9B93 848 1540 110 112 U+3031 1276 2002 54 151 U+3081 306 3069 72 140 U+3066 1648 2291 52 112 U+304B 1636 2579 82 101 U+3059 311 2419 47 144 U+3088 1264 2424 56 120 U+306B 311 1255 53 106 U+3055 492 1248 60 106 U+308C 1442 2692 95 120 U+304B 300 2844 77 92 U+7A0B 1794 3332 122 109 U+51B7 481 1927 112 99 U+3066 491 2416 56 107 U+3066 687 2194 63 72 U+3068 1085 1253 29 116 U+306B 694 2569 56 102 U+3057 518 3321 20 138 U+308D 1653 2684 63 112 U+6F2C 1826 2410 85 148 U+3057 1471 1885 21 146 U+7FCC 1432 2943 86 118 U+3092 1635 1267 63 114 U+306B 295 3213 78 85 U+65E5 1654 1671 41 56 U+304B 1269 3348 36 75 U+4E00 669 1308 86 14 U+3066 1448 1116 59 104 U+4E00 1051 1050 78 14 seg_fp 329 2935 27 116 U+304F 1457 2450 45 99 U+3088 1461 1262 50 102 U+55B0 283 1523 129 131 U+3057 1861 2795 16 150 U+4E00 680 919 84 13 U+3088 496 2953 58 106 U+3057 1858 1524 17 137 U+3059 1455 2567 55 123 U+304B 313 1674 34 70 U+308B 1467 1680 38 88 U+30EC 756 2143 51 24 U+4E00 677 2868 74 15 U+3069 1480 881 56 104 U+3093 297 1899 106 113 U+3053 319 2562 37 103 U+304F 1669 2791 34 118 U+304F 1844 1898 34 104 U+304F 1278 2837 29 102 U+304F 504 3056 42 110 U+3093 1833 2131 81 109 U+3057 1092 1510 17 150 U+3057 1094 3054 19 144 U+3057 1283 2682 17 166 U+3055 1846 2036 34 90 U+304F 1462 1367 38 114 U+4E00 1054 1696 79 14 U+304E 1646 2172 68 121 U+3057 526 2042 14 133 U+3057 334 2660 17 149 U+3052 281 1769 107 126 U+308B 1869 2561 30 82 U+30BB 1891 1245 39 31 U+3057 1477 987 29 134 seg_fp 1463 2324 35 123,200021712-00080_2
U+90E8 1605 2662 112 151 U+4E09 1620 2892 95 78 U+5408 649 1918 99 84 U+53F3 656 810 81 85 U+3082 477 1093 63 78 U+6B8B 465 2598 99 77 U+6599 454 805 105 99 U+7CBE 258 2858 97 99 U+5168 1228 2522 111 119 U+306E 91 2382 65 56 U+4E14 461 2945 80 79 U+90E8 1212 2667 113 154 U+5168 1606 2514 114 106 U+5206 255 3110 110 87 U+7269 268 1467 93 81 U+304D 655 2979 94 95 U+901A 463 1788 86 92 U+306E 459 3341 77 55 U+308D 1096 2555 48 74 U+540C 1502 1090 64 75 U+3080 668 2780 76 65 U+518A 1218 2992 107 99 U+518A 1605 2994 118 95 U+6301 461 2161 99 87 U+65B9 86 2022 67 107 U+5C24 468 1633 77 83 U+6599 1469 2417 79 95 U+9B5A 261 2660 88 85 U+3032 485 3212 69 116 U+6240 461 2090 85 71 U+5BFA 100 876 70 108 U+306E 659 2691 90 86 U+53C8 268 1202 88 69 U+901A 652 1318 79 96 U+3064 461 3041 80 63 U+3092 1102 1832 62 73 U+540C 1221 821 131 106 U+7406 466 907 85 79 U+54C1 657 2249 75 94 U+4E94 463 1726 87 66 U+5FA1 94 1944 60 82 U+7406 656 1000 87 72 U+6599 653 895 91 96 U+6D77 907 1901 57 79 U+66F8 651 1131 82 111 U+3082 480 1914 46 100 U+6765 468 1454 86 86 U+4ED5 1470 2671 67 70 U+304F 485 2848 47 90 U+3092 256 3025 94 81 U+5404 651 2148 94 86 U+9152 1097 2147 70 78 U+306E 109 1110 59 60 U+3055 1107 2288 40 73 U+305B 655 2016 64 65 U+9032 264 1374 96 99 U+5FA1 474 2021 76 61 U+76F8 275 1036 76 73 U+306A 92 2494 63 94 U+96C6 1228 1231 98 143 U+7269 99 1328 80 84 U+304D 681 3318 48 92 U+53EF 83 2901 69 54 U+306E 102 1885 55 53 U+3082 294 971 57 79 U+3092 1409 1384 43 77 U+751F 90 2279 59 99 U+7B49 658 2083 74 60 U+308A 833 3298 35 87 U+4E94 658 1251 73 57 U+5408 899 1466 85 81 U+306F 1498 1046 61 31 U+3044 262 2809 103 58 U+3073 893 3257 76 70 U+306F 94 2140 62 40 U+56DB 1611 2040 106 73 U+7269 900 2894 64 69 U+3061 268 3208 72 82 U+306A 1104 2419 55 67 U+306A 1389 3009 49 88 U+3054 1122 1196 61 75 U+9032 286 2959 71 77 U+6D41 88 1778 85 102 U+3082 490 2539 53 62 U+3044 657 2513 76 42 U+76F8 74 2956 74 80 U+306B 1396 2154 44 61 U+73CD 258 1971 92 75 U+306E 1101 2234 49 48 U+751A 271 1871 75 101 U+6210 284 1108 80 91 U+7269 890 3074 75 62 U+3066 483 1040 58 61 U+4F3D 268 867 96 72 U+3031 1111 2632 38 110 U+308C 475 3101 66 116 U+51FA 473 1405 82 54 U+5FA1 274 809 97 55 U+308D 1492 1459 46 77 U+5438 1093 2773 69 77 U+3072 912 1199 63 71 U+3064 1394 2494 51 101 U+308B 1401 2759 34 70 U+5FA1 276 1313 78 71 U+306A 275 2320 67 82 U+6240 462 2734 79 69 U+304F 483 1320 41 81 U+305F 1395 2680 35 77 U+306E 666 1079 60 47 U+308B 293 2399 33 58 U+5C71 908 1814 61 58 U+66F8 257 2455 100 116 U+308B 286 2755 38 55 U+5FA1 111 801 60 79 U+7BC7 1474 2978 59 96 U+5E73 81 2182 72 100 U+9CE5 908 2192 52 98 U+5B89 454 1240 99 88 U+306E 910 2002 45 55 U+306F 280 1273 70 40 U+5B50 1103 3321 48 65 U+76F8 100 1488 61 87 U+306E 1093 2926 51 51 U+6728 884 2541 72 74 U+3050 105 2586 47 69 U+308A 688 2444 29 66 U+307F 683 1838 36 78 U+304F 1505 1272 31 86 U+304F 664 1764 68 72 U+306E 1391 2948 49 53 U+3064 907 883 47 91 U+7ACB 1106 2044 65 89 U+9063 911 1119 51 75 U+66FF 657 2360 65 80 U+306B 478 987 60 50 U+4E09 1474 2897 60 58 U+307B 825 1458 58 73 U+3058 1521 1165 37 108 U+3055 102 2664 41 63 U+3046 1483 3153 28 72 U+304F 829 2575 28 99 U+8DA3 655 1597 77 86 seg_fp 1234 1150 91 62 U+5B9F 906 2689 51 102 U+5E76 908 996 59 65 U+6210 65 3039 101 86 U+306E 1483 3099 44 40 U+9B5A 902 2090 55 82 U+304B 1112 2365 29 57 U+91CD 267 2138 64 95 U+6B64 1395 1846 61 72 U+3082 1398 2853 32 89 U+306E 907 1632 54 57 U+3082 128 1415 31 95 U+3082 1505 1380 27 79 U+81B3 1094 1635 82 84 U+5207 899 2312 68 73 seg_fp 282 1728 66 137 U+307E 1113 1137 53 60 U+3042 1393 2408 53 85 U+5869 812 818 75 78 U+6B64 1103 815 64 63 U+306F 282 3360 71 42 U+66F8 1483 912 76 113 U+3064 641 2848 101 43 U+3082 95 2829 50 62 U+6B64 1489 819 63 76 U+3044 1095 2502 51 52 U+304F 1023 2255 37 62 U+732E 1220 952 136 125 U+304F 1408 1737 31 92 U+6577 268 2043 84 97 U+5411 665 1683 68 68 U+3081 1383 2602 57 66 U+3044 1401 1300 91 69 U+7389 1096 3242 58 78 U+7121 1398 829 59 78 U+306B 1475 3315 62 55 U+7B49 1010 1997 56 63 U+7269 814 2004 67 70 U+304F 1018 2507 36 81 U+90E8 1100 1731 71 90 U+308A 1405 3099 27 97 U+3093 1475 2112 74 87 U+3066 279 2596 61 67 U+3057 1483 1780 63 64 U+308B 489 2685 38 41 U+9B5A 824 1132 46 86 U+540D 817 1900 51 81 U+305B 914 1573 45 48 U+306E 824 1242 47 48 U+304D 1407 2306 33 87 U+4ED5 470 1532 79 98 U+65B9 104 987 60 89 U+3078 1400 1936 53 96 U+81F3 1100 3026 53 66 U+3093 1010 3318 54 67 U+7406 1475 2526 72 75 U+5C11 460 2453 82 95 U+5FA1 96 2455 62 44 U+65B9 914 1283 48 76 U+56FD 818 1736 69 71 U+5FC3 463 1172 93 60 U+6210 88 1577 85 91 seg_fp 1015 3108 47 53 U+66F8 73 3132 97 116 U+9CE5 825 911 48 87 U+304B 1391 2230 58 66 U+308B 1413 1243 38 57 U+3061 1487 3223 37 62 U+306E 820 1824 53 52 U+53C8 1012 2906 54 63 U+306E 899 2641 46 47 U+307F 75 2732 89 71 U+3044 820 1383 66 59 U+306A 473 2803 73 62 U+306E 1015 3181 41 52 U+305F 913 2449 39 74 U+3066 1104 1562 50 60 U+3081 675 3056 60 90 U+306A 85 3263 74 76 U+3082 1114 2848 26 73 U+305F 828 2948 33 68 U+304F 1109 1911 43 54 seg_fp 1014 3052 47 53 U+306F 1019 2331 41 49 U+3057 818 2688 56 65 U+672C 1017 1639 51 87 U+5B9D 268 2237 80 84 U+6F2C 896 2798 70 92 U+5177 905 1700 69 89 U+53D6 911 1395 53 63 U+3089 912 3321 37 70 U+66F8 1108 892 66 98 U+4E8C 1225 2885 94 71 U+307F 1119 1966 24 66 U+3084 1477 1858 69 57 U+304F 908 3137 47 72 U+305B 815 1320 57 60 U+3031 1410 1591 37 135 U+3076 899 821 83 61 U+7BC7 1619 2137 90 144 U+3055 905 3213 33 48 U+306E 1409 1096 50 72 U+308A 697 1416 25 58 U+3031 829 2413 36 141 U+306A 822 3222 50 72 U+4ED5 1017 1321 67 64 U+8AF8 816 1640 68 89 U+7ACB 1027 1403 56 67 U+3057 681 3207 61 115 U+304B 921 2392 25 57 U+5E72 892 2981 58 74 U+3082 670 1504 48 85 U+308B 838 3024 23 58 U+98A8 100 1666 85 104 U+4E4B 1421 911 18 94 seg_fp 1245 1085 65 53 U+306E 1487 2282 43 68 U+306B 936 1069 25 32 U+56DB 1008 2993 57 45 U+3082 1494 2209 33 72 U+8272 1124 1330 45 92 U+7ACB 1020 1907 46 78 U+88AB 487 2234 37 65 U+66F8 814 3094 58 108 U+3093 1386 2040 72 97 U+3067 1018 2173 58 69 U+8FC4 1107 3146 27 79 U+3057 1037 2379 17 106 U+3078 467 2398 85 32 U+3065 663 3149 84 53 U+540C 1609 845 136 85 U+3063 1016 1150 48 90 U+3093 1009 1814 55 78 U+3067 827 2198 57 80 U+308B 1110 3093 30 50 U+3066 1024 1238 37 70 U+6210 458 2291 88 69 U+308A 516 1881 24 54 U+306E 1482 2605 46 38 U+307E 1023 2073 25 88 U+8272 1033 871 35 86 U+3082 1411 1038 39 60 U+306F 484 2432 52 35 U+3057 843 2821 17 112 U+3061 1008 3249 50 70 U+4E00 1016 820 67 17 U+3053 1019 1752 32 59 U+306B 1115 2986 27 32 U+308A 105 3349 40 47 U+308B 837 2755 29 60 U+3057 1502 2013 15 108 U+304B 687 2553 23 46 seg_fp 1418 1493 35 104 U+3068 667 1476 41 47 U+307E 833 2092 22 76 U+306B 315 943 28 32 U+304B 1496 2755 22 43 U+4E14 1004 2832 53 54 U+306B 1039 1590 24 33 U+305F 1104 1069 60 61 U+3046 1502 1920 23 80 U+3057 690 2901 16 95 U+5E72 820 1037 47 70 U+3078 268 3295 97 81 U+5E76 1013 1502 66 74 U+306B 128 2801 26 35 U+3084 653 2597 85 47 seg_fp 1091 1299 80 12 U+3046 684 2644 24 69 seg_fp 1025 1076 31 92 seg_fp 830 2315 37 99 U+306B 1129 1433 24 53 U+8A18 1020 2622 50 52 U+3092 1017 969 69 97 U+306E 1490 1686 53 71 U+309D 1506 2347 25 52 U+309D 1426 1170 21 47 U+5019 519 2350 14 42 seg_fp 1493 2825 47 50 U+3057 1138 1479 14 72 U+88AB 268 1560 75 104 U+6210 269 1625 85 90 U+3057 1028 2697 12 100 seg_fp 1154 1014 23 48 U+305F 1495 2795 24 51 U+5FA1 104 1171 79 100 seg_fp 845 1532 20 38 U+9032 116 1254 55 74 U+3078 120 1074 61 51 seg_fp 1472 1556 82 102 U+306B 307 2574 35 31,200021712-00083_1
U+4E8C 2511 2354 111 99 U+53C8 975 3536 199 144 U+5DE6 754 1447 163 222 U+4E8C 2530 698 109 100 U+524D 1009 2840 121 212 U+4E94 2524 2730 95 131 U+4E94 1020 3695 145 114 U+53F0 979 1063 182 259 U+6642 972 2484 182 191 U+6642 773 1173 145 129 U+4E03 2523 1085 105 65 U+306E 1021 3084 80 97 U+636E 980 2123 195 214 U+9298 982 1664 197 198 U+65B9 770 2643 127 157 U+660E 771 2120 142 155 U+6C41 2536 845 95 191 U+5F15 983 1341 132 158 U+65B9 749 1847 144 165 U+306E 803 1070 87 93 U+306F 814 1317 59 108 U+306E 799 2020 78 92 U+6C41 2516 2479 101 218 U+636E 740 2932 179 212 U+306F 1027 2692 71 114 U+308B 808 3187 66 121 U+83DC 1003 3820 183 210 U+4E5F 754 3324 132 109 U+83DC 2511 2886 129 243 U+306E 780 1672 124 145 U+3092 1033 1527 56 109 U+5982 955 3203 191 106 seg_fp 2224 844 164 209 U+306B 787 2831 95 95 U+308B 812 2456 72 175 U+306B 1025 2002 122 81 U+305F 819 2327 64 129 U+3057 1053 3326 90 166 U+3005 1053 1863 48 120 seg_fp 1032 2354 72 139 U+83DC 2512 1199 132 217 seg_fp 2250 1058 131 155 seg_fp 1847 1697 154 152 seg_fp 1857 1845 128 101 seg_fp 1791 757 179 223 seg_fp 1838 3329 166 232 seg_fp 1833 2368 125 143,200021763-00004_2
U+6C41 2292 662 139 196 U+6C41 909 3336 138 191 U+53C8 891 3113 143 123 U+6642 884 2198 155 147 U+80B4 429 1711 112 250 U+53F3 642 3364 181 212 U+5438 426 2079 146 152 U+53C8 1612 3041 131 112 U+6C41 2300 2394 147 197 U+306E 2096 3951 106 91 U+4E5F 886 2958 138 107 U+306E 915 2347 83 78 U+5438 641 2821 211 195 U+672C 667 1388 137 169 U+4E8C 911 3559 116 70 U+5F15 2071 3294 106 146 U+4E94 2303 907 151 122 U+69D8 859 1359 180 174 U+81B3 416 2545 163 237 U+25CB 2085 3802 121 131 U+843D 2080 3452 132 162 U+308B 466 1171 54 115 U+306E 467 2444 67 97 U+5EC9 881 1731 163 231 U+53F3 840 938 162 161 U+4E09 928 3678 107 107 U+83DC 2281 1041 191 248 U+7269 653 1170 162 133 U+308A 474 1486 46 192 U+306E 715 3587 84 90 U+6642 651 2452 155 161 U+3084 888 2638 141 131 U+4E09 2313 2627 127 126 U+5E73 2073 3015 95 155 U+5F15 423 2944 170 198 U+81B3 643 1561 154 214 U+5BA2 1609 3183 125 164 U+3042 1178 3033 86 98 U+306F 688 2642 62 128 U+83DC 2298 2764 191 233 U+306B 664 3908 157 100 U+7269 424 2272 155 153 U+3042 894 1985 110 137 U+3082 1346 3949 50 113 U+306B 452 2806 113 91 U+83DC 885 3802 188 208 U+636E 864 1192 159 154 U+636E 866 2450 182 179 U+4E8B 1331 3790 75 150 U+306A 1494 3367 66 107 U+306F 2114 3690 69 84 U+306F 1485 3572 70 96 U+636E 404 972 167 157 U+4E00 2297 580 122 35 U+636E 630 1928 177 163 U+306A 458 1311 59 180 U+4E5F 429 3176 133 108 U+53C8 1464 3679 133 106 U+3080 670 2288 132 177 U+7269 1911 3659 141 106 U+5E73 1470 3794 92 124 U+636E 1755 3585 137 148 U+4E00 2321 2308 103 29 U+5438 1922 3513 135 110 U+306E 1644 3508 71 84 U+3092 2101 3178 53 93 U+524D 1790 3029 102 129 U+8FBC 620 2133 203 119 U+25CB 1932 3878 127 115 U+306B 665 1834 109 62 U+76BF 1434 3929 153 90 U+5E73 1634 3370 90 118 U+306B 1482 3041 76 88 U+3066 1798 3475 59 90 U+30CF 912 1562 80 39 U+636E 1293 3302 144 114 U+3059 1485 3138 61 125 U+3046 941 2798 45 147 U+4E5F 1928 3404 105 72 U+524D 1948 3025 92 123 U+308B 1194 3177 51 77 U+81B3 1602 3593 122 143 U+306B 2098 3616 94 61 U+81B3 1308 3031 117 151 U+7269 665 3034 152 158 U+306F 694 3198 82 126 U+306B 1323 3223 81 67 U+306E 1957 4001 85 55 U+65B9 660 3688 153 196 U+306E 907 1105 79 90 U+4E00 908 3292 108 28 U+5BC4 1787 3247 112 225 seg_fp 1519 3482 49 82 U+308B 1350 3712 48 73 U+713C 628 944 199 185 U+3082 1966 3777 47 80 U+308B 926 2119 68 107 U+306E 1469 4036 89 51 U+5F15 1610 3873 115 107 U+3092 1652 3770 46 93 U+30CF 450 1993 77 25 U+66FF 1617 3976 127 108 U+3055 1348 3439 54 87 U+4E00 911 1653 87 27 U+5F15 1928 3252 109 120 seg_fp 1777 3785 111 26 U+308B 1480 3257 65 84 U+3059 1340 3528 50 171 U+306B 1799 3183 68 55 U+306B 1952 3173 74 47 U+3057 1821 3848 19 187 U+3078 1155 3260 107 69 U+3057 1222 3341 18 251,200021763-00005_1
U+4E2D 1685 2873 142 203 U+306E 1509 3644 102 131 U+9999 272 2701 217 241 U+4E0A 1623 580 178 134 U+4E2D 1465 2402 133 198 U+6C41 1036 1036 128 214 U+306E 1456 1473 102 73 U+306E 1654 772 90 88 U+6C41 545 1472 151 246 U+3089 1720 2394 64 173 U+6642 1416 569 154 159 U+5B50 2356 1590 94 146 U+4E0B 1437 1233 118 196 U+5E73 116 2392 137 237 U+8584 2066 1166 120 206 U+9999 314 893 167 232 U+672C 823 1045 143 216 U+98EF 106 3300 210 245 U+5B50 2230 906 94 164 U+81BE 508 2385 245 273 U+98EF 106 1517 197 212 U+5408 1618 1034 202 161 U+8336 2073 1359 137 210 U+6C41 582 3312 136 232 U+4E0B 1730 3181 96 214 U+8336 2001 874 144 233 U+3072 1464 3275 175 147 U+8336 2296 1090 134 240 U+732A 118 637 168 236 U+8336 1910 1424 140 187 U+83D3 2199 600 133 301 U+7528 1701 2199 109 189 U+7BB8 344 1736 120 181 U+69D8 1636 1322 180 184 U+83D3 2324 1330 127 261 U+5EC9 1206 690 185 258 U+3082 1730 2050 63 131 U+4E94 1043 1291 149 136 U+7D44 1629 877 156 170 U+83DC 1042 1459 168 241 U+6642 1237 1274 152 167 U+308B 1725 2562 63 141 U+7269 295 2963 191 174 U+7269 323 1165 175 150 U+306B 1515 2953 68 109 U+7D44 1434 1632 159 170 U+4E0A 1660 1541 150 136 U+81BE 497 620 258 245 U+714E 1916 1187 96 238 U+30CF 1521 4058 99 47 U+5408 1429 1805 204 207 U+4E00 1225 600 134 45 U+3084 1468 1999 139 179 U+308B 1470 1086 66 130 U+305F 1285 950 92 192 U+53E3 155 869 109 131 U+7528 1485 3065 121 177 U+7BB8 342 3596 140 236 U+4E00 1030 967 97 40 U+306E 1688 3927 138 180 U+306B 1442 753 107 104 U+7528 1445 869 106 201 U+81B3 823 1267 164 226 U+306B 1746 3419 35 111 U+795D 1686 3690 169 213 U+4EE5 1712 3068 140 118 seg_fp 1520 2189 39 206 U+305B 1680 1197 80 113 U+4E0B 1507 3894 107 138 U+7528 1267 1445 105 190 U+305D 1507 3455 80 167 U+306F 1727 3539 57 140 U+8F29 1490 2636 109 284 U+306B 1724 1945 46 99 U+4EE5 1475 3797 156 101 U+8F29 1696 1680 97 257 U+308B 1276 1141 68 151 U+3086 1289 1631 89 119 U+309D 1752 2713 48 119,200021763-00012_1
U+6C41 2106 3360 151 282 U+6C41 2310 734 139 212 U+5E73 2089 2602 157 277 U+98DF 303 995 156 207 U+6C41 2091 1412 131 276 U+5E73 2083 795 152 227 U+8CC4 488 2033 185 234 U+3059 302 784 135 173 U+6642 307 1192 160 167 U+80B4 1287 2604 172 277 U+576A 1324 3008 132 207 U+4EE5 108 2664 131 115 U+53D6 562 3976 124 156 U+4E0E 564 2457 94 183 U+3082 1023 3788 64 124 U+53F3 497 581 138 170 U+929A 748 1181 173 212 U+8DA3 95 3349 146 213 U+6216 533 2908 158 193 U+7B2C 73 3913 164 194 U+53C8 513 2314 161 120 U+9999 1892 831 125 197 U+7269 1118 1180 185 141 U+6E21 534 2659 167 197 U+3082 1735 2128 61 114 U+713C 1683 2582 209 219 U+5C0F 1514 2766 121 85 U+4F1D 84 2085 154 183 U+66F8 115 2288 121 234 U+5438 1124 984 171 167 U+5B50 754 3222 93 164 U+3066 532 3822 133 136 U+732E 104 833 164 201 U+5408 522 1397 195 183 U+6B21 94 3702 166 183 U+53C8 976 3420 105 94 U+676F 1327 862 169 215 U+7269 1882 1060 162 152 U+7269 1693 2843 187 167 U+9B5A 1692 1760 113 164 U+7D44 519 1243 152 146 U+5B50 771 1388 114 174 U+306B 554 1128 97 71 U+306B 106 3604 111 57 U+6562 285 588 162 190 U+7ACB 123 1048 119 163 U+3092 151 2542 49 114 U+98EF 1810 1412 192 203 U+4E8C 2338 992 86 70 U+98EF 1662 3409 223 230 U+80B4 900 995 152 268 U+7269 1877 3115 167 138 U+985E 519 868 135 218 U+53C8 1688 1372 101 90 U+9B5A 1526 2865 95 187 U+5408 81 1394 187 217 U+4E00 2322 634 107 37 U+51FA 327 1487 121 144 U+308A 1603 1756 39 173 U+4E0A 113 701 113 114 U+5207 1510 3067 139 106 U+9B5A 1496 3363 135 184 U+8EAB 1495 3174 122 180 U+8DA3 292 1845 174 205 U+7269 1661 1071 169 174 U+4FD7 497 3119 181 187 U+9152 988 3567 115 115 U+713C 1658 821 178 224 U+5F53 101 2811 132 239 U+306F 164 1938 58 117 U+7D44 99 1233 130 165 U+929A 708 2982 162 218 U+69D8 91 1728 168 179 U+76BF 1295 3238 175 145 U+3092 576 1873 58 130 U+306A 1730 1932 48 105 U+732A 1083 3066 149 194 U+5207 1697 1494 98 85 U+9999 1903 2914 112 201 U+3068 1039 3697 32 93 U+83DC 2297 1233 170 249 U+306A 559 3355 99 158 U+306B 331 1396 100 67 U+305B 119 1601 95 113 U+4E5F 321 2091 112 90 U+3059 585 1579 80 147 U+5F15 1547 1384 105 194 U+3068 1751 2035 34 87 U+4EE5 109 578 109 119 U+7528 112 3049 119 162 U+308B 577 1730 86 142 U+8EAB 1672 1594 108 156 U+3068 595 3695 56 108 U+4E09 2336 1102 92 134 U+306E 123 3260 72 87 U+3059 366 1627 74 194 U+306A 1590 1585 47 170 U+8A8D 844 3443 123 171 U+53E3 1123 3261 89 113 U+3068 592 3504 52 135 U+308B 861 3635 88 101 U+4E4B 576 763 37 97 U+676F 915 2919 130 254,200021763-00014_1
U+3059 1179 1614 112 241 U+25CB 2077 2417 88 84 U+5C0F 1445 3084 138 88 U+5408 1364 2847 231 170 U+80B4 938 669 134 237 U+3059 841 1506 138 206 U+53C8 2050 2553 147 102 U+7F6E 1915 634 127 214 U+80B4 1249 633 146 248 U+7269 2392 815 148 121 U+7F6E 1019 2465 130 218 U+304C 611 1820 113 94 U+5B50 1546 1133 84 141 U+929A 305 2646 194 242 U+3044 413 1743 120 93 U+5C0F 313 661 184 142 U+5438 2384 628 160 153 U+5438 1364 2437 211 184 U+4E2D 1336 917 97 137 U+6EF4 631 2597 155 183 U+76F4 1892 2544 92 168 U+3082 619 3530 66 143 U+5438 2277 2531 108 126 U+7269 1377 2655 194 155 U+83D3 2062 2673 110 231 U+7269 979 4008 148 106 U+786F 406 1131 136 180 U+9BDB 1431 3209 172 192 U+3059 733 1659 57 185 U+5438 971 3857 132 150 U+3066 1008 3748 67 91 U+5EA7 857 1301 115 197 U+5B50 2076 2907 88 112 U+5207 2432 1044 101 131 U+591A 2273 3459 101 237 U+6709 607 3680 76 130 U+84CB 313 803 199 312 U+3075 429 1822 116 119 U+5438 1853 3327 147 145 U+53F0 1572 1287 171 264 U+51FA 594 2900 112 128 U+82B1 2218 1164 89 150 U+3059 1879 3842 80 243 U+5B50 338 2893 115 164 U+51FA 2421 3031 91 122 U+7269 2275 2695 106 116 U+3082 450 1628 64 106 U+6B64 2405 2527 92 85 U+4E8B 1722 2554 86 192 U+7269 1855 3515 137 121 U+9032 2027 3357 160 170 U+83D3 2415 2633 85 188 U+676F 1893 859 191 233 U+51FA 2061 3550 122 122 U+76BF 1324 1060 150 97 U+305F 717 1257 90 125 U+4E2D 1017 937 84 116 U+929A 1502 942 187 188 U+6EF4 1702 909 155 189 U+98A8 1167 1198 163 226 U+5100 947 3152 163 123 U+3081 1311 3342 112 174 U+6301 949 3466 140 166 U+82B1 605 1311 90 174 U+3057 843 1703 152 126 U+636E 1574 1550 166 156 U+3066 2061 4053 95 92 U+5B50 2439 2836 64 100 U+677E 1151 1050 146 150 U+5EA7 2423 3670 89 193 U+4E8B 2292 3259 77 187 U+518D 2020 3154 170 194 U+5F53 851 1075 120 224 U+3084 600 1629 94 86 U+25CB 2425 2377 68 88 U+4E38 2220 1310 111 123 U+51FA 965 3631 139 115 U+66FF 1861 3007 125 174 U+51FA 1847 3687 146 154 U+4E8B 611 3361 81 177 U+3059 2076 3806 86 182 U+51FA 2270 2938 109 131 U+3059 2303 3073 50 143 U+5F15 1850 2839 136 132 U+304D 1191 1430 101 181 U+76BF 1005 1066 138 105 U+3046 1333 3082 38 138 U+306B 1868 3184 122 102 U+3055 617 3037 64 114 U+304D 730 1525 59 133 U+3055 2068 3677 91 118 U+7565 955 2953 111 208 U+3044 718 1432 89 76 U+308A 1739 3081 45 213 U+306B 2429 3864 83 91 U+3066 2443 3540 54 95 U+3042 1715 2906 90 175 U+3059 2445 3238 60 114 U+81B3 832 2953 102 174 U+8EAB 2425 1177 96 167 U+306B 992 3303 69 71 U+3055 2462 3146 39 82 U+306B 1876 2747 108 92 U+3068 1336 3213 46 127 U+3092 2100 3038 47 91 U+3046 638 1745 32 85 U+84CB 404 1312 134 245 U+308F 2362 1102 44 96 U+30CF 2437 2966 65 37 U+306F 997 3377 69 91 U+3092 2303 2824 41 95 U+306B 841 3135 72 101 U+3082 1728 2740 62 160 U+3089 2372 1196 49 109 U+3072 2336 1292 107 140 U+3057 2347 3651 17 228 U+676F 991 2767 214 175 U+308B 628 3253 44 95 U+3057 639 1467 47 159 seg_fp 478 1532 33 83 U+309D 645 3159 35 103 seg_fp 2463 3352 27 194 seg_fp 1011 2696 144 145 U+5F15 829 3240 115 330 seg_fp 2147 3905 29 147 seg_fp 920 3251 18 311,200021763-00015_2
U+5C0F 329 1009 142 101 U+53C8 2192 634 181 136 U+9298 1052 923 228 213 U+5DE6 2223 2116 142 237 U+308D 412 2636 92 144 U+6216 1405 2882 176 170 U+9152 1088 1175 187 182 U+8584 93 3029 149 250 U+3082 1449 2222 83 159 U+716E 367 2951 147 266 seg_fp 1614 1629 177 206 U+30CF 1469 3084 85 51 U+5347 383 3384 136 255 U+4E5F 1408 3940 136 125 U+6F2C 354 1808 142 177 U+932B 1604 1361 180 230 U+9152 1846 2790 140 141 U+96EA 91 3288 120 238 U+4E5F 1432 2752 139 98 U+900F 836 983 184 242 U+84CB 322 1138 171 255 U+9298 550 1522 227 220 U+51FA 2227 1537 153 156 U+9B5A 381 2186 105 178 U+985E 1845 3064 129 179 U+9298 2195 800 192 203 U+7269 1593 1919 200 134 U+306E 2231 2302 139 201 U+9298 1405 1539 157 189 U+9298 1946 864 199 230 U+8336 229 2062 117 237 U+767D 376 2074 106 104 U+306A 2251 1204 99 200 U+3075 1632 2109 146 161 U+676F 1080 1379 205 271 U+3082 1453 3530 68 131 U+51FA 1419 3676 145 147 U+3066 1635 3155 107 121 U+6417 209 1425 117 176 U+9152 583 1754 193 223 U+307B 377 2384 120 134 U+3042 1987 1612 152 162 U+306F 2012 1314 66 155 U+51FA 1420 2428 161 184 U+6642 2221 1804 157 179 U+53C8 1408 1380 161 127 U+9152 1979 3638 187 167 U+7802 2015 2260 137 140 U+9152 2231 1007 164 193 U+51FA 1618 3962 161 141 U+7CD6 2015 2433 162 218 U+53F0 1627 3322 157 271 U+985E 1386 1942 173 187 U+6817 218 1602 129 209 U+308B 1461 3815 68 89 U+3044 376 2522 135 112 U+5C71 392 3254 124 123 U+5510 69 2019 108 219 U+53F0 982 1714 203 282 U+9152 1415 1757 157 160 U+3044 76 1218 93 77 U+3078 1630 3895 173 82 U+985E 1633 2835 125 221 U+9152 1971 1095 169 213 U+3059 1661 2393 109 192 U+304B 82 1330 102 98 U+3055 364 1411 76 135 U+3059 1635 3723 105 154 U+76DB 2044 2937 167 211 seg_fp 2273 2502 69 128 U+3089 1693 2253 59 140 seg_fp 1959 3454 183 180 U+3066 1430 3427 88 100 U+306D 80 1572 99 136 U+732A 857 1389 172 184 U+3053 250 2304 82 122 U+308B 1468 2602 74 120 U+3042 2033 2672 136 156 U+308B 2278 1687 66 124 U+3068 2296 1387 42 135 U+7BB1 1412 3176 150 249 U+306B 2241 1981 90 120 U+3046 269 2439 43 167 U+3064 85 1087 82 113 U+306B 1645 3596 123 114 U+9152 1830 1841 131 155 U+3075 69 2722 106 115 U+3093 65 2414 118 139 U+3055 93 1435 52 132 U+306B 1670 3072 58 81 U+306B 872 1275 117 82 U+308F 2084 2820 62 120 U+4E4B 1904 2943 45 115 U+6885 1815 1644 147 162 seg_fp 1976 3319 153 139 U+3061 86 2588 60 127 U+3055 1852 2586 105 176 U+307E 99 2250 41 162 U+3068 396 1545 40 108 U+3057 2311 2638 21 312 U+3046 395 1655 34 145 U+308F 2054 1773 55 124 U+30CB 1488 2127 28 98 U+76DB 2010 1994 164 148 U+53E3 915 1570 65 118 U+308B 1687 4082 72 57 U+990A 1806 2275 131 239 U+3053 1669 2591 70 114 seg_fp 1861 2408 79 166 seg_fp 2033 1888 138 143 U+306E 1677 2731 74 98 seg_fp 22 1658 26 301,200021763-00019_1
U+53C8 2365 1137 146 167 U+8033 2399 1315 77 201 U+5408 2531 2695 153 189 U+306E 2402 1542 70 126 U+8DA3 2373 1696 111 196 U+7528 2534 3507 115 182 U+306E 2555 3717 77 64 U+56DB 2545 2920 110 96 U+306E 2538 1183 100 207 U+8A18 2360 2280 138 146 U+8A18 2359 652 126 131 U+524D 2548 951 88 239 U+5408 2372 2980 148 184 U+7D44 2553 2530 104 162 U+898B 2399 2819 95 151 U+80B4 2555 2237 82 253 U+306E 2567 850 53 102 U+7ACB 2545 1628 110 185 U+3082 2408 2079 52 144 U+4E0B 2555 658 75 167 U+968F 2546 1912 102 176 U+3066 2407 2655 63 121 U+4E8C 2567 3905 75 72 seg_fp 2751 637 60 104 U+3078 2401 3216 96 179 U+5F53 2545 3299 106 220 U+732E 2533 1419 134 202 seg_fp 2755 1241 57 145 U+3057 2441 796 30 314 U+3057 2447 3399 21 314 seg_fp 2758 742 43 97 U+30CB 2593 1813 31 55 seg_fp 2743 1389 69 191 seg_fp 2759 1719 53 111 U+3078 2557 2150 103 105 U+3092 2574 4009 47 124 seg_fp 2732 848 80 200 U+5B63 2535 3057 109 167 U+3092 2401 1931 47 137 U+4E00 2565 3823 63 30 seg_fp 2776 1586 35 132 seg_fp 2764 1061 44 153 seg_fp 2438 2424 41 228 seg_fp 2576 3162 59 132 seg_fp 2757 1974 55 222 seg_fp 2427 3154 44 86 seg_fp 2772 1834 40 121,200021763-00024_2
U+4E2D 252 2352 131 150 U+5C0F 2251 2708 149 91 U+7269 2043 860 145 103 U+5C0F 273 2544 122 72 U+5C0F 1840 945 124 78 U+76BF 249 2660 184 121 U+89D2 1862 1053 102 171 U+53C8 292 3311 140 102 U+4E8C 2262 573 110 78 U+3082 1695 2193 60 133 U+3044 743 3202 101 70 U+672C 2028 3144 156 168 U+6749 2226 1623 154 150 U+6876 2234 2822 157 186 U+53C8 1845 1776 121 89 U+576A 2033 3692 171 173 U+6749 2017 2572 158 170 U+4E2D 344 1258 81 79 U+6C41 706 3602 133 161 U+540C 1661 3356 111 141 U+6749 1617 2644 160 150 U+6876 1623 3133 169 192 U+5F62 1629 2044 141 150 U+7D44 2252 980 121 151 U+5E73 2243 2078 115 202 U+5408 2224 1128 193 171 U+8EAB 1613 1035 122 162 U+4E09 733 3461 76 92 U+81B3 1379 1185 160 222 U+308A 1881 776 47 132 U+7BB1 2253 1770 121 195 U+732A 2246 3047 153 179 U+9152 750 3338 124 87 U+6307 1604 876 152 140 U+81B3 2241 677 137 163 U+5869 1842 1461 140 157 U+66FF 2232 2494 157 175 U+5982 2270 1302 108 127 U+66F2 2033 2747 139 111 U+66F2 2044 721 129 110 U+5C0F 1644 3023 121 90 U+3059 1833 3779 143 150 U+540C 2068 1378 105 150 U+6307 992 2305 181 218 U+5F62 1223 2584 162 115 U+3068 2306 3628 53 117 U+8EAB 974 2547 171 199 U+6749 2026 579 151 143 U+6216 70 2579 101 122 U+7D19 1639 1868 147 162 U+66FF 1832 591 126 184 U+53E3 715 3072 114 88 U+624B 1862 1294 83 162 U+306E 2053 3524 126 138 U+76BF 2233 2267 160 129 U+732A 685 2869 169 189 U+4E5F 1847 2712 128 87 U+4E09 1872 3459 89 118 U+5730 1625 1731 152 133 U+6B64 2239 1444 144 145 U+4E09 930 1652 71 76 U+8336 293 3414 103 169 U+62F5 2026 1805 166 191 U+66FF 2242 3442 152 183 U+76BF 1830 1623 159 137 U+3042 1632 2331 121 121 U+81B3 2049 3310 136 202 U+6C41 917 1746 95 126 U+7269 2039 2884 140 129 U+8EAB 948 1415 134 120 U+4ED8 1126 2899 82 119 U+5F97 2262 3863 135 107 U+6749 1232 2186 165 124 U+4E09 1388 1044 140 145 U+5F62 1606 594 140 135 U+5F53 446 2808 106 137 U+66FF 1612 1416 135 180 U+5869 67 2761 96 125 U+76BF 1617 1199 144 138 U+8170 1834 1910 153 180 U+53E3 2276 3228 112 96 U+6900 285 3596 189 138 U+713C 63 2906 109 146 U+3068 1907 2819 42 82 U+81B3 1841 3592 159 181 U+4E4B 2302 861 44 103 U+9B5A 62 3058 93 145 U+306A 1685 3834 69 128 U+308A 1695 2478 47 136 U+3058 2072 1579 85 193 U+3066 269 3148 65 89 U+5C0F 2063 1001 108 81 U+306F 2073 3026 55 96 U+306E 2263 2389 87 99 U+9BC9 1117 3035 157 153 U+5B50 1108 2779 88 111 U+89D2 2072 1124 103 154 U+5C0F 782 3816 110 71 U+76BF 306 1405 139 91 U+5F97 1845 3009 135 132 U+83DC 779 3884 135 180 U+62F5 1617 3653 183 152 U+7B39 1306 2939 122 115 U+30CF 1869 1242 77 43 U+732A 612 1125 136 114 U+305F 256 3044 83 93 U+76BF 2058 3874 130 123 U+5FC3 2250 3783 153 71 U+4E5F 1631 1604 114 92 U+5EA7 457 2953 92 107 U+308A 1695 3963 42 118 U+718A 1292 2773 138 157 U+4E4B 2113 3994 41 119 U+3042 1866 3916 129 87 U+7BB1 1630 2799 135 187 U+3057 2109 2343 24 192 U+9AD8 1830 2105 143 180 U+308A 350 3002 36 133 U+9BA8 425 3092 144 127 U+3068 2096 1285 45 83 U+3081 1022 3136 80 72 U+6307 957 1281 125 116 U+6D77 939 2820 84 118 U+307E 1901 4008 55 78 U+308A 1898 2590 41 111 U+308B 2089 2123 58 123 U+3082 1664 725 67 128 U+3057 2291 4026 59 120 U+3084 116 3564 74 92 U+308A 774 3272 52 73 U+3078 2042 2287 131 33 U+305F 2083 2000 82 124 U+3058 1668 3487 77 148 U+5FC3 1860 2931 131 78 U+5C0F 330 1351 99 63 U+6708 949 2946 59 139 U+304F 212 3426 43 88 U+304B 1032 2801 42 57 U+3055 322 2822 61 80 U+6D5C 1226 2424 149 163 U+306E 2286 3346 79 89 U+8C46 131 3759 70 113 U+66FF 1843 2398 135 184 U+30CF 2276 1968 88 82 U+3079 2286 3984 119 56 U+3078 1850 3152 127 95 U+53E3 648 1230 70 61 U+30CF 82 2729 53 23 U+3057 142 3666 33 105 U+306E 1649 1314 84 70 U+9808 1232 2329 134 104 U+3082 146 3430 29 107 U+3072 1022 2967 75 80 U+3089 1045 3057 37 65 U+306E 1880 2273 64 99 seg_fp 2092 1089 52 67 U+5B50 202 3706 72 108 U+3088 340 2893 61 108 U+3073 859 3046 101 95 U+308F 868 2846 56 95 U+845B 55 3436 60 172 U+304D 1031 2866 49 80 seg_fp 212 3515 40 173 seg_fp 1943 3242 20 164 U+3055 868 2949 52 80 U+30CE 753 3586 32 33 seg_fp 45 3651 26 93,200021763-00026_1
U+3082 717 4061 63 102 U+5B50 2381 2879 97 153 U+8272 964 3327 116 165 seg_fp 688 1107 146 243 U+5F8C 2339 2363 161 212 U+53C8 674 3471 159 139 seg_fp 672 1349 155 233 U+306C 674 3189 138 133 U+4EE3 1773 2975 164 212 U+7CD6 1941 3239 167 210 U+5408 906 3797 197 165 U+5B50 982 3164 63 128 U+3089 1697 3353 77 171 U+3044 1961 3122 130 77 U+3082 543 4028 77 109 U+9AD8 2109 2996 186 206 U+4E07 1798 2749 126 216 U+3066 1654 3071 88 120 U+53F0 671 2919 157 241 U+304D 713 3963 64 91 U+83D3 2347 2573 132 294 U+6B64 930 2700 138 157 U+6749 2134 2550 156 211 U+84CB 676 2634 128 283 U+6749 1111 3283 150 156 U+5C45 497 3224 122 166 U+7E01 2120 2768 189 223 U+3061 1277 3150 79 159 U+308D 1165 3649 44 154 U+53C8 511 2654 115 119 U+3005 988 3513 48 80 U+3084 1517 2777 126 202 U+3066 549 3390 60 121 U+306A 699 3862 82 82 U+3044 1640 3246 139 106 U+3057 1134 3752 104 244 U+3059 1819 3318 59 221 U+304B 1671 2762 78 107 U+3072 1776 3162 142 147 U+3042 1931 2722 144 155 U+304B 1545 3206 68 101 U+3042 351 2683 125 138 U+3064 1126 2936 97 116 U+3088 1159 3467 49 142 U+3078 1402 3104 94 220 U+305B 1383 2778 103 161 U+76DB 943 3622 136 170 U+3059 1662 2868 86 204 U+3046 1566 2989 35 188 U+308A 726 3337 46 137 U+3084 1103 3053 138 117 U+3042 1004 3965 53 72 U+308B 1983 2873 66 137 U+3078 1972 3037 121 54 U+306A 530 3829 104 117 U+3075 516 2796 118 157 seg_fp 945 3029 107 133 U+3093 1392 2931 115 124 seg_fp 954 2871 90 161 U+3093 1500 3310 145 207 U+53F0 496 3541 135 178 U+307E 1284 2780 61 181 U+304D 558 3940 69 77 U+3055 527 3050 82 143 seg_fp 353 2929 113 351 U+3044 1378 3360 134 137 U+3093 1256 3034 118 85 U+53F0 676 3689 168 155 seg_fp 494 3692 123 137 U+308B 406 2820 40 105 U+3057 936 4054 82 141 U+3075 1263 3316 101 178 U+308B 1014 4037 51 62 U+304F 567 2947 38 120 seg_fp 680 3603 91 148,200021763-00031_2
U+6C41 1545 639 117 227 U+6C41 390 3523 154 323 U+6C41 608 1965 136 256 U+6C41 832 1963 129 261 U+6C41 2276 895 127 231 U+3066 602 1215 114 127 U+6C41 614 2716 136 256 U+5206 401 1987 149 191 U+9BDB 1785 2830 200 223 U+96C6 610 1710 125 245 U+8A70 816 1261 170 182 U+6C41 827 1631 129 207 U+5A5A 378 614 163 218 U+540C 1534 2371 146 187 U+5165 1840 1923 169 150 U+5E73 2273 1254 106 231 U+305D 2260 1894 151 178 U+3072 1822 3514 138 126 U+4E8B 2290 2402 110 291 U+5F0F 204 1144 125 180 U+6577 2278 1492 140 228 U+5DE6 199 2986 138 208 U+8338 1592 2031 101 214 U+540C 1539 3271 134 165 U+8A70 802 890 171 198 U+4E91 2276 2248 107 152 U+53F3 774 594 180 193 U+3059 2082 884 87 346 U+306A 2291 3337 89 215 U+5C0F 1713 1724 98 90 U+3086 631 1553 103 130 U+3042 213 3860 99 153 U+6216 818 2558 161 145 U+540C 1529 1501 146 171 U+53F3 793 3617 173 158 U+597D 2233 3117 184 181 U+3064 1869 1702 105 93 U+795D 391 1245 158 188 U+751F 1597 1721 67 151 U+3051 1513 3069 80 145 U+7B49 833 2266 113 252 U+306E 826 3771 129 145 U+793C 396 856 145 161 U+3068 2323 2097 62 114 U+4F53 175 2506 189 264 U+3081 1316 1803 94 129 U+306F 427 1819 79 126 U+82E5 1673 3530 109 193 U+306A 227 1352 65 172 U+3092 635 610 63 119 U+306F 234 2813 68 133 U+7528 395 3966 124 181 U+725B 1278 3738 69 158 U+5DFB 1797 2607 120 194 U+4E94 828 1104 143 149 U+3082 642 3223 76 154 U+9650 399 2201 139 214 U+308A 240 907 44 187 U+7ACB 825 2743 136 164 U+5B50 1744 1984 75 113 U+8C46 1342 1138 89 164 U+306E 410 1074 109 169 U+306B 2301 1137 98 95 U+3082 226 2063 68 186 U+53EC 607 3428 142 148 U+308B 227 4018 69 115 U+7528 620 1379 122 170 U+76AE 1488 962 89 103 U+306E 433 1452 71 109 U+306F 833 3412 70 157 U+4E3B 2284 2709 85 221 U+4E09 846 1482 91 132 U+304B 2093 620 84 111 U+3075 617 2458 116 135 U+65B0 1452 1754 111 210 U+629C 1594 942 120 133 U+8F29 616 3617 110 197 U+304F 241 3647 39 193 U+304D 424 1692 79 103 U+5927 208 2304 135 204 U+4F5C 1384 3576 108 120 U+5FDC 391 2556 152 221 U+82E5 1625 2627 99 182 U+8304 1721 1832 106 146 U+8C9D 1394 2663 75 149 U+725B 1467 1967 75 139 U+9B5A 1799 3887 145 196 U+8150 1310 1321 146 118 U+725B 1506 1100 67 159 U+4E00 1566 537 86 22 U+306A 206 728 90 178 U+3051 1611 1205 99 144 U+306F 2259 3733 135 155 U+308C 2313 3561 59 165 U+3081 626 1034 99 158 U+3059 218 1695 73 171 U+306A 1329 3111 102 130 U+3068 1353 2116 52 93 U+3092 428 3845 67 111 seg_fp 1579 1880 112 139 U+623F 1455 2109 106 155 U+76AE 1269 3572 100 132 U+5C0F 1724 937 98 73 U+3082 1421 3960 60 138 U+5177 770 3956 184 203 U+690E 1521 3540 126 140 U+8338 1531 3720 94 300 U+306B 847 3253 57 148 U+3068 442 1553 46 120 U+623F 1487 1258 103 155 U+3057 1507 2645 84 108 U+6642 830 3048 131 192 U+713C 1102 3580 141 187 U+305F 1627 1080 79 114 U+3053 185 3341 122 171 U+4E8C 840 1869 92 79 U+6839 1618 2947 140 132 U+713C 1317 972 138 151 U+96C6 384 3177 154 317 U+5927 1689 3720 91 135 U+306B 415 2421 97 133 U+308B 223 621 50 100 U+4E03 810 789 131 99 U+3089 2118 738 48 145 U+3068 1884 3648 39 98 U+3053 2313 619 77 102 U+9DB4 1853 908 145 220 U+6839 1670 3861 133 137 U+3066 605 3111 109 124 U+3044 619 2350 115 102 U+3075 1739 1162 148 132 U+5927 1644 2809 64 113 U+3089 233 1520 65 180 U+30DF 2332 1727 39 163 U+308A 1880 3752 32 130 U+306B 643 3002 60 111 U+82E6 2243 3911 153 229 U+304B 1762 1050 57 96 U+306E 2281 2935 84 120 U+308A 1410 2967 34 147 U+30DF 1906 1804 44 113 U+305F 1507 2964 69 99 U+308A 1428 3722 36 118 U+3068 248 1871 37 186 U+8150 1110 3952 142 137 U+3068 649 2230 49 97 U+4E00 630 2649 91 40 U+308F 1408 2820 48 145 U+3068 251 3512 37 115 U+96C6 578 757 150 281 U+304F 2332 728 53 137 U+306E 211 3234 73 102 U+3081 1512 2756 82 72 U+3044 1406 3846 92 116 U+306B 646 3853 46 109 U+623F 1238 3912 130 191 U+3046 1354 1930 30 137 U+3057 488 2766 34 373 U+5019 874 2906 61 136 U+3082 639 4028 79 99 U+3057 1565 2817 25 129 U+3066 623 3954 88 79 U+8C46 1143 3790 80 157,200021763-00034_1
U+540C 362 1996 141 194 U+516D 2207 2616 147 141 U+3082 2244 2008 55 129 U+8272 1323 1258 168 172 U+662F 2174 1768 187 219 U+6749 1013 631 163 147 U+6C41 2014 1017 112 190 U+6C41 2224 3944 144 177 U+540C 1731 3140 123 186 U+76EE 2237 2869 113 190 U+6749 340 661 190 166 U+4E94 2197 2182 167 122 U+662F 1007 1050 167 192 U+5E73 825 1293 155 207 U+6876 1000 791 172 226 U+4E8B 2044 3120 81 257 U+4E09 2243 3818 92 107 U+6876 350 834 177 219 U+3082 2033 775 63 112 U+76EE 2226 3257 95 173 U+3072 497 2285 97 112 U+540C 1735 1926 140 203 U+3044 492 2815 122 66 U+5916 2006 2204 115 184 U+7269 1038 1667 167 153 U+4E03 2175 3077 174 105 U+5927 2180 991 98 97 U+6642 1950 621 175 147 U+76EE 2235 2413 82 186 U+62F5 1012 2479 222 177 U+3072 245 3683 116 108 U+4E2D 2297 976 114 144 U+3082 2029 1416 69 159 U+3082 852 1166 76 107 U+3072 230 2523 134 116 U+3005 1388 1493 48 100 U+76BF 2308 1249 128 77 U+5927 1029 1984 176 179 U+8A18 783 652 161 132 U+53F3 1278 734 169 128 U+732E 1031 3055 222 232 U+985E 1318 1015 130 228 U+9B5A 605 3785 132 185 U+30C4 2254 2347 72 64 U+66F2 1032 1464 155 146 U+6642 2009 1283 115 133 U+30CF 1059 1273 88 37 U+83DC 2002 1588 129 233 U+306E 1062 1865 88 64 U+4E03 1019 3461 186 123 U+4E4B 1389 876 45 116 U+30C4 2277 3183 79 64 U+662F 814 961 145 182 U+4E8C 2027 927 71 61 U+76BF 817 1500 153 162 U+540C 353 3125 160 166 U+3092 397 3857 75 117 U+3044 623 2704 137 101 U+308A 2056 3568 41 221 U+5F15 2001 2909 116 207 U+308A 534 2494 39 109 U+6749 1023 1343 177 138 U+306E 2331 1337 77 83 U+3072 1540 2814 119 147 U+5E73 2328 1125 75 120 U+8A70 1053 3584 182 214 U+5E73 1714 687 147 199 U+53C8 2194 3653 195 135 U+767D 1846 3703 75 92 U+306F 529 1435 76 131 U+5E73 2191 1116 68 134 U+304B 506 2617 93 70 U+3042 2006 3418 127 153 U+9CE5 173 1642 67 142 U+76BF 2172 1253 103 105 U+3059 849 784 65 166 U+3082 1522 3833 50 112 U+53D6 1832 3582 92 108 U+6912 1534 1456 110 134 U+3072 500 3636 104 107 U+5225 2013 2555 121 231 U+53C8 158 1335 75 101 U+7528 2219 3464 113 180 U+98DF 1739 1434 102 177 U+716E 256 3465 101 204 U+3068 535 2411 38 81 U+540C 838 1774 139 177 U+7CF8 498 1105 101 208 U+91CD 1854 2223 94 151 U+4E00 1023 546 87 32 U+304F 1637 3702 38 104 U+9577 470 3447 143 162 U+8449 1560 2355 76 231 U+3005 1113 3319 56 75 U+4E5F 2309 1586 87 87 U+6240 1049 3865 172 175 U+304F 403 2471 47 119 U+65E5 1878 2842 59 117 U+9BDB 1835 955 146 194 U+6570 1983 1838 164 198 U+8584 161 1456 79 159 U+5207 1613 3594 90 90 U+308C 505 2694 109 79 U+3090 374 2691 90 104 U+3082 2206 1349 59 103 U+3075 1846 1186 124 146 U+304D 1072 2173 87 153 U+305F 284 2624 59 109 U+53F3 22 662 109 156 U+3055 1550 2695 73 102 U+8272 37 1197 95 194 U+305B 1663 2763 93 100 U+91CD 378 2290 59 160 U+306B 1109 4071 68 91 U+3091 1716 3429 99 135 U+306E 2039 1220 61 64 U+4E5F 1029 2909 161 102 U+306A 1537 3646 49 93 U+91CD 1526 3489 57 144 U+30C4 2234 2797 77 50 U+3059 343 1622 92 123 U+516B 1518 3441 71 44 U+3078 1597 3937 112 75 U+3086 1080 2666 122 151 U+3072 1719 3580 91 125 U+706B 1829 3428 105 129 U+308A 2219 1568 37 143 U+3080 629 2263 103 132 U+9B5A 1813 3814 113 186 U+305F 637 2590 92 95 U+3086 494 1313 115 115 U+3064 374 3773 103 79 U+306B 849 1670 104 103 U+3080 1872 2393 83 100 U+4F5C 1654 2249 105 136 U+985E 29 978 99 215 U+308F 1632 3820 49 84 U+308F 1575 2583 51 111 U+3084 1634 991 75 144 U+716E 250 2308 104 198 U+3031 1898 1383 46 276 U+304B 389 3660 60 115 U+3088 1720 3992 69 101 U+3061 1735 3907 60 74 U+7CF8 1724 974 85 170 U+308A 1708 2865 28 121 U+304D 361 1486 49 109 U+76BF 2149 819 197 156 U+306E 2241 4121 83 56 U+3057 263 3877 73 172 U+304F 1092 2323 45 136 U+6577 250 1313 95 151 U+3057 1713 3717 93 99 U+308F 1880 1335 52 96 U+306E 640 3413 73 99 U+306B 2016 2791 112 91 U+5E73 2202 622 118 189 U+3093 1709 3821 111 79 U+308F 385 2591 58 99 U+4E8B 2325 1421 81 167 U+30CB 2057 2377 42 130 U+305F 285 3807 61 82 U+3042 2169 1456 110 113 U+308F 1882 2674 56 80 U+8449 1669 2530 79 199 U+4E2D 1504 3950 80 202 U+305F 1878 2756 54 81 U+3093 1748 2380 99 124 U+308B 1093 2810 61 108 U+304D 507 3951 82 85 U+91CD 1626 3428 67 150 U+308A 1563 3748 26 108 U+308A 1693 2391 32 126 U+304D 432 1400 53 104 U+3068 371 1289 37 83 U+30DF 281 1491 39 100 U+3058 904 1952 57 379 U+304D 1772 2235 47 128 U+308A 367 1374 35 117 U+304D 406 3512 48 111 U+3078 379 3457 94 55 U+4E4B 61 835 46 133 U+305D 250 1599 100 96 U+4E00 2205 549 86 27 U+4E4B 2067 2054 34 121 U+305B 1649 1288 63 85 U+3057 1919 2487 16 176 U+307F 1745 1147 78 147 U+3057 293 2731 24 261 U+308B 1750 1299 60 82 U+3072 337 1152 109 113 U+3057 683 3512 19 271 seg_fp 1878 4025 20 157 U+306E 1110 3809 73 73 seg_fp 1548 1353 77 59 U+3005 68 1397 40 177 U+3053 1757 2540 93 92 U+3057 689 2376 37 204 U+8C46 434 1526 86 134 U+3057 553 3778 14 178 U+3057 452 1239 24 156 U+3046 1672 1391 39 99 U+304D 1644 1160 58 92 U+306F 409 1147 65 109 seg_fp 1528 1021 71 128 seg_fp 295 1677 32 70 U+304B 1666 1539 52 82 seg_fp 1544 1122 72 124 seg_fp 1573 1242 23 117 U+3093 600 1210 135 108,200021763-00038_1
U+67FF 2289 1248 156 295 U+67FF 2277 643 169 210 U+6C41 1458 658 143 276 U+3084 2278 3013 181 202 U+3082 251 3432 81 162 U+6389 2053 673 150 309 U+80B4 221 1861 102 233 U+307F 2063 3244 175 218 U+83D3 1498 2029 105 256 U+5411 1035 661 143 153 U+8336 1460 2983 135 265 U+5916 1700 1975 140 180 U+306A 1488 960 100 172 U+8336 398 1529 136 248 U+8336 598 833 174 215 U+307B 400 580 126 176 U+6417 2291 1850 180 275 U+732E 198 1359 178 217 U+304F 2128 2854 66 204 U+7D44 219 2138 145 177 U+3075 1891 1021 157 370 U+304B 2325 2866 91 135 U+5897 205 2733 169 242 U+306E 850 1555 87 124 U+6FC3 602 585 177 237 U+8584 621 2519 189 252 U+3092 246 3983 75 115 U+521D 622 3256 172 199 U+6642 1457 2683 169 149 U+304B 663 3660 82 132 U+3091 2293 880 161 198 U+306A 449 2318 86 178 U+4E8B 1261 2434 119 307 U+5408 1006 3471 236 233 U+83D3 1464 3248 154 292 U+9298 395 1025 148 213 U+6B64 1684 1752 149 175 U+7ACB 212 1587 137 164 U+306A 863 2091 86 197 U+5408 1232 1916 189 199 U+5B50 1279 1008 91 158 U+6975 575 1649 196 210 U+8352 229 2457 139 265 U+5B50 1056 2099 95 159 U+9905 1016 1570 171 236 U+51FA 414 1942 150 182 U+5B50 1485 3527 127 150 U+8336 618 2785 147 228 U+53D6 49 698 122 191 U+6975 580 1147 186 204 U+3066 1047 1387 93 156 U+6284 609 1875 164 198 U+306F 661 1082 73 33 U+8DA3 196 1029 153 194 U+306A 1726 1346 81 192 U+6817 2283 2125 191 307 U+6B64 191 3641 168 149 U+4EA4 1240 1304 191 216 U+6B64 1226 588 174 123 U+5100 1011 1071 196 193 U+306F 671 3049 65 116 U+8272 1689 2200 139 190 U+306E 641 2105 87 100 U+306E 251 1766 65 74 U+306A 260 2982 79 168 U+5B50 1079 2868 94 169 U+3059 467 2127 66 152 U+7565 1026 842 140 223 U+3080 642 3473 146 163 U+3053 1901 687 90 128 U+985E 616 2227 156 209 U+6642 810 1354 171 157 U+6614 611 1357 122 231 U+5408 50 900 137 188 U+4EE5 63 579 97 121 U+53F3 1648 586 144 206 U+3092 455 1780 55 123 U+6A59 2061 1902 186 266 U+83D3 1259 724 130 279 U+5B50 1502 2282 99 142 U+4E00 1053 591 109 34 U+306E 1684 798 127 218 U+3042 1688 2585 138 169 U+4E00 1466 582 114 37 U+306E 248 2346 84 116 U+5F97 832 1864 154 210 U+5176 864 1182 69 168 U+306E 207 839 113 191 U+308A 1545 1913 40 114 U+306B 1060 1281 85 101 U+4E00 615 500 121 41 U+76DB 1047 3256 188 199 U+3042 1275 2965 117 223 U+306F 1507 2861 58 109 U+3068 1306 1199 55 70 U+308A 474 2496 43 207 U+4E00 1486 1551 121 40 U+67D1 2057 2217 156 237 U+305F 2331 1084 95 120 U+51FA 1487 2439 123 138 U+4E0A 209 697 136 116 U+3042 830 742 130 184 U+985E 1685 1023 161 290 U+308A 872 925 47 223 U+3059 1080 3706 102 164 U+308A 889 2289 54 223 U+54C1 1461 3739 179 188 U+308C 243 3149 131 143 U+4EE5 216 585 103 106 U+3068 1532 3948 58 155 U+5B50 2108 994 99 137 U+3066 1288 1525 87 122 U+3042 421 1240 105 163 U+3078 1663 2871 169 155 U+308A 1311 3189 49 248 U+4E8B 1023 3941 162 222 U+308A 1740 1541 49 184 U+901A 1454 1629 183 219 U+308B 2121 3064 89 184 U+84B8 1050 2300 138 193 U+3093 1886 819 157 139 U+5FC3 207 3792 151 137 U+3068 439 759 51 136 U+3059 1291 2117 80 186 U+306F 1508 1397 67 119 U+3092 1102 3065 47 121 U+30CF 245 1267 55 27 U+76DB 1254 1702 172 192 U+3057 687 3791 40 335 U+3068 1523 1136 51 134 U+308B 1725 2751 56 119 U+308B 454 1397 52 92 U+3082 844 593 71 135 U+306E 412 900 79 99 U+305B 57 1146 90 108 U+83D3 1046 2602 145 263 U+306B 1492 1281 92 116 U+5FC3 830 1753 175 103 U+3068 283 3293 41 126 U+3082 1302 2770 46 175 U+308B 1531 2577 51 102 U+83D3 1041 1813 122 287 seg_fp 1038 2492 161 86 U+3005 1753 2397 43 129 U+308B 1291 2301 71 128 U+308B 1087 3878 73 116 U+3057 1763 3035 22 276 U+306E 1495 3707 85 62 U+3078 71 1304 85 127 U+3057 117 1425 25 313,200021763-00042_1
U+90E8 828 3646 137 241 U+90E8 632 2069 130 285 U+90E8 1709 1976 153 187 U+5341 395 1285 108 192 U+306E 1682 1799 157 148 U+90E8 2383 2324 146 289 U+7B2C 1705 1044 121 209 U+90E8 1272 2258 158 334 U+90E8 375 2344 166 321 U+90E8 1932 2321 148 259 U+7B2C 402 1028 110 196 U+90E8 1047 2149 134 298 U+7B2C 1480 1050 125 211 U+6C41 622 1592 132 286 U+4E03 1045 1323 140 96 U+306E 1265 2117 135 141 U+7B2C 2378 1051 120 229 U+7B2C 2169 1040 116 214 U+90E8 1483 1984 149 265 U+7B2C 1951 1055 107 196 U+7B2C 813 1043 152 219 U+306E 1925 2178 126 124 U+7B2C 1252 1038 128 218 U+306E 816 3527 128 130 U+516D 1275 1320 134 135 U+7B2C 620 1033 114 203 U+7B2C 1035 1046 133 221 U+4E5D 625 1319 145 129 U+4E09 1948 1294 109 116 U+306A 422 1585 86 194 U+306E 368 2200 139 143 U+306E 2347 1805 162 153 U+516B 834 1346 179 85 U+308C 823 2111 165 166 U+3092 1939 1983 137 154 U+306A 844 1603 127 138 U+9CE5 1707 1607 142 161 U+5DDD 1934 1609 129 222 U+3051 836 3293 127 201 U+4E4B 1525 1805 64 150 U+4E94 1510 1315 132 132 U+4E8C 2192 1305 103 103 U+3053 1328 1971 57 77 U+3060 870 1926 113 177 U+3059 391 1976 115 183 U+4E4B 657 1901 55 145 U+308A 861 2989 62 164 U+8349 2148 1795 126 235 U+7363 1478 1598 172 163 U+90E8 2151 2209 122 253 U+3060 866 2357 108 194 U+7406 2597 1060 148 158 U+6D77 2380 1612 141 171 U+3056 861 3154 63 115 U+3044 1919 1864 132 114 U+306E 1263 1783 185 159 U+4E4B 2426 2162 67 152 U+7269 2595 1251 163 167 U+3057 896 2550 35 270 U+9B5A 2389 1991 102 167 U+4E00 2381 1378 135 31 U+304D 1306 1597 77 175 U+56DB 1701 1319 136 74 U+4E4B 1096 1934 62 190 U+307E 891 1744 46 172 U+9752 1094 1599 82 166 U+8A9E 2601 1451 139 163 U+78EF 2153 1629 142 138 U+9332 2581 1808 174 189 U+307E 451 1793 43 163 U+7269 1051 1778 165 139 U+4E4B 2216 2012 54 198 U+6599 2595 778 142 264 U+3044 874 2888 68 100 U+76EE 2619 1633 110 163,200021802-00003_2
U+6C41 2253 1145 119 277 U+3059 2081 2322 89 151 U+3084 2430 1708 193 135 U+540C 1860 1717 107 117 U+540C 1638 1112 99 122 U+3084 2027 3524 184 128 U+3042 2250 2469 141 150 U+307F 585 2603 187 191 U+6C41 2664 1162 123 263 U+6C41 604 1728 129 296 U+304B 605 2907 151 127 U+307F 994 2051 198 148 U+306A 1437 1142 121 144 U+3082 2301 3108 76 166 U+7269 810 2160 162 149 U+306F 596 1412 106 47 U+6C41 1247 1349 104 175 U+3066 2443 2027 130 148 U+306B 1856 2337 140 145 U+306E 1839 2660 143 154 U+305B 896 2603 102 79 U+3053 655 3331 60 117 U+306A 1863 2948 112 145 U+3066 2671 3246 96 148 U+304B 2246 1715 137 106 U+306F 2066 1028 83 51 U+3051 808 1718 117 148 U+9BDB 2252 2826 151 146 U+3066 2059 3834 108 161 U+307C 618 3162 157 177 U+3059 405 1730 87 169 U+307E 2288 2622 64 186 U+3051 1239 1083 108 170 U+304D 2093 3688 64 126 U+306A 1653 2610 127 132 U+7530 1846 1901 128 94 U+306B 608 3575 133 178 U+4F5C 1840 2027 165 157 U+306A 1238 2880 133 166 U+6C41 2064 2062 110 196 U+3075 2215 3374 208 147 U+6C34 1841 3541 137 198 U+3053 2290 2129 69 98 U+3059 1447 1431 93 181 U+306E 916 2516 74 81 U+3055 657 2304 72 108 U+3055 1649 2329 110 143 U+308B 1109 2582 63 88 U+767D 609 899 80 126 U+7269 1435 2647 146 138 U+3084 1395 1737 184 130 U+3072 1032 2917 150 141 U+304D 2492 1858 80 150 U+306F 826 1424 90 43 U+305F 1653 1244 70 140 U+3044 2279 3302 98 73 U+3059 2040 1487 103 154 U+307C 2237 1977 182 136 U+3059 1869 1195 76 173 U+9B5A 1038 1176 111 168 U+3042 1850 3748 126 134 U+77F3 2513 2245 93 92 U+308A 2479 1236 73 187 U+3059 2671 2703 95 139 U+304D 2703 3078 54 158 U+3084 2646 2948 168 126 U+3044 1623 1645 134 47 U+3059 1842 3282 154 166 U+306A 2282 1015 86 94 U+306F 1046 1432 82 36 U+3065 2023 3212 172 121 U+304F 2059 2931 95 120 U+3044 408 1936 118 92 U+307F 1583 1481 168 135 U+6587 1040 808 102 174 U+3061 2486 923 87 154 U+308A 843 1997 61 157 U+3055 1235 1727 99 132 U+3055 1071 1728 62 113 U+306A 2046 1169 100 123 U+3075 2499 2670 136 125 U+9B5A 579 1074 134 213 U+3084 2022 1846 178 140 U+306A 2672 2371 112 133 U+306A 1445 2344 119 126 U+3082 1064 3121 68 132 U+307E 2708 2518 46 168 U+308D 2039 3058 127 155 U+7269 383 2038 163 136 U+3051 2069 3298 101 133 U+306E 1017 3262 162 160 U+307E 1286 3048 48 132 U+307C 2661 1986 132 147 U+307F 1233 2002 84 127 U+3082 1877 2498 71 156 U+3057 911 2352 63 70 U+3073 911 2428 81 85 U+3055 1116 2498 64 84 U+307E 2659 1848 124 138 U+3082 2554 2340 39 114 U+3065 801 1887 169 111 U+308A 2686 1066 59 87 U+304F 2469 821 86 100 U+3057 686 2413 28 189 U+3068 2321 2982 34 124 U+3065 2262 922 146 96 U+307E 1471 1288 51 150 U+306E 371 1511 139 118 U+306B 1837 1386 152 163 U+307E 666 3014 51 152 U+304B 1882 1114 36 80 U+3044 2457 1157 99 78 U+304B 2709 1709 45 127 U+7269 617 3787 147 113 U+3066 1440 2014 100 143 U+9C29 1033 998 119 137 U+304D 1481 1879 50 121 U+3044 2049 2520 134 47 U+3082 423 1366 53 131 U+3057 2082 1730 86 113 seg_fp 1652 1720 85 62 U+307E 2279 1810 55 156 U+304F 2278 812 91 111 U+3057 1103 1841 20 178 U+3057 1700 1795 30 251 U+304B 1696 2471 43 136 U+9C2F 2015 834 136 143 U+307E 1877 3097 69 183 U+5171 2539 2543 84 105 U+308B 1337 2521 36 64 U+3057 1530 2458 20 192 seg_fp 2118 2618 31 234 U+307E 2080 1315 51 157 U+3055 1339 2441 50 74 U+308A 422 1230 69 117 U+3061 2548 2454 66 91 U+7CF8 2662 796 123 173 U+3078 1812 3906 194 105 U+3088 2690 966 49 98 U+9B97 1404 806 153 166 seg_fp 2078 2582 76 49 U+3053 2700 2154 52 95 U+304B 1127 2253 29 54 U+3057 1313 1848 17 190 U+3070 1263 962 93 107 U+304B 2094 2002 37 53 U+3073 1236 3194 170 172 U+3092 1323 2348 75 71 U+306F 1320 2276 58 42 U+306F 1100 2322 67 49 U+9ED2 1236 811 127 149 U+309D 1675 1397 39 79 U+304B 1330 2196 30 52 seg_fp 1093 2320 82 176 U+5F15 773 1031 151 246 U+718A 778 845 134 166 U+3044 425 1119 62 99 seg_fp 1115 2415 44 76,200021802-00006_2
U+6C41 1877 1195 126 290 U+306E 809 1148 155 185 U+540C 1850 2993 109 131 U+3090 839 853 110 261 U+3082 1846 3850 92 208 U+3066 1811 3722 129 147 U+306E 1426 3034 152 146 U+3059 1037 1071 104 227 U+304D 1043 2851 84 167 U+304B 1034 818 120 127 U+5927 1849 3111 127 202 U+3046 1498 808 49 168 U+304D 2658 3424 77 131 U+7530 1250 813 116 99 U+6C41 2445 3661 124 308 U+3042 2260 1915 129 125 U+6C41 625 1781 118 333 U+91CE 1835 3330 129 205 U+308A 2293 2144 65 192 U+3042 1657 1447 103 128 U+305F 434 839 78 212 U+6C41 2687 1801 112 255 U+3079 2452 2542 181 133 U+3059 2265 2387 79 157 U+99AC 1853 808 163 141 U+304D 2057 2775 93 152 U+306E 1837 2766 133 135 U+7269 2223 3384 162 124 U+304B 2061 2394 112 101 U+308A 1697 1686 53 164 U+3059 2705 1178 89 168 U+3084 988 2696 179 133 U+3084 2275 1176 133 171 U+713C 2455 2664 147 162 U+306B 1453 1715 125 112 U+3055 812 3015 125 171 U+8706 588 831 172 203 U+540C 2267 1773 112 133 U+3059 2461 2970 104 171 U+3066 2260 1493 109 161 U+3072 1440 2845 138 166 U+3084 2631 3294 157 125 U+306A 806 3286 158 176 U+306B 1888 1780 79 169 U+3084 2029 2635 168 133 U+7269 2670 1468 149 115 U+306B 1482 982 90 110 U+306A 2492 2390 94 144 U+306B 617 1177 124 155 U+306E 2053 2107 124 136 U+86E4 2460 856 179 157 U+7269 1229 2041 151 127 U+7269 1850 1955 156 146 U+304D 2448 3410 102 172 U+306E 1429 1563 139 151 U+3055 1644 1964 119 138 U+3084 2616 3798 152 121 U+3072 1025 1454 147 155 U+304D 2660 2689 120 140 U+3080 2471 1201 124 143 U+6749 2631 3636 139 147 U+3055 419 1778 116 151 U+306B 2076 1814 110 130 U+304D 2653 3916 79 171 U+87BA 1234 930 144 169 U+3052 419 1472 111 181 U+306E 598 1483 132 141 U+3042 603 2379 128 172 U+7269 590 2668 166 147 U+86E4 1855 958 178 141 U+306A 1651 2265 151 121 U+3046 456 1053 35 164 U+304B 830 1323 114 141 U+9752 1271 1186 91 184 U+306A 417 2074 124 133 U+308D 1034 1863 136 162 U+3084 2428 3285 157 128 U+7269 2246 2693 162 143 U+3042 1244 1404 124 168 U+86CE 2678 848 151 190 U+3072 828 1472 139 166 U+3076 1619 1568 183 120 U+3055 2294 2035 60 106 U+3082 1495 1389 57 171 U+3078 1227 1601 169 93 U+306A 1460 1181 108 121 U+3059 1261 1787 78 162 U+3070 2113 1432 81 115 U+8EAB 1449 3225 65 196 U+308D 814 1866 143 145 U+304F 402 1225 104 116 U+304D 2311 1348 52 127 U+308D 2060 1269 130 167 U+3059 2506 1789 79 173 U+3053 1082 1757 53 91 U+3044 1238 1968 119 70 U+307C 812 2708 124 121 U+3070 845 2019 120 59 U+3082 668 1320 50 151 U+3044 2684 1385 111 80 U+307B 1644 1171 118 121 U+3070 2106 829 108 153 U+3076 1388 2371 200 179 U+304F 1029 2401 99 111 U+3068 1490 2563 52 143 U+3044 2251 2590 126 82 U+3078 576 2558 163 103 U+304E 2481 3140 81 137 U+3044 2084 1011 129 69 U+3053 869 1759 50 92 U+3057 1090 2139 22 186 U+3078 1838 2560 153 75 U+4E5F 1445 3416 91 156 U+3057 1506 1974 19 266 U+304B 468 1928 52 133 U+304B 1696 2120 48 141 U+3057 2548 1338 24 249 U+307E 1854 3544 60 175 U+308A 852 2555 64 161 U+306A 2267 3021 97 125 U+3057 2115 1603 22 132 U+3057 876 2161 26 174 U+3088 1494 1851 46 129 U+3082 1898 2639 45 128 U+3070 1076 1971 89 170 U+304B 2098 1537 45 71 U+3089 1084 940 40 142 U+3057 898 2816 23 153 U+3059 2707 2405 56 146 U+3057 1715 1294 26 162 U+3042 1892 2391 73 145 U+304F 2657 2999 83 110 U+3089 2099 2495 45 138 U+3057 2313 3146 34 218 seg_fp 848 3191 47 91 U+3057 1064 2507 54 183 U+3082 2119 1943 47 147 seg_fp 1485 2728 42 112 U+3057 2696 3117 40 173 U+304D 852 2419 73 134 U+304C 2673 2571 88 123 U+304B 1503 2311 36 81 U+304C 1071 1333 93 113 U+3089 447 1348 35 113 seg_fp 1545 1285 17 187 U+304B 871 2086 38 85 U+3053 2120 1108 49 158 seg_fp 1860 2128 92 166,200021802-00008_2
U+6C41 1728 1705 114 298 U+6C41 1530 1109 121 273 U+540C 2343 1752 107 141 U+6C41 1944 1143 124 241 U+306A 1537 1697 87 209 U+6C41 906 1740 125 285 U+6C41 81 1106 114 248 U+3031 293 3530 99 316 U+6C34 2152 773 162 151 U+3059 1517 2086 112 158 U+304D 710 2115 76 151 U+6C34 2345 2376 119 184 U+306B 2337 2937 133 135 U+306A 1727 2947 113 142 U+6C41 2155 1138 116 232 U+6912 255 1853 152 254 U+306A 1116 1696 107 150 U+3084 1097 2350 156 192 U+306A 1953 1722 98 152 seg_fp 470 766 139 187 U+3084 248 2463 170 142 U+3051 2361 2210 98 106 U+3084 426 3189 202 119 U+3066 2370 1499 74 181 U+3059 2128 2510 101 189 U+3059 1969 2339 77 164 U+9BAD 2145 933 175 136 U+306A 2155 2193 90 135 U+305B 455 3799 128 127 U+3084 2091 3560 186 120 U+6C41 1325 1716 113 271 U+9C67 1073 782 177 187 U+3073 2335 1332 158 163 U+306A 712 1116 101 130 U+304F 498 3618 63 169 U+3059 2161 2923 90 194 U+6D5C 691 1741 132 207 U+3066 1110 2750 79 222 U+3059 879 3306 99 198 U+3084 248 1255 167 125 U+304D 294 2617 75 167 U+3059 1336 1464 89 141 U+307F 237 2112 164 165 U+304D 495 3316 71 139 U+3059 714 1420 87 167 U+304D 1125 2554 78 195 U+304E 907 1282 160 202 U+6749 265 1083 139 162 U+3059 1933 2050 142 184 U+3056 2375 2095 91 113 U+8272 2359 3352 90 184 U+3066 2121 3857 126 154 U+3059 1144 1111 82 174 U+3059 1114 2031 125 172 U+308F 1943 768 119 103 U+3042 2339 3083 115 143 U+3082 1773 789 59 215 U+3072 2152 1724 115 165 U+3046 500 3931 46 175 U+307E 1970 1876 54 159 U+308A 2182 2043 61 145 U+6B64 255 2918 131 147 U+3055 910 1142 119 155 U+305F 1973 869 73 118 U+3053 1757 1239 67 145 U+3042 2353 2560 114 147 U+306A 897 2941 111 162 U+3078 2330 2719 180 94 U+5916 267 3083 139 180 U+307F 497 2019 110 178 U+3057 1999 2498 43 310 U+307E 921 3107 61 189 U+3060 708 860 140 124 U+304B 1984 1002 45 60 U+308D 1713 1024 137 209 U+3059 495 1419 135 157 U+3059 1718 2313 117 163 U+5C71 266 1715 136 140 U+3044 268 3288 122 98 U+3059 1710 3282 149 186 U+308D 254 3387 140 169 U+305D 295 2276 66 182 U+3067 2147 1897 129 148 U+9C0C 0 753 228 235 U+3059 483 2341 107 163 U+3064 2335 3816 118 72 U+308F 952 781 44 192 U+3075 2297 3965 174 118 U+304D 2152 3687 62 163 U+304B 2382 1895 35 77 U+304D 304 1399 72 171 U+3078 2308 3249 191 95 U+3084 664 1974 167 132 U+3057 943 2502 34 275 U+306B 2335 3664 128 128 U+306A 1349 1122 93 147 U+3055 486 1722 119 128 U+3057 1170 1281 33 276 U+3044 692 769 114 75 U+3059 910 2319 84 182 U+307E 1147 1859 57 152 U+3089 2386 1969 37 123 U+9B66 1521 788 150 224 U+3057 2186 3117 34 261 U+3055 2386 1109 56 113 U+3057 1778 2469 25 259 U+307E 1359 1276 65 181 U+307E 1552 1916 48 164 U+3057 534 2489 27 276 U+307E 742 1251 47 172 U+304B 520 2926 47 84 U+306A 501 1083 108 147 U+307E 1746 3095 64 173 U+3059 84 1714 93 147 U+307E 2156 2339 61 173 U+306F 507 3013 52 161 U+304B 2384 3886 32 79 U+304B 2372 1217 47 111 U+9C14 1313 779 177 208 U+3057 125 1889 27 280 seg_fp 2371 3537 63 126 U+307E 510 1227 72 179 U+3057 569 1844 23 167 seg_fp 939 969 38 147 U+3053 506 3544 48 80,200021802-00011_1
U+90E8 1787 2339 190 302 U+767D 1104 788 96 151 U+6C41 1107 1148 112 272 U+6C41 1508 1107 123 279 U+771F 2144 776 98 153 U+306E 1748 2150 204 196 U+7B2C 1778 1371 151 294 U+6C41 669 1128 112 190 U+3070 1526 2002 106 153 U+308A 703 3252 84 181 U+3066 475 3893 121 126 U+4E80 2137 931 105 164 U+3031 917 1801 81 381 U+9CE5 1117 1953 76 187 U+6C41 2738 1106 112 260 U+540C 1291 1103 114 150 U+304D 494 2733 99 148 U+307F 2136 1993 126 142 U+3059 492 2031 94 167 U+25B3 1796 1170 146 105 U+3066 1534 2693 77 141 U+304D 2563 3934 87 136 U+3084 464 2577 158 155 U+9CE5 1116 2651 81 189 U+5916 881 1326 146 164 U+3066 1122 3879 77 165 U+3084 2505 3808 195 117 U+306F 697 3901 95 64 U+9152 1093 3529 144 173 U+3073 1104 3721 150 158 U+304D 2569 1319 92 197 U+306A 488 1705 108 138 U+9CE5 1054 943 184 150 U+305B 2292 1386 136 113 U+3059 2561 2910 82 183 U+306F 698 3040 101 68 U+304D 1106 3336 98 126 U+3031 1532 3552 107 415 U+308D 1279 3228 158 173 U+3084 1078 3200 186 105 U+3052 1304 1509 124 199 U+7269 2119 1419 144 102 U+3086 1076 2315 130 147 U+751F 690 3513 94 212 U+9CE5 1800 1911 162 226 U+56DB 1787 1697 167 87 U+305F 1313 1909 102 191 U+3059 2153 1144 83 164 U+9CE5 699 2025 81 191 U+306E 1261 2583 148 135 U+305B 460 2931 144 134 U+9DB4 1499 793 127 215 U+3059 1307 2132 102 173 U+3055 466 1118 123 140 U+3044 2126 2302 136 113 U+308D 872 1632 137 152 U+3075 2475 2661 205 149 U+96C1 636 803 166 177 U+9CE5 700 2551 80 198 U+3070 501 3248 116 172 U+306A 2745 2328 103 138 U+540C 2124 2988 133 133 U+3055 2131 1716 113 129 U+3056 2558 1181 138 161 U+3082 1316 1256 72 160 U+5869 1274 3422 143 148 U+304B 703 2904 74 125 U+3055 1528 2299 88 119 U+9AA8 1299 2780 118 272 U+3093 1500 1809 143 180 U+307F 490 1398 131 187 U+3073 477 3746 156 146 U+3053 2763 2104 59 113 U+3073 1490 2541 159 160 U+304D 2752 3260 93 147 U+3086 665 1710 137 131 U+308A 1124 1803 61 158 U+3044 871 1523 137 107 U+306E 2529 3326 141 133 U+304B 717 3752 44 103 U+3093 2539 971 140 175 U+304F 1112 2895 95 121 U+307E 2726 1795 130 143 U+3044 1068 1707 122 92 U+3055 509 3504 67 110 U+3093 470 3068 167 181 U+5176 1532 2939 68 184 U+714E 677 2313 135 239 U+3044 666 3138 131 117 U+3084 2737 3098 138 160 U+304F 1297 3068 111 158 U+3067 680 1862 156 149 U+305B 1489 1705 140 107 U+307C 2732 1944 131 151 U+5916 1496 3125 184 214 U+6912 2511 1804 133 220 U+6749 2733 2946 140 150 U+304F 2355 1193 58 177 U+308B 2387 2398 46 105 U+3081 2148 2688 97 136 U+3044 2538 2579 109 78 U+306F 2577 801 68 176 U+3044 2110 1319 127 95 U+304C 2177 2578 107 108 U+304F 482 2306 108 120 U+304F 2537 3511 101 113 U+713C 2725 2612 149 169 U+3082 2569 2396 62 182 U+3082 2162 2815 71 138 U+3092 2536 2129 139 153 U+3082 1325 2436 47 141 U+3082 2590 3204 48 123 U+3079 2715 2503 168 85 U+3044 2534 3103 128 102 U+3053 2358 1105 59 90 U+3066 1103 2474 83 193 U+307E 523 1850 53 176 U+3055 2383 2303 59 95 U+3046 2358 1502 44 183 U+3092 2375 2173 100 112 U+3057 1163 3009 39 193 U+3068 2575 2281 38 114 U+304B 2764 1709 48 74 seg_fp 547 2418 32 189 U+306F 2375 2112 72 56 seg_fp 2203 2409 41 184 U+3044 1270 2302 135 130 U+304B 509 3616 48 127 U+309D 1330 1411 36 124 seg_fp 2705 769 192 222 U+304B 1532 2416 47 121 U+308F 1335 1739 53 158 seg_fp 1538 3361 54 124 U+5176 914 1133 50 181 seg_fp 1500 3472 113 106 U+5C71 2530 1710 105 102 U+3057 2591 3617 45 184 U+3057 557 1242 24 141 seg_fp 2188 1839 43 151 U+3044 2517 2036 122 59 seg_fp 2360 1708 77 81 U+308C 2383 1811 51 116 U+3082 2390 1932 44 170,200021802-00011_2
U+3031 2187 2840 91 334 U+3082 527 1857 76 200 U+6C41 1968 2835 139 285 U+6C41 1341 1118 123 304 U+3059 1807 3233 81 124 U+7AF9 2161 2187 145 211 U+304C 2397 983 97 86 U+540C 2163 2042 117 134 U+7269 1731 2536 163 140 U+6C41 304 1088 117 281 U+306E 2352 3241 122 143 U+6C41 1747 1639 119 292 U+306E 103 2633 119 142 U+307F 2337 2530 149 196 U+3059 109 2881 120 163 U+3055 2006 3647 65 107 U+3059 2391 3456 101 170 U+6C41 1139 1179 117 244 U+3059 2362 1943 111 171 U+7269 1945 1860 161 136 U+3042 91 2280 117 147 U+306F 1980 3587 99 65 U+3055 324 2469 75 113 U+307F 2002 3888 79 116 U+3046 151 3554 44 200 U+3059 119 1955 70 140 U+7269 1097 1951 147 114 U+304E 1762 1334 125 168 U+6C41 1550 1066 117 305 U+6C41 725 1086 115 289 U+306B 1953 2251 155 154 U+3051 2173 1653 120 146 U+3042 1949 1621 129 155 U+305F 1990 756 94 197 U+308A 533 1687 66 183 U+82B1 1964 3397 143 182 U+7269 2156 1354 152 140 U+6C41 2368 1126 116 272 U+306B 1749 2856 130 160 U+3046 2400 833 46 149 U+3079 1117 1024 177 117 U+304C 1786 1031 133 79 U+8272 1962 2389 125 179 U+524D 909 1929 143 156 U+306A 2386 1645 86 131 U+3059 312 2267 98 166 U+82B9 716 713 113 246 U+7269 100 3878 129 115 U+308A 753 3538 67 145 U+3082 753 1866 50 145 U+306F 1758 1122 132 207 U+3081 1766 870 106 128 U+3064 2166 1009 140 186 U+3084 694 2537 166 126 U+5C71 1333 948 136 98 U+3042 2349 2857 123 148 seg_fp 2227 1958 65 46 U+8272 1756 3027 135 178 U+308D 2157 2684 119 167 U+306A 735 2869 94 114 U+304D 740 2660 85 163 U+3078 1935 1792 185 105 U+307B 1978 1156 137 206 U+3042 1728 2251 135 174 U+3093 1971 948 130 185 U+3078 1717 2437 181 106 U+3042 710 1648 126 145 U+3078 691 1798 176 97 U+3059 729 3165 156 140 U+3081 2374 730 100 99 U+3088 1791 733 48 125 U+3044 2174 2579 110 101 U+307F 1775 3755 112 167 U+306E 97 3748 130 126 U+306B 726 3794 123 137 U+3055 2387 2265 73 95 U+306E 712 2021 122 137 U+3078 1092 1839 172 100 U+306A 106 1650 100 121 U+3082 1552 1636 67 175 U+3057 2427 3624 35 316 U+3093 2169 1789 140 140 U+3042 1099 1651 131 164 U+53F3 920 1630 112 142 U+5165 673 3954 211 103 U+306B 1334 2290 124 161 U+8272 1351 2444 124 196 U+305B 680 2283 129 97 U+3044 697 3456 120 85 U+3046 136 3044 54 152 U+3065 917 937 129 164 U+9CE5 745 3635 72 172 U+308A 756 2385 59 153 U+3057 2035 3746 22 161 U+540C 914 1789 114 129 U+3051 2183 1183 93 166 U+305C 476 1544 198 151 U+3078 84 2437 147 62 U+3055 1762 3463 122 140 U+307E 122 1778 70 203 U+3082 155 2497 42 137 U+306B 293 1649 116 162 U+3064 510 1198 134 140 U+84EC 1562 719 122 224 U+307E 762 2993 56 165 U+3042 1379 1650 72 120 U+306A 939 724 115 200 U+3053 1166 918 59 84 U+307E 2405 1776 61 163 U+3057 2420 2366 24 161 U+540C 508 2097 119 147 U+5B50 2198 2411 93 128 U+6C41 102 1091 121 261 U+3069 156 3178 86 158 U+3078 2331 3017 163 79 U+7B46 311 751 106 261 U+8272 307 1813 130 150 U+83DC 934 1095 103 257 U+3057 574 2237 26 311 U+307F 542 1038 46 147 U+3044 297 2616 138 62 U+6D3B 77 860 156 134 U+3082 2409 3092 55 142 U+5E38 1341 732 114 224 U+72EC 76 707 144 146 U+3061 1560 1805 100 221 seg_fp 2023 1379 27 71 U+3057 1847 3592 26 153 U+304B 149 3477 46 73 seg_fp 549 1421 55 127 seg_fp 765 2148 64 37 seg_fp 1558 1811 50 75 U+571F 313 704 87 136 U+306F 1162 729 72 160,200021802-00015_1
U+3059 399 2149 90 156 U+3082 2079 3897 67 170 U+304D 1415 1432 92 188 U+5019 1448 1138 54 129 U+306B 619 3523 66 138 U+306F 800 1475 82 50 U+3044 371 2334 130 61 U+3046 2276 2174 47 192 U+6C41 2045 1305 96 252 U+308D 571 3354 136 172 U+6C41 782 3053 119 255 U+3082 1842 1472 71 140 U+3092 796 3276 124 129 U+3042 376 2423 119 142 U+306F 2252 1712 81 54 U+306E 2018 1193 123 103 U+6642 1829 3079 125 133 U+306A 585 2038 106 110 U+3042 790 3427 116 139 U+307F 794 1266 121 168 U+3064 590 3661 135 161 U+305D 601 3017 69 167 U+5165 1353 2005 180 122 U+307E 588 1485 130 139 U+306B 1203 3353 107 134 U+305B 1462 3980 75 107 U+4ED5 780 2564 124 149 U+306B 622 1650 58 109 U+306B 0 3032 76 124 U+3072 1627 1140 103 132 U+304D 795 2054 101 165 U+3066 2049 3292 96 150 U+4E5F 145 1923 132 186 U+307F 1595 3084 155 154 U+5165 932 3613 240 96 U+3044 1415 3714 134 64 U+3092 1416 1834 126 142 U+5C11 1217 3845 137 160 U+306B 1037 3482 63 106 U+3066 769 2364 98 167 U+5165 331 2056 212 100 U+7ACB 2251 1300 76 174 U+306A 405 1727 69 143 U+5165 1823 2277 146 92 U+307C 582 3201 119 152 U+308A 1029 2873 53 168 U+3092 2052 3717 137 184 U+3046 1023 2040 45 176 U+3092 1430 2438 120 131 U+4E5F 1191 1476 129 213 U+3092 390 1281 111 141 U+4ED5 2221 1142 126 128 U+306E 1190 2308 126 130 U+306B 1796 1652 139 131 U+3075 2194 1801 163 108 U+3066 1864 3875 68 194 U+306E 2207 2363 153 159 U+306E 1594 1709 141 149 U+3059 0 2383 94 177 U+307E 580 2165 133 134 U+3051 1219 3577 117 162 U+5F8C 1626 1873 113 144 U+5165 109 1700 183 85 U+3068 2273 2079 62 96 U+3092 2036 1999 125 172 U+3082 400 3752 71 138 U+3059 1434 3515 91 170 U+304B 571 2464 133 94 U+6C41 1 1216 87 251 U+3055 606 1360 66 87 U+3042 366 1138 116 148 U+4E5F 349 3166 143 173 U+308A 638 3940 55 145 U+305D 1650 1561 58 133 U+3042 1823 3228 121 157 U+6642 975 1791 123 155 U+308A 2078 3123 57 178 U+3044 988 3370 131 91 U+308A 416 1579 54 149 U+7ACB 801 2718 78 168 U+306E 354 3487 142 156 U+3057 1829 2399 132 112 U+306C 765 1912 130 124 U+308D 172 1138 104 123 U+306A 0 3609 67 135 U+304A 1 3184 105 130 U+3060 1006 3191 97 147 U+304F 622 3819 73 120 U+308B 1630 3566 127 158 U+304D 2078 2964 57 149 U+3082 191 1538 69 153 U+3053 606 2860 68 123 U+305B 358 2684 124 126 U+3046 27 2251 48 127 U+3044 354 3658 129 92 U+9B9F 2028 813 155 167 U+3072 0 2694 102 164 U+304A 2031 2561 130 127 U+308A 1242 3192 51 158 U+3080 207 2136 94 87 U+5019 819 2892 47 127 U+3092 1641 2370 114 126 U+6B64 973 1643 125 111 U+3053 822 826 55 94 U+3068 628 1884 48 141 U+307C 584 2728 153 127 U+69D8 2227 1490 125 183 U+308F 2064 1839 56 148 U+3053 612 2330 59 95 U+3076 1411 2261 140 150 U+9C47 2027 1004 136 158 U+5869 1413 2945 131 127 U+7ACB 1669 3983 92 111 U+307F 1798 2631 153 137 U+6C34 1840 3543 111 174 U+3081 816 3805 100 92 U+3093 1413 3334 152 172 U+3068 1459 1296 31 133 U+53C8 1196 1709 161 135 U+5165 0 3864 143 108 U+3055 1424 2603 109 130 U+306E 361 1441 125 135 U+3082 1266 3733 57 115 U+304B 1470 3108 47 51 U+307F 24 2558 44 103 U+306F 2035 2199 114 173 U+3044 572 1780 116 95 U+3057 991 3056 126 126 U+3051 1634 2160 101 197 U+3069 423 1868 84 182 U+3092 1840 1334 106 141 U+304F 2263 2708 63 162 U+306B 1854 3744 107 119 U+5408 1413 3784 162 165 U+5C71 375 3354 139 111 U+3084 1606 1285 144 71 U+3055 1648 2046 68 99 U+306B 1624 3728 132 133 U+3078 1817 2187 170 100 U+306F 3 812 79 157 U+306F 996 2238 89 49 U+3068 1033 1101 41 197 U+304A 387 3935 136 143 U+304B 2073 1740 36 93 U+304E 2063 2377 84 157 U+304B 1230 3497 44 72 U+6642 1190 2452 136 117 U+304B 2092 3460 44 104 U+308F 2080 3561 47 149 U+307E 611 2561 65 163 U+308B 1866 2921 58 117 U+5C71 221 2446 95 89 U+3051 1639 2588 101 180 U+51FA 588 1117 124 112 U+3048 1844 1783 65 164 U+304F 2267 1891 74 167 U+305D 1664 3236 55 126 U+308D 0 3315 105 166 U+6E6F 1830 1950 99 184 U+3065 0 2860 145 170 U+305F 822 3571 70 110 U+3052 1845 3377 121 183 U+3060 1231 2700 64 136 U+308D 2037 2705 128 122 U+304F 1655 2915 65 141 U+9B5A 1410 1639 112 185 U+304D 994 2471 117 166 U+3059 1212 1841 75 101 U+3092 1643 2773 112 141 U+306F 1003 1964 85 63 U+305F 1869 2765 67 143 U+3066 829 3971 107 107 U+3069 1458 2092 106 163 U+5019 1249 1364 28 108 U+716E 782 1661 114 237 U+3052 1443 3166 109 159 U+306E 219 2540 78 85 U+306F 15 1741 47 162 U+5B9F 1837 1144 87 183 U+3066 178 1412 94 132 U+304A 1206 4009 90 89 U+3044 227 2630 68 54 U+3057 1681 1360 18 195 seg_fp 823 2234 31 110 U+3057 1493 2725 25 180 U+306F 234 2404 57 34 U+5409 5 3946 79 140 U+3089 20 972 60 135 U+3057 1674 3357 32 203 U+3089 17 1904 65 135 U+3057 237 1255 23 165 U+3082 245 2685 45 105 U+306F 1222 2636 72 41 U+304B 245 2223 34 74 U+3057 663 1207 35 212 U+3057 55 3462 33 215 U+306F 409 2581 63 71 U+3057 1280 1171 27 241 seg_fp 204 1792 51 137 U+307E 1173 2037 122 94 U+309D 836 3685 33 110 U+3059 240 2996 100 88 U+51FA 1202 1104 99 110 U+3048 1652 3856 111 132 U+3057 256 2287 18 106 seg_fp 227 2809 80 159 U+3069 29 3746 93 122 seg_fp 818 950 116 77 U+304F 1003 2756 87 110 U+309D 840 1132 38 111 U+3057 1256 2145 20 146 seg_fp 1002 2302 48 153 U+5019 422 3079 43 71 U+3057 2124 2818 22 175 seg_fp 1221 3046 73 133 seg_fp 1902 2549 27 75 U+5019 832 3897 38 77 seg_fp 32 2040 42 120 U+51FA 381 2818 101 98 U+3064 981 2659 129 85 U+5019 1025 1500 40 113 U+3057 1246 2853 21 203 seg_fp 460 2858 44 209 seg_fp 22 1088 46 121 seg_fp 1468 3860 54 112 seg_fp 837 1051 42 96 seg_fp 2279 2530 57 174 seg_fp 1665 3845 52 68 U+304B 1659 2517 31 53,200021802-00022_1
U+6C41 875 1205 124 248 U+6C41 2325 1047 103 217 U+3082 677 2874 83 203 U+306F 676 1107 93 66 U+3059 1298 3218 89 158 U+306E 858 2276 191 171 U+3092 2324 2576 146 140 U+3089 910 2978 71 179 U+306E 1047 1112 156 169 U+306F 1299 1925 88 57 U+306F 1706 1773 91 67 U+3044 1265 3424 136 65 U+304F 1942 1572 52 158 U+3066 1484 3424 110 156 U+5165 2657 2874 204 112 U+3076 2125 1106 137 121 U+304F 2332 2729 82 128 U+3044 862 1868 145 89 U+3092 1712 2995 108 125 U+5473 2514 1115 151 162 U+9C0C 2300 826 149 188 U+4E2D 2311 1558 114 236 U+5165 1225 2466 170 114 U+3092 2135 1253 125 121 U+3066 681 2695 80 196 U+53E3 1276 3531 104 78 U+306B 2723 1701 102 142 U+5019 2308 3833 118 85 U+3066 866 3346 112 174 U+5DE6 1724 1378 76 159 U+3084 845 945 172 133 U+306F 2126 2359 104 63 U+3055 2159 1395 61 100 U+6912 1257 3782 143 235 U+5165 624 3102 189 90 U+307F 1861 2403 169 167 U+4F46 1910 1117 131 136 U+4ED5 2717 2058 127 143 U+305F 891 2575 102 164 U+3042 1700 1101 112 133 U+3066 471 1104 93 153 U+306B 1284 1128 124 124 U+3066 2734 1851 67 186 U+3066 669 1732 106 156 U+3065 1473 2149 175 110 U+304F 1912 3470 71 161 U+3042 1688 1865 122 133 U+51FA 1486 1106 124 121 U+7ACB 2746 2202 81 149 U+304D 2721 3068 94 165 U+3057 873 804 132 129 U+304D 1497 1540 99 148 U+306E 1895 2716 121 150 U+5927 666 1212 120 142 U+4E8B 1925 3861 72 203 U+3046 711 2185 50 229 U+308A 673 3781 75 144 U+3066 473 1617 92 153 U+53C8 1883 2267 193 145 U+307F 1447 2564 164 148 U+3069 2336 3947 80 105 U+3072 849 3785 150 123 U+6B64 1279 2011 128 100 U+3081 684 2065 90 117 U+3042 854 3533 126 125 U+307F 2735 1377 100 152 U+3066 1687 3337 109 162 U+3070 661 3582 144 101 U+3059 879 3156 97 188 U+6301 1282 2288 125 160 U+3092 1503 2862 115 139 U+564C 1687 2791 141 178 U+308A 1744 1232 49 151 U+3055 1703 3518 107 130 U+306A 1892 3643 103 140 U+307F 2286 1816 158 147 U+3042 1884 2891 128 139 U+59BB 2120 2117 110 216 U+9752 900 1681 90 187 U+304D 1913 1881 129 180 U+5019 2758 2354 48 132 U+304F 2333 3194 62 174 U+5927 2089 2903 133 157 U+305D 2749 1562 55 124 U+3093 666 1442 148 142 U+306B 642 3925 148 101 U+308F 931 2410 50 161 U+308F 922 1962 56 120 U+3066 2123 1655 107 153 U+305F 1716 3157 66 156 U+4F1D 1278 2996 142 191 U+3044 1482 2082 129 64 U+3088 1525 1384 49 154 U+305D 2352 1959 67 142 U+305D 1947 2565 60 145 U+304D 1720 2420 90 171 U+3060 2356 2247 68 131 U+3057 1285 1460 125 110 U+3072 1491 3604 117 121 U+5916 2094 3542 135 173 U+304B 914 1107 47 84 U+564C 2525 1304 128 180 U+306B 2325 2115 124 141 U+3082 1522 2397 61 147 U+3053 1119 1296 56 102 U+306A 2724 3241 73 179 U+59BB 860 3902 118 138 U+7533 1339 1256 43 194 U+4ED5 462 1289 122 154 U+3082 683 1893 128 147 U+306B 715 2547 59 150 U+305F 1932 1737 72 134 U+5C71 1258 3646 133 100 U+7269 1478 1701 153 144 U+3060 2735 2514 104 183 U+4E2D 2728 1101 93 242 U+4F1D 2523 2073 123 151 U+5473 1685 2604 138 174 U+3057 705 3384 41 221 U+3078 1666 1671 179 80 U+3088 2352 3044 50 156 U+3042 1895 3218 122 131 U+3053 1515 3036 75 98 U+7533 2336 3627 54 218 U+308B 1928 3768 62 75 U+308C 1516 2221 67 181 U+4E5F 1303 2583 91 234 U+305F 1728 1997 76 129 U+3055 1523 3726 66 95 U+3093 2519 1728 132 185 U+306B 1284 1731 120 159 U+3066 484 1884 123 118 U+5FC3 1278 2152 134 114 U+304B 2748 2971 47 98 U+3060 672 3194 133 194 U+53E3 2536 1964 87 92 U+304B 2577 1492 37 73 U+3046 2141 2688 57 224 U+305D 1514 2701 58 166 U+53E3 1304 2880 93 100 U+3078 2275 2957 179 95 U+3052 2555 1557 81 166 U+3057 2370 2381 26 233 seg_fp 2336 2856 81 80 U+3046 1522 3133 56 120 seg_fp 2107 3842 107 80 U+304B 695 3688 36 97 seg_fp 2126 3727 60 103 U+304F 1510 3937 60 112 U+3054 2135 2446 101 114 U+5176 2117 3351 55 172 U+716E 2308 3391 100 149 U+304C 717 2435 50 106 U+4E45 1925 1281 100 117 U+3005 2157 3959 62 83 U+3088 505 2025 53 137 U+3062 1920 3044 140 187 U+3053 694 1358 57 86 U+3093 2096 3180 114 163 U+540C 1094 1488 100 169 U+3070 2122 2602 147 89 U+5165 2641 3582 172 103 U+3057 2772 2696 34 177 U+306B 699 1608 50 108 U+3053 2134 3068 51 123 U+3057 940 2084 28 218 U+3057 1554 3250 21 182 U+304B 925 2754 43 72 U+3068 2742 3412 54 159 U+3057 2173 1483 31 177 U+3089 914 3655 43 117 seg_fp 1987 1398 32 213 seg_fp 2314 3532 99 107 U+308B 1315 1579 68 125 U+3057 532 2156 19 278 U+3088 2172 1807 41 129 U+3057 1978 3341 23 214 U+3089 1754 2127 34 135 U+4E5F 1521 1851 80 211 U+3057 928 2825 34 159 U+3057 1549 3830 22 144 seg_fp 1562 1217 25 193 U+3057 2183 1928 25 194 U+305F 500 1448 56 175 U+3057 1772 3646 26 144 seg_fp 1751 2247 30 193 U+3066 1713 3903 107 139 U+3066 1931 2064 110 169 seg_fp 1733 1533 50 129 U+8449 1061 1670 136 179 seg_fp 499 1788 34 101 U+6642 2698 3795 111 101 U+5019 1725 3785 29 117 seg_fp 2868 3852 52 99 seg_fp 2875 3956 45 175,200021802-00022_2
U+3067 874 3462 167 157 U+3086 1302 1490 123 173 U+304D 1337 3788 85 225 U+304D 922 1123 77 195 U+5225 483 2033 133 237 U+3056 2567 1908 146 188 U+3066 886 3894 127 130 U+534A 2352 2683 92 219 U+304F 2571 2870 68 140 U+3031 734 2748 99 307 U+4ED8 1324 1984 115 172 U+3082 725 1147 69 135 U+4E8B 1949 1125 76 255 U+306F 1939 2769 124 183 U+3072 2336 3209 132 157 U+3059 506 3915 94 122 U+3042 2123 3115 132 170 U+3059 2352 1479 98 162 U+306F 2549 3268 134 183 U+4E5F 1969 1384 94 144 U+3059 1530 1285 92 154 U+3042 894 1339 143 176 U+306E 486 2810 121 158 U+306B 1537 3897 87 131 U+306D 1511 3354 134 163 U+3051 1749 1208 107 184 U+305F 910 3223 91 228 U+3042 906 2658 123 145 U+9162 476 2968 155 185 U+3089 2575 3617 78 186 U+3044 2757 1111 111 106 U+65B9 2139 2574 113 188 U+308A 722 3394 62 192 U+3042 507 1534 109 134 U+3066 2562 1442 101 165 U+3084 1292 2496 186 117 U+5206 2362 2904 107 178 U+3092 1320 1823 134 139 U+306F 2361 3113 81 53 U+307B 1523 3216 125 132 U+3092 2562 2676 130 151 U+3064 1109 2505 130 154 U+3073 2141 1429 168 156 U+308F 728 3606 59 129 U+306B 1303 3406 136 151 U+3059 496 2616 97 186 U+3084 1281 1226 171 98 U+3066 1314 2798 97 168 U+3082 1136 1782 68 191 U+306B 1562 2573 55 132 U+304F 2760 3103 69 171 U+9BC9 1919 2069 163 191 U+60E3 499 1864 136 146 U+306B 728 3072 72 121 U+306A 512 3676 112 109 U+306A 509 2259 105 157 U+3059 884 3642 119 178 U+4F1D 1717 1550 138 156 U+306A 1527 1839 160 183 U+305F 1970 1531 85 160 U+3089 723 2317 78 179 U+9162 879 2188 155 177 U+306A 2363 1115 119 132 U+3093 499 3434 135 145 U+3082 1766 1706 60 186 U+304B 904 1757 138 110 U+308B 2361 3668 62 126 U+4ED8 2742 3615 102 167 U+3066 2345 2521 103 163 U+8EAB 1128 1096 94 206 U+3048 2361 3371 98 162 U+307E 1311 3101 143 189 U+3092 1549 2050 129 143 U+679A 1513 2391 149 185 U+305F 1349 3517 65 172 U+3066 2160 1912 73 180 U+305F 1143 3250 63 149 U+305F 2796 1366 55 140 U+308F 2191 1100 39 159 U+3066 2742 2269 103 158 U+3051 2354 2322 119 199 U+306A 1927 2454 138 173 U+3044 1101 1410 140 101 U+3089 1961 3115 70 200 U+3066 889 2509 107 137 U+3057 1315 1110 124 104 U+306F 1128 1332 88 44 U+3046 1347 1328 44 175 U+304D 1361 2634 57 145 U+3078 2513 3150 190 111 U+5B50 1105 3563 115 160 U+308A 1137 3097 68 152 U+3092 1923 3921 152 112 U+3089 1537 3741 81 150 U+308A 2799 1216 68 149 U+305B 923 1630 84 115 U+306B 1106 1640 120 141 U+305B 2104 3412 129 130 U+3088 740 1307 41 114 U+5728 1748 1915 85 170 U+304F 1349 2299 52 190 U+534A 2375 1651 73 220 U+4E21 2136 2396 126 144 U+308D 1503 2868 131 158 U+304B 2171 2767 58 112 U+306A 1529 980 110 122 U+308A 2589 1742 71 166 U+3092 1095 3739 151 134 U+3088 1359 2172 47 131 U+3044 1096 2999 123 96 U+304A 1529 2741 124 115 U+305F 1948 3576 88 203 U+3044 2554 1636 112 96 U+308B 1139 3399 59 130 U+3059 1108 2144 106 186 U+306B 2347 2083 143 126 U+308A 1137 2795 48 195 U+308A 538 1663 45 192 U+9162 2321 3841 157 194 U+3053 1332 2985 66 96 U+3046 1155 1992 43 145 U+3082 707 3228 66 157 U+308C 2132 1728 137 179 U+305D 2775 2947 61 156 U+3078 881 2809 157 73 U+304F 1135 2316 61 176 U+308B 2782 1508 59 128 seg_fp 2370 3537 77 132 U+3051 2758 2100 111 167 U+3044 2136 1615 117 92 U+3051 2582 2096 94 214 U+3075 1503 1692 131 143 U+308B 1965 3778 61 131 U+304B 1111 3887 115 134 U+306B 1974 2631 67 137 U+9162 2544 2485 134 184 U+304B 532 3169 39 98 U+3084 687 1687 162 91 U+304F 1130 2651 76 139 seg_fp 971 1848 33 111 U+3052 500 3265 132 169 U+306F 2569 3041 95 88 U+306D 2730 3918 124 126 U+5019 933 2896 48 134 U+5019 1772 1383 51 135 U+306F 514 3617 89 42 U+3055 2598 1287 71 133 U+3082 520 1340 77 164 U+304D 2147 2889 98 208 U+304B 1573 3520 44 89 U+304F 709 3748 90 121 U+3092 2748 2785 124 163 U+3055 2182 1268 61 149 U+306F 926 1514 83 100 U+53C8 872 3136 204 115 U+3057 2001 2943 24 222 U+3042 2133 2106 126 207 U+304B 2577 3794 49 93 U+3046 1341 1660 62 166 U+3088 2786 2427 53 133 U+304B 1771 1099 41 99 U+3064 2750 1993 105 105 U+4E4B 1763 2081 71 213 U+308B 720 3883 56 129 U+3092 2763 1821 119 137 U+306B 2558 2324 116 143 U+306B 918 3765 44 125 U+3081 706 2504 91 116 U+4E09 1547 2229 68 133 U+304B 2378 2217 42 95 U+304B 2773 3791 46 128 seg_fp 2786 3300 40 107 U+3078 2702 3430 163 87 U+3057 2615 3453 20 223 U+306F 2155 3287 74 119 U+307E 533 2415 50 192 U+306F 2759 3528 76 66 U+3057 2600 3881 20 188 U+307F 1972 2284 47 147 U+51FA 2132 3548 122 125 U+3057 1589 3015 28 201 U+3057 1999 1795 23 263 U+309E 1999 1694 61 103 U+5206 2377 1873 100 211 U+9B92 1507 813 144 152 U+307E 547 3789 50 121 U+3057 1590 3612 21 186 U+307E 1576 1104 41 144 U+5B50 2771 1634 85 164 seg_fp 977 1950 24 229 U+304B 1339 3305 44 89 seg_fp 746 1980 46 129 U+309D 1374 3694 28 78 U+307E 2390 1248 60 225 U+5019 2166 3896 51 134 U+3057 756 1422 20 264 U+304D 710 1812 110 173 seg_fp 945 2372 33 126 U+304B 1157 1516 50 122 U+3057 2213 3671 28 227 U+3093 695 2602 125 166 U+3057 1979 3354 22 219 U+3057 2802 2572 29 205 U+5019 2602 1160 38 93 seg_fp 530 1200 39 146 U+3057 756 2094 19 232 seg_fp 940 3054 38 91 seg_fp 534 1115 38 91 U+3078 2139 2304 121 81 seg_fp 1965 3286 41 98 seg_fp 2590 1071 70 102,200021802-00026_2
U+5DDD 1439 947 120 196 U+5C0F 1433 806 126 132 U+308A 1893 1473 56 155 U+5409 2256 2252 100 153 U+3042 1001 2964 121 174 U+3044 1208 1129 122 71 U+306B 1049 3972 68 102 U+306A 399 982 96 112 U+306F 1873 3955 86 120 U+304D 615 1039 102 199 U+4E09 2055 2114 92 113 U+9BDB 2025 1740 159 182 U+6749 1425 3916 149 153 U+3066 591 2995 105 147 U+308A 2276 1758 64 158 U+3066 406 3104 73 197 U+306D 1845 1116 143 183 U+3051 179 3474 115 256 U+3066 2046 3617 106 153 U+304D 1441 3717 125 164 U+3044 2049 1424 136 57 U+306B 196 2659 101 148 U+3051 2253 2048 110 195 U+3051 393 1862 111 229 U+3092 1440 2369 101 145 U+540C 808 2424 99 140 U+3092 1229 2420 116 127 U+3064 184 2001 117 167 U+307F 1607 2749 149 164 U+3092 2067 1936 107 132 U+304A 1413 2548 120 157 U+5409 395 3528 101 175 U+308A 1038 2800 50 168 U+3052 2060 3403 156 208 U+3042 603 1460 107 169 U+3066 1224 3248 65 170 U+3059 396 2730 101 219 U+9162 581 2554 139 197 U+306B 391 2950 127 143 U+307B 1629 1685 129 146 U+6E6F 182 3007 129 190 U+3060 1464 1103 98 159 U+6E6F 1230 2233 137 173 U+9C39 364 1119 165 173 U+3082 397 3291 80 215 U+3082 1029 2595 69 172 U+3059 590 791 126 195 U+3092 604 1636 128 182 U+3064 1206 3443 123 173 U+3093 1636 2991 170 193 U+308A 422 1588 59 150 U+305B 979 3265 135 133 U+3082 1880 1307 56 137 U+308A 1866 1918 66 142 U+305F 1459 3437 71 163 U+9BC9 995 3777 161 153 U+306B 1022 2448 125 123 U+5019 2262 1142 97 106 U+3092 2260 3448 130 147 U+6912 167 3825 137 233 U+308A 815 2686 77 173 U+3051 1845 2178 107 191 U+3059 625 1828 75 171 U+3060 2043 1246 170 125 U+3044 783 2592 118 85 U+3048 199 2813 73 189 U+3059 192 1653 95 171 U+5019 1881 1625 51 135 U+304D 1459 1348 75 194 U+3093 1637 3752 138 168 U+3051 1230 2674 107 166 U+3051 1850 3599 116 195 U+307C 1644 2459 137 147 U+304D 2073 945 92 206 U+3044 1823 1813 113 89 U+307B 1438 2204 113 155 U+308A 219 2291 62 171 U+679A 2035 2275 144 156 U+3064 1412 2042 140 160 U+306B 1239 1864 108 155 U+3051 1237 1649 104 186 seg_fp 212 2439 98 194 U+9152 786 2873 131 154 U+305F 1246 3863 77 133 U+3066 821 1129 84 108 U+304F 2278 3596 62 164 U+3055 411 1739 66 107 U+304D 1671 3313 67 155 U+4E5F 829 2162 117 184 U+3048 1243 2025 92 177 U+59DC 617 2343 119 195 U+304F 1430 3233 68 197 U+3093 1853 3782 158 166 U+3055 2086 3908 85 160 U+306B 2091 2437 52 120 U+3084 374 2322 178 114 U+304F 192 794 104 104 U+3044 1000 2384 136 55 U+308D 1402 2708 126 168 U+5C71 158 3692 150 137 U+3044 2251 1663 97 88 U+751F 1459 1747 71 174 U+5019 847 2022 48 112 U+3064 1622 1533 131 153 U+3088 630 3144 52 138 U+304F 208 1810 80 177 U+3066 28 1764 64 195 U+308A 848 1874 49 153 U+306A 2260 2933 87 181 U+3056 2276 1915 99 104 U+751F 623 2148 81 169 U+3057 1197 2839 130 147 U+3060 1023 2146 139 185 U+304A 2051 2587 130 123 U+308D 2048 2710 115 161 U+304F 1648 1961 84 109 U+306B 1220 1353 109 182 U+304B 1881 2771 39 95 U+3093 1645 3481 157 170 U+306F 1029 3154 81 89 U+3088 45 1973 41 136 U+3081 1222 3122 98 118 U+3044 384 1474 119 111 U+304B 2295 2466 39 82 U+3082 2277 3257 51 167 U+3092 1862 3225 134 192 U+3053 2090 3105 54 95 U+306D 1634 2089 122 186 U+53F3 1004 1449 115 121 U+305D 2091 3246 49 130 U+306B 24 1602 92 164 U+3064 800 1764 110 118 U+307F 982 1120 155 163 U+304B 1677 3670 37 89 U+3088 1891 2374 41 107 U+3069 2284 3125 69 132 U+3057 1068 3549 26 240 U+3057 1901 2991 23 252 U+3089 219 1115 70 142 U+304F 199 2165 85 124 U+3064 1213 1563 116 76 U+3046 221 1498 52 160 U+3089 1888 2870 42 132 U+3089 2303 2549 38 131 U+304B 2101 3791 46 109 U+3059 40 1418 49 168 U+3057 402 2199 106 107 U+304B 1052 1801 41 81 U+3046 436 2429 44 178 U+3082 851 1250 65 163 U+304F 1233 3614 96 122 U+3088 1468 3078 44 150 U+308A 1671 1298 63 136 U+3057 60 2117 22 360 U+304B 861 1513 46 96 U+308A 1270 3743 43 159 U+305F 1245 1249 68 94 U+3057 659 3290 23 286 seg_fp 2293 1474 33 97 U+309D 1277 3994 36 86 U+304B 1245 2568 40 92 U+3057 1478 2870 24 197 U+305D 38 1258 51 148 seg_fp 661 956 33 87 U+3092 194 3223 131 147 U+3088 1053 3401 39 142 U+304D 1038 1932 87 178 U+3057 2123 2866 19 218 U+306B 630 2757 43 238 U+3058 253 900 55 208 U+3056 1871 2059 66 107 U+3057 1903 2482 24 276 U+3064 849 1431 79 84 U+307F 27 1088 74 169 U+309D 1483 1276 27 56 U+3057 2311 2676 25 251 U+304B 1682 2902 32 103 U+307E 411 808 71 140 U+306E 1051 1596 73 180 U+307E 850 1622 41 121 U+3088 1683 1134 39 130 U+309D 1463 3599 44 116 U+4E8B 2301 1249 56 154 U+5019 1046 1288 40 127 seg_fp 1475 1920 49 99 seg_fp 2292 1344 47 147 U+304C 442 2604 81 108 U+3089 1254 2993 47 132 U+3093 1643 2273 150 132 U+304C 1683 1428 91 94 seg_fp 2116 1162 23 102 U+304B 209 3369 37 95,200021802-00029_1
U+3031 1888 1681 105 309 U+6599 1436 775 154 236 U+305F 810 2388 143 181 U+5348 621 2223 118 256 U+623F 615 2493 129 222 U+305F 1851 2623 143 169 U+306B 830 2859 124 142 U+305F 2257 2164 137 155 U+305D 435 3161 60 186 U+3044 406 2126 132 58 U+3046 646 3680 48 223 U+59DC 1210 3128 175 188 U+306B 237 1520 66 121 U+307F 377 2986 158 180 U+304D 1265 1356 83 208 U+4F55 819 3691 121 127 U+7406 1430 1057 136 168 U+306B 821 792 128 150 U+3046 1907 951 49 204 U+3066 1045 2323 70 231 U+3068 645 3564 73 107 U+307F 1412 2363 155 190 U+304D 635 1933 91 160 U+308A 859 2677 63 182 U+306B 410 3358 125 137 U+3086 2249 1103 139 202 seg_fp 2264 3606 118 98 U+4E2D 453 2696 55 271 U+3042 1657 1457 127 158 U+305A 2286 1953 127 187 U+3092 1254 1196 123 143 U+3072 1865 3511 130 139 U+5927 2271 3720 123 121 U+305F 1666 1262 93 162 U+3092 209 1668 132 190 U+3084 393 1110 158 119 U+306B 1661 1815 124 141 U+3064 2070 2120 133 169 U+3066 33 3446 66 176 U+306A 444 2220 56 160 U+308D 1255 3545 133 194 U+304F 2264 1800 108 150 U+3075 1622 1104 149 159 U+306B 199 2311 129 125 U+306A 1041 1585 75 168 U+3075 1861 1159 160 129 U+3093 619 3339 151 197 U+308A 445 1571 61 168 U+3066 2273 1622 81 149 U+306A 1261 1862 125 178 U+308A 1276 2697 63 196 U+4E5F 1645 3380 124 233 U+308F 1888 3964 89 116 U+307E 1265 3885 130 159 U+304D 1038 2124 128 199 U+7389 30 2467 122 161 U+3069 1060 1750 96 186 U+3065 605 1762 182 172 U+3051 2269 2771 117 212 U+3075 1827 1355 161 137 U+4ED5 828 1373 128 167 U+5927 611 3088 122 148 U+306F 1472 1746 84 54 U+306E 823 1181 124 157 U+307F 996 1411 153 174 U+306D 1434 2011 142 167 U+5B50 29 2642 103 164 U+7533 237 2440 57 237 U+308A 2105 2661 60 180 U+304D 444 1229 73 198 U+308A 1492 2175 53 156 U+308F 1897 1490 56 138 U+3092 838 3197 137 167 U+3093 2275 3945 142 131 U+3084 1622 2421 182 133 U+308F 1695 1625 54 143 U+3066 1888 3305 73 182 U+6B5F 221 3757 148 162 U+3042 1877 3821 134 144 U+3075 612 3934 149 112 U+3046 255 1320 43 197 U+3042 616 1605 121 145 U+307B 1233 2331 131 166 U+3060 1445 2900 153 162 U+69D8 825 1547 137 156 U+3044 596 783 131 90 U+5165 0 3349 136 97 U+304F 1467 3273 80 136 U+308A 1905 2968 66 140 U+3075 1427 1577 159 119 U+3046 1489 1365 45 203 U+53F3 2089 1342 116 181 U+3053 2305 3855 55 92 U+306F 1250 1651 123 200 U+306B 205 3582 128 177 U+3068 1900 816 76 128 U+3066 1686 2071 89 118 U+3031 264 1982 86 294 U+304F 1049 1106 104 157 U+304F 2092 1926 57 198 U+751F 1254 2895 84 209 U+306B 1440 2698 121 210 U+308A 2300 2505 68 157 U+306B 1847 3147 146 154 U+3064 2049 2546 137 118 U+3069 1474 1248 107 116 U+307E 855 2519 53 148 U+304F 860 3372 61 130 U+304F 1246 2549 99 141 U+3088 859 3887 60 129 U+3084 219 1174 126 127 U+306F 846 1719 84 46 U+3054 1291 3747 105 108 U+308F 450 1930 57 150 U+3069 455 2374 93 170 U+308A 233 2980 65 164 U+306E 2056 1541 135 145 U+3092 1030 1945 129 171 U+4E8B 1677 3037 67 243 U+305D 1472 2558 54 138 seg_fp 2287 3474 69 138 U+304B 61 2819 46 85 U+3050 422 1435 114 131 U+3053 657 1041 48 146 U+3078 23 2388 137 92 U+306B 621 1213 126 170 U+3057 1925 2366 27 257 U+307E 1902 2757 49 190 U+5165 455 2582 112 112 U+3082 664 2869 56 158 U+306F 1478 3422 80 66 U+8272 853 944 65 180 U+3078 1433 3510 152 70 U+3046 1474 3888 54 132 U+306B 2287 1303 96 138 U+3088 48 3633 46 139 U+3057 67 3760 26 293 seg_fp 434 3501 71 188 seg_fp 610 2708 120 155 U+3060 1905 2199 96 166 U+3057 489 3860 26 199 U+3064 1234 2173 133 146 U+3068 674 879 50 150 U+3072 209 1865 124 175 U+307C 10 3066 143 159 U+307E 2303 2317 71 168 U+3053 46 3236 47 92 U+3057 1508 3066 21 203 U+5019 1688 2888 48 131 U+306B 200 2701 116 134 U+3082 870 3805 81 108 U+306F 849 3515 86 67 U+5019 1701 1959 40 108 U+3059 823 3020 102 188 U+304B 2304 2659 42 102 U+3044 185 3141 114 97 U+3068 1936 3649 48 158 U+3068 249 3246 45 175 U+3078 795 3607 158 67 U+304F 1286 3380 76 144 U+308B 1086 1267 43 118 U+3088 466 3713 49 147 seg_fp 36 2904 62 155 U+3082 2123 1153 49 157 U+4E2D 20 2161 101 214 U+3053 231 3458 56 115 U+5019 2101 2832 43 139 seg_fp 1526 3732 31 229 U+3060 858 2038 122 146 U+304B 2125 2285 45 114 seg_fp 1502 3586 56 145 U+304C 1263 2065 111 89 U+3053 659 3240 39 101 U+304B 54 1702 43 83 U+304F 417 1776 87 147 U+307E 2113 2407 35 112 U+308A 55 1054 55 153 U+308D 23 1379 115 147 U+3057 873 2185 27 188 U+3057 67 1788 21 171 U+306F 1706 2218 46 166 U+306F 1262 1119 98 48 seg_fp 2100 1729 52 200 U+3070 44 1517 63 164 seg_fp 2270 3007 124 121 U+3072 27 737 110 167 U+3057 1105 2698 26 344 U+3088 1072 2564 57 142 U+3088 247 2837 23 131 U+3057 2349 1440 20 195 seg_fp 2359 3114 21 198 seg_fp 1749 2684 21 225 U+51FA 1658 2570 106 128 U+304B 274 1089 30 78 U+5019 2298 3316 68 135 seg_fp 2128 1674 52 55,200021802-00035_1
U+3031 1567 1406 95 277 U+3031 136 1951 104 274 U+9152 1962 1108 123 175 U+6642 2351 3231 135 131 U+5165 1903 1457 214 111 U+751F 1352 805 95 192 U+3066 723 3459 69 199 U+304D 2170 2768 104 207 U+9152 1741 3540 142 169 U+3066 1760 3861 87 167 U+5165 1059 3747 231 129 U+53C8 2110 1980 182 129 U+51B7 1730 3350 184 164 U+3066 2151 1784 100 163 U+3066 2187 3862 80 177 U+59DC 1326 1019 134 181 U+3092 1983 1291 125 137 U+3042 513 1086 127 165 U+5165 1703 3166 214 111 U+3059 323 1958 88 153 U+53C8 2174 2999 152 148 U+3042 2349 1732 126 148 U+767D 1766 2286 94 154 U+3066 1348 3886 111 150 U+5019 2403 3066 46 122 U+3042 694 3656 127 128 U+306D 1741 810 143 188 U+3092 1111 1983 142 126 U+3084 1083 2836 175 97 U+5165 77 1513 201 116 U+7518 738 772 121 207 U+3042 1534 2065 134 173 U+3072 696 3919 152 150 U+898B 2362 2725 97 174 U+306E 99 3367 130 125 U+308A 951 2436 62 170 U+5165 1073 1608 198 101 U+3051 922 1552 118 223 U+306B 719 3300 114 148 U+9152 1327 1239 146 175 U+5BFA 709 2382 116 190 U+3059 2179 3132 89 181 U+3051 1747 1289 112 230 U+305D 1355 1750 61 156 U+3086 689 3096 131 205 U+305F 2159 2475 116 199 U+308A 2207 1261 52 161 U+5165 428 3701 194 103 U+306D 92 2448 140 160 U+6642 92 3227 127 147 U+304A 1328 2580 120 144 U+304C 1152 3154 93 79 U+308A 338 2115 64 168 U+4E94 486 3374 120 119 U+306B 1741 3740 125 101 U+3092 1528 2778 139 151 U+9152 726 981 126 165 U+308A 150 2614 51 168 U+9053 694 2019 144 169 U+308A 2210 3702 67 153 U+3068 156 1638 48 150 U+308B 2376 2352 74 143 U+308D 91 1805 142 165 U+307F 1303 1599 159 161 U+306B 1748 2078 129 180 U+3073 2372 3563 128 186 U+306D 1524 1707 163 165 U+3066 297 1514 126 128 U+304D 509 1605 131 170 seg_fp 2392 2175 75 181 U+3046 1150 2943 37 193 U+3066 1949 2156 93 151 U+304D 2392 3824 86 164 U+660E 702 2190 134 181 U+3084 691 1304 181 139 U+3052 529 1244 131 147 U+3044 2164 3623 109 74 U+306F 2388 4003 88 41 U+308A 1582 1898 56 179 U+306B 150 1364 56 137 U+3086 2360 3377 124 174 U+308B 1118 3840 118 119 U+5473 899 1887 153 167 U+3048 2393 2917 79 126 U+5B50 1759 1887 91 182 U+307F 928 1108 115 166 U+3093 1514 2581 153 183 U+3068 152 2246 40 170 U+8272 295 3958 128 99 U+3093 1102 1768 148 210 U+305D 932 1288 69 145 U+3066 306 3075 73 190 seg_fp 2384 1970 87 206 U+306E 2348 3740 134 134 U+3053 549 1806 54 75 U+3051 1143 1225 100 214 U+308A 528 3922 57 145 U+308A 1790 1003 55 137 U+3092 1957 1778 120 180 U+3092 518 2614 128 154 U+304F 2177 2276 65 180 U+4E5F 1156 3962 132 95 U+304F 338 1776 55 175 U+304F 1574 1257 54 176 U+4E09 324 3779 91 112 U+3046 1372 2317 42 164 U+51FA 1532 3417 65 136 U+304B 2404 1083 45 97 U+4E5F 1946 2669 121 141 U+305B 1547 2346 106 118 U+305F 1751 2629 118 211 U+7389 1741 1698 141 180 U+3064 1306 3405 148 112 U+3092 1766 2999 126 157 U+304C 1375 2484 102 83 U+53F3 295 3621 110 149 U+306E 304 2573 124 157 U+4E5F 882 2982 127 229 U+3059 507 3778 98 123 U+308A 1141 3440 68 163 U+3044 1119 2149 111 74 U+304D 2189 1430 76 158 U+3088 358 1658 40 119 U+308A 747 1666 62 163 U+3057 1095 2705 125 119 U+3051 1349 3488 110 142 U+4E5F 1532 3880 174 133 U+308D 1345 2752 114 168 U+4E00 500 2302 120 49 U+308A 1378 3731 53 151 U+564C 898 2076 148 175 U+3046 543 1913 44 123 U+6C34 522 2778 87 222 U+307E 144 3470 47 177 U+5019 1133 2560 56 137 U+3046 342 2729 53 190 seg_fp 2357 1346 111 195 U+3068 2400 2502 42 194 U+3046 1784 2822 48 184 U+3056 946 1432 120 114 U+3082 1134 3597 107 143 U+3059 295 2286 110 195 U+3088 2200 2128 45 147 U+3044 1320 3655 112 63 U+3076 2288 1885 216 117 U+305F 1161 2237 65 114 U+5347 526 3097 92 258 U+304F 115 3914 67 154 U+3070 1123 3254 127 88 U+3053 2206 3310 48 87 U+3044 899 2631 133 73 U+3059 1330 3078 90 147 U+3057 354 3379 23 238 U+304B 1575 2483 44 97 U+3057 2229 3393 23 196 U+3057 1629 3469 35 311 U+3057 1584 3189 22 251 U+3057 1181 2354 22 220 U+3079 91 1241 175 101 U+3053 322 3275 58 90 seg_fp 2393 1182 43 162 U+3055 1165 1107 53 102 U+3084 1272 2212 209 83 U+308A 1368 3231 50 156 U+5347 533 2355 73 253 seg_fp 330 3902 60 45 U+308A 2196 1603 60 180 U+3070 328 1100 108 149 U+308B 947 2708 64 121 U+5408 466 3495 193 190 U+306F 1570 2241 74 83 U+5019 1597 3747 29 121 U+3061 324 1254 89 119 U+306A 129 1102 103 132 U+3056 1766 1143 100 125 U+3056 1775 2471 112 145 U+304F 733 1551 70 120 U+306B 296 2917 115 140 U+4E00 687 2611 139 48 U+306B 1347 1942 81 106 U+3057 2011 1965 23 202 U+3044 292 2509 144 66 seg_fp 557 2022 26 235 U+306B 96 3680 122 176 U+3078 72 2941 153 88 U+51FA 1962 2293 49 149 U+3088 1593 1110 51 141 U+3088 2219 1099 34 159 U+3068 2417 1552 34 145 U+304B 1172 1702 34 76 U+3089 738 3780 52 148 U+3092 1157 1432 117 157 U+5347 727 2672 86 221 U+305F 1558 3040 77 153 seg_fp 520 1405 59 189 U+3092 720 2922 145 150 U+3065 707 1462 141 82 U+4E00 500 3005 121 88 U+5019 147 2798 34 116 U+304B 961 2327 43 109 U+309D 947 2814 41 165 U+306F 140 3032 41 157 U+306B 338 1383 42 120 U+306F 936 1815 77 38 U+3057 2029 2364 37 286 U+309D 2222 2669 27 96 U+304B 1148 3342 32 102 U+9593 1975 1597 71 168 U+3057 1383 2064 23 141 U+3057 1418 2900 34 233 U+3088 148 3817 32 101 U+3044 1535 2974 100 53 U+3070 936 2272 123 63 seg_fp 651 1894 161 88 U+306F 774 1163 31 114,200021802-00039_1
U+7AE0 1930 988 131 312 U+5E72 2369 2982 89 189 U+306A 90 2788 107 230 U+4ED8 923 1146 98 167 U+305F 1541 1138 98 198 U+306E 649 2226 167 156 U+3042 1730 2302 120 172 U+307B 2342 3831 139 130 U+5019 288 2860 111 83 U+3067 894 1919 156 175 U+3051 111 3910 113 162 U+9152 2139 1450 127 186 U+53C8 2329 2805 168 134 U+3066 1752 1818 81 187 U+3042 908 1315 114 159 U+3066 1748 2661 105 157 U+305F 1778 1126 74 157 U+3066 2137 1851 106 139 U+304F 515 2815 78 147 U+5207 684 839 150 129 U+306B 2356 2003 118 159 U+3092 1123 3971 138 101 U+3082 2396 3924 70 136 U+308F 1566 3189 56 155 U+304F 1358 1341 61 166 U+306E 1888 2252 185 165 U+6912 1080 3368 165 268 U+564C 1093 3815 150 164 U+308D 1510 2118 138 173 U+6885 2319 3181 155 168 U+7389 1940 837 148 129 U+3066 495 1484 90 158 U+3093 1945 3046 151 208 U+751F 1549 3376 100 186 U+3092 709 3292 156 149 U+3059 1955 1760 98 193 U+308A 1780 1480 54 193 U+5916 1743 3396 142 154 U+4E8B 2366 2352 97 279 U+308A 1773 2134 59 159 U+306B 2144 2221 116 136 U+3064 273 2957 145 171 U+5473 1080 3656 167 139 U+5165 2104 1147 195 109 U+3064 907 2678 133 200 U+3081 299 3744 100 142 U+306F 519 3742 97 50 U+7533 2394 2154 55 200 U+3066 2371 1804 73 187 U+3051 1746 2499 117 160 U+3072 280 3476 129 131 U+3064 2326 3686 135 137 U+307F 442 2307 180 132 U+307B 91 3220 115 184 U+82B1 488 1662 121 226 U+3057 680 2810 157 173 U+307B 86 2384 114 128 U+6912 666 1113 151 249 U+306B 2353 1655 137 143 U+304F 740 3923 67 141 U+306E 680 2661 139 136 U+306B 1733 1663 136 132 U+5C71 689 1002 135 117 U+308D 679 2994 153 168 U+308A 748 3629 64 172 U+5019 2154 2590 112 80 U+3086 1080 1868 128 147 U+3092 88 3022 133 166 U+5176 1759 3217 68 158 U+7533 2174 2354 59 246 U+3088 325 1142 47 167 U+308A 2380 1510 58 140 U+3093 693 1720 146 174 U+3088 1786 2834 54 125 U+305B 690 1889 108 126 U+3067 1103 2024 172 197 U+3061 725 2525 77 135 U+3042 1744 3565 125 132 U+308A 1392 3655 53 143 U+307E 1775 1295 58 170 U+307B 1312 2731 145 163 U+3086 1307 2335 120 114 U+304D 1126 1005 100 157 U+304B 103 3790 77 84 U+305F 1349 3009 75 145 U+305F 2354 1121 115 213 U+306E 1096 1172 124 135 U+304F 1521 1956 115 161 U+3093 1742 3689 176 158 U+306D 263 3288 150 180 U+3069 1600 3944 97 129 U+306B 90 3618 127 140 U+3046 732 2019 43 169 U+305A 908 2112 155 232 U+308A 525 1299 58 187 U+3059 495 1146 97 146 U+3082 2172 2002 72 180 U+306D 1313 3173 137 179 U+3076 845 1479 227 147 U+306B 1755 3841 105 98 U+3075 1092 851 170 111 U+3055 1100 2885 138 137 U+304D 293 1324 84 206 U+3093 506 3581 144 149 U+3066 87 2639 98 142 U+304B 1580 3076 46 94 U+305D 508 2472 67 159 U+304D 1996 2899 77 141 U+3068 754 3456 51 164 U+4ED5 1323 3503 136 154 U+3093 1752 3942 158 133 U+307E 2389 1336 61 176 U+8272 96 3401 106 210 U+3092 505 2688 129 115 U+3046 730 2377 34 147 U+3064 452 1975 140 157 U+304F 100 2199 59 163 U+3064 878 3119 134 134 U+306B 901 2342 136 134 U+3082 1980 3794 69 113 U+3086 885 1721 138 184 U+3044 1732 2035 124 84 U+5927 1520 2302 129 129 U+305F 1137 1306 93 162 U+307E 308 3972 123 116 U+3046 1568 1347 40 202 U+5E73 2346 3362 120 200 U+306A 1558 3806 89 137 U+3088 756 3796 44 131 U+308A 111 1872 58 180 U+306B 1136 2741 57 134 U+306E 1306 2897 136 131 U+304F 1100 2442 119 125 U+5019 1372 3803 51 116 U+3052 505 3422 145 171 U+307F 547 3963 38 117 U+3093 1953 3324 140 155 U+308C 249 2176 147 170 U+3053 327 3897 47 68 U+53E4 2152 1279 82 165 U+306B 1528 1539 127 144 U+304B 1541 2753 127 116 U+3082 1359 1133 82 182 U+3089 1594 2866 34 178 U+3082 930 2489 64 186 U+304B 1993 1543 44 77 U+304F 312 3127 75 164 U+3075 1906 3920 187 164 U+3093 1524 1682 134 207 U+8C46 1553 2444 86 169 U+3055 1995 2402 51 92 U+4E5F 2381 2631 106 138 U+3075 1316 2450 116 133 U+3055 738 1580 63 128 U+3076 1965 3229 122 100 U+5019 527 3187 47 123 U+308A 1973 2091 69 148 U+4E5F 1979 2711 130 202 U+3088 127 2057 39 139 U+304D 111 1725 62 132 seg_fp 898 1610 185 96 U+5C71 1094 3264 156 106 U+3078 1291 1636 157 74 U+307B 267 1543 106 167 U+306B 2181 1639 38 214 U+306F 515 2985 82 84 U+59DC 1554 3577 110 223 U+307F 741 3175 43 105 U+3046 1977 1971 48 116 U+3057 1390 2077 22 248 U+304C 2376 3574 85 108 U+3078 462 3086 142 72 U+3057 1806 2954 29 252 U+3066 1120 2237 113 183 U+304B 950 2877 45 99 U+3089 333 3606 47 132 U+3068 1983 3656 60 135 U+306B 269 1855 138 180 U+3057 1195 3012 26 231 U+307E 934 2980 47 125 seg_fp 555 3809 39 152 U+3057 164 2495 29 188 U+308A 946 3252 55 157 U+3066 1347 1731 63 176 seg_fp 528 1884 85 116 U+306D 1929 2537 151 161 U+3057 1179 2569 27 196 U+3088 1359 1930 54 141 U+307B 479 2142 129 140 U+3053 299 2034 61 129 U+306F 1356 1528 79 75 U+3046 1121 1462 65 230 U+3089 1992 1620 44 140 U+3079 258 2581 161 69 U+304B 525 3325 51 79 U+304F 322 2665 50 142 seg_fp 1363 2598 48 113 U+5019 952 3388 42 95 U+6709 304 2344 85 213 seg_fp 304 1729 45 153 U+3082 1372 3354 52 119 U+5019 1122 2188 40 119,200021802-00041_1
U+304F 2752 3056 64 157 U+306E 1717 2276 117 155 U+3042 2544 826 130 155 U+5916 1718 1288 137 184 U+6709 902 3841 81 169 U+3031 918 3567 104 296 U+3059 491 3116 106 189 U+5B50 1121 1464 96 150 U+3092 2539 2275 131 165 U+666F 1712 2450 137 190 U+3066 2316 1465 98 129 U+51B7 2109 836 177 161 U+305F 1516 2696 107 153 U+308A 2138 2175 78 182 U+304D 1106 3835 85 172 U+3046 523 2108 59 161 U+3082 2770 2214 73 160 U+306A 1127 1125 82 187 U+3073 2733 2059 139 168 U+5165 2681 2382 187 101 U+3070 525 1714 103 127 U+9162 675 820 141 188 U+3081 1318 1562 103 91 U+305F 1130 2760 88 123 U+307B 895 2993 130 193 U+3044 1501 1962 146 54 U+3046 518 2318 49 224 U+7AF9 482 1134 139 168 U+3092 2318 2258 143 154 U+308A 922 2025 74 175 U+5B50 506 1432 99 133 U+304E 2552 3556 119 165 U+6B64 886 2837 132 125 U+7269 2117 1195 153 128 U+3055 1528 2941 124 154 U+751F 2550 1431 77 186 U+306E 488 1289 126 143 U+3044 1297 1749 142 61 U+3078 2519 3376 151 170 U+751F 720 2317 74 182 U+59DC 666 2516 177 166 U+306E 1501 1248 123 169 U+306A 1524 828 127 131 U+3054 1957 1492 102 101 U+3051 2325 2047 113 217 U+306E 1105 1949 143 120 U+5B50 1537 2179 96 119 U+3073 2536 1131 166 156 U+9BAD 1097 2323 166 177 U+4EBA 445 3527 172 172 U+306B 1537 1417 73 110 U+3060 1331 1384 97 167 U+304C 735 2040 96 90 U+306E 1112 2504 126 115 U+308A 1934 3457 67 184 U+306B 2551 3978 65 119 U+3082 1948 1710 69 185 U+306E 1492 2034 161 138 U+5B50 1303 3753 97 140 U+3073 2114 2801 157 171 U+305F 1510 3786 105 165 U+6885 661 2934 155 173 U+3059 2121 3220 103 182 U+3059 2540 3039 103 171 U+306E 1501 3278 129 158 U+3046 530 1847 40 150 U+5927 2149 1498 111 139 U+3086 2722 3319 117 145 U+3082 1540 1086 67 157 U+6642 1714 2062 147 209 U+6B64 1714 1148 122 90 U+3072 899 1733 127 146 U+540C 1520 2399 116 137 U+306A 2136 2431 107 157 U+3075 1291 1119 137 119 U+304D 913 1506 89 134 U+306F 2739 3244 85 70 U+307B 2322 1152 115 147 U+306E 2527 1281 133 144 U+3075 469 1993 154 119 U+86AB 2510 2105 149 155 U+3065 873 2426 195 113 U+308A 2759 2879 65 171 U+6F2C 679 1004 137 211 U+7269 1701 2651 158 160 U+9D28 1084 1746 155 175 U+308D 1708 1633 135 171 U+308F 1555 2529 45 157 U+9C39 882 1144 159 151 U+3093 471 3816 148 158 U+3044 878 3325 131 100 U+3093 1917 1298 155 176 U+308D 871 3432 128 161 U+308B 1298 3114 138 184 U+5E72 2558 1621 72 214 U+3069 525 2552 49 163 U+9162 2518 3759 137 209 U+308A 2349 1718 69 185 U+306F 1537 1569 80 39 U+308A 1947 1125 82 167 U+3070 1563 3098 95 171 U+3081 707 1719 90 108 U+306B 725 1230 54 98 U+306B 2535 2751 141 143 U+305A 1903 3069 160 144 U+308B 1126 1308 64 137 U+3061 2754 1740 98 147 U+3070 931 1878 83 143 U+305F 1121 2160 102 100 U+308B 2746 3459 62 99 U+3042 1914 2721 117 169 U+305F 1514 1733 119 186 U+305B 1467 3443 140 155 U+308F 1355 1822 57 164 U+3046 2144 2031 56 151 U+304B 1344 3319 48 82 U+5C71 669 3534 136 126 U+3051 2326 2490 115 236 U+305F 2727 2478 115 197 U+304F 1908 3324 98 131 U+3089 932 2541 59 160 U+308F 1162 2615 40 138 U+3057 2183 1018 25 178 U+3064 1074 3699 150 132 U+305F 938 1311 70 109 U+306F 697 1377 92 44 U+3058 489 3707 133 111 U+306F 525 2924 51 179 U+306F 1135 2941 52 197 U+306F 2160 3025 49 172 U+306B 1317 2547 112 138 U+3046 1356 2342 49 211 U+304F 2556 3207 55 158 U+3089 1132 3158 87 144 U+308F 1537 3594 52 186 U+3057 1101 3563 113 123 U+3044 1723 1512 125 84 U+3055 2339 1900 78 135 U+3044 2306 1620 132 84 U+9ED2 2221 3540 64 111 U+3046 734 1829 50 203 U+3093 2121 1725 159 205 U+304F 2120 3662 106 107 U+3046 2572 2879 66 172 U+307E 2767 2686 46 162 U+3093 2725 1894 147 144 U+304B 935 3188 43 132 U+3057 1370 1978 40 253 U+308F 2581 986 48 143 U+3059 2157 2586 61 203 U+306A 1912 3709 118 140 U+304F 1354 1231 59 138 U+3088 1742 2808 73 158 U+3031 1740 1809 91 258 U+309D 1968 1886 47 136 U+3057 1594 953 33 199 U+540C 1297 3575 109 168 U+3059 1916 2123 121 181 U+3057 2793 1476 29 231 U+3088 2573 2468 48 137 U+3093 1904 2877 135 165 U+3082 717 3665 58 165 U+3057 1745 2967 32 286 U+3057 2394 2758 44 261 U+308F 1145 2019 52 134 U+3046 932 2306 52 121 U+3066 2763 1153 73 133 U+51FA 2309 2682 75 138 U+3053 2561 2612 51 131 U+309D 712 3824 38 119 U+3053 2164 1647 57 80 U+3057 2357 1289 50 173 U+308F 2163 3766 45 176 U+3057 1978 3861 29 211 U+309D 1149 3293 40 110 U+3046 1328 2934 57 173 U+5019 2355 3028 48 89 U+3044 2118 3945 121 115 U+309D 955 1417 27 71 seg_fp 2775 1374 55 112 U+304B 2353 2419 41 86 U+3082 1958 2301 46 182 U+309D 1953 2473 30 105,200021802-00041_2
U+3055 1109 3887 84 117 U+7C89 875 2200 159 210 U+3066 1922 2221 97 141 U+3082 508 2334 84 202 U+306E 1082 1324 166 136 U+9EA6 1719 948 95 194 U+306F 904 3655 88 52 U+5207 1686 810 145 121 U+5165 2275 2191 227 111 U+3066 900 2003 74 190 U+3042 672 1099 145 180 U+4E38 2735 1953 143 168 U+3092 913 2408 113 150 U+3066 2321 3497 106 173 U+4F46 2520 1142 144 153 U+3066 2551 3885 73 180 U+845B 1284 796 118 190 U+306F 2137 1512 115 194 U+306A 2362 2288 79 156 U+3066 2766 2227 65 182 U+7D20 1288 997 102 185 U+306F 489 1494 122 188 U+306B 1497 1493 126 136 U+3070 2162 2267 88 158 U+304D 1518 1806 90 162 U+3072 2125 3522 126 130 U+3053 1943 1728 61 120 U+3042 2119 2652 126 132 U+4F55 1698 2875 124 133 U+3051 2141 1871 125 181 U+307F 1468 2460 166 166 U+5019 890 3086 112 78 U+6C41 2732 2949 117 246 U+3042 479 3173 132 146 U+3084 2498 1984 172 131 U+307E 917 1102 58 159 U+304D 907 3858 68 155 U+3084 2111 1720 163 148 U+306E 1092 2187 143 172 U+306B 2738 2427 128 141 U+306E 2508 2681 158 134 U+3051 2533 3446 128 163 U+3046 1741 2711 45 168 U+7C73 2552 1303 107 220 U+540C 1714 3662 117 141 U+304D 1297 3503 124 165 U+308C 2158 2044 76 205 U+6C34 2532 2980 128 208 U+3070 1945 1639 97 59 U+306C 1911 1883 124 137 U+3051 1948 1237 88 175 U+306E 2513 1529 149 167 U+3082 497 3001 111 164 U+3046 1740 3131 57 145 U+3092 2314 2926 144 166 U+3072 880 3728 121 137 U+3044 678 2414 113 77 U+3064 2491 3360 169 132 U+53C8 1478 2008 149 131 U+3052 695 1268 142 152 U+3093 887 3462 155 162 U+3066 1131 2885 61 197 U+4ED8 2320 3307 119 186 U+308C 1909 2030 152 183 U+306A 684 2817 114 166 U+7F6E 2341 3673 128 172 U+7C89 2114 2421 128 202 U+3052 2330 1316 170 191 U+306B 1498 2750 129 185 U+3066 2344 3850 98 200 U+3066 1301 3205 109 157 U+5869 1687 1752 143 169 U+3067 1493 3548 100 158 U+3046 2574 2115 50 162 U+524D 2724 3907 123 167 U+306C 1490 1622 135 175 U+3065 1297 1731 170 164 U+3081 1105 1109 72 92 U+308B 517 2694 72 167 U+306C 671 3505 134 142 U+307F 2299 2446 163 151 U+3081 2754 2128 112 100 U+308C 1697 1405 130 205 U+308C 656 3301 184 198 U+3062 1935 2541 126 172 U+3059 1290 2429 107 159 U+3064 1924 1131 110 103 U+307F 639 1909 168 167 U+306B 2355 2045 97 134 U+3072 1916 2868 142 161 U+306B 689 2189 128 198 U+67DA 1465 3765 148 134 U+3042 1924 2712 116 151 U+3093 1715 2159 133 144 U+540C 2727 3757 114 146 U+307B 1091 1927 133 134 U+3052 1720 2002 139 156 U+308C 1490 2307 159 188 U+6C34 1317 2908 96 182 U+6C41 1493 1106 119 259 U+3088 522 1109 53 140 U+307B 669 3692 132 112 U+304D 512 2552 81 143 U+305F 1526 3366 60 167 U+3084 1680 2607 175 106 U+3066 2316 1511 110 121 U+3093 1707 3416 113 208 U+306B 2729 1761 143 189 U+9EBA 1284 1191 153 176 U+3059 2541 2262 113 158 U+3042 2340 1128 108 176 U+304F 500 3412 91 126 U+3088 2156 1137 50 151 U+3084 2497 3631 182 157 U+308C 901 1631 93 192 U+3055 2183 3650 62 114 U+5019 2735 2818 106 93 U+304F 1304 1898 87 141 U+306B 1110 2599 125 116 U+304A 2125 3086 131 113 U+3072 1928 3237 131 170 U+9593 2571 2826 70 149 U+307B 2737 1400 119 199 U+304C 708 3914 95 114 U+3092 1302 2234 86 182 U+306B 1145 3411 55 129 U+3075 1902 2983 134 121 U+3093 2724 3559 152 187 U+3093 1099 2441 165 166 U+3068 1138 1409 36 157 U+304F 2359 2733 61 193 U+308A 1132 1564 51 153 U+304D 704 3105 71 177 U+304A 685 1437 123 137 U+308F 1342 3640 46 129 U+306B 873 1835 145 166 seg_fp 929 2576 59 125 U+3078 1897 1550 178 85 U+304A 2327 1682 144 156 U+304B 927 3192 51 99 U+3051 2340 1838 115 209 U+308A 730 2978 67 166 U+304B 2580 1696 47 89 U+305F 1531 2142 83 157 U+3053 2579 2419 51 124 U+3061 1736 2435 84 150 U+3051 1104 3229 120 187 U+3057 538 1247 27 262 U+304A 485 1968 133 121 U+7533 927 2875 41 215 U+305A 1918 3861 149 164 U+304B 1540 2952 46 98 U+3052 897 3290 149 170 U+3084 485 1690 140 140 U+305D 897 1471 71 159 U+4E8B 1973 3500 67 178 U+307E 1329 1532 44 173 U+3086 1080 1748 107 176 U+3057 945 1264 24 215 U+306A 1933 3663 102 136 U+3092 498 3800 130 171 U+3053 1731 1319 57 83 U+306D 874 2708 130 154 U+7533 2784 2565 59 235 U+3069 1747 3268 109 151 U+3046 2765 3283 49 141 U+3069 737 3794 96 119 U+3068 1955 2372 41 157 U+3064 1087 3683 132 100 U+3057 2176 1288 20 249 U+3068 738 2491 50 134 U+306B 719 2620 66 175 U+3093 2729 1241 127 162 U+3057 734 1694 28 215 U+305D 1534 2620 52 132 U+524D 1716 3819 111 190 U+3057 1345 3840 25 181 U+3082 1751 2994 71 133 U+306B 2579 3186 47 146 U+304F 522 1822 43 136 U+3069 2780 1601 94 151 U+304F 2152 2876 77 223 U+3069 1160 2044 91 134 U+3082 1762 1586 64 154 U+3068 729 1569 48 134 U+3088 2385 2594 43 146 U+3046 1140 3555 56 113 U+3057 1148 1201 20 130 U+3068 509 3686 74 106 U+305A 1293 2050 146 191 U+3068 1322 3386 66 98 U+304B 1148 2364 44 80 U+304B 2787 1136 44 103 U+3046 1744 2308 47 125 U+3057 2380 3095 34 206 U+304A 1104 3098 132 128 U+309D 529 2867 40 126 seg_fp 1976 3101 49 120 U+3057 2180 3338 29 186 U+308B 718 2067 50 114 U+3064 477 2103 143 132 seg_fp 1351 3087 38 108 U+304B 1754 1925 46 104 U+304F 2141 3859 107 167 U+308B 526 2229 60 108 U+304B 1332 3780 42 64 U+3057 2590 2536 25 156 U+3057 1548 3219 26 171 seg_fp 539 3550 42 115 U+3069 2769 3416 63 144 U+3057 575 3298 28 165 U+3053 1333 2578 57 129 U+5019 1960 1406 41 137 U+306F 1527 1354 64 102 U+3082 2174 3188 57 153 seg_fp 2576 1785 44 187 U+3057 1179 3772 28 162 U+304C 2574 3796 88 92 U+3089 2182 2778 48 125 seg_fp 2761 3162 68 114 U+3057 1200 2716 25 160 seg_fp 1551 3049 36 84 U+3057 2206 3763 19 185 U+3057 1351 2713 25 203 seg_fp 1984 3395 47 103,200021802-00043_2
U+5BFA 1322 1824 134 219 U+304F 2196 1481 64 172 U+9905 1107 1238 164 273 U+3070 1767 2019 113 135 U+308A 1140 3844 67 149 U+304A 2571 814 142 132 U+6C99 506 2010 136 189 U+7533 535 3678 59 214 U+3066 1530 3849 95 140 U+6642 2134 2982 150 147 U+3092 1965 2879 139 162 U+5019 518 3908 108 86 U+7C73 2546 3740 118 204 U+7C73 907 3100 109 230 U+3059 1121 3666 83 178 U+308A 1777 2557 73 184 U+76C6 1717 1092 141 195 U+306E 688 1376 132 134 U+5348 700 2890 103 211 U+3066 901 2527 128 173 U+304D 1116 3533 115 139 U+306B 1328 2071 118 142 U+307B 2769 1297 117 196 U+3066 930 1555 78 166 U+5165 1876 3737 215 115 U+3064 1525 3150 128 181 U+3059 914 1724 112 154 U+3073 1527 1523 163 177 U+7CD6 479 2198 159 209 U+3066 1349 2233 88 171 U+305F 1761 2259 109 137 U+3042 2746 2860 118 154 U+3082 937 2706 62 214 U+623F 688 3093 105 234 U+3055 2338 3526 127 144 U+53D6 2753 2686 89 171 U+3092 711 2315 136 163 U+306E 2533 3944 127 125 U+306B 2153 2479 114 167 U+7C73 2556 1242 124 228 U+9053 1322 1491 144 129 U+308B 906 3845 115 156 U+3042 484 1426 139 145 U+3078 2131 1806 193 113 U+304A 2748 1813 134 151 U+3075 2167 1918 116 223 U+623F 1109 980 148 241 U+304D 924 2229 129 171 U+6C34 2185 1108 96 194 U+3072 2760 1123 130 151 U+3052 2758 2987 115 168 U+3044 1936 2797 152 72 U+308A 1755 3836 63 204 U+306B 2361 1518 118 125 U+307B 2546 2895 114 185 seg_fp 1141 3249 66 154 U+306A 501 3358 118 167 U+3059 2133 3559 114 160 U+3044 1327 2627 118 82 U+308A 2582 3593 72 171 U+3092 1960 1563 145 169 U+304D 1765 3132 74 161 U+660E 1311 1627 143 205 U+3055 749 1809 64 116 U+306B 2340 3963 106 99 U+3066 1128 3091 79 135 U+306B 926 1423 107 131 U+305F 1563 1336 68 178 U+308A 950 1870 60 174 U+516D 911 3348 117 141 U+3059 1946 3050 107 176 U+3066 2351 3319 113 177 U+3093 1718 3539 164 180 U+3092 1132 2151 142 152 U+3051 1541 2941 112 209 U+3059 497 1072 109 158 U+305B 2171 2238 110 241 U+3092 2573 2408 132 159 U+3048 2153 2650 115 168 U+304F 1970 2604 63 160 U+306B 730 3845 57 155 U+3078 1713 1948 189 98 U+308A 2394 2961 59 188 U+3070 955 1080 78 149 U+3061 939 2919 86 175 U+5019 1760 2732 106 138 U+3042 1737 1462 122 164 U+5F15 2539 3276 127 211 U+3061 950 1232 82 198 U+3051 1752 1636 122 171 U+308A 546 3527 47 180 U+3068 1998 1751 49 163 U+308F 2592 3440 44 147 U+5348 1157 789 93 192 U+3082 1358 2401 82 201 U+3054 1168 1681 106 109 U+307E 1966 3830 69 110 U+3051 1964 2259 108 213 U+3055 957 2400 70 98 U+3086 1116 2638 134 170 U+3082 1565 1804 66 175 U+3092 2174 1314 146 151 U+308A 2796 2517 52 157 U+305C 1940 3929 126 108 U+306D 2345 2270 149 161 U+3068 737 3361 41 172 U+3092 921 2046 137 160 U+5206 707 1165 124 180 U+3057 490 2891 131 129 U+3070 1167 1808 84 146 U+3055 1984 1104 77 120 U+305F 2387 3669 60 129 U+3066 2729 3819 99 117 U+304F 2766 3307 57 153 U+304F 723 2494 61 135 U+3044 1538 1096 116 77 U+305B 491 1694 120 127 U+3088 2794 3173 40 136 U+308A 1561 2586 57 194 U+307E 2740 3593 132 155 U+306B 1584 1677 42 126 U+306B 697 1651 144 175 U+3064 1505 3571 145 141 U+308A 1986 1912 64 203 U+306A 2748 2376 115 145 U+305F 1982 1232 78 141 U+3088 1767 2966 58 162 U+3053 2603 943 56 92 U+3052 1745 3386 135 153 U+304F 2792 1646 63 146 U+3068 1580 2422 44 162 U+3046 747 2090 49 209 U+304B 1588 1999 44 74 U+307E 1771 2408 72 143 U+3088 1376 1080 49 150 U+304F 2568 2715 54 159 U+3064 701 3682 132 163 U+305F 737 1928 85 146 U+3055 1565 2085 78 112 U+306B 2130 3390 131 182 U+308F 1986 2098 46 153 U+3055 2393 3150 66 128 U+306B 1524 2230 147 207 U+306B 1122 2803 121 145 U+306A 1732 3705 87 124 U+308A 1576 3697 49 150 U+305F 1363 2717 79 115 U+306B 2587 2111 92 109 U+304F 522 3160 62 191 U+3088 2758 3943 84 116 U+3055 2152 3240 91 139 U+3078 678 2784 187 88 U+5019 2198 2823 36 139 U+56DB 715 1075 125 87 U+904E 510 2420 100 141 U+3044 2554 2014 141 68 U+3055 2764 3490 66 96 U+304F 2391 1325 50 169 U+3046 934 3654 56 198 U+304F 1146 2446 52 167 U+304B 2179 3141 50 97 U+3078 467 2682 191 106 U+3088 2001 2470 49 137 U+306B 2351 2655 128 159 U+3070 516 2811 123 38 U+3046 1169 1958 49 219 U+304B 1794 2179 43 77 U+308B 543 3027 60 133 U+309D 1129 3398 52 111 U+3068 2803 1949 40 124 U+308F 1577 2772 41 164 U+3057 2620 1031 36 197 U+3044 2358 2851 111 61 U+3093 2559 2215 152 195 U+5019 1354 3065 52 120 U+3046 1977 1383 53 176 U+307E 1566 3416 46 132 U+3066 2370 1774 70 181 seg_fp 493 1592 109 89 U+304F 2603 1808 50 190 U+3064 2344 2151 143 115 U+3053 1969 3224 50 103 U+3065 1932 3556 167 124 U+305D 2804 1490 63 164 U+306F 2185 1677 85 79 U+3057 1394 1236 20 258 U+3088 2603 2584 44 122 U+3057 1384 2845 24 225 U+3057 2614 3078 21 209 U+3057 2810 2076 34 206 U+3046 2384 3806 32 152 U+8272 2357 2437 118 202 U+3053 2186 3723 42 73 U+304B 1584 3340 32 78 U+304F 1568 1173 62 164 U+3065 2139 3937 155 70 U+304B 2193 2150 38 95 U+3057 1203 2945 25 217 U+3088 1177 2314 45 129 U+308A 531 1224 42 168 U+5206 957 3467 85 206 U+304D 2403 2006 57 108 U+5019 537 1838 54 150 U+5019 537 2570 34 103 seg_fp 697 3577 108 103 U+3053 732 1519 51 121 U+304B 1780 3310 37 81 U+5019 1792 1780 38 135 U+306B 1786 1317 32 123 U+3088 2626 1660 45 148 U+3057 1978 3330 35 215 U+304C 1796 2869 93 88 seg_fp 2804 2292 35 71 U+309D 1986 3684 33 48 U+3057 2442 1641 26 159 U+306F 725 2650 69 79 U+309D 2204 4017 28 43 U+3057 2179 3800 43 145 seg_fp 2410 1195 47 138,200021802-00046_2
U+5165 425 1366 208 112 U+6C34 700 2925 93 195 U+540C 698 1687 102 141 U+3066 919 1385 68 159 U+6597 692 3311 114 263 U+9EA6 1737 1852 91 195 U+5373 1938 1498 104 247 U+9EA6 294 2437 110 202 U+65E5 511 1862 67 131 U+5927 276 1492 119 130 U+756A 703 1975 118 207 U+308A 2165 2491 62 179 U+304F 1973 2339 52 177 U+6597 1519 1311 111 261 U+3066 2156 3150 77 182 U+767D 1953 2171 93 150 U+306B 2369 2785 63 120 U+767D 1745 2540 96 160 U+5927 1706 1703 128 145 U+6728 1718 954 116 201 U+6597 917 3893 89 133 U+308A 2366 1873 62 160 U+5347 502 1120 95 228 U+516B 886 3267 131 74 U+9EA6 1535 2904 80 205 U+6CB9 1710 1376 130 118 U+306E 1474 1906 144 153 U+4ED9 256 820 175 137 U+5869 865 3068 148 178 U+5408 79 3374 171 210 U+5869 283 3916 145 156 U+3092 2156 2121 116 136 U+306A 2343 2044 118 114 U+306D 2141 3491 125 143 U+3066 2376 1378 66 155 U+306B 911 1121 116 120 U+58F1 698 3129 81 189 U+8FD1 2317 2612 155 157 U+3070 1952 1328 92 141 U+3042 480 2489 106 148 U+9060 2305 2392 172 196 U+6D41 255 1114 167 162 U+308A 1129 1529 59 181 U+6597 1740 2230 110 293 U+3092 499 1987 133 131 U+53E3 2346 2937 83 91 U+306D 878 1567 144 173 U+304D 1750 3016 98 155 U+307F 1469 1598 155 163 U+5927 268 2283 144 129 U+77F3 251 962 125 146 U+5927 1739 3878 144 208 U+306E 1274 2921 191 160 U+5409 2351 1575 99 159 U+305B 1305 3676 137 126 U+6642 1911 1750 144 147 U+3042 1316 3372 121 178 U+306F 2155 1884 56 126 U+5927 1293 1998 137 118 U+4F1D 2336 3047 144 165 U+3053 2168 1089 61 93 U+677F 1064 1710 161 160 U+53F3 1293 1625 120 154 U+308A 726 1339 60 176 U+5869 655 2411 164 141 U+308A 1771 3294 60 189 U+306B 1093 2770 111 144 U+305B 876 1861 114 140 U+307E 2159 3653 123 147 U+3059 2157 2339 70 148 U+4E8C 701 1855 113 102 U+3064 1723 2885 133 127 U+304F 1510 2241 73 213 U+3075 1081 3821 163 123 U+306B 1548 3755 116 115 U+306B 1490 2490 123 151 U+306A 1901 2523 160 160 U+3061 2166 2825 89 188 U+305D 1538 1758 70 134 U+307B 2116 1590 113 149 U+306B 1737 2706 135 154 U+304D 116 3189 96 181 U+6C34 299 3008 96 214 U+767D 1550 3604 74 134 U+6597 292 2714 107 281 U+3078 1061 2185 195 140 U+5341 488 1655 88 187 U+3092 1116 3669 133 141 U+53F3 108 2391 124 151 U+4E5F 457 2951 143 195 U+9EA6 1311 2733 94 186 U+8449 1074 3460 163 214 U+3057 2120 1454 103 115 U+3070 2163 2676 78 123 U+5165 2072 2260 228 88 U+306E 1069 1878 134 127 U+3066 462 2305 123 149 U+5347 100 1233 86 215 U+58F1 291 3223 96 187 U+8C46 288 1651 110 179 U+5C0F 1497 2770 143 132 U+3055 2355 1759 69 107 U+6B63 1720 848 149 89 U+3075 2128 809 132 129 U+5347 107 2114 101 236 U+4E09 496 1513 82 136 U+306B 1108 2265 48 127 U+3065 84 2643 154 114 U+4E0A 1122 1129 96 150 U+6597 293 1979 120 294 U+308A 2179 938 54 152 U+308F 1787 3647 46 133 U+6C34 887 3582 135 174 U+306F 2150 1229 83 52 U+3092 1102 2414 127 146 U+3052 492 2650 151 177 U+308B 1317 1474 74 132 U+308B 1755 3775 75 115 U+3058 747 3768 84 255 U+5F15 1314 1133 116 190 U+3066 1546 3963 96 124 U+306D 875 2497 146 202 U+308C 121 2719 77 207 U+3044 1736 3177 110 109 U+5728 2357 3227 107 168 U+5347 701 2672 102 236 U+3064 684 1121 133 107 U+3068 2177 1734 47 140 U+306E 1080 3285 151 173 U+304D 1102 2594 125 149 U+308F 1355 1325 40 142 U+4E4B 1341 1799 54 168 U+5F10 911 3738 115 161 U+3044 94 2558 119 72 U+58F1 1736 2074 90 151 U+306F 2182 3833 75 62 U+9EA6 115 3579 97 209 U+5019 720 1496 47 151 U+5F15 1734 3485 133 161 U+3082 1560 3501 67 109 U+3044 2109 2032 155 88 U+3082 133 2924 69 162 U+304C 2372 2146 78 89 U+3053 731 3583 56 90 U+4E09 110 2013 84 97 U+308C 2379 1163 91 198 U+306F 700 2311 78 48 U+3057 2231 3900 25 185 U+3089 2382 2238 33 136 U+304F 705 1228 94 111 U+5019 914 2040 48 113 U+6597 283 3404 113 218 U+3055 923 1745 75 103 U+306E 83 3785 123 138 U+304F 909 2326 57 175 U+3075 1084 1398 130 141 U+306B 1346 3203 57 139 U+5165 848 4030 216 75 U+3053 118 1517 62 73 U+3078 1081 1313 196 128 U+306B 2133 3010 124 114 U+306F 1105 2915 118 80 U+304D 521 2143 60 138 U+3092 1331 3959 140 132 U+305F 1134 3962 113 119 U+3053 1337 3078 63 118 U+3066 1322 2593 114 112 U+3053 2173 3346 70 69 U+3058 138 1685 68 302 U+3046 722 3677 53 103 U+4E09 1527 3124 120 114 U+3078 1896 1239 171 79 seg_fp 1540 2074 48 172 U+5019 1973 1110 34 118 U+308A 1986 2676 47 159 U+58F1 292 1845 90 98 U+8C46 1306 2145 115 173 U+58F1 1523 1124 82 170 U+56DB 689 4029 136 63 U+5347 312 3661 69 238 U+308B 1529 2630 65 114 U+91A4 1707 1154 139 215 U+306F 914 2865 79 53 U+56DB 670 2584 141 86 U+3053 122 3977 60 89 U+304B 150 3101 46 90 U+3057 1633 3852 24 198 U+3088 937 2183 34 139 U+306B 1974 1930 33 224 U+306F 1347 3564 78 97 U+5019 917 2698 61 145 U+3053 1132 3155 66 127 U+5347 924 3326 87 231 seg_fp 758 2202 56 47 U+5347 1537 3249 94 236 U+3053 1360 3822 54 99 U+306B 1316 2327 102 156 U+3046 129 1594 41 102 U+4E00 282 2672 110 41 U+56DB 101 1140 106 87 U+4E4B 2396 3410 95 149 U+3057 975 1232 41 145 seg_fp 945 2926 36 119 U+3046 1120 2006 69 157 U+3068 1145 3007 54 142 U+5019 533 2840 24 101 seg_fp 2215 3410 25 87 U+7533 1998 2820 31 243,200021802-00051_1
U+4E8B 1434 2406 134 193 U+3092 748 1119 134 165 U+3092 515 674 137 132 U+3059 256 2184 136 122 U+5EA6 1192 963 161 149 U+98DF 504 2238 136 166 U+3066 1899 1936 101 103 U+3046 317 2036 49 140 U+5341 1425 2633 129 104 U+8449 516 1539 134 149 U+3059 1896 2292 112 162 U+98DF 1897 1467 128 170 U+3080 1189 1535 128 119 U+304F 309 2319 58 138 U+53C8 964 2143 155 137 U+3066 512 2705 116 108 U+716E 970 1493 126 170 U+3059 275 1089 123 164 U+3066 1442 2128 109 100 U+3059 970 2645 113 136 U+98DF 1197 1930 124 161 U+3066 976 2330 117 98 U+3066 1193 1823 105 106 U+5EA6 961 1328 166 135 U+3051 510 831 126 129 U+53C8 1888 1732 155 142 U+6C34 1423 1735 148 145 U+304B 508 2624 129 53 U+304D 536 2093 74 132 U+6839 257 1266 180 130 U+53BB 273 1898 128 124 U+716E 1436 2239 132 173 U+3066 1904 1361 100 108 U+3066 971 1679 108 85 U+3086 507 1828 134 114 U+3092 280 1799 124 82 U+4E8C 282 2613 115 65 U+3061 1682 1131 124 144 U+308F 514 1363 130 101 U+3062 1453 686 135 120 U+3072 508 1955 141 134 U+306F 318 1423 82 43 U+25CB 748 916 128 127 U+4E94 1219 844 113 97 U+3072 1216 2749 105 87 U+306B 1244 2441 52 88 U+56DB 1437 2766 124 62 U+308A 1503 1077 51 151 U+304B 1885 1875 141 52 U+3075 1172 2086 145 99 U+3092 511 1707 149 96 U+305F 1000 846 78 120 U+3060 1553 1418 76 86 U+305F 1459 811 86 131 U+25CB 1674 912 125 127 U+3092 1446 1880 118 87 U+5BBF 1199 2615 115 129 U+4E00 978 1221 126 24 U+5207 257 2487 158 91 U+7F6E 1903 835 99 116 U+306A 1230 2189 99 88 U+306F 1018 1114 72 41 U+3082 1004 1780 70 112 U+7269 961 2460 154 79 U+9ED2 275 1485 151 130 U+3075 1868 1636 160 111 U+308A 1570 1575 40 99 U+305B 971 978 130 95 U+3050 1538 1511 86 63 U+7269 1889 2071 137 86 U+3057 1268 1107 19 189 U+3042 1903 980 115 95 U+3050 1444 956 135 117 U+3089 564 958 35 129 U+3076 1867 1081 155 121 U+7269 247 848 172 87 U+76AE 295 1631 120 159 U+304F 1242 1396 41 112 U+53C8 504 2527 160 100 U+4E91 1463 1472 56 69 U+304B 964 2271 133 38 U+3088 1258 1298 35 97 U+308C 1206 2346 143 120 U+3068 1049 2547 37 82 U+4E00 1197 2570 126 26 U+308A 1957 1203 54 161 U+3075 489 2422 153 89 U+304B 567 1485 39 38 U+3088 1031 1904 32 86 U+3062 1544 1260 84 91 U+3082 1458 1358 54 76 U+4E09 289 2720 115 91 U+3068 1956 2160 32 107 U+3068 348 939 31 126 U+3093 1547 1348 86 74 U+3078 1418 2068 144 44 U+3057 1040 1984 17 138 U+304B 1250 2292 34 55 U+3068 1486 1262 17 91 U+3057 1238 1657 26 165 seg_fp 1487 1982 35 57 seg_fp 2190 345 78 96,200021851_00007_2
U+3059 197 1122 119 158 U+3059 1096 2340 125 146 U+3066 1101 1460 116 111 U+82E6 1778 1794 130 158 U+306B 1812 1222 129 90 U+53C8 188 1298 167 145 U+8449 1334 1781 145 148 U+3092 1338 1948 128 83 U+3092 1785 2097 142 78 U+4E8C 1326 2702 127 70 U+98DF 1565 912 140 151 U+3065 1305 975 189 112 U+304D 677 1702 100 171 U+53C8 1082 1803 160 124 U+308A 1838 2283 49 145 U+5BBF 424 1679 118 138 U+3066 1802 2809 114 86 U+3061 1356 1102 116 126 U+306F 1374 1243 71 125 U+3066 646 2493 116 111 U+3092 410 2463 148 91 U+305F 1817 1415 79 149 U+3072 194 2166 122 103 U+716E 653 2730 120 159 U+5BBF 193 2022 113 142 U+3066 416 2688 103 86 U+6C34 1790 1075 158 130 U+308F 867 1185 164 123 U+308F 1337 1605 149 98 U+3066 431 897 105 98 U+5473 1779 1950 160 137 U+3086 1324 2046 136 113 U+7070 642 2098 147 141 U+3073 1324 2174 142 124 U+308F 653 743 143 108 U+4E09 198 1914 109 83 U+306C 404 2209 153 86 U+3055 443 1836 76 98 U+3092 1345 742 143 138 U+3073 644 992 151 150 U+6C34 1315 2439 156 143 U+3055 1133 1110 70 94 U+308A 470 2364 45 114 U+53BB 417 2568 104 103 U+716E 1798 2661 121 148 U+304D 1353 2298 65 127 U+3066 1103 1989 107 100 U+3072 1803 1338 131 109 U+3066 426 2830 113 83 U+3093 1140 962 112 135 U+306F 443 1966 83 46 U+4E8C 427 1448 125 69 U+3075 1535 1061 161 108 U+7D30 643 1455 169 129 U+3081 451 2295 60 68 U+4E09 438 1555 107 92 U+3084 177 2647 150 72 U+306B 249 1695 47 91 U+3079 1092 900 151 58 U+3092 424 1160 131 91 U+80FD 649 2605 137 121 U+5BBF 1813 912 105 138 U+306B 1325 2596 157 91 U+308C 206 1599 151 130 U+98DF 1100 1573 135 137 U+3056 670 1894 115 101 U+6C34 416 1012 159 137 U+305F 210 2250 77 115 U+306F 1134 1241 81 36 U+3055 1814 2195 74 86 U+304F 1824 2538 43 110 U+306A 220 1418 105 111 U+6C34 641 2238 171 123 U+4E8C 207 1815 120 68 U+4E09 1327 2805 124 88 U+304B 417 2778 123 51 U+304B 1101 1930 124 52 U+98DF 177 2495 131 149 U+3057 1854 1576 18 201 U+7269 1100 2103 143 98 U+306B 668 1592 137 88 U+305B 174 2371 132 92 U+3078 413 1362 152 72 U+25CB 891 974 128 123 U+3075 1072 1708 172 94 U+307F 689 2002 56 75 U+304B 1386 1725 39 30 U+7269 186 900 168 95 U+3088 1834 2442 41 98 U+3059 218 2732 77 109 U+3057 484 2000 15 199 U+306B 693 2381 35 108 U+3068 1163 2199 31 117 U+3068 271 995 31 111 U+3057 1164 1265 20 184 U+304B 249 1523 36 67 seg_fp 480 1272 28 49 U+3089 698 853 47 139 U+309D 1396 884 32 93 U+306F 226 2452 67 64 U+3057 224 2750 24 156,200021851_00008_1
U+3066 752 810 116 104 U+3051 774 2100 104 157 U+6D17 1669 1405 134 146 U+3082 566 2390 63 95 U+5E95 523 805 142 152 U+5E03 980 2536 127 166 U+3066 1426 1444 119 97 U+6ED3 756 1224 137 194 U+6775 1623 1828 165 172 U+7ACB 1216 2445 121 111 U+3066 1193 1469 109 103 U+306E 312 1963 106 113 U+6839 1641 792 179 126 U+6D44 1672 1558 129 160 U+5165 1401 1368 165 98 U+305F 525 1454 141 116 U+3092 299 1718 133 86 U+6708 1921 2153 97 155 U+3092 961 1088 140 89 U+771F 307 1021 115 131 U+306E 1935 2581 103 127 U+3092 1672 929 130 82 U+6708 1920 1890 89 175 U+3066 1672 2215 121 103 U+6876 943 1590 165 141 U+3066 987 2403 127 108 U+516B 1904 2084 148 64 U+4E8C 1894 1486 130 76 U+3092 1663 2005 130 75 U+306E 991 1734 120 120 U+6708 1922 1600 89 155 U+6708 1931 2416 100 142 U+306E 1909 996 125 124 U+3081 780 1881 73 61 U+5176 555 1324 75 119 U+7070 306 1824 127 133 U+306E 765 2710 122 93 U+3092 524 1973 132 86 U+5EA6 516 2249 148 165 U+7D19 297 2295 161 142 U+3092 753 1415 140 86 U+3082 1026 780 41 152 U+3092 296 2704 150 86 U+308F 1887 651 147 115 U+6876 1404 797 170 148 U+4E09 1911 1772 110 86 U+308A 1728 1257 43 145 U+304F 1248 2090 50 134 U+306F 778 2275 77 40 U+3081 1703 1722 70 78 U+6C34 529 2490 124 148 U+4E5D 1918 2300 131 107 U+3066 1455 2379 111 100 U+304D 1487 2629 70 160 U+7C89 1887 1126 166 142 U+6C88 752 1734 149 131 U+53C8 1196 806 156 134 U+6C34 981 1858 137 131 U+305F 1234 2586 83 106 U+80FD 1199 1594 128 127 U+5165 1175 1361 170 109 U+6876 727 2571 163 128 U+6C34 1439 1129 139 131 U+3073 1901 866 142 134 U+5E7E 534 2062 96 179 U+3092 980 1995 132 92 U+308A 1503 2108 44 145 U+7F6E 769 1968 91 121 U+306E 970 956 130 116 U+5165 1417 1052 175 101 U+6E9C 521 1091 154 129 U+305F 318 1525 77 97 U+6398 1655 1029 177 135 U+308A 804 1585 49 151 U+3082 1483 1779 44 155 U+308B 1250 2687 56 110 U+7C89 746 2352 157 130 U+7B75 285 2469 166 135 U+3053 780 938 77 75 U+306B 1480 956 54 77 U+308A 1039 1284 38 146 U+304F 1472 1638 44 121 U+304D 1008 2168 69 119 U+305F 1697 2531 82 109 U+3057 361 795 19 209 U+3092 1438 1263 134 83 U+306B 531 962 131 95 U+6210 298 1369 136 161 U+306F 788 2509 73 34 U+306B 1214 1229 130 97 U+7B4B 1220 2257 118 173 U+3082 1720 2083 34 123 U+305F 1015 2290 69 105 U+3082 1252 1727 35 116 U+307F 1239 1852 62 84 U+6876 1176 1066 153 143 U+305F 1451 2519 128 103 U+308B 564 1886 59 87 U+304D 1707 2651 80 149 U+306B 336 1286 40 91 U+308B 331 1619 60 90 U+98DB 543 2656 110 128 U+53BB 997 1449 91 117 U+9ED2 1208 1967 132 125 U+305F 543 1773 86 110 U+306B 1010 2716 127 76 U+4E0A 1461 2274 104 94 U+767D 325 1151 79 131 U+307E 574 1524 45 134 U+3078 298 2208 145 74 U+3055 777 1518 71 62 U+3088 1483 1550 46 90 U+3068 1011 1202 67 74 U+6BD4 1935 2709 109 81 U+304F 1721 2416 40 117 U+308B 584 1226 54 73 U+3068 1471 2033 79 68 U+308A 579 1661 44 138 U+304B 340 2628 43 54 U+307F 1484 1935 54 74 U+5176 1224 926 70 114 U+3057 820 1021 16 175 U+4E0A 321 2100 83 85 U+3088 1730 2333 41 82 U+304B 1032 2101 41 69 U+3068 1734 1160 24 89 U+3089 1935 771 53 113 seg_fp 1541 2609 31 56,200021851_00008_2
U+5341 521 1365 129 108 U+6C41 760 2149 118 173 U+3059 550 828 97 146 U+4E8B 567 1078 83 242 U+5EA6 972 1474 150 146 U+308A 1703 1127 99 126 U+3092 1231 2514 123 73 U+5BF8 1217 2607 125 131 U+304D 1241 2222 95 161 U+3092 763 2330 127 73 U+3066 996 2186 110 89 U+4E8B 1012 2623 89 188 U+3046 1722 977 54 151 U+3092 1236 1874 121 82 U+3059 1683 842 130 134 U+3084 1682 2174 153 84 U+6240 1196 2404 160 99 U+306E 1249 1224 114 107 U+98DF 1471 1194 125 149 U+53C8 1451 1432 167 130 U+308A 1251 1097 88 106 U+3059 1462 1978 115 135 U+9905 511 2332 150 143 U+308A 578 1926 55 155 U+76AE 1251 1708 112 157 U+306B 999 1252 127 87 U+98DF 313 1233 123 139 U+53BB 1235 1990 110 120 U+6839 1202 1344 193 124 U+6C34 761 2538 137 124 U+3066 1474 1630 108 114 U+6C34 990 1811 131 134 U+3059 1238 861 106 122 U+306B 1010 818 123 99 U+3073 1471 940 117 121 U+3042 546 1709 111 99 U+767D 1256 2107 76 119 U+3086 1455 821 131 110 U+3066 781 1370 93 103 U+5207 976 949 153 87 U+306F 1727 2276 98 50 U+3072 1004 2291 125 100 U+3060 546 2491 93 92 U+306B 779 1119 133 97 U+8449 1678 1900 142 148 U+56DB 770 822 128 65 U+304F 1718 1509 81 112 U+304D 1702 1610 105 157 U+65E5 1035 1153 54 74 U+304B 1670 668 156 60 U+3089 805 1818 80 114 U+25CB 1914 917 120 123 U+3066 319 1109 110 110 U+3082 1724 2040 61 92 U+3057 592 2089 18 218 U+7BC7 548 1520 112 165 U+307E 575 1794 48 127 U+6417 753 1503 146 136 U+4E94 793 913 111 85 U+98DB 784 2670 108 127 U+3053 576 2733 50 69 U+308B 576 979 64 80 U+4E00 1002 1079 123 20 U+3093 533 2590 133 115 U+304D 1494 1058 67 119 U+53D6 782 2429 83 95 U+7269 1469 1758 138 93 U+3059 996 2486 116 140 U+6642 1697 2744 125 104 U+306A 1723 2521 81 95 U+3082 1726 1766 73 116 U+305F 1030 2374 69 97 U+3065 977 1636 158 100 U+304B 1456 1570 148 51 U+3005 1270 2733 45 87 U+305F 759 1662 120 110 U+304B 1752 2455 37 44 U+3068 820 1021 41 87 U+4E00 986 1398 128 24 U+3075 1447 1338 149 102 U+3075 279 1370 161 110 U+3046 1277 980 39 118 U+306B 321 811 133 96 U+3092 993 1946 119 82 U+308B 1741 2620 51 97 U+3078 979 2116 141 69 U+3057 383 917 22 177 U+3089 1780 2329 28 114 U+3057 835 1942 12 176 U+3068 1528 1857 29 102 U+309E 841 1751 55 63 U+304B 1193 671 174 64 seg_fp 1285 737 52 126 U+3057 839 1193 23 163 U+3089 1763 728 27 100 U+304B 1037 2055 29 51 U+309D 1059 1731 28 70 U+304B 1885 1128 90 66,200021851_00009_2
U+304D 103 856 92 167 U+3059 567 2125 110 172 U+306B 1251 893 129 102 U+3092 329 2134 144 90 U+98DF 1471 2017 124 153 U+98DF 1235 2518 129 143 U+306B 566 875 136 106 U+6C34 112 1583 100 164 U+98DF 997 2002 159 159 U+98DF 546 1312 160 164 U+306E 332 2584 131 108 U+306D 322 1031 135 134 U+306B 1494 1784 114 117 U+3059 1016 2712 107 142 U+306B 1505 1028 52 93 U+3092 791 2020 118 82 U+53C8 545 1573 164 135 U+3066 1695 2227 118 107 U+3059 1014 925 116 145 U+3066 1018 2419 99 89 U+53C8 1467 2259 161 132 U+306B 110 1760 125 109 U+6CD4 101 1458 151 140 U+3092 330 1568 138 77 U+308A 373 1795 57 171 U+3073 782 2467 134 128 U+3044 326 2514 133 60 U+53BB 339 2250 112 139 U+5BBF 105 1992 117 140 U+7C73 109 1276 117 149 U+308A 1748 1259 52 163 U+3086 790 2342 121 117 U+3051 1262 1050 110 138 U+3084 994 1214 170 121 U+304E 1721 1014 113 135 U+56E3 1475 1540 120 143 U+3073 987 1718 147 143 U+3066 568 1765 93 104 U+8449 793 1862 129 148 U+9905 1239 1625 145 158 U+6839 303 1420 182 133 U+6C34 774 2702 153 152 U+306F 1746 869 58 120 U+3086 1008 1578 122 123 U+4E8C 93 1890 134 64 U+307E 1289 1920 46 141 U+3072 116 2481 118 122 U+304D 1736 2460 71 118 U+3082 1289 2396 61 122 U+307E 1520 1146 41 127 U+3072 1244 1214 122 116 U+3064 1695 2374 143 86 U+5B50 1495 1687 81 88 U+7C89 1466 874 157 137 U+3075 1445 2165 156 101 U+3081 355 2696 77 85 U+305F 866 1434 60 76 U+3042 858 1317 80 63 U+3086 1715 1422 122 116 U+304D 815 2594 60 99 U+307B 329 920 137 127 U+3066 1239 2296 121 110 U+3055 586 992 64 91 U+3075 1215 2655 155 105 U+304B 554 1694 125 63 U+306E 1731 2769 108 90 U+306F 563 1101 104 54 U+308A 147 2309 58 144 U+7C73 1722 2613 125 154 U+306B 334 2781 135 88 U+307B 1506 2538 100 89 U+304B 1003 2357 129 58 U+3066 1244 1475 114 105 U+308F 794 1681 128 98 U+3066 1713 1554 122 115 U+76AE 349 1974 125 150 U+53C8 993 2243 166 120 U+308D 1246 2067 126 134 U+305F 134 2600 77 110 U+81FC 1474 2750 127 97 U+81FC 1718 2024 124 93 U+3089 828 865 50 157 U+306F 1715 1788 113 48 U+3078 1470 1436 144 85 U+3061 881 1512 56 85 U+3084 771 1158 163 112 U+306B 1271 1808 120 112 U+304F 823 2198 45 126 U+3070 147 2134 71 113 U+3056 105 1044 111 120 U+3075 523 1471 164 112 U+3055 1730 1665 77 104 U+306E 1012 1070 130 137 U+3075 973 2157 158 106 U+304B 840 1797 38 46 U+6652 1475 2420 164 98 U+304D 1031 1859 66 136 U+3089 1061 777 55 144 U+3055 354 2390 83 111 U+3061 794 1030 114 127 U+7269 999 2533 151 83 U+3068 382 1662 35 121 U+3057 1768 1813 19 188 U+304B 299 712 166 75 U+7269 556 1887 140 94 U+306F 796 786 100 73 U+3055 1731 1168 77 81 U+3081 1274 2200 62 85 U+3082 785 1386 43 79 U+3088 835 2115 39 85 U+4E91 787 1486 55 71 U+3057 617 1132 16 174 U+304B 981 709 175 68 U+304B 1292 986 35 56 U+304D 1266 1332 76 128 U+306F 870 1403 59 29 U+3057 164 2709 21 163 U+306B 1761 2123 27 87 U+307F 136 1173 39 88 U+3058 1510 1270 80 162 U+3057 1568 2593 16 152 U+3057 1538 1851 20 171 U+3068 621 1969 37 134 U+3068 797 1305 19 83 U+304B 728 715 184 74 U+304B 159 2244 31 66 U+308F 370 790 51 119 U+3068 1076 2602 27 95 seg_fp 1272 2881 72 14,200021851_00011_1
U+98DF 768 1414 118 159 U+3059 1218 1598 118 164 U+3059 1686 1287 112 187 U+4F46 770 930 142 97 U+5E72 1441 1591 125 149 U+3059 770 2144 98 144 U+98DF 1898 1861 142 159 U+3059 974 2514 127 176 U+8449 1454 1189 149 160 U+3059 297 1954 111 167 U+3066 1446 1761 107 98 U+3082 579 2576 63 98 U+3042 998 660 137 131 U+98DF 985 1701 139 159 U+3052 1238 803 135 149 U+3042 775 1594 110 101 U+3066 1224 982 117 110 U+3042 1458 2702 116 116 U+3066 993 2159 107 89 U+98DF 295 1110 150 152 U+3066 1228 1195 99 119 U+304B 981 2093 143 58 U+3066 1443 2608 124 91 U+5C0F 777 1053 121 80 U+3042 537 660 125 121 U+53C8 992 1967 163 111 U+304D 1933 1698 71 136 U+8449 535 2137 151 164 U+3066 1446 2156 113 99 U+3086 538 2710 138 96 U+53C8 291 1366 167 111 U+830E 543 2418 141 155 U+3073 988 1424 145 128 U+7269 1215 1349 149 95 U+53C8 1905 2118 148 111 U+3065 1420 793 189 135 U+308A 580 1012 54 150 U+3073 1903 1559 149 134 U+3086 1908 1427 130 119 U+624B 1486 1879 77 146 U+304B 295 1505 142 56 U+3086 1447 2494 140 114 U+7269 990 2283 132 93 U+6839 519 1860 186 137 U+3055 1928 817 68 113 U+3065 1875 957 196 111 U+8C46 781 1161 99 112 U+3078 771 1914 132 56 U+304B 1198 1122 145 51 U+307B 613 1704 81 80 U+304D 339 963 67 128 U+3073 309 824 131 128 U+3075 966 1863 156 105 U+306A 540 1303 130 115 U+3081 550 807 84 80 U+304D 1022 1558 64 125 U+3070 569 1165 76 123 U+3042 1910 660 136 152 U+3086 990 1283 134 122 U+306E 1455 1074 133 121 U+3075 1880 2019 156 107 U+3075 269 1261 161 110 U+3068 825 1285 32 109 U+3075 514 896 137 113 U+3082 590 2024 54 99 U+307F 1498 2389 47 77 U+304C 632 1640 69 53 U+7269 1684 1060 139 90 U+304D 1925 1024 98 169 U+305B 757 1795 112 81 U+3066 1694 901 93 147 U+304B 1904 2266 142 59 U+306B 1921 2460 138 92 U+3072 603 1456 87 93 U+307E 1963 2559 42 119 U+3042 1450 660 140 132 U+304D 1472 889 97 158 U+7269 297 1700 137 98 U+304B 824 1967 29 64 U+3066 317 1574 84 109 U+304B 1654 833 157 54 U+308F 806 1702 41 88 U+3056 1022 803 101 110 U+3082 592 2301 52 98 U+307F 1039 927 48 84 U+306B 1501 2024 32 118 U+3086 1920 2334 126 113 U+3068 356 1809 28 127 U+3058 1953 2672 102 107 U+3078 1924 2782 124 41 U+308B 629 1542 43 76 U+3068 1044 2370 32 129 U+3068 1742 1143 33 126 U+3068 542 1447 21 95 U+3082 531 1540 37 68 U+3082 1503 2248 49 144 U+4E91 523 1630 47 66 U+3068 1270 1469 39 115 U+3089 821 2035 27 105,200021851_00017_2
U+3031 1675 1041 88 270 U+3059 1424 2140 121 189 U+3066 728 863 117 113 U+3059 743 1999 120 173 U+98DF 56 2417 140 148 U+308D 296 2138 125 159 U+98DF 730 1126 144 162 U+308F 1657 1712 152 136 U+98DF 1424 1314 140 174 U+308F 287 1550 149 112 U+53C8 736 1396 158 144 U+540D 974 1614 123 152 U+3092 279 1916 149 99 U+3081 512 1162 111 124 U+4F55 959 2332 141 142 U+306F 1430 986 109 61 U+8449 1646 1926 148 152 U+306E 968 1478 130 121 U+3066 1427 1205 122 114 U+3092 1660 2094 144 89 U+3086 953 2487 139 112 U+305F 326 2752 70 90 U+663C 73 1192 107 128 U+306A 272 822 138 104 U+3072 304 2644 122 100 U+304D 85 2268 72 119 U+3073 1664 2325 144 138 U+8449 280 1734 145 167 U+591C 74 1336 118 165 U+3086 1173 1163 145 131 U+3066 72 1683 107 104 U+306E 965 2123 129 110 U+304D 1694 2467 69 125 U+304E 1673 714 113 151 U+3055 1457 860 71 100 U+3073 68 2142 134 118 U+3082 770 981 67 119 U+306B 975 2764 119 87 U+6C34 1662 2604 150 150 U+53C8 1427 1590 155 107 U+304B 1426 1722 132 58 U+3086 74 2031 110 104 U+3086 1659 2211 130 117 U+308A 997 838 58 161 U+3066 1430 1789 107 101 U+25CB 1180 986 129 123 U+3086 954 1195 129 115 U+53C8 63 2676 166 99 U+308A 1018 2628 54 130 U+25CB 497 995 130 125 U+306F 975 2256 96 46 U+306B 303 2499 136 134 U+3042 975 1777 126 109 U+4E00 67 1120 105 21 U+3082 1021 1989 38 125 U+307F 304 1083 54 81 U+7269 1422 1908 150 102 U+3066 741 1617 105 123 U+3081 277 713 97 104 U+306B 1712 2763 43 81 U+304B 728 1547 144 63 U+3082 316 896 46 183 U+308A 1011 1321 61 154 U+3064 276 2420 152 88 U+3057 282 2036 143 90 U+3075 1397 1488 156 117 U+7269 735 1760 150 108 U+3086 939 715 134 106 U+3082 1673 1451 42 80 U+4E91 1678 1550 47 67 U+3075 41 2565 144 96 U+308F 1770 1525 36 67 U+304B 338 1669 46 56 U+304B 63 2804 132 36 U+304F 99 1895 44 124 U+304B 1718 1871 37 42 U+3082 277 1310 46 78 U+3057 109 853 22 237 U+3068 1749 1369 59 63 U+3075 713 1293 158 120 U+4E91 276 1400 49 64 U+308B 1021 1889 62 97 U+3057 1712 872 25 195 U+304B 1775 1606 29 42 U+3088 121 1795 37 97 U+3068 1498 2010 23 108 U+3068 1681 1349 27 102 U+307F 375 1429 29 61 U+306A 364 1224 66 80 U+307F 323 2317 47 85 U+3053 1754 1457 53 53 U+3057 116 1478 20 198 U+3068 288 1220 22 92 U+3068 810 1865 28 116 U+3082 372 1309 30 118 U+3057 1469 1022 33 188,200021851_00019_1
U+6597 1473 2694 114 183 U+3066 775 2147 123 110 U+5341 1685 884 122 122 U+7CDF 525 1043 172 174 U+6597 1018 2068 106 149 U+6597 1478 2058 115 182 U+3066 1693 1555 125 113 U+6597 1014 2766 107 130 U+7CDF 975 1830 169 168 U+540C 1244 1528 116 140 U+3059 772 2564 127 129 U+7528 1722 1669 76 161 U+4FF5 287 1480 182 153 U+6CD5 1232 1096 138 134 U+77F3 984 1544 135 127 U+9152 992 1684 144 139 U+5347 331 2653 94 152 U+3066 775 1574 124 108 U+3092 779 1190 155 92 U+306B 1235 1408 142 100 U+7C73 1472 1123 114 145 U+65E5 1725 1047 63 91 U+7C83 1441 1294 199 133 U+7C73 1005 1118 111 163 U+7CDF 1429 2400 199 164 U+3053 343 2821 81 72 U+3066 1699 2475 117 94 U+307B 112 1566 132 127 U+91DC 762 1309 177 143 U+6CB9 1003 2398 146 112 U+6CD5 305 847 138 133 U+4FF5 289 1988 172 142 U+307B 1710 1156 116 114 U+716E 762 1951 143 186 U+5408 763 2429 197 130 U+524D 1227 1227 143 160 U+5927 307 1647 140 117 U+77F3 1457 1536 137 129 U+6597 329 2394 111 142 U+7C83 979 1307 191 129 U+9152 539 890 147 138 U+8C46 1485 1813 118 129 U+5165 488 1820 237 110 U+306B 93 2307 152 107 U+6CD5 987 853 150 129 U+308A 144 2205 42 115 U+7C83 291 1249 202 132 U+3066 90 1414 127 122 U+304D 109 1828 96 201 U+7C73 319 1090 112 148 U+306A 574 1231 102 152 U+9152 1459 2264 144 122 U+4E09 312 2278 140 88 U+6CD5 1464 860 148 133 U+5927 1471 1680 151 136 U+53C8 280 728 185 117 U+84B8 95 2394 152 177 U+6417 754 2278 165 149 U+6E23 1000 2524 166 135 U+306F 119 1103 93 44 U+4E0D 550 1644 144 125 U+7D4C 1685 1408 161 142 U+8C46 330 1760 102 124 U+5869 293 2156 181 108 U+53C8 978 735 163 107 U+3066 90 2814 116 90 U+306C 70 896 171 112 U+88FD 1215 894 151 182 U+4E94 319 2574 118 93 U+306C 759 1010 160 107 U+3068 1765 1246 36 128 U+4E00 988 2023 150 27 U+3082 596 2004 69 122 U+516B 311 1404 180 77 U+4E00 1001 1470 135 23 U+306F 567 1563 89 56 U+4E00 1445 2629 156 25 U+7F6E 1715 2359 116 102 U+4E00 1461 1461 151 30 U+3088 832 1682 38 101 U+304F 808 1782 49 149 U+4E00 1011 2708 115 20 U+53C8 1437 735 193 111 U+304F 590 1380 49 150 U+5909 1702 2572 97 159 U+3044 73 1176 135 78 U+4E00 285 1931 155 21 U+3068 615 1894 32 113 U+4E45 1656 2029 180 160 U+3057 85 2043 147 87 U+3057 1289 1662 24 217 U+304B 830 1134 42 40 U+3059 1693 2775 67 114 U+3081 111 2132 74 63 U+306B 824 1463 27 98 U+3088 597 2140 49 105 U+308B 828 2690 57 98 U+7BED 101 2572 159 162 U+308A 150 1256 50 153 U+3057 622 2242 21 196 U+4E00 1453 2008 156 25 U+3088 138 1759 53 98 U+304F 1728 2242 41 107 U+4E5F 1661 1866 174 154 U+4E5F 756 2774 205 116 U+306B 138 2731 21 77 U+3053 806 881 56 94 U+304B 141 1023 47 36 U+3089 1745 2736 40 121 U+91A4 1007 2217 128 172 U+3068 181 1634 32 122 U+308B 1725 1849 57 78 U+3057 1760 2145 14 109,200021851_00023_1
U+6597 1231 1678 97 192 U+6597 1463 793 113 176 U+62BC 1654 2230 172 167 U+6597 1460 2154 111 176 U+6597 318 1912 107 177 U+306E 541 1265 120 129 U+6597 1228 1077 92 187 U+6876 1663 1909 161 185 U+6597 1229 2357 99 172 U+6597 765 2145 119 167 U+306E 305 1053 129 122 U+306E 1451 1270 130 122 U+6597 1460 2562 87 143 U+5408 962 1159 181 132 U+91A4 304 848 119 193 U+3092 296 2101 134 92 U+5347 777 2550 87 135 U+4E0D 994 2241 120 116 U+306B 998 842 122 123 U+9A28 736 881 156 148 U+672B 303 696 131 135 U+540C 1226 2747 116 115 U+53F3 1216 2540 122 126 U+8C46 775 1914 106 125 U+7CC0 1658 972 171 154 U+3092 986 2116 132 90 U+5927 1458 1761 154 139 U+98DB 756 700 134 162 U+308B 570 2350 57 77 U+6CD5 1459 1405 137 120 U+4EBA 1893 1771 154 168 U+5473 1449 983 154 135 U+306E 527 862 135 114 U+6CD5 306 1186 139 123 U+5869 1202 2129 182 120 U+6CD5 766 1441 130 125 U+7C83 1203 1439 186 128 U+5165 941 2377 209 103 U+7CC0 1892 2511 153 137 U+6417 957 989 168 155 U+5927 759 1771 133 140 U+7528 1018 1653 79 161 U+3086 984 1821 138 106 U+564C 1441 1126 140 136 U+3066 1693 1408 106 107 U+808C 1903 1953 158 116 U+4E00 1224 1014 115 21 U+306E 768 1314 124 104 U+306B 1683 1133 128 115 U+3055 1940 1320 65 95 U+80FD 307 2250 130 140 U+4E00 1206 2297 137 23 U+306B 1697 2091 132 101 U+716E 304 2405 122 166 U+5E38 751 2689 126 145 U+9152 1443 2725 142 116 U+4E94 1444 704 156 86 U+7C73 1232 1283 99 123 U+5927 300 1537 151 129 U+9EB9 1422 2335 167 162 U+3093 1926 2228 110 160 U+8C46 1467 1912 111 136 U+8C46 318 1664 107 132 U+4E00 1223 2695 127 22 U+7F6E 998 1341 104 150 U+307E 1943 1442 62 132 U+305D 559 1111 90 123 U+7528 560 2208 74 141 U+6268 1889 1192 149 114 U+4E09 751 2461 129 79 U+564C 743 1179 140 122 U+7CDF 1203 828 153 137 U+5473 746 1038 151 120 U+3075 1888 846 137 90 U+4E00 1214 1612 134 19 U+5869 730 2331 181 110 U+304F 575 1622 53 159 U+307E 1726 1522 45 128 U+306A 1937 2096 82 98 U+3078 1680 1830 142 78 U+6642 1911 2407 118 88 U+4E00 1440 2086 153 23 U+9EB9 968 1965 169 149 U+3066 985 1514 113 107 U+7F6E 1693 2398 99 145 U+719F 299 2585 154 176 U+4E00 744 2085 146 21 U+306B 1953 2792 48 65 U+4E00 282 1863 153 24 U+8FBC 1678 850 119 99 U+307F 573 1007 42 92 U+88FD 525 1799 146 181 U+4E5F 1668 2549 167 112 U+4E5F 514 2450 181 89 U+3088 1043 2599 40 91 U+3082 1041 2516 53 70 U+3053 563 1416 69 90 U+3057 602 1972 19 212 U+3057 1969 1003 19 179 U+3057 1060 2687 20 162 U+4E00 1421 2525 153 20 U+304B 1952 932 40 69 U+5BA4 1930 2668 111 114 U+3068 1058 2436 23 80 U+3057 1977 1575 20 176 U+5165 1213 1908 107 62 U+3057 1733 1650 30 167 U+308B 1260 1969 36 70 U+3057 368 2739 13 91 U+3066 1317 2016 60 68 U+3068 602 1506 28 119 U+309D 1269 2040 20 55 U+3057 1764 1241 33 155 U+3089 1979 2193 29 93 U+308A 1336 1923 26 94,200021851_00023_2
U+6C34 1005 972 80 173 U+4E2D 976 1683 108 187 U+3031 806 2224 81 209 U+5347 1238 2573 90 180 U+5408 970 1257 173 131 U+306B 1443 902 129 108 U+3066 91 2575 116 112 U+306E 85 1968 121 114 U+3066 731 1038 108 113 U+3092 968 1154 136 87 U+6876 503 1301 144 165 U+3092 87 2268 143 93 U+3066 982 1996 103 93 U+3066 1228 1651 95 104 U+8272 302 883 104 196 U+3066 527 1170 93 96 U+306E 979 1561 123 109 U+3082 329 1508 72 116 U+306B 1227 2050 117 115 U+3061 102 859 102 141 U+5B9F 77 2113 123 149 U+3066 539 2355 108 101 U+624B 1021 2731 80 141 U+7389 1692 1432 119 104 U+6642 1437 1506 139 114 U+306E 80 1321 122 117 U+3042 985 2405 134 121 U+308A 1481 1150 46 130 U+4E09 1206 2478 124 76 U+3059 767 2549 112 114 U+6570 512 1832 145 150 U+6C34 1475 1621 79 169 U+306B 1465 2445 130 93 U+6A61 45 1794 191 149 U+7528 562 2478 75 155 U+5165 926 901 209 90 U+305B 968 2625 147 92 U+81FC 97 2379 122 98 U+3066 1452 1912 112 95 U+3092 1221 2775 143 84 U+306F 581 2753 61 116 U+306B 519 1468 140 117 U+6CD5 78 1453 147 119 U+306B 1454 1801 129 93 U+3066 1695 2430 107 102 U+3075 1185 1289 143 125 U+306A 1468 1035 59 110 U+306B 512 892 133 120 U+3059 786 1168 66 148 U+306B 984 1868 128 113 U+304D 1239 1146 62 140 U+6D17 1440 2043 150 143 U+6417 1667 1274 153 138 U+3066 1713 1122 44 141 U+5473 272 1366 170 138 U+305F 1460 1303 84 100 U+81FC 1452 2339 137 93 U+7D4C 1688 2283 139 139 U+3072 1445 2197 133 126 U+65E5 1722 2087 62 78 U+81FC 983 1430 126 98 U+81FC 1685 889 126 91 U+308C 541 2651 165 123 U+3092 515 2088 162 104 U+306B 1680 988 138 114 U+7D4C 520 2204 164 148 U+9EC4 1694 2537 122 164 U+3092 1684 2177 138 98 U+5165 1418 2574 194 110 U+3072 1211 1529 134 121 U+306F 1017 2543 86 68 U+3072 741 1438 132 132 U+306D 971 2105 142 135 U+6417 54 2712 177 162 U+5869 1188 2359 174 92 U+65E5 562 1998 52 73 U+3068 821 2419 39 118 U+304F 1217 894 97 116 U+5473 62 1019 158 131 U+8272 1707 2704 90 148 U+308A 1056 2247 42 172 U+7D30 1215 1791 151 110 U+672B 1225 1906 130 113 U+308B 826 2653 44 80 U+5165 475 1612 214 108 U+6570 1674 1934 143 132 U+3057 1281 2137 21 195 U+6417 1416 2705 180 136 U+305F 1228 1013 80 130 U+564C 116 1172 91 139 U+3088 337 1635 39 96 U+304F 329 1190 44 137 U+3068 87 741 92 108 U+308C 742 1708 163 155 U+7F6E 531 1703 98 105 U+308D 768 2069 117 166 U+306B 778 895 37 128 U+306A 1698 1651 118 100 U+7A0B 771 2751 139 119 U+3057 351 1735 24 228 U+4E0A 757 1576 103 107 U+306F 798 1831 54 102 U+308B 1476 1407 60 76 U+3068 779 1959 88 88 U+3068 1741 1540 28 102 U+306B 134 2473 31 88 U+304F 750 1321 107 109 U+308B 1261 1411 54 95 U+3088 342 1086 40 105 U+3057 607 1002 22 164 U+3057 1764 1758 22 168,200021851_00024_1
U+5E74 567 955 125 177 U+3066 801 1149 111 119 U+304D 1277 2356 79 149 U+5176 370 792 73 121 U+5E74 1256 1306 153 185 U+306E 1265 1502 119 106 U+5E74 1031 818 122 201 U+3092 798 1483 117 83 U+306E 573 1148 118 112 U+306A 1043 2312 128 105 U+306E 357 1104 111 111 U+7A2E 779 1287 153 172 U+3066 341 2474 102 97 U+5730 1006 2185 163 119 U+8FD4 787 815 132 111 U+3066 564 1340 114 98 U+304F 823 1766 54 139 U+306B 347 2083 134 115 U+53C8 558 2114 165 143 U+304D 804 2261 80 140 U+4ECA 1300 1168 73 121 U+306E 572 2467 118 126 U+85AE 1016 2003 142 183 U+7269 562 1463 155 98 U+6563 341 1232 145 156 U+6216 1032 1495 137 141 U+591A 776 1591 130 196 U+5927 1951 657 138 154 U+5800 992 2653 180 137 U+5B9F 347 920 125 173 U+304B 1699 660 165 65 U+8352 1031 1662 117 154 U+306A 1734 980 123 112 U+3046 1526 933 49 160 U+91CE 1030 1831 116 123 U+3092 558 1580 146 91 U+3066 338 2690 124 113 U+6BDB 1277 1728 120 124 U+6B64 1249 784 134 107 U+305F 374 1385 69 105 U+6839 560 2319 153 135 U+899A 1274 1880 109 161 U+675F 1271 2057 109 149 U+8DB3 583 1798 115 117 U+3075 753 1924 137 110 U+7F6E 796 2426 103 148 U+3044 1257 2662 110 62 U+4F5C 1258 1626 163 106 U+306A 1279 2245 93 113 U+3054 1531 661 103 82 U+6B8B 567 2594 150 120 U+3057 635 1907 19 201 U+5C71 1028 1392 141 92 U+3076 1682 738 198 106 U+5E74 338 1893 127 159 U+3068 1309 2516 35 133 U+5176 569 808 93 124 U+3082 611 1675 62 103 U+308A 642 2707 37 102 U+3093 1964 914 139 137 U+308A 846 2031 41 126 U+306B 1032 1075 142 112 U+308B 383 1492 62 87 U+3055 360 2209 72 90 U+3075 1222 2728 168 88 U+307C 1504 780 148 151 U+6765 356 1667 113 206 U+304B 309 2625 162 52 U+3053 1983 811 63 98 U+3057 861 939 17 179 U+3078 774 2596 154 76 U+304B 547 1283 167 53 U+306F 1049 1207 81 38 U+3068 1089 2415 42 182 U+3078 317 2412 172 81 U+7A2E 1241 1022 166 163 U+3057 854 2650 18 159 U+307E 817 2156 56 103 U+6B21 1020 1003 156 92 U+3089 1796 849 28 121 U+304B 404 1608 32 46 U+304B 379 2298 34 93 U+5FC5 1012 1274 169 98 U+5176 594 2215 51 103 U+4E09 1258 910 141 97 seg_fp 1289 912 58 49,200021851_00025_1
U+5E72 1306 1315 135 167 U+3066 2011 1752 115 111 U+3066 1313 1504 117 107 U+3066 855 1099 109 101 U+7C89 399 1180 163 155 U+304F 1099 751 76 124 U+4E2D 831 1653 125 185 U+5E72 2004 1550 127 182 U+3042 412 2367 131 121 U+7A0B 1780 2015 145 130 U+306E 846 1857 133 117 U+306B 635 924 126 114 U+6D17 1080 1892 152 155 U+306E 428 1967 107 92 U+6F2C 842 2259 151 168 U+3044 1984 745 151 94 U+4E8C 1091 2203 122 73 U+306B 428 2250 120 91 U+304B 1775 1386 155 67 U+304D 2035 1178 87 164 U+307B 1808 2565 100 103 U+3059 1771 1805 127 123 U+7336 640 1753 135 143 U+3066 637 2780 114 95 U+6642 629 2441 139 109 U+3082 2059 812 42 135 U+7C89 409 2072 157 145 U+7528 663 2172 80 161 U+306E 2006 951 133 121 U+3073 1777 987 146 136 U+3066 1791 1461 103 112 U+3064 391 922 152 103 U+304D 433 990 90 165 U+3056 1345 958 108 116 U+3066 1783 2776 104 96 U+308A 1158 2743 45 136 U+5BD2 854 1485 107 162 U+3072 1092 977 140 123 U+3066 646 1297 100 110 U+306B 1112 2544 139 93 U+306B 1791 1707 142 92 U+5B50 439 2799 80 97 U+3042 1326 768 138 106 U+6625 850 2559 165 142 U+56F2 866 1240 125 147 U+6C34 850 1981 146 140 U+308A 1139 1744 45 142 U+3072 1084 2058 138 119 U+56F2 1552 903 131 139 U+307B 655 1041 103 110 U+7F6E 874 2439 104 110 U+306E 855 2685 187 138 U+4E09 1097 2355 129 99 U+56F2 1323 1640 138 149 U+5207 1754 2459 171 81 U+96D1 412 1640 136 149 U+5800 1041 1527 200 136 U+3075 1974 2041 162 114 U+308F 1770 751 143 104 U+304B 1376 887 39 62 U+306B 899 2141 44 85 U+3075 1298 1787 151 115 U+79CB 1080 1319 155 171 U+56F2 643 1431 137 137 U+306F 1089 913 106 59 U+306B 423 1363 115 97 U+304F 2008 1087 129 102 U+3075 1522 1035 148 101 U+56F2 2018 1900 128 144 U+3075 821 1375 162 114 U+306B 1836 2125 37 78 U+5E72 842 921 128 166 U+308B 1839 1917 51 82 U+306B 1785 2356 134 66 U+3075 604 1559 153 121 U+304D 1129 2641 73 106 U+7269 1785 1587 148 103 U+7D30 1779 2227 166 115 U+81FC 636 2574 133 89 U+30C4 1173 2304 55 45 U+305B 396 2542 126 96 U+7A40 411 1808 160 149 U+306F 668 1680 81 40 U+308B 679 2336 48 89 U+30C4 1175 2471 64 50 U+3088 689 1894 39 77 U+3057 709 1978 17 168 seg_fp 681 2675 30 98 U+3089 1827 855 46 130 U+56E3 400 2662 143 145 U+65E5 916 2787 53 88 U+3068 1143 1632 27 106 U+306F 422 2509 97 52 U+3057 513 1460 19 165 seg_fp 1849 2622 30 151 U+3057 707 1139 35 151,200021851_00026_2
U+5E74 2008 710 152 211 U+706B 637 829 141 165 U+8CAC 1796 1221 129 168 U+3031 1603 1323 80 251 U+5BF8 1092 1167 107 120 U+306E 1324 1254 139 123 U+306E 648 2226 112 115 U+306E 1332 2449 127 124 U+5BF8 1088 1778 125 100 U+4E03 1076 1681 158 69 U+306E 1559 720 142 139 U+3042 858 2760 141 123 U+6570 398 1661 147 153 U+3066 861 2621 123 107 U+3064 1533 2553 168 107 U+306B 2015 1038 150 109 U+3066 1804 1403 125 95 U+4E0A 867 1575 121 101 U+306B 682 999 50 103 U+3092 1314 2750 146 116 U+985E 1556 882 163 182 U+7BED 1097 2379 155 202 U+539A 1067 723 155 166 U+516D 1082 1562 145 80 U+5341 404 1819 122 115 U+306A 653 2644 135 116 U+3066 1081 2749 134 111 U+3080 866 732 150 108 U+3066 433 2405 105 92 U+3066 1789 727 112 112 U+306B 1570 1603 143 117 U+3093 1802 2521 154 147 U+306A 1346 1544 106 150 U+84B8 1086 2167 151 174 U+8089 1331 2612 116 122 U+3082 2051 1430 43 125 U+5E74 403 1960 153 217 U+4E09 1099 1066 124 88 U+308A 919 2190 61 166 U+3082 1353 725 71 120 U+91CE 1307 2087 173 215 U+3051 429 1414 116 157 U+307B 654 1119 129 105 U+3092 409 1298 141 97 U+306E 2001 1567 142 126 U+307B 1823 1973 109 121 U+706B 659 1615 117 136 U+7070 831 1728 154 162 U+304D 2028 1234 93 183 U+9577 1093 1326 105 113 U+3092 869 1264 163 112 U+5176 1349 876 71 107 U+306B 1806 2325 142 103 U+306B 409 755 131 103 U+68DA 592 1781 187 162 U+53D6 880 1423 100 122 U+306F 2033 2459 99 49 U+732A 1317 2296 164 139 U+6B21 2005 906 179 124 U+30B5 1169 1469 66 62 U+304D 2036 2295 72 143 U+3042 2004 1709 133 128 U+7D4C 400 2266 169 142 U+306C 840 2060 153 127 U+306F 1825 1782 95 45 U+3042 1556 1857 145 121 U+7E04 840 2373 186 140 U+307E 2057 2719 55 152 U+3044 1787 1686 152 69 U+4E00 1328 1428 125 22 U+3078 1998 2032 148 78 U+6881 655 2036 111 137 U+3064 408 869 124 146 U+305F 876 1044 100 112 U+8A71 1318 1103 161 129 U+3092 400 2164 162 84 U+5FC3 1549 2388 171 128 U+5909 427 2500 117 173 U+3059 391 2750 78 114 U+3044 2004 2523 129 66 U+306A 1812 972 120 109 U+307F 670 730 60 68 U+306A 1822 2662 88 120 U+3068 711 2727 47 137 U+3072 1562 2727 144 129 U+306B 1067 1915 171 111 U+305F 2024 2154 89 141 U+5207 1052 2052 184 85 U+304B 690 1320 41 58 U+3086 1560 2133 142 125 U+3078 1311 1819 165 68 U+3081 662 1489 112 101 U+308C 1570 1180 134 151 U+305F 1594 1986 80 125 U+3078 616 2521 176 93 U+305F 650 1388 100 99 U+5869 1777 1571 190 110 U+304B 694 2577 48 58 U+3092 845 1943 144 90 U+305F 2027 1839 85 164 U+4E16 1287 1011 174 95 U+3088 2072 1161 43 95 U+4E8C 1104 962 123 64 U+304B 1600 2657 46 58 U+306B 1141 2604 25 114 U+308B 454 996 67 113 U+304B 684 1959 38 41 U+304B 2062 2087 34 56 U+307E 1614 1011 42 150 U+3053 1835 2230 68 85 U+3075 1968 2611 180 123 U+308B 1365 1689 61 102 U+3068 1870 2778 44 91 U+3057 487 1107 23 212 U+306F 443 1594 79 33 U+308B 1613 2263 63 85 U+3082 1836 849 84 119 U+306F 1820 1524 89 38 U+3057 1403 1871 14 195 U+306B 907 2525 27 74 U+3082 1621 1718 54 131 U+30B5 1189 881 51 73 seg_fp 675 2364 40 131 U+3089 467 2671 51 119 U+308B 897 1170 68 94 U+3057 1875 1808 13 166 seg_fp 947 835 12 188 U+3057 1899 2398 16 165 U+3057 731 1165 15 172 U+3057 1899 2084 14 131 seg_fp 1899 1075 15 156,200021851_00028_2
U+65E5 1028 404 54 69 U+306E 1028 503 54 59 U+76EE 382 442 54 86 U+4EBA 850 571 103 96 U+3080 707 679 80 67 U+30CF 255 838 57 40 U+3067 101 587 67 81 U+51FA 375 568 73 64 U+5EA6 378 666 69 109 U+3081 1015 766 67 78 U+3058 1051 644 31 105 U+3057 617 652 16 137 U+306F 1027 580 47 67 U+3081 102 502 53 84 U+306A 873 779 65 74 U+3066 512 782 49 77 U+307F 862 696 76 82 U+305F 61 633 41 78 U+3075 692 574 85 79 U+3042 715 473 61 100 U+3057 508 692 68 88 U+304C 601 539 48 57 U+3078 239 772 82 47 U+3044 241 695 73 74 U+3093 562 598 100 57 U+3068 268 608 32 82 U+30CF 373 771 65 53 U+3044 52 713 70 59 U+3068 16 747 37 71 seg_fp 0 1002 35 90,200021853-00003_1
U+5510 958 1584 87 130 U+9999 128 447 101 147 U+3057 417 762 23 172 U+6C41 670 631 80 114 U+84EE 365 466 112 130 U+306A 1029 827 53 76 U+4E03 579 1441 108 90 U+3073 976 2067 75 74 U+306E 565 909 58 69 U+3080 584 1582 83 73 U+306E 145 609 69 60 U+3081 388 641 82 94 U+306A 981 1872 53 101 U+7269 131 677 100 84 U+306A 130 824 47 85 U+3051 669 541 73 81 U+3075 1123 2071 73 68 U+308D 842 1808 56 78 U+3046 860 1672 28 121 U+76BF 898 467 110 84 U+304F 891 1150 30 85 U+767D 202 821 59 82 U+716E 967 1729 84 132 U+3086 808 1121 61 57 U+7CF8 920 828 54 106 U+3059 983 1974 50 96 U+623F 289 1937 82 121 U+304D 1129 1837 50 79 U+3073 597 1754 66 75 U+8272 200 1429 99 107 U+3069 1133 1931 59 60 U+304B 685 462 40 80 U+305B 824 1595 81 73 U+3073 1024 997 58 71 U+8272 912 1430 101 113 U+3089 302 1739 56 102 U+725B 296 1844 72 89 U+3053 647 830 56 79 U+3046 576 801 30 93 U+7C89 546 983 87 89 U+3059 590 1666 70 90 U+3059 1029 925 41 74 U+304B 1115 1582 84 65 U+304F 400 1782 68 54 U+305B 549 741 76 57 U+3059 133 928 42 96 U+592A 396 1581 67 80 U+3046 123 1838 24 95 U+304E 979 1095 57 79 U+9BD6 1145 1030 88 109 U+3046 608 2036 28 76 U+3090 402 1909 60 89 U+3044 192 1586 72 54 U+3059 649 743 47 89 U+3059 807 934 72 93 U+3046 215 926 25 78 U+3073 123 1022 65 80 U+3084 583 1998 70 40 U+3057 666 907 19 150 U+3064 99 1579 72 92 U+305C 1120 1772 77 62 U+3051 496 1841 62 103 U+304C 893 1104 49 46 U+9F13 384 1675 83 91 U+308A 826 1027 29 89 U+3093 198 1774 77 75 U+304F 210 1969 34 76 U+3055 303 1592 51 74 U+308C 701 1586 48 87 U+305F 503 1744 43 98 U+3057 493 1584 66 89 U+3093 684 1670 80 74 U+3093 687 1853 78 73 U+304B 608 1839 32 51 U+308F 415 1837 31 72 U+3053 691 1768 66 82 U+3068 221 1638 26 71 U+3084 288 1673 79 65 U+306B 194 1854 69 69 U+3046 1150 1996 24 81 U+3074 592 1943 69 58 U+3055 1165 844 42 64 U+308A 204 1000 38 94 U+3053 568 662 43 55 U+3093 587 1885 79 56 U+3068 125 1671 26 70 U+3084 190 1922 72 51 U+3093 873 1017 80 82 U+3069 112 1767 56 66 U+3053 204 1726 44 51 U+3057 1182 911 14 95 U+3075 93 1959 77 69 U+3093 1124 1669 70 79 U+3057 995 1001 16 92 U+3046 928 946 26 68 seg_fp 524 1671 19 47 seg_fp 150 794 81 17 U+3067 874 965 54 55 U+304D 962 1186 86 107 seg_fp 1155 1641 23 55,200021853-00007_2
U+3032 841 1078 58 151 U+576A 125 440 114 127 U+91CD 1135 453 118 145 U+5B50 1195 1909 47 80 U+6C41 865 458 102 119 U+307E 1092 1568 59 85 U+306A 932 823 68 89 U+5927 455 1568 73 84 U+5E73 490 451 112 114 U+3044 1081 1854 70 48 U+967D 1134 805 119 146 U+308D 367 1720 48 76 U+3082 406 1012 40 74 U+4E03 1088 1425 104 84 U+30DF 914 2012 35 69 U+4E5D 314 1431 116 81 U+307E 72 1714 48 83 U+3060 1003 1798 52 76 U+3073 933 1019 63 80 U+3057 841 823 62 84 U+8338 453 1795 76 119 U+306E 218 1067 44 50 U+304A 991 1575 70 58 U+3051 701 1802 61 107 U+8272 690 1420 84 106 U+306E 807 2030 61 62 U+9752 148 811 50 102 U+3059 92 904 35 76 U+3042 286 810 54 68 U+82B1 250 1568 80 103 U+305C 1083 1750 79 74 U+3086 593 1568 74 70 U+308D 1104 1917 37 52 U+3068 159 1572 55 69 U+7389 1188 1803 70 76 U+3057 695 1568 72 95 U+3044 1174 1574 76 45 U+307E 147 917 43 73 U+30DF 816 2090 33 67 U+5927 57 1566 74 84 U+306A 592 818 41 78 U+5207 1175 1716 76 65 U+3084 454 811 69 68 U+3081 148 997 48 54 U+308B 918 1940 36 74 U+305D 851 909 45 80 U+3057 628 1703 17 131 U+3046 96 813 28 96 U+3059 940 931 41 93 U+304F 901 1879 58 60 U+304D 992 1946 45 95 U+3064 1084 1673 67 45 U+3057 803 1894 62 75 U+305D 813 1969 46 59 U+6885 345 1819 83 92 U+304D 908 1781 43 87 U+3075 791 1750 70 72 U+304D 163 1188 39 57 U+690E 447 1690 95 81 U+304C 45 1261 43 58 U+3068 1208 1623 26 70 U+306D 215 874 57 57 U+3064 214 966 54 39 U+3091 258 1691 58 89 U+3052 643 1122 54 117 U+305B 30 1125 51 55 U+3079 597 1638 80 49 U+3073 258 1782 65 82 U+3059 295 1113 37 68 U+304D 224 1004 37 56 U+3057 794 1574 72 86 U+3053 170 1658 41 56 U+3044 397 974 52 38 U+304D 218 809 43 61 U+304B 894 1567 76 64 U+304E 297 1184 49 59 U+3076 150 1735 66 80 U+307E 824 1036 54 60 U+3055 406 811 36 64 U+308F 537 892 30 85 U+3055 649 1029 34 56 U+3093 354 1626 83 72 U+3084 980 1890 75 58 U+3073 288 947 54 68 U+304B 82 1668 29 51 U+3058 181 1121 28 69 U+304B 230 932 25 34 U+3068 415 885 31 74 U+3044 218 1123 46 32 U+3046 49 1184 22 82 U+3053 831 986 34 49 U+3055 529 819 38 70 U+305A 88 1070 51 73 U+304B 376 1573 25 59 U+305F 712 1717 38 83 U+305C 896 1717 77 61 U+304D 470 892 34 72 U+3053 84 1891 42 56 U+3066 134 1231 25 80 U+308A 286 1246 37 69 U+3059 30 975 62 81 U+3093 644 859 72 54 U+3052 646 921 59 61 U+308F 299 880 25 64 U+3093 897 1633 81 67 U+8EAB 494 1218 94 90 U+3080 230 1223 44 50 U+3059 591 910 38 74 U+306F 298 1056 28 55 U+308A 475 1039 24 77 U+3093 988 1730 68 66 U+307C 73 1816 61 77 U+3044 644 824 52 35 U+3089 540 978 39 84 U+3066 201 1278 29 75 U+308A 554 1171 26 61 U+304B 1106 1719 28 43 U+3082 814 1657 49 90 U+3057 188 1812 19 104 U+3073 588 983 49 76 U+3082 232 1152 30 58 U+308A 49 1055 25 72 U+304D 543 1090 41 86 U+3093 646 980 57 41 U+306F 164 1063 29 58 U+308A 816 1821 38 78 U+304D 229 1268 33 51 U+3089 1008 1639 34 94 U+3050 458 974 60 65 U+304F 89 995 35 67 U+309D 660 1086 15 39 U+309D 731 1664 25 56 seg_fp 862 792 106 22 seg_fp 0 1902 48 59,200021853-00008_1
U+3032 760 2190 74 190 U+6C41 1037 1197 117 141 U+5C0F 540 1148 93 73 U+3081 527 2316 55 63 U+5E73 1034 1386 129 133 U+5207 716 1628 81 61 U+306E 408 2157 53 73 U+304D 892 1221 53 91 U+3044 78 743 90 50 U+306D 191 436 98 110 U+307E 557 1247 53 107 U+5927 912 613 73 94 U+3064 544 1353 80 135 U+83DC 540 1495 91 131 U+3084 876 1143 91 62 U+307B 399 1526 75 83 U+84B2 541 1859 89 124 U+304F 882 888 44 116 U+927E 535 2016 89 118 U+3084 70 1210 89 63 U+83DC 1038 944 116 191 U+6DF7 1036 1715 140 132 U+3042 558 421 65 98 U+3061 407 1940 62 100 U+306A 389 729 69 110 U+30DF 528 912 37 84 U+83CA 196 2064 72 127 U+306E 527 2249 46 47 U+304D 77 1291 83 79 U+308A 574 617 32 113 U+76BF 1030 1575 135 82 U+6625 179 1866 117 121 U+3080 503 719 83 74 U+308F 230 1156 41 100 U+306F 409 2243 52 72 U+5B63 1037 504 121 192 U+306E 841 1533 46 52 U+3073 213 1353 86 84 U+3055 412 2045 48 75 U+3081 866 2161 76 106 U+304D 517 800 45 98 U+3075 895 1505 74 70 U+7A42 208 1492 95 103 U+3082 218 658 60 107 U+65B0 859 1859 86 120 U+307B 903 417 79 94 U+3044 519 2194 64 44 U+96D1 1027 1908 138 146 U+3044 203 597 74 57 U+3075 68 1594 87 80 U+6C34 773 1146 67 107 U+30DF 752 514 32 82 U+3046 102 1465 27 108 U+3082 754 415 33 102 U+304B 386 1324 88 97 U+83DC 92 2217 86 137 U+56DB 1048 377 117 75 U+308F 873 2009 47 75 U+304F 820 850 29 78 U+3064 388 1429 78 75 U+60E3 1043 752 125 148 U+3046 919 1399 22 106 U+3055 564 518 46 99 U+3081 845 1593 50 56 U+3069 88 1387 75 70 U+304B 110 850 33 63 U+6C41 696 220 96 90 U+3076 777 1257 70 80 U+307B 413 516 56 89 U+304B 886 2086 30 59 U+304D 788 1345 41 69 U+3069 901 1331 73 67 U+3055 846 1393 36 70 U+6625 883 211 110 102 U+3055 526 2126 40 59 U+6D77 699 650 92 94 U+3053 929 720 36 57 U+307E 758 2092 61 85 U+3044 838 1471 55 41 U+3076 710 1428 81 71 U+304B 464 1153 32 61 U+304D 456 1214 41 94 U+3064 715 1381 61 41 U+82D4 703 786 75 99 U+3057 447 603 19 138 U+3053 764 2020 37 68 U+305F 807 639 57 61 U+3056 819 785 51 64 U+3059 883 852 28 63 U+3093 917 774 73 78 U+3046 884 768 31 84 U+3069 822 555 64 60 U+3093 810 702 70 71 U+3089 230 1248 58 109 U+3046 827 455 35 107 U+3057 961 503 16 108 U+306E 803 233 71 72 U+3031 752 1503 30 90,200021853-00012_1
U+65B0 274 437 89 129 U+306E 288 2246 64 60 U+306A 141 1873 60 98 U+5869 1027 433 103 104 U+74DC 667 1271 91 92 U+5927 276 2059 75 79 U+725B 285 572 67 92 U+7D30 601 1981 94 91 U+3046 125 1471 36 109 U+51AC 619 1374 65 98 U+307D 270 1370 84 82 U+5207 183 890 87 65 U+3082 297 1859 45 105 U+725B 975 2103 71 92 U+767D 669 1159 73 89 U+3069 690 442 76 68 U+3069 117 1605 77 67 U+3081 691 603 57 85 U+30DF 860 1631 38 69 U+3080 122 556 66 61 U+306E 1077 1363 60 74 U+623F 963 2213 86 116 U+3058 489 683 43 137 U+3070 910 1205 59 79 U+304D 585 1630 53 76 U+3051 868 812 69 113 U+3031 212 734 55 142 U+3088 703 1861 49 84 U+80E1 518 514 72 76 U+308B 483 823 36 76 U+3052 609 2216 92 88 U+9EBB 516 601 75 96 U+76AE 122 466 61 83 U+725B 963 1390 75 116 U+5C71 886 1874 72 57 U+3080 846 1442 77 70 U+307E 149 1974 40 80 U+623F 956 1548 79 133 U+3051 837 2333 59 77 U+30DF 300 1967 38 84 U+3066 61 2290 35 112 U+3073 480 1452 71 81 U+590F 691 233 91 102 U+623F 276 685 77 124 U+3080 63 2035 82 69 U+5207 455 2125 89 64 U+305D 81 699 48 93 U+3091 472 1352 68 99 U+306E 901 1345 52 61 U+3046 1101 1236 25 97 U+6839 270 2149 92 78 U+305F 268 1156 81 96 U+3059 514 2015 41 93 U+3068 1082 1160 59 77 U+53E3 983 2037 59 44 U+3065 864 722 82 88 U+82BD 105 1307 86 129 U+3064 189 618 67 53 U+308A 85 2194 29 94 U+8304 603 688 88 105 U+6C41 503 238 96 90 U+9BAD 1025 701 114 112 U+307E 703 1949 52 73 U+3044 611 2101 68 49 U+3044 1071 1441 68 57 U+308A 166 2056 26 82 U+3069 640 1609 43 58 U+304D 133 626 39 88 U+3082 634 1544 32 76 U+5F15 1032 578 85 98 U+304B 920 1284 28 59 U+3076 131 2152 72 69 U+3093 604 2301 91 68 U+74DC 622 1475 81 85 U+5B50 611 796 85 85 U+829D 523 1234 75 111 U+304D 704 2027 45 81 U+304D 862 1533 40 85 U+3044 830 2120 62 62 U+3089 86 788 40 81 U+3076 186 672 83 68 U+6728 972 1914 71 85 U+3086 891 2214 62 65 U+305C 893 2066 66 53 U+3064 833 2270 55 60 U+3093 268 1251 86 87 U+8C46 61 881 72 97 U+306F 516 1918 39 90 U+6912 879 1974 81 74 U+3093 610 2150 75 63 U+3046 913 2123 25 91 U+7CC0 893 616 109 89 U+7530 1075 1865 75 64 U+304C 707 534 52 68 U+3057 170 2218 19 120 U+3082 1086 1501 49 98 U+309D 303 1453 25 61 U+306B 1071 1969 62 71 U+8449 194 2277 78 118 U+308A 852 2184 27 87 U+3057 101 2101 15 95 U+3057 1111 2037 16 102 U+306E 612 254 62 62,200021853-00013_1
U+725B 867 1873 77 104 U+3044 466 1171 85 49 U+304B 712 1464 78 51 U+3050 270 1368 59 86 U+5927 922 1450 74 95 U+306E 459 613 87 86 U+306B 386 1632 46 71 U+306D 200 474 87 90 U+9ED2 814 1178 80 97 U+623F 1010 877 83 112 U+623F 857 1996 85 131 U+725B 1025 754 63 104 U+306B 965 2300 81 76 U+5730 440 1870 110 94 U+304E 367 1542 94 94 U+3080 874 685 83 76 U+5927 461 1976 74 85 U+3070 916 526 87 86 U+5442 1048 1273 53 97 U+98A8 1040 1157 88 89 U+307E 100 2190 54 85 U+3057 139 1601 63 65 U+3068 108 1226 41 54 U+8150 188 888 88 151 U+307E 273 1262 57 94 U+3081 777 641 64 103 U+3042 232 1929 71 95 U+306D 360 1442 90 109 U+3054 836 1293 61 64 U+5439 1024 1383 96 95 U+3076 213 2026 103 73 U+305B 651 2145 67 56 U+3053 676 557 72 86 U+307E 834 1368 45 75 U+307E 780 535 52 89 U+6839 906 1570 102 95 U+304D 473 788 53 100 U+304E 342 2147 86 104 U+3068 729 1300 49 63 U+308F 488 1244 41 90 U+3072 115 1537 57 69 U+3059 109 1444 63 93 U+3059 656 1937 82 99 U+3052 195 2177 100 70 U+308D 199 1456 97 89 U+3051 765 2264 77 81 U+3086 462 710 81 78 U+308F 360 2073 40 76 U+3093 1066 517 83 78 U+6839 445 2077 100 86 U+308A 681 2036 29 98 U+304B 939 620 32 56 U+304C 658 796 35 67 U+3046 737 1364 31 91 U+304E 216 589 63 78 U+304D 890 780 47 98 U+6E6F 319 673 85 109 U+7C89 158 1173 78 80 U+306B 1058 1860 72 79 U+3068 991 2199 35 66 U+3042 756 2019 82 89 U+3046 675 2205 26 92 U+3075 956 2111 75 88 U+8C46 282 797 67 110 U+304D 1073 433 61 85 U+716E 82 2301 83 124 U+3068 691 651 45 58 U+3055 478 450 52 95 U+304C 673 2314 55 53 U+3093 1059 2113 82 76 U+3089 748 1507 44 79 U+3046 106 2100 33 102 U+304D 481 1402 55 93 U+3057 729 1540 59 103 U+305F 140 1669 48 47 U+3089 255 2097 40 77 U+3057 643 913 72 95 U+307F 96 630 78 86 U+3046 701 710 23 95 U+308A 367 2243 38 98 U+3093 757 2105 86 79 U+30DF 902 878 31 75 U+3093 1051 1940 94 68 U+3058 1091 2019 35 92 U+3064 460 1344 87 67 U+3089 666 864 31 74 U+3046 125 1283 20 66 U+304B 772 2200 38 70 U+3054 789 462 58 66 U+30DF 659 1533 25 68 U+3074 1073 610 70 70 U+3057 52 1365 55 77 U+304B 81 1299 24 37 U+3089 92 1326 25 62 U+305D 630 1605 83 102 U+305D 116 716 49 85 seg_fp 1107 680 15 81 U+309D 498 543 25 55 U+3058 101 1667 115 90,200021853-00016_1
U+306E 1019 1425 69 77 U+65E5 902 1051 50 69 U+65B9 722 1211 100 123 U+30D0 890 1371 74 62 U+3092 1137 2064 78 88 U+8DE1 1120 1743 95 113 U+306E 729 1079 85 83 U+306E 574 1910 74 63 U+3092 574 2183 75 78 U+5341 883 944 88 72 U+306B 220 613 47 82 U+304F 1148 1022 41 127 U+4E09 567 1994 84 70 U+65E5 1149 508 45 76 U+53C8 191 384 110 100 U+3066 209 937 64 79 U+8272 580 2075 59 99 U+714E 719 651 97 150 U+676F 561 1661 100 90 U+30D0 1139 1360 75 60 U+56DB 577 664 79 57 U+306B 1012 2071 84 77 U+3059 1130 1163 84 101 U+3066 355 727 35 133 U+30CF 1139 1865 66 38 U+4EBA 323 1430 98 99 U+84CB 1127 1912 95 140 U+306E 215 1502 73 66 U+751F 1015 1179 69 99 U+53F3 561 1794 86 106 U+534A 576 1545 67 103 U+706B 203 489 87 117 U+304D 342 942 56 100 U+676F 565 763 98 92 U+4E09 452 877 85 78 U+306C 1006 1794 86 75 U+3051 204 810 81 120 U+3057 1161 1515 23 197 U+306B 333 1730 89 76 U+53E4 571 383 83 97 U+53F3 196 1356 94 125 U+706B 459 545 73 101 U+306E 453 1870 70 81 U+3079 1009 875 86 108 U+7528 1016 2171 66 108 U+308C 216 2184 62 132 U+3046 1033 1946 34 111 U+9162 564 1427 97 100 U+304B 1127 2166 96 79 U+307B 1136 620 71 91 U+676F 564 1248 95 88 U+4E94 880 841 91 70 U+70AD 448 382 86 131 U+9152 711 876 121 143 U+307E 335 1054 78 103 U+7269 1004 1308 94 93 U+5408 558 2270 107 101 U+306B 94 1083 56 94 U+3088 1146 1433 47 91 U+65E9 706 446 112 148 U+8FD4 198 1936 102 96 U+306A 94 1448 70 119 U+4E09 206 1843 78 71 U+3075 1001 769 91 95 U+4E00 573 1188 88 18 U+3079 878 603 86 45 U+3066 1007 520 69 78 U+305F 342 2024 54 96 U+755C 1007 640 82 131 U+304F 223 1699 42 115 U+305F 465 1569 46 99 U+6CB9 570 1062 96 89 U+304B 355 884 38 60 U+3059 222 2067 54 117 U+3075 446 986 82 90 U+91A4 567 916 87 117 U+3066 456 766 67 78 U+304B 1157 956 34 65 U+304D 463 1078 53 94 U+3082 1133 827 64 106 U+305D 462 1785 56 86 U+3070 220 2348 58 97 U+304A 458 2156 82 70 U+3066 890 1260 59 96 U+3051 87 945 73 114 U+3057 920 660 17 140 U+307B 460 1212 67 93 U+304D 96 497 53 108 U+308D 463 2245 63 89 U+5EFF 1140 379 79 76 U+3057 1055 1005 17 134 U+3066 451 1674 64 90 U+308B 347 2118 47 82 U+3060 339 1607 70 86 U+3042 886 383 71 113 U+306A 888 1452 79 103 U+308C 1128 1264 94 89 U+9152 570 530 94 86 U+3089 1035 1687 34 95 U+305F 879 1160 79 98 U+306A 888 1749 64 113 U+3055 344 1811 52 85 U+305B 558 2378 81 72 U+308B 900 501 45 81 U+3084 1001 1880 89 70 U+305F 1149 2245 52 96 U+306F 1018 1523 49 95 U+3081 336 1900 73 91 U+306A 91 1206 79 111 U+307E 462 1967 52 105 U+304F 1149 2339 38 105 U+308A 112 1573 32 121 U+3057 368 1257 24 157 U+306B 334 651 74 75 U+304D 329 2341 92 108 U+308A 118 713 32 107 U+308B 107 1323 45 98 U+3056 95 853 69 88 U+308A 906 1868 35 118 U+308B 905 1551 46 107 U+306B 210 1052 72 72 U+306B 474 669 34 93 U+3093 1002 2377 112 74 U+306B 458 1431 71 76 U+3078 448 1512 87 59 U+306F 347 1516 45 88 U+308F 349 1174 43 83 U+3069 1160 712 50 108 U+3068 355 2240 37 90 U+3088 97 377 48 114 U+3069 476 1307 53 95 U+3057 483 2320 14 137 U+3044 85 646 75 57 U+3044 1004 1623 89 66 U+3058 1041 2282 38 93 U+3057 370 475 21 132 U+304B 227 735 35 72 U+3086 199 1124 87 81 U+3057 1038 386 21 129 U+3057 243 1201 19 131 U+309D 919 1662 21 59 U+306F 345 375 45 102 U+309D 484 2071 27 59 seg_fp 778 1018 27 33,200021853-00019_2
U+306E 1020 777 60 65 U+3072 1090 1143 96 94 U+3082 1013 905 63 77 U+3064 492 541 76 87 U+3044 1012 857 70 47 U+5C71 1012 696 82 74 U+306A 333 2065 67 80 U+3052 495 2310 75 84 U+3082 684 2139 40 90 U+3066 905 800 37 107 U+304D 673 2294 51 96 U+8304 192 2140 86 112 U+3059 343 2152 42 90 U+304D 297 1554 51 107 U+3053 1117 618 45 73 U+3051 1002 1222 65 70 U+307E 110 2034 54 80 U+3082 925 1899 38 94 U+3059 289 1396 78 96 U+725B 964 1433 73 99 U+623F 950 1546 82 112 U+9C39 305 633 100 115 U+307E 989 2179 48 83 U+304F 714 1507 31 91 U+3042 326 1149 74 88 U+5B50 201 2266 76 93 U+8304 689 1857 87 107 U+3072 334 1308 63 74 U+5B50 710 1963 52 83 U+3073 705 630 73 84 U+3051 894 713 61 82 U+6C37 685 1150 89 96 U+307C 215 1257 81 79 U+3058 1135 2033 36 102 U+3088 1114 2152 45 77 U+3066 607 1630 31 102 U+306B 111 2137 70 69 U+3046 117 1931 36 106 U+7A42 691 768 91 104 U+306F 332 441 37 97 U+3072 593 1469 67 69 U+308D 872 2218 52 71 U+305F 1132 1479 57 65 U+3081 198 642 46 74 U+3042 488 2089 66 87 U+7D30 562 1923 82 104 U+3075 583 904 94 77 U+3073 102 1476 75 80 U+3066 1081 1625 32 104 U+3076 477 2177 92 68 U+3068 338 1868 56 73 U+3073 158 906 65 81 U+3042 262 747 64 84 U+3042 930 486 61 87 U+716E 259 900 75 118 U+3057 1097 1849 72 101 U+308F 713 438 44 105 U+91A4 103 1555 65 98 U+304A 853 2136 75 65 U+3053 1023 2133 45 47 U+304F 1100 414 74 77 U+308F 115 1317 33 77 U+3057 858 1295 61 84 U+677E 648 2066 94 80 U+3070 1111 1256 50 89 U+3093 906 1236 65 58 U+304B 206 577 32 68 U+3044 985 2329 62 57 U+307E 508 629 46 97 U+3069 697 2230 41 72 U+3069 198 521 54 54 U+305B 508 1548 41 41 U+5F15 570 2028 59 106 U+3093 1098 1948 86 85 U+3046 357 1947 23 102 U+304D 1125 1574 46 80 U+3055 916 1179 32 57 U+3051 469 1641 46 55 U+3057 1143 490 18 121 U+307F 528 1165 61 50 U+9EA9 489 815 87 98 U+3046 242 1334 21 97 U+3046 218 1492 26 100 U+308A 1022 1341 31 80 U+7D30 586 1380 79 82 U+3064 316 544 77 71 U+308A 1126 1343 28 103 U+304B 902 641 37 74 U+3068 608 753 41 60 U+304D 600 1546 41 79 U+3089 525 2239 32 68 U+3075 192 1409 69 85 U+306A 158 718 62 91 U+3065 1003 1280 72 64 U+3046 616 817 30 90 U+3084 589 599 81 54 U+308A 538 1215 44 60 U+3046 95 723 21 94 U+3093 690 1313 91 75 U+306B 695 1392 60 60 U+3084 988 2010 88 64 U+3093 931 570 82 59 U+3066 472 1696 46 50 U+3093 532 1274 64 43 U+304D 608 652 42 86 U+304B 477 1589 28 50 U+3057 888 2283 19 139 U+3064 999 2074 74 51 U+7C89 500 1424 53 69 U+30DF 517 728 24 73 U+3059 167 809 46 96 U+6CB9 109 1658 72 72 U+3062 920 2065 55 92 U+3088 865 1379 38 78 U+304C 91 828 42 51 U+3053 514 1506 31 32 U+3053 709 1250 33 68 U+305B 78 659 46 63 U+306F 86 580 30 77 U+3055 111 1394 40 73 U+3089 299 831 17 71 U+4ED5 465 1268 60 60 U+304C 1000 2271 55 55 U+7ACB 478 1330 50 58 U+309E 319 1488 40 66 U+3084 681 1451 78 59 U+3046 527 1593 16 62 U+3089 346 1239 53 72 U+30DF 929 1995 24 76 U+3089 718 544 44 96 U+309D 1166 1547 17 31,200021853-00022_2
U+3061 1151 1230 61 98 U+3044 1033 889 72 51 U+3084 215 1912 86 68 U+306E 922 583 56 78 U+3046 396 1120 33 100 U+4E5D 364 1935 72 71 U+3084 1132 409 94 79 U+306B 241 934 79 63 U+725B 229 1140 72 90 U+306A 383 1233 63 77 U+5207 300 1581 89 68 U+3051 639 2284 67 106 U+8C46 1017 1994 67 121 U+8D64 534 1182 77 116 U+9752 1010 1177 58 123 U+306E 530 2084 55 79 U+5C71 917 471 77 93 U+3052 760 500 83 91 U+4E09 370 1856 56 61 U+3060 1124 1947 81 84 U+8150 1002 2135 80 158 U+3042 760 399 66 101 U+3073 376 581 71 90 U+307E 1038 800 52 83 U+3053 1135 1128 81 91 U+3072 658 713 80 66 U+3073 312 2285 79 86 U+3044 648 1554 73 50 U+65E5 379 2015 39 55 U+3084 211 477 83 51 U+3080 641 1341 83 79 U+7C89 894 1315 85 89 U+3086 532 1964 62 67 U+3031 334 1425 51 143 U+304D 1153 502 43 106 U+306A 313 2069 77 94 U+3054 762 1402 60 61 U+3082 1096 1428 37 78 U+305F 589 588 46 79 U+305F 737 1854 78 100 U+677E 1115 1851 88 87 U+3084 660 779 78 48 U+305F 1102 1322 73 87 U+304E 750 2133 76 92 U+3072 625 2046 92 91 U+3042 359 396 90 99 U+3046 686 828 27 88 U+623F 219 1226 74 129 U+3046 918 1577 32 117 U+5B50 1144 2320 71 88 U+3057 577 435 70 94 U+3055 150 2037 40 87 U+3090 516 830 65 77 U+304D 1081 1587 79 90 U+3051 1140 2036 53 111 U+305F 314 664 41 62 U+3089 776 2039 30 85 U+3054 660 1473 58 60 U+3046 161 2342 35 104 U+304B 680 598 28 55 U+304D 232 534 48 73 U+3044 122 1342 57 66 U+3059 324 2184 46 97 U+7389 1134 2224 79 95 U+6728 185 1357 68 79 U+3046 129 832 29 89 U+76AE 529 2188 66 102 U+3082 666 1604 60 90 U+3089 264 867 40 69 U+307C 136 2241 93 101 U+308A 145 1407 27 99 U+53E3 193 1446 55 49 U+9EA9 749 601 91 99 U+308F 321 590 31 72 U+304E 385 1322 62 89 U+304D 235 1997 47 98 U+305C 1136 719 82 71 U+3044 537 1406 70 65 U+3069 184 548 49 65 U+306F 754 1126 52 101 U+3075 233 745 70 70 U+3051 592 672 50 73 U+3076 980 1381 92 84 U+3044 737 1959 75 81 U+305C 1024 665 93 59 U+3046 194 617 26 74 U+3050 224 2113 76 72 U+308A 251 2183 31 100 U+304F 512 690 66 51 U+3044 914 679 66 50 U+3051 127 1586 60 95 U+3075 170 702 65 58 U+3093 660 652 85 62 U+3044 585 530 67 59 U+3093 1033 721 80 69 U+3053 921 1430 34 62 U+3064 302 1333 68 55 U+3076 301 1391 78 70 U+308F 386 494 36 84 U+308F 526 745 44 82 U+305B 903 1496 66 74 U+67DA 897 2275 102 88 U+305F 637 2201 54 85 U+3068 317 737 32 65 U+3064 120 1525 58 63 U+306F 1156 612 34 101 U+304B 665 1427 31 46 U+307C 118 752 62 78 U+3089 1146 1410 33 80 U+3093 112 603 68 63 U+308B 159 2132 36 101 U+3082 933 729 52 106 U+304C 547 1338 56 64 U+3082 310 803 51 72 U+3089 764 1258 50 84 U+3053 1005 1305 32 66 U+3069 1111 1503 43 76 U+304F 239 814 72 54 U+3054 127 680 41 64 U+3057 129 518 18 84 U+309D 779 1342 25 38 U+3089 661 2137 39 74 seg_fp 770 1222 24 48,200021853-00023_2
U+51AC 1120 1862 81 130 U+304B 194 522 96 61 U+3052 1017 2297 83 97 U+725B 583 483 70 95 U+524D 320 2007 95 100 U+307E 221 581 44 86 U+5C0F 938 1170 61 58 U+5E72 323 2126 80 77 U+306E 530 1209 60 76 U+3061 366 688 54 92 U+3044 1016 446 50 47 U+3089 374 1279 45 96 U+8D8A 317 1882 101 109 U+3075 960 620 70 63 U+623F 634 2040 79 129 U+3080 668 692 76 68 U+5927 201 2240 78 86 U+3062 128 882 66 89 U+3081 1138 1469 55 74 U+3069 971 495 55 52 U+725B 645 1936 65 91 U+6E6F 736 1142 95 112 U+308D 318 1437 58 81 U+5927 583 1581 61 73 U+623F 575 598 76 120 U+3076 347 1201 80 67 U+3051 940 1396 54 95 U+6839 192 2349 101 94 U+3076 998 2136 102 76 U+3060 332 2227 84 82 U+3075 308 1535 67 72 U+304B 120 1490 31 64 U+306E 901 744 51 59 U+690E 927 1243 78 75 U+3046 377 487 26 107 U+306B 646 2373 88 74 U+3042 1013 2036 74 99 U+53F0 1129 1235 72 125 U+4ED9 1124 1150 81 74 U+307E 1135 1375 48 82 U+305F 352 607 70 85 U+3075 641 2202 72 85 U+307C 180 687 81 82 U+3089 1038 2212 42 79 U+83DC 1116 2023 77 130 U+305F 945 1326 38 69 U+304F 1119 881 30 78 U+3044 911 1959 67 72 U+304C 529 787 46 58 U+304B 370 1138 30 67 U+3059 103 772 86 119 U+5730 191 2133 96 84 U+6C37 1016 1306 78 88 U+308B 757 509 46 84 U+6839 576 1661 83 76 U+304D 320 1608 49 85 U+305F 1106 684 57 66 U+8150 729 1394 93 147 U+306A 914 2143 57 101 U+3051 531 2333 72 101 U+307F 663 871 76 98 U+305A 547 2121 56 111 U+3068 515 625 45 66 U+3075 160 1904 56 74 U+3068 358 419 52 65 U+3046 987 549 20 70 U+306B 745 1871 65 77 U+308A 595 1899 25 70 U+3075 298 1343 73 94 U+8C46 751 1274 62 105 U+3084 1012 1585 80 57 U+3053 331 2311 79 86 U+306B 1139 423 59 68 U+3046 954 1580 21 76 U+307E 211 1283 61 76 U+304F 1046 1639 30 77 U+30DF 910 804 36 59 U+304D 1021 750 42 70 U+3042 897 592 52 85 U+306B 1028 1525 60 57 U+3056 1119 821 56 61 U+304F 532 2046 66 74 U+3046 151 1403 25 99 U+3055 129 2020 38 61 U+304D 685 778 44 83 U+3057 108 1589 94 108 U+3068 131 1324 51 76 U+83DC 289 795 104 134 U+308A 942 2032 32 98 U+308A 551 1280 26 94 U+3046 770 683 21 86 U+3046 535 1910 24 72 U+305B 516 1834 56 72 U+3058 499 1558 36 153 U+305D 219 1479 49 99 U+3093 1109 748 68 60 U+306A 652 1233 48 63 U+3057 522 1436 57 80 U+305B 933 1530 49 47 U+3054 220 1214 64 65 U+3093 1141 612 67 60 U+3046 535 694 22 85 U+307C 753 613 63 71 U+3093 1021 1455 90 71 U+308D 649 1506 47 69 U+304B 546 2257 34 78 U+3057 511 874 64 91 U+305F 531 1516 34 62 U+3093 1142 493 69 62 U+308A 1035 493 24 69 U+306F 657 1161 29 67 U+308A 188 1977 24 72 U+3055 907 675 36 66 U+304A 638 1438 65 57 U+3053 1039 1406 34 54 U+3089 1036 884 34 64 U+3053 198 767 48 60 U+3093 736 2103 85 71 U+3052 961 905 60 84 U+3055 751 418 48 90 U+3093 110 2079 87 63 U+3064 607 1316 58 45 U+30DF 225 1388 33 90 U+304B 625 1270 24 48 U+3093 739 1940 92 75 U+304C 506 1973 29 45 U+3068 674 2286 32 82 U+3089 537 847 30 73 U+3058 771 2007 41 98 U+307B 618 1361 49 55 U+3089 133 1556 33 75 U+304C 906 1647 43 62 U+3057 662 1571 14 88 U+3058 1165 540 37 79 U+304F 1002 826 67 56 U+3059 581 1816 47 83 U+3088 104 2256 40 78 U+3057 118 2160 12 92,200021853-00024_2
U+304B 487 386 88 59 U+5E72 505 918 67 87 U+5C0F 474 1995 83 79 U+308F 368 2350 51 78 U+306A 348 623 71 103 U+7AF9 1075 388 84 107 U+3044 476 2128 68 52 U+3072 193 386 93 83 U+306C 804 541 69 61 U+306E 1107 1656 53 61 U+3059 630 494 65 76 U+3064 499 463 63 104 U+3072 786 914 83 76 U+5165 1015 1827 100 60 U+7389 174 2233 74 84 U+304A 193 1995 81 60 U+304D 500 1527 43 90 U+3082 486 2184 52 102 U+6C34 347 962 59 103 U+306E 931 2227 49 62 U+3075 201 484 64 76 U+3073 369 1809 74 82 U+5165 42 1124 101 78 U+307B 814 377 61 83 U+3050 220 565 41 89 U+3057 196 1452 73 106 U+3073 999 1301 69 73 U+304D 767 1253 47 95 U+3081 202 929 63 78 U+304F 383 2234 33 85 U+5C0F 1074 913 83 77 U+3075 688 2370 72 69 U+3051 158 1257 70 106 U+3061 370 2140 64 93 U+304C 213 1118 50 55 U+304B 698 1582 33 63 U+8C46 744 1673 58 108 U+307E 58 580 45 79 U+306D 809 458 63 80 U+3058 236 1631 35 121 U+305F 167 1154 46 102 U+3093 636 1704 67 74 U+306E 1091 522 57 67 U+306A 998 1117 75 96 U+306A 371 1622 76 92 U+3064 1035 1716 71 44 U+308F 688 1509 37 74 U+304D 124 721 82 96 U+3051 163 1769 63 117 U+308A 1012 553 26 101 U+8150 731 1785 77 131 U+3080 1010 2188 79 74 U+307B 1070 679 60 72 U+3059 370 729 41 90 U+306A 963 1678 41 82 U+305C 477 1720 78 68 U+3081 106 2045 56 76 U+3064 94 988 80 46 U+305A 674 2079 49 70 U+3081 200 1558 63 79 U+3073 938 1587 62 63 U+3061 432 556 50 96 U+307C 797 1455 90 97 U+3042 1088 1018 59 95 U+30DF 1060 1761 28 58 U+8C46 432 1197 54 89 U+3081 53 675 57 68 U+3084 490 1453 78 68 U+305F 778 1140 41 78 U+308C 74 1169 49 98 U+5B50 178 2343 53 71 U+3093 1092 1582 80 70 U+305C 734 704 73 51 U+305F 944 983 39 85 U+3089 829 1553 38 81 U+304B 938 2288 29 65 U+3089 942 2351 36 77 U+3075 694 412 67 65 U+308A 655 567 26 76 U+306F 502 1639 36 77 U+305F 171 1664 41 91 U+3059 998 464 40 90 U+3046 221 1007 26 101 U+308A 819 1086 29 88 U+3059 364 1717 78 97 U+3091 934 1516 59 75 U+76AE 630 2147 57 80 U+3046 717 2258 23 99 U+8150 420 1290 77 107 U+3056 806 2146 59 81 U+3088 647 787 37 61 U+3059 1006 1214 47 87 U+3075 123 620 72 97 U+307B 506 577 61 73 U+3057 637 723 51 64 U+3051 796 2233 63 104 U+3046 128 2119 21 93 U+3057 638 1792 55 63 U+3073 927 1843 62 59 U+3086 664 2013 55 63 U+3067 935 1071 55 81 U+829D 995 1458 70 109 U+3064 795 2089 66 59 U+3046 665 1267 29 93 U+3053 1118 1719 37 50 U+3073 51 1788 68 80 U+3068 711 2190 42 62 U+306F 1111 1982 34 84 U+3059 967 1762 32 76 U+3046 761 757 25 65 U+305D 98 441 35 79 U+3089 532 1110 34 83 U+5B50 1105 589 38 64 U+3046 444 463 27 98 U+304D 93 1591 45 87 U+3046 978 2081 21 84 U+304C 119 2223 45 52 U+305F 40 2233 61 87 U+306F 811 1994 37 89 U+307C 652 1185 75 84 U+3060 506 1021 87 87 U+3062 1084 1112 66 97 U+3069 750 624 55 61 U+3091 44 1696 63 90 U+3055 651 1647 36 61 U+3088 647 1856 39 62 U+3070 802 1005 47 78 U+3057 234 2144 15 114 U+3068 221 2069 28 78 U+3046 1120 1440 28 81 U+3075 912 2152 74 64 U+3089 109 524 32 76 U+3068 968 2011 39 66 U+3089 1110 2070 45 106 U+3076 345 1089 68 79 U+3084 422 1053 73 54 U+5C71 640 663 60 47 U+308F 443 648 30 74 U+306F 717 988 34 85 U+304D 816 603 39 81 U+3051 45 2331 64 89 U+304D 438 1107 44 80 U+304D 707 476 44 69 U+3054 1023 2345 50 59 U+308A 722 1072 33 95 U+3055 95 1517 39 70 U+304D 353 1163 38 87 U+3054 660 1103 58 71 U+8EAB 924 656 75 106 U+304B 1029 2290 31 47 U+30DF 122 1035 28 69 U+3069 1113 1536 37 50 U+3054 1104 2216 54 52 seg_fp 800 1217 17 33 seg_fp 1130 2168 14 22 seg_fp 129 1085 21 22,200021853-00030_1
U+306E 402 528 68 80 U+521D 201 1289 108 107 U+9CE5 386 1917 73 120 U+8338 64 706 91 158 U+5927 103 1877 81 94 U+5C0F 986 1091 93 81 U+3070 926 1541 62 83 U+4E09 787 1139 86 80 U+521D 682 1806 88 101 U+5C0F 430 1824 96 83 U+9BAD 374 375 113 122 U+3051 220 1514 78 122 U+9BDB 978 1234 101 113 U+3058 299 2045 43 150 U+5E72 88 1168 79 102 U+3054 786 2224 62 58 U+9BD6 969 592 121 123 U+307E 175 486 45 98 U+3073 630 2243 76 91 U+3080 395 1331 90 77 U+3059 299 704 51 104 U+86AB 381 1104 134 110 U+3060 820 710 105 80 U+307B 1036 1958 63 95 U+3070 802 1302 59 87 U+307C 771 2277 81 84 U+3051 697 1998 64 97 U+3046 308 604 35 102 U+304C 671 810 57 63 U+305B 902 1368 85 63 U+6839 99 1992 93 92 U+3059 728 439 57 99 U+3080 985 369 104 86 U+3093 910 1429 98 93 U+8EAB 267 813 95 114 U+845B 820 554 78 153 U+3054 416 1476 62 80 U+3064 155 611 78 123 U+76AE 767 2129 76 96 U+3046 672 689 41 119 U+307E 832 790 63 74 U+304B 424 1421 37 59 U+3051 213 2237 78 119 U+308D 704 1385 66 73 U+304F 30 2328 43 86 U+305B 648 617 79 70 U+3057 254 1871 76 98 U+308A 745 541 28 101 U+308A 669 1521 39 116 U+3060 223 1408 87 99 U+3076 33 1369 107 85 U+3089 471 2241 54 104 U+304F 818 1848 81 72 U+305E 706 1293 67 88 U+3090 831 2026 64 88 U+305F 220 2126 54 106 U+308A 843 861 40 92 U+30C4 825 1240 34 34 U+3060 706 1911 65 82 U+3064 929 2085 85 108 U+304F 646 1455 77 70 U+3064 1018 1885 80 77 U+306F 469 2145 46 98 U+305F 52 2089 66 82 seg_fp 70 1302 31 62 U+308F 646 2080 30 81 U+3044 938 2255 63 69 U+308F 849 1924 35 93 U+306E 945 1989 61 86 U+3093 51 2163 90 82 U+3081 266 1968 59 82 U+79CB 1009 151 126 95 U+3056 26 2256 72 76 U+304B 1051 1811 31 67 U+3055 629 2167 55 81 U+3057 1044 448 14 133 U+3054 393 2325 71 80 U+307A 932 2194 86 53 U+3046 741 2301 27 93 U+309E 468 2344 40 44,200021853-00032_1
U+306B 963 1647 56 84 U+3031 549 816 71 189 U+3061 685 2116 72 107 U+3092 1230 1744 70 91 U+3066 555 463 39 138 U+8584 1227 831 78 138 U+308C 545 336 62 114 U+306E 539 2246 77 68 U+306B 394 2120 85 69 U+62BC 1079 1615 103 112 U+306E 955 1309 78 79 U+3092 1234 714 72 95 U+3066 537 1245 61 74 U+306E 1233 478 68 76 U+304F 1249 977 37 122 U+306B 390 652 92 77 U+767D 1234 2127 66 92 U+3066 1245 2004 40 108 U+3059 964 897 54 109 U+30CF 815 891 79 51 U+5E96 83 729 165 158 U+3079 527 620 114 122 U+304F 1109 1458 32 119 U+3051 1102 1829 74 106 U+53E3 960 1045 76 67 U+6CA2 1082 483 91 106 U+751F 527 1977 98 103 U+521D 95 1078 147 124 U+307E 407 723 51 97 U+306E 956 2373 81 67 U+5E2D 78 525 145 172 U+306B 413 1306 44 79 U+3092 1096 346 66 103 U+65B9 528 2343 91 102 U+30CF 822 2105 70 44 U+53C8 932 2081 113 97 U+9262 387 1172 92 119 U+3061 814 755 71 112 U+67DA 522 2107 106 108 U+308C 683 1699 74 117 U+3065 678 2318 102 147 U+3084 394 2221 96 84 U+4E0A 394 2003 87 91 U+51FA 957 789 89 90 U+3055 682 341 59 94 U+304D 404 2309 71 139 U+305A 533 1846 93 112 U+306C 1227 1865 78 77 U+304B 413 567 35 59 U+3082 814 1374 71 103 U+7802 1221 2235 87 88 U+3066 393 1655 70 83 U+5999 940 1757 112 102 U+304D 818 486 55 115 U+3082 410 1418 45 116 U+3069 695 1836 72 97 U+5B50 964 2276 60 81 U+3082 685 1484 61 96 U+3046 695 560 33 141 U+82E6 802 333 87 145 U+5373 90 347 137 147 U+305F 688 2018 57 85 U+304B 809 956 95 81 U+3064 667 1184 90 78 U+53D6 940 1146 102 113 U+7A2E 1214 1612 97 107 U+3066 695 802 42 147 U+3057 290 1503 22 181 U+3093 811 2358 102 95 U+5C71 1089 617 83 76 U+3066 968 619 42 136 U+3064 1092 737 84 104 U+7A2E 940 1497 96 108 U+3042 819 1812 77 104 U+304F 834 1035 35 104 U+3072 819 2005 79 89 U+3057 293 779 18 145 U+3057 1089 1123 81 105 U+5869 231 335 116 113 U+4E01 99 926 131 121 U+3092 248 460 98 114 U+7DE8 104 1230 147 135 U+308B 406 448 53 97 U+304B 698 1945 46 77 U+3064 1093 1760 74 63 U+7CD6 1221 2339 95 116 U+3079 254 1392 95 114 U+306B 673 720 85 76 U+716E 665 982 103 179 U+67D1 946 2175 104 96 U+3057 844 1597 24 170 U+3059 822 1174 60 105 U+306B 1097 2379 83 65 U+306A 961 1866 62 102 U+308C 381 916 96 111 U+308A 416 1856 35 123 U+308D 536 1446 76 88 U+67DA 1221 572 106 107 U+3042 665 1609 99 93 U+3057 569 1523 15 141 U+3082 967 349 48 128 U+3070 1107 1235 60 107 U+3066 1247 1447 35 140 U+751F 1215 347 100 98 U+3055 407 839 43 73 U+3044 1222 1946 89 58 U+3081 682 1267 73 99 U+3068 548 1029 56 72 U+4E00 945 1430 91 19 U+304F 675 2249 86 69 U+304D 1104 2020 56 99 U+3066 1099 1006 62 87 U+3046 1122 2148 34 89 U+304F 283 1244 31 127 U+308B 828 1281 46 89 U+3075 244 941 95 102 U+3088 409 1755 45 103 U+304B 556 1685 43 57 U+3057 580 1105 23 129 U+308A 825 2252 60 104 U+3088 833 1505 46 96 U+308A 987 1972 32 104 U+306F 398 339 48 106 U+3068 680 464 67 84 U+3064 1084 2239 99 70 U+304B 255 1159 96 87 U+304A 1103 1948 76 74 U+308B 698 1368 44 112 U+3051 1105 845 64 156 U+308B 838 1919 41 86 U+307F 809 2168 92 81 U+3088 553 1329 40 108 U+308A 424 1030 33 109 U+308A 419 1536 38 124 U+308A 971 477 38 144 U+306F 1246 1131 38 108 U+308A 277 1035 45 115 U+3084 1214 1244 95 83 U+7D42 155 1400 100 107 U+3089 1130 1347 22 101 U+3046 828 632 37 130 U+3068 563 744 37 97 U+308F 1111 2288 45 88 U+3089 547 1746 42 112 U+3057 1265 1319 18 131 U+3053 274 673 54 83 U+3059 272 571 69 101,200021853-00037_2
U+98DF 271 1816 116 118 U+5916 269 1946 114 101 U+66F8 1100 2309 58 73 U+4EBA 822 2015 133 96 U+53F2 281 2050 108 95 U+6599 712 351 116 131 U+306E 442 1107 50 55 U+6599 135 354 206 219 U+4E07 1098 2062 56 74 U+6238 1091 2151 60 96 U+884C 843 482 99 125 U+98A8 838 1676 111 99 U+5C71 844 1934 85 73 U+597D 266 1726 117 82 U+306F 748 1007 163 171 U+308D 761 812 138 191 U+306B 1101 2413 72 59 U+9580 1087 1967 71 80 U+732E 130 870 236 218 U+5EAB 153 1418 185 255 U+304F 620 2394 26 88 U+7F85 841 1785 96 134 U+6B64 1098 2246 61 57 U+306E 1195 2144 54 64 U+306E 621 696 50 53 U+6D41 845 354 112 108 U+8003 1083 344 70 108 U+5BD2 1187 2220 61 108 U+306A 534 2160 49 77 U+7ACB 181 1159 138 206 U+591A 1091 920 61 125 U+3066 525 786 49 54 U+5FC3 522 1088 67 67 U+5343 1098 1868 59 77 U+6642 994 673 69 79 U+9055 992 1295 79 98 U+7406 711 503 102 110 U+66F8 527 2087 59 67 U+306B 539 1816 40 53 U+306A 526 1450 59 61 U+3066 1105 507 26 104 U+8457 281 2149 102 136 seg_fp 1250 510 72 81 U+7F6E 532 1881 53 87 U+5E96 724 1198 207 217 U+4EBA 517 1328 80 81 U+3092 1189 2412 69 64 U+3042 448 1971 54 86 U+518A 719 2143 99 103 U+5E74 1184 2001 65 125 U+306A 1094 1652 54 92 U+306E 1000 1114 62 78 U+3079 521 745 67 43 U+6696 1188 2334 69 78 U+5143 530 1735 63 72 U+3092 439 1497 62 78 U+3065 1179 905 65 68 U+30CF 1003 767 52 42 U+65B9 435 995 56 93 U+3067 611 1578 72 64 U+307E 1181 820 51 89 U+3064 445 2059 55 102 U+3081 453 2170 51 63 U+304F 1114 1043 21 80 U+6599 515 848 75 89 U+3059 522 674 65 79 U+3042 1186 1489 59 86 U+305F 615 756 59 53 U+3066 1000 429 49 66 seg_fp 1270 1055 41 72 U+308C 1179 1745 77 75 U+307E 1189 544 44 77 U+8457 831 2095 105 132 U+5168 716 1945 97 85 U+4ECD 990 337 72 96 U+4E8B 1010 1591 44 125 U+7406 139 626 199 169 U+306B 447 1896 55 54 U+308A 465 2319 31 101 U+308A 1112 1747 26 95 U+306B 619 1313 39 52 U+304D 1187 635 44 79 U+3092 524 1019 57 62 U+76F8 996 1205 67 76 U+304D 620 820 42 74 U+3081 442 616 45 50 U+5DEE 1184 1256 58 130 U+30D0 1099 857 55 52 U+304B 537 1395 31 55 U+305A 525 1562 64 79 U+3055 1188 1673 41 74 U+308C 1088 777 68 77 U+308B 1007 596 39 70 U+306E 1184 1167 56 71 U+305F 454 2236 44 77 U+3042 998 1417 63 84 U+308B 544 1263 29 63 seg_fp 1259 423 52 75 U+7406 518 945 68 69 U+305F 527 526 44 63 U+3078 1085 470 68 32 U+5E38 610 344 62 98 U+624B 534 1629 43 97 seg_fp 1252 358 56 62 U+308B 1108 1425 38 77 U+640D 1070 1144 89 97 U+308A 543 2240 31 72 U+304B 605 1032 71 52 U+3055 453 1753 38 68 U+308A 540 590 27 85 U+305F 439 1596 60 66 U+3057 518 343 59 88 U+3060 449 1340 52 77 U+3042 1093 1337 60 87 seg_fp 1268 592 32 58 U+3059 1004 516 44 81 U+304C 538 1150 45 55 U+5931 1089 1243 65 88 U+304D 438 815 51 74 U+3046 1194 456 27 96 U+4E0A 438 908 56 67 U+3093 613 2031 67 53 seg_fp 1255 964 68 92 U+3051 528 1202 53 63 U+98EF 607 615 75 79 U+30CF 437 577 55 40 seg_fp 1259 672 56 54 U+308B 624 1458 38 57 U+30D0 1191 1827 57 49 U+308A 1202 1571 30 83 seg_fp 1271 1992 50 51 U+3066 447 1424 43 66 U+305B 1088 638 56 57 U+6C5F 427 352 71 71 seg_fp 1266 1136 51 114 U+3044 744 666 166 108 U+3065 431 661 64 48 U+81F3 613 1377 64 82 U+8FD1 152 2059 106 101 U+3089 1005 1012 55 95 U+3068 1190 358 32 79 U+304D 1193 987 39 82 U+3093 444 1820 62 64 U+306A 995 1715 67 76 U+5176 617 1658 46 72 U+304F 460 1658 30 73 U+307E 618 1528 41 60 U+305D 1007 823 42 86 U+5225 1176 1393 74 92 U+3068 1204 1088 26 70 U+3079 528 1973 65 31 U+3053 438 1178 64 81 U+3057 1033 1781 18 139 U+3052 622 1978 53 56 U+308B 1010 1500 40 66 U+3057 607 1224 60 75 U+308C 995 914 60 86 U+308F 627 1082 29 68 U+3093 434 1256 71 69 U+3057 637 2290 24 113 U+304D 534 2005 38 76 U+3068 1202 718 35 89 U+4E14 528 2318 49 59 seg_fp 1292 2403 31 66 seg_fp 1258 734 64 38 seg_fp 1272 1839 40 68 U+91CF 611 1830 62 97 U+308A 628 1150 28 73 U+304F 612 2182 52 47 U+3092 618 2096 46 68 seg_fp 1288 2048 33 61 seg_fp 1269 776 48 83 seg_fp 1292 2189 30 68 U+4E00 719 2082 88 15 seg_fp 1289 2328 35 73 U+3056 1098 703 55 73 U+53C8 522 2414 70 70 U+3066 437 520 45 54 U+304B 631 1938 27 46 seg_fp 1271 1256 53 66 U+5206 626 1738 35 84 seg_fp 1277 2116 47 74 U+3089 551 1509 37 62 U+3057 440 723 57 78 U+304B 625 503 27 45 U+308F 617 2231 44 59 U+3057 512 438 74 91 seg_fp 1285 2256 36 51 U+523B 147 2176 107 125 seg_fp 1282 860 25 81 seg_fp 1287 1754 21 66 U+3089 632 552 32 55 seg_fp 1290 1906 21 83 U+6238 432 417 46 76 seg_fp 1266 1680 56 71 U+3005 629 451 20 43 U+5176 1185 1905 54 89 U+4E01 729 1435 158 180 seg_fp 1292 1536 14 100 seg_fp 1267 1437 56 82 U+30CB 459 482 20 37 seg_fp 1108 1546 43 88 U+3046 630 941 26 78 U+3084 608 906 64 32 U+3089 459 706 34 53 seg_fp 1105 1522 35 29,200021853-00039_2
U+3066 1860 1063 101 95 U+306B 239 1349 73 105 U+306E 217 1095 112 120 U+3066 644 1821 104 96 U+306E 1672 2702 74 104 U+3066 1471 1474 89 98 U+3059 1875 746 63 139 U+7AF9 205 647 102 218 U+69D8 218 1220 118 105 U+308A 1881 881 49 163 U+306A 1489 205 88 142 U+662F 235 1662 98 159 U+5176 1680 1338 74 125 U+3059 1676 815 70 152 U+7AF9 1176 484 133 324 U+52A9 660 2103 127 126 seg_fp 824 247 128 169 U+3092 1656 658 131 155 U+306B 848 708 66 147 U+84EE 1642 188 130 181 U+6271 1139 1128 147 163 U+3042 1469 2039 124 167 U+30CF 988 483 97 45 U+84EE 1842 534 142 180 U+7528 1875 1187 71 121 U+3086 815 1581 110 133 U+3082 1690 1786 65 133 U+3066 980 974 93 114 U+3059 650 1463 87 173 U+3066 1683 1227 81 88 U+307E 1483 1031 101 158 U+308A 686 1639 49 179 U+6CB9 1474 1591 129 166 U+5165 1480 498 131 83 U+3051 1503 2205 66 183 U+5B50 1188 954 107 165 U+308F 695 2487 68 135 U+3072 350 2093 140 158 U+5165 508 679 159 86 U+308C 375 1025 100 220 U+3075 983 671 109 156 U+3092 372 1275 117 144 U+3075 995 821 114 141 U+3066 1474 1920 103 87 U+5B50 226 982 108 122 U+306A 232 1468 104 99 U+4E45 665 1947 123 158 U+305D 1677 2408 70 148 U+828B 826 420 112 251 U+306E 1673 2565 102 107 U+3053 1670 1940 117 140 U+3066 240 2564 66 99 U+5B50 239 2163 95 111 U+4F55 685 257 109 203 U+3093 1658 529 132 137 U+5C71 975 1758 133 184 U+3069 1506 352 83 106 U+306E 1183 846 74 113 U+3053 1668 373 81 163 U+306B 993 2346 83 185 U+4E8B 1854 1436 103 341 U+3066 805 2074 96 118 U+3067 362 524 122 150 U+308A 715 605 57 158 U+304B 471 1764 120 101 U+306B 255 2486 45 77 U+4F55 1322 236 107 205 U+3066 967 2550 110 115 U+7AF9 239 1930 88 144 U+5165 659 2382 143 110 U+3059 509 1256 93 167 U+30DF 1676 2823 74 95 U+3078 1662 1710 147 76 U+3066 836 856 74 121 U+305D 358 819 118 187 U+3092 677 2256 107 123 U+3031 548 917 74 326 U+306E 229 889 52 82 U+3092 1471 866 136 148 U+4E2D 1680 1469 98 226 U+306B 1484 1769 65 146 seg_fp 997 2193 116 152 U+3068 1012 548 41 112 U+307B 540 275 109 123 U+308B 1499 1188 61 124 U+3059 223 289 86 178 U+3061 1675 2222 96 175 U+306B 1343 452 61 189 U+3079 217 479 127 169 U+308B 243 1561 68 82 U+7528 1340 649 78 170 U+662F 1479 604 94 148 U+3055 699 2627 86 167 U+3031 681 1135 77 343 U+306A 690 461 74 142 U+306B 814 1865 86 188 U+308B 1872 1312 66 140 U+3044 989 2078 113 104 U+3092 227 1836 132 97 U+3058 412 1621 63 245 U+3088 548 755 78 145 U+308A 839 1722 61 151 U+306E 504 2558 89 97 U+65B9 1165 1304 103 191 U+3082 821 990 82 160 seg_fp 2011 2761 66 50 U+307E 353 2277 103 181 U+3066 485 1612 116 124 U+307F 493 1934 132 123 U+3092 538 527 144 134 U+662F 984 246 115 210 U+3079 1480 2425 142 67 U+5207 226 2284 95 93 U+306E 999 1951 87 115 U+3066 1326 859 87 142 U+3093 657 2800 156 114 U+3046 394 290 56 239 U+5F62 244 2371 55 108 U+309D 394 668 52 136 U+308A 535 1430 62 137 U+3079 471 2715 162 145 U+3081 1479 1323 113 133 U+306E 244 2080 63 83 U+3057 870 1304 19 257 U+3068 699 753 71 117 U+4E8B 1135 1658 123 388 U+3059 355 1419 82 157 U+308A 1707 973 46 250 U+304D 356 2445 90 191 U+3093 545 399 128 109 U+4E4B 1193 1513 47 138 U+3088 832 2388 69 195 U+3082 827 2210 60 156 U+3082 1351 1073 56 132 U+3082 997 1098 68 188 U+3082 983 2660 96 138 seg_fp 1010 1287 44 183 seg_fp 530 1854 38 81 seg_fp 2014 2812 62 50 U+3057 1752 2082 16 244 U+306B 361 2671 85 138 seg_fp 2009 2704 71 52 U+304F 670 1094 70 101 U+3088 839 1158 52 156 U+304F 543 902 55 86 seg_fp 377 1918 42 171 seg_fp 535 2058 32 131 seg_fp 1500 727 68 115 seg_fp 261 2728 28 250 seg_fp 2012 2869 60 49 U+3057 1043 1466 17 345 seg_fp 683 984 51 108 seg_fp 378 2639 29 113 seg_fp 375 1853 54 108 seg_fp 1946 2756 57 53 seg_fp 390 1551 50 94 seg_fp 270 2669 38 78 U+3057 1523 2505 45 419 U+306B 540 2175 26 317 seg_fp 1353 1331 62 693 U+3057 854 2549 21 349 U+3057 1085 2794 19 173 seg_fp 1355 1226 48 195 seg_fp 1371 996 23 107 seg_fp 343 2585 90 68 seg_fp 1942 2865 60 52,200021869-00004_2
U+662F 927 242 75 168 U+76F4 1612 724 83 158 U+7D19 730 271 128 150 U+4E45 1100 474 136 126 U+306B 917 1152 76 128 U+4E45 445 1445 129 145 U+662F 738 394 95 220 U+3066 448 1332 105 99 U+662F 1129 244 81 141 U+7528 733 1032 98 196 U+3068 1121 2093 52 75 U+662F 461 261 91 151 U+716E 1395 219 108 194 U+3059 894 1729 133 204 U+5165 868 1311 163 101 U+5165 422 2052 149 97 U+662F 1609 1225 72 171 U+3072 1797 1041 135 173 U+52A9 1101 578 108 109 U+3092 727 651 147 96 U+3053 443 2132 89 145 U+3078 258 1182 107 159 U+308D 435 2279 110 141 U+91A4 1403 2057 110 158 U+30CF 1118 415 84 32 U+767D 1102 1698 88 144 U+4E45 1393 2345 161 127 U+9EA6 1113 776 71 172 U+308F 1833 897 71 135 U+3075 1417 1914 111 146 U+3075 1089 2464 106 123 U+3051 278 940 94 215 U+30CF 460 440 91 32 U+52A9 445 1604 117 95 U+5207 425 990 118 141 U+3066 728 904 93 102 U+307F 1235 808 132 159 U+7C89 1086 1971 141 121 U+7C89 1092 951 128 125 U+3068 1130 689 52 82 U+3068 1121 1084 58 102 U+7389 1106 1844 86 115 U+3042 901 2230 99 157 U+4E00 1808 326 120 34 U+52A9 1412 2472 122 131 U+3059 1427 1598 94 173 U+3075 1086 2317 108 146 U+3075 1076 1439 118 151 U+3075 458 593 87 145 U+662F 278 268 91 219 U+3093 1400 1361 137 134 U+52FA 1592 1013 98 231 U+3092 1062 2579 165 97 U+3068 1120 2189 47 122 U+3066 1578 1540 104 84 U+4E00 1258 700 99 33 U+306B 1622 1414 56 119 U+3055 1104 1196 80 122 U+3092 275 500 150 162 U+3068 1097 1576 67 89 U+3042 1392 1235 134 123 U+8349 892 2522 78 173 U+4E4B 1830 1218 62 150 U+3055 1432 1772 71 140 U+9152 1620 889 87 111 U+308D 1592 1819 95 132 U+3068 483 487 38 100 U+3075 459 744 81 119 U+6CB9 1600 414 97 91 U+304B 1447 1481 51 112 U+306E 456 1714 81 100 U+80FD 899 1401 96 143 U+6CB9 1421 2217 117 135 U+3078 729 1233 106 130 U+3078 1605 686 126 57 U+5408 1558 579 150 102 U+3064 1593 1948 99 235 U+306A 1258 966 104 101 U+3092 927 453 125 88 U+4F46 1581 2525 107 141 U+62F5 1221 1569 131 136 U+5E30 1414 416 90 117 U+3055 895 2394 91 131 U+3042 248 664 127 226 U+4E0A 602 1063 89 126 U+3066 896 2106 99 101 U+308A 467 1133 57 194 U+62F5 579 1220 104 122 U+3060 905 569 140 143 U+3088 1616 1648 40 166 U+5165 1057 2704 193 91 U+3092 450 868 118 91 U+58F1 1595 489 85 93 U+3042 1794 419 146 229 U+4E00 609 732 87 25 U+307E 615 914 77 153 U+306A 599 805 104 112 U+304B 456 2422 52 139 U+3068 1278 1068 44 95 U+4E0A 718 751 105 142 seg_fp 1413 644 85 89 U+3093 893 726 133 162 U+4E8B 1798 1364 90 367 U+306E 862 2704 96 107 U+4E2D 449 1812 115 154 U+308A 888 2813 47 107 U+3042 1257 1164 112 187 U+91A4 1584 196 107 209 U+3068 1115 1328 31 107 U+3088 1565 2170 116 123 U+65B9 1255 1707 68 118 U+3005 925 1532 56 175 U+65B9 604 1351 68 137 U+3079 1399 773 146 80 U+3051 1263 1358 86 189 U+3078 412 1973 184 68 U+308A 871 1935 152 109 U+3057 779 1366 32 388 U+3057 1630 2293 24 217 U+3057 1456 880 21 307 U+4E8B 1259 1936 43 330 U+3058 1848 612 109 302 U+4E4B 1261 1828 39 121 U+4E8B 621 1561 54 324 seg_fp 943 867 56 317 U+30CB 950 2889 55 30 seg_fp 461 2497 45 365 seg_fp 1424 531 87 106 seg_fp 933 1970 57 126 seg_fp 279 1780 35 355 seg_fp 300 1346 43 442 U+3057 1640 2657 95 120,200021869-00006_1
U+9262 336 1034 131 189 U+7D05 1723 447 110 164 U+3066 1605 1733 102 106 U+751F 1426 2484 82 180 U+5207 1102 2273 121 151 U+4E45 1259 1421 125 182 U+6E6F 495 195 119 250 U+65B9 790 973 79 156 U+633D 631 1358 144 161 U+3066 680 2405 90 141 U+3066 668 1529 105 128 U+52A9 1260 1563 123 225 U+306B 1434 2048 81 149 U+3059 1575 1366 114 186 U+3066 95 1037 71 112 U+3072 647 2081 157 139 U+52A9 1624 2012 109 205 U+7D79 649 1671 93 161 U+306B 221 1209 79 134 U+3075 677 2570 121 151 U+3066 924 1276 107 110 U+3075 349 1834 107 183 U+306E 347 1233 84 103 U+62F5 1740 1191 108 130 U+3092 1097 461 125 126 U+305F 1115 2427 90 168 U+3075 1574 325 93 155 U+3055 1430 1429 92 138 U+4E45 1619 1857 103 176 U+3075 1745 915 94 159 U+3066 335 487 98 109 U+306E 331 1538 122 142 U+3059 505 2417 90 169 U+3066 1263 1296 78 116 U+3064 355 197 89 131 U+3075 1407 2812 119 154 U+3075 1251 210 109 174 U+3075 939 688 111 169 U+3078 205 1463 96 142 U+5165 488 2710 129 115 U+65B9 1772 1318 60 134 U+3053 496 750 104 195 U+3066 1448 1294 71 118 U+304B 521 2271 60 153 U+4E4B 355 617 65 107 U+84CB 332 1329 129 222 U+3092 1235 396 157 170 U+306B 507 442 68 159 seg_fp 945 204 122 128 U+3072 1108 1688 116 106 U+5207 1406 2208 116 119 U+306E 1442 1711 81 151 U+6E6F 1406 208 140 198 U+3066 232 2210 88 102 U+8584 773 428 110 201 U+3066 489 610 81 142 U+5165 1227 2792 155 147 U+304D 1596 1232 86 137 U+3072 91 1169 103 116 U+3075 1584 487 101 142 U+3042 208 200 94 193 U+306B 1642 2609 60 119 U+6CB9 368 2398 124 153 U+306E 1115 1817 87 88 U+306A 362 2016 74 129 U+3068 1766 797 44 119 U+308A 1611 1555 59 164 U+3075 1764 1072 91 121 U+3066 498 1582 97 95 U+6C34 1569 791 123 165 U+306E 1106 999 74 102 U+306C 1591 1114 109 120 U+3075 519 1707 109 128 U+3092 1241 2682 148 99 U+3081 1437 1860 85 159 U+7528 944 1411 94 155 U+3072 1439 1568 100 142 U+3092 1594 969 127 112 U+7269 345 2241 132 105 U+3057 93 227 80 137 U+3093 1246 2573 118 123 U+3092 84 1408 115 99 U+3092 1266 1779 139 133 U+3068 1445 2688 41 119 U+307B 1264 2422 90 151 U+308B 375 2146 66 82 U+7BB1 1088 878 99 118 seg_fp 1727 714 113 84 U+4ED8 88 1518 79 172 U+306B 1132 2125 81 133 U+5165 929 558 143 129 U+306E 203 1369 82 94 U+5EF6 1592 2732 169 150 U+4E2D 1093 1094 100 237 U+7D19 1612 2436 156 200 U+304D 510 1245 77 172 U+5165 1391 820 132 149 U+7AF9 204 1608 121 158 U+304A 224 2595 96 108 U+662F 1112 225 85 197 U+53C8 1387 2347 185 164 U+305F 116 1280 66 104 U+3092 1579 631 128 166 U+304D 361 328 71 147 U+3075 678 1846 93 137 U+8584 236 2326 102 192 U+3092 1087 2703 153 150 U+306B 252 2086 58 116 U+308A 1265 1145 68 151 U+308B 1108 2589 75 74 U+305F 499 938 87 163 U+96EA 785 635 96 182 U+3070 649 809 91 182 U+3059 218 2701 78 130 U+7F6E 97 829 86 192 U+8449 1742 605 107 117 U+308A 523 1422 70 170 U+716E 1396 954 143 218 U+5F15 351 2567 101 298 U+524D 1085 597 116 187 U+3088 362 1688 47 147 U+3066 200 741 111 139 U+307B 654 500 94 185 U+3072 647 2811 156 127 U+5176 193 861 108 215 U+304B 539 1836 70 104 U+4E0A 1429 1146 86 145 U+524D 1069 1342 146 177 U+3079 217 2831 136 144 U+62F5 777 830 103 142 U+3078 497 2600 129 66 U+3055 1252 2172 101 132 U+304B 951 865 70 113 U+308C 346 724 74 180 U+3061 494 1109 98 145 U+3093 1244 2313 117 141 U+3078 359 2358 143 56 U+4E0A 208 1053 103 143 U+767D 663 190 80 179 U+306B 679 2216 70 185 seg_fp 1081 800 86 76 U+3075 202 403 106 148 U+3078 1394 711 145 123 U+3059 1238 955 83 181 U+308B 672 1987 70 104 U+76EE 1137 1937 64 167 U+3078 941 465 120 85 U+3068 1599 212 37 105 U+306E 218 1767 69 119 U+7B52 223 1960 100 111 U+7C73 652 316 106 170 U+306E 1413 411 89 108 U+3092 343 912 137 106 U+304F 105 617 52 198 U+4E2D 1397 465 126 218 U+3092 1614 2191 157 224 U+3088 1256 579 41 175 U+4E4B 819 1120 32 129 U+3057 994 977 23 285 U+3057 987 1787 62 280 U+4E8B 1756 1589 77 300 U+3068 669 695 44 110 U+306F 98 370 58 146 U+3079 937 1577 134 107 U+4E8B 819 1238 65 380 U+304F 243 2519 65 69 U+308A 207 562 74 170 U+3057 558 1942 22 304 seg_fp 203 1883 98 81 U+3055 1114 1535 71 142 U+304F 1240 758 74 171 U+3079 84 1716 97 96 U+308B 659 2717 97 102 U+3057 706 990 30 381 U+4E4B 1778 1447 31 114 seg_fp 1248 1992 92 152 seg_fp 987 327 30 136 seg_fp 1260 1918 95 84 seg_fp 992 1657 71 115 U+3057 132 1806 27 478 seg_fp 124 495 36 110 seg_fp 1447 891 36 83 seg_fp 993 1793 17 243 seg_fp 1629 719 53 82,200021869-00008_1
U+5C11 1488 1005 126 236 U+306B 1350 692 74 134 U+5207 1464 1452 125 131 U+307F 1645 243 132 168 U+306B 1499 2227 69 139 U+6885 1482 248 132 187 U+5869 1804 756 120 150 U+308A 1699 1747 46 188 U+3059 1159 873 87 188 U+5165 262 723 98 97 U+534A 1478 1574 95 166 U+6900 1311 555 135 122 U+305D 831 2175 79 107 U+30CF 827 753 109 64 U+5165 1460 1753 125 106 U+3092 375 1439 130 142 U+304B 1179 767 61 71 U+6E6F 266 228 105 150 U+4E4B 412 2330 72 103 U+713C 1477 1201 147 244 U+304F 1688 2099 56 111 U+4ED5 1806 922 95 126 U+307F 1315 1261 127 195 U+6C41 240 1421 112 225 U+4E45 405 1116 93 166 U+308C 407 2434 80 140 U+677F 684 582 104 187 U+62F5 993 1052 119 168 U+3092 1494 868 139 135 U+76AE 1681 2521 118 139 U+308A 1191 1062 52 204 U+3066 261 1291 98 127 U+52A9 396 1266 115 178 U+3042 826 1581 120 155 U+306B 1338 2625 55 141 U+3057 1297 2764 147 149 U+3055 988 725 93 167 U+84CB 1286 2409 121 224 U+308F 1199 261 58 161 U+306B 703 741 66 123 U+308A 1324 2234 60 199 U+308F 812 228 140 181 U+3066 262 969 82 139 U+5438 1324 257 102 171 U+3055 1183 430 79 158 U+304A 813 802 105 160 U+3092 1658 631 135 106 U+3092 1667 2695 164 110 U+3088 413 211 78 137 U+3051 1510 646 85 168 U+5165 1307 846 132 108 U+308C 770 2283 136 204 U+3092 1473 2072 147 126 U+3072 1172 596 98 143 U+3059 400 654 74 156 U+6885 1317 907 131 223 U+305B 670 1001 119 120 U+80FD 400 1781 88 155 U+306A 698 430 83 144 U+3092 409 2579 132 116 U+3092 1654 1066 140 112 U+308F 1009 550 66 176 U+713C 1644 740 127 135 U+307E 693 244 95 185 U+3055 818 426 101 175 U+3066 786 2607 130 85 U+304B 1668 417 51 109 U+3072 978 899 123 149 U+3066 411 977 70 118 U+305A 1483 443 117 191 U+306E 1679 2432 76 98 U+5165 1133 1809 112 76 U+80FD 684 1128 95 151 U+3093 1285 1565 141 149 U+3064 544 531 90 231 U+3059 402 2023 87 160 U+3061 417 2673 84 112 U+308D 820 962 100 147 U+305F 672 1402 104 134 U+3092 1286 1685 159 157 U+3068 1344 1135 68 110 U+7A2E 1638 1337 134 150 U+3055 1473 1830 83 115 U+308A 417 821 59 150 U+7269 1309 420 125 129 U+304C 1148 1664 108 110 U+53D6 1668 2822 117 121 U+3072 805 611 137 131 U+305F 843 1732 91 147 U+62F5 546 1311 106 132 U+3068 1685 1642 46 99 U+3081 831 2004 99 147 U+3078 263 628 109 89 U+3092 820 1452 152 109 U+3086 1459 1946 130 126 U+3093 1653 527 114 101 U+306B 821 2475 76 134 U+304B 281 819 49 154 U+306E 1299 2091 78 143 U+65B9 574 1437 57 118 U+9752 1296 1933 103 163 U+3059 789 2712 114 163 U+304D 682 1614 85 190 U+3092 1658 1507 140 132 U+306E 685 873 87 125 U+5165 1272 1867 128 118 U+308A 418 2888 69 97 U+53D6 1661 1189 108 119 U+4E8B 1816 1428 74 255 U+53C8 371 1658 176 142 U+65B9 1001 1228 88 173 U+3075 541 992 92 200 U+7528 693 1817 91 165 U+7ACB 1813 1045 93 132 U+3005 435 1937 28 75 U+3075 1124 1538 135 131 U+3079 669 1991 131 113 U+3031 443 377 65 279 U+65B9 1820 1176 67 127 U+4E0A 271 1110 84 161 U+3046 1817 490 79 138 U+306E 280 383 68 68 U+53C8 1648 1941 167 153 U+304B 1487 2367 54 104 U+5165 216 1702 138 157 U+308A 415 2183 85 131 U+3075 569 1198 94 113 U+5165 372 1592 117 116 U+4E2D 280 444 77 175 U+304B 1341 1458 41 105 U+5165 518 817 104 130 U+30DF 1696 2309 59 99 U+3005 720 1280 56 103 U+3079 1132 1930 127 105 U+304D 405 2785 90 96 seg_fp 1150 1279 111 222 seg_fp 1696 2216 36 96 seg_fp 1698 888 54 92 U+30DF 554 752 40 66 U+3078 1449 2473 156 63 seg_fp 1828 614 40 155 seg_fp 709 1528 32 85 U+3068 566 886 40 102 U+3057 1570 2544 25 338 U+304F 413 345 72 106 U+3079 231 1851 134 106 seg_fp 851 1875 37 137 seg_fp 1692 1924 50 92 U+4E8B 544 1821 79 238 U+4E4B 581 1551 24 120 U+3057 887 1092 23 364 U+3078 240 1677 114 35 seg_fp 711 2483 26 276 seg_fp 1221 1928 31 33 U+4E4B 1822 1274 33 146 seg_fp 580 1673 38 183 seg_fp 1722 982 47 58 U+3066 430 2963 80 71 seg_fp 1187 2109 31 546 seg_fp 260 1976 30 500 seg_fp 311 1101 30 79,200021869-00011_1
U+65B9 1823 1279 62 173 U+534A 680 1616 98 189 U+7528 695 2427 112 176 U+5347 695 645 127 218 U+5207 1787 1115 139 148 U+306B 710 880 89 154 U+7AF9 1785 500 144 248 U+56F3 1552 1684 122 151 U+4E8B 1823 2245 53 247 seg_fp 698 259 107 108 U+3072 675 1479 127 151 U+5B50 1825 864 77 132 U+306B 700 1834 83 137 U+5B57 1572 1256 100 109 U+304F 1813 1474 69 117 U+3072 917 847 125 156 U+540C 719 472 97 153 U+4F1D 1794 2580 120 155 U+3064 707 1972 109 238 U+662F 1567 1420 119 109 U+304F 1632 224 75 211 seg_fp 706 373 80 98 U+306E 1819 1006 84 114 U+306F 922 664 75 182 U+9162 904 1004 151 168 U+62F5 924 1179 114 153 U+5982 430 893 84 110 U+5B57 1589 616 103 217 seg_fp 1560 1174 102 99 U+5F10 673 1179 136 126 U+3092 400 1412 154 170 U+306F 691 1313 84 165 U+306E 1814 724 91 134 U+306E 1621 423 87 194 U+7269 384 1234 132 162 U+4E5F 1760 2748 178 181 U+4E09 928 547 77 107 U+306E 433 736 67 160 U+53E3 1812 2498 66 71 U+305B 435 622 77 121 U+4E4B 1606 1839 42 133 U+3081 708 2225 102 182 U+306E 424 1068 75 156 U+3082 449 473 49 138 U+4E5F 1580 1551 163 92 U+65B9 947 1332 76 174 seg_fp 1572 1967 120 224 U+306E 1571 1060 87 103 U+306B 417 1899 117 280 U+3078 259 1024 100 187 U+5207 1788 2011 111 101 U+304B 568 706 42 113 U+662F 433 245 73 118 U+4E4B 1828 2111 38 128 U+3078 696 2604 165 118 U+3093 555 813 90 77 U+91D1 549 505 117 182 U+4E8B 927 1639 76 280 U+3042 225 443 138 198 U+3051 245 732 128 278 seg_fp 1832 1590 43 105 U+5165 646 1051 162 169 U+3057 1636 825 21 217 seg_fp 1611 1369 26 57 seg_fp 1532 2232 135 370 U+3057 741 2741 27 269 U+3042 384 1617 120 161 U+3093 386 1736 159 195 U+4E0A 554 899 99 143 seg_fp 1831 1699 43 294 seg_fp 452 358 57 88 seg_fp 958 1495 29 163 seg_fp 462 2199 62 327 seg_fp 239 627 117 123 seg_fp 246 1208 78 80,200021869-00011_2
U+7AF9 1519 2256 135 270 U+4E8C 1395 236 117 76 U+306B 1579 1531 80 170 U+305D 1569 1717 66 157 U+7389 1593 222 114 168 U+3082 1184 1960 84 201 U+307B 1788 867 87 170 U+304B 1750 571 127 100 U+5B50 1588 408 87 179 U+3075 1577 733 101 201 U+4ED8 1316 2326 118 216 U+3092 978 1828 157 191 U+304D 1165 1732 117 220 U+304F 1183 1421 101 192 U+3059 1176 1239 114 196 U+3053 1778 1046 100 158 U+5B50 814 806 118 193 U+4E21 1371 1043 112 215 U+306A 1194 730 112 153 U+30C4 1444 334 76 72 U+7B52 1526 2720 112 132 U+308C 1548 1878 104 212 U+3075 1139 2349 152 254 U+306E 1574 1272 84 118 U+65B9 1788 1381 67 216 U+62F5 1760 1204 118 176 U+4E2D 1293 2734 151 170 U+305D 1001 1430 65 132 U+308C 976 1564 110 243 U+3075 807 1182 161 176 U+3055 1191 422 72 146 U+306A 1149 2594 108 159 U+3081 1565 928 109 191 U+3046 1214 1054 54 197 U+306B 1019 566 69 150 U+65B9 1367 1269 92 207 U+5272 1361 431 133 252 U+3093 1559 1114 136 162 U+305D 1190 1624 67 93 U+307E 1788 672 56 200 U+5982 1558 1388 138 112 U+3075 967 2016 145 187 U+5176 1282 2538 152 201 U+5916 811 222 148 211 U+306E 1524 2529 90 104 U+3075 978 431 128 142 U+3092 1193 898 109 149 U+3092 1552 2101 182 153 U+3092 1344 2157 151 145 U+305D 1584 585 59 146 seg_fp 1521 2631 105 91 seg_fp 1 1134 103 181 seg_fp 0 437 77 138 U+3078 821 434 133 137 U+5165 977 721 115 142 U+304B 1198 580 50 141 U+3075 1356 1590 140 184 U+308B 1149 2752 80 98 U+3092 1527 2854 180 117 U+304B 992 2213 67 177 U+3088 1202 2152 75 203 seg_fp 1 269 57 166 U+3078 1359 1452 137 130 U+5165 1175 223 131 179 U+308B 836 1372 81 89 seg_fp 833 543 94 152 U+3078 1276 2918 164 60 U+3092 812 1002 132 187 seg_fp 1 792 71 147 seg_fp 828 684 89 90 seg_fp 1 585 74 169 U+4E8B 1761 1600 104 365 U+3078 996 887 156 88 U+3057 1429 698 25 351 U+3078 809 1472 154 82 seg_fp 1 956 37 152 U+3088 1039 192 35 234 seg_fp 1043 1004 21 391 U+3057 995 2378 44 496 U+3057 1421 1824 17 281 seg_fp 1409 664 72 109 seg_fp 1215 1702 37 74,200021869-00012_1
U+8ED2 760 207 284 315 U+7D44 428 260 217 294 U+5E73 1130 302 268 319 U+6BB5 273 1186 234 271 U+7269 405 555 238 244 U+6C41 1581 2077 226 399 U+713C 825 1888 249 249 U+4E00 1620 94 182 54 U+5F8C 308 863 233 311 U+713C 1146 2353 272 240 U+8EAB 790 531 186 291 U+76DE 364 2260 306 332 U+4E00 1206 1779 187 41 U+5FA1 395 1874 288 394 U+624B 1647 253 114 261 U+4E00 1153 114 194 59 U+4E8C 1576 1783 227 135 U+4E00 835 1797 159 42 U+9CE5 827 2176 200 285 U+4E00 448 130 179 56 U+4E00 428 1802 180 50 U+304B 1151 1887 253 294 U+5869 1575 502 247 226 U+4E00 811 109 192 62 U+4E8C 1746 917 308 146 U+3072 1152 2088 219 255 seg_fp 1600 1917 205 121,200021869-00015_2
U+30D5 2025 1453 38 42 U+5357 832 1436 46 67 U+30E9 2022 1504 37 60 U+30B9 2169 593 42 34 U+30B9 2017 1651 33 35 U+4EAC 830 1566 46 69 U+30F3 2026 1580 41 36,200021925-00005_2
U+306E 812 576 62 59 U+65A4 648 1141 68 106 U+3092 657 812 63 76 U+716E 488 560 92 131 U+51B7 195 569 93 91 U+9152 799 226 81 92 U+6CB9 358 1132 79 72 U+3092 516 1276 63 84 U+306E 1119 794 55 51 U+6D77 1244 330 105 99 U+3066 1256 1504 69 54 U+3086 199 1342 65 64 U+6E6F 1259 1571 83 111 U+8089 654 732 66 79 U+6642 194 822 84 93 U+3066 194 494 60 49 U+3092 1119 1477 62 82 U+3092 345 751 98 57 U+5165 936 1457 103 69 U+6DE1 1419 412 98 106 U+4E8C 629 1084 86 47 U+7F8A 648 625 72 97 U+7528 193 1242 68 93 U+6CB9 1106 1387 74 86 U+8089 511 1190 59 93 U+3092 187 334 86 53 U+8584 197 928 79 113 U+706B 1116 582 77 86 U+5869 955 221 78 94 U+308C 958 1505 61 81 U+5207 186 1163 90 66 U+7AEA 1261 1052 84 98 U+3069 662 1327 59 70 U+5869 1415 538 93 92 U+306B 822 1216 46 64 U+59DC 334 499 100 111 U+308B 1434 1066 40 64 U+6CB9 807 482 72 87 U+6839 343 308 93 95 U+6CD5 807 778 73 79 U+307B 651 1256 66 74 U+304F 215 1066 36 73 U+9152 352 1216 81 85 U+9AA8 182 213 71 113 U+3042 506 1527 66 89 U+5186 959 673 72 87 U+751F 343 414 83 71 U+7F8A 637 323 101 120 U+3092 511 1014 60 79 U+6E6F 1253 581 94 107 U+8471 949 1262 81 114 U+53C2 1250 457 102 110 U+9152 1099 1171 74 87 U+8471 349 626 84 112 U+3066 1262 1733 71 61 U+716E 1096 228 90 134 U+306A 807 1382 65 70 U+4E03 179 1558 75 69 U+6885 1410 646 101 89 U+53BB 203 396 58 78 U+53BB 510 1098 55 85 U+716E 1089 863 93 131 U+25CB 1250 214 89 90 U+5927 349 214 74 79 U+584A 628 977 106 85 U+6C41 1101 1002 75 88 U+716E 348 1545 84 116 U+9152 187 1439 83 90 U+3092 948 1386 75 65 U+91A4 802 337 82 132 U+3066 1424 875 57 48 U+304A 807 1302 61 67 U+6C41 494 929 78 84 U+306B 1104 1092 71 58 U+914D 803 670 95 86 U+80FD 493 463 83 100 U+6885 950 330 94 95 U+8338 951 1126 75 122 U+30C5 657 1406 79 52 U+7F94 640 484 92 103 U+305F 198 671 66 78 U+817F 1101 688 99 90 U+7528 1425 945 61 83 U+91A4 1098 1257 88 130 U+9B5A 950 559 85 98 U+91A4 346 1004 82 123 U+3066 356 1373 63 55 U+306B 1264 1363 62 73 U+690E 945 1019 87 90 U+719F 1099 361 88 120 U+5206 205 1659 79 94 U+6E6F 803 1095 85 100 U+9B5A 1006 787 50 65 U+716E 941 1601 87 111 U+7FC5 795 993 89 88 U+3076 1422 229 94 90 U+56DB 1267 1160 72 58 U+30C4 1280 1221 48 44 U+304F 366 824 62 54 U+80FD 350 1441 80 100 U+4E00 643 925 78 18 U+304F 1118 1581 65 61 U+3066 498 400 69 57 U+306B 361 1305 65 68 U+719F 492 704 91 113 U+306B 1424 755 59 55 U+25CB 644 210 92 92 U+5207 1241 1296 97 57 U+308B 220 742 39 65 U+3044 1264 725 64 63 U+3088 530 1379 35 67 U+3092 944 878 46 57 U+306E 1005 862 41 39 U+306B 654 1511 67 83 U+3078 359 958 82 48 U+3078 1117 1728 85 41 U+304F 526 1439 36 67 U+3092 1259 948 77 93 U+8FBC 343 1686 93 72 U+306B 502 324 69 73 U+3093 1433 311 86 75 U+4E91 938 939 41 45 U+308F 383 878 34 73 U+308F 1134 1645 32 77 U+307C 936 788 47 56 U+3072 512 1699 70 68 U+3057 984 443 17 100 U+3066 666 1671 43 99 U+3057 831 1465 16 94 U+9B5A 799 887 86 88 U+308B 976 1715 42 60 U+304B 997 911 44 39 U+3057 1142 485 13 84 U+3057 532 822 14 92 U+6C34 498 217 83 88 U+307E 998 949 49 40 U+30CB 1298 1685 24 42 U+3053 945 844 30 31 U+308A 1268 793 58 88 U+3089 529 1616 32 81 U+3057 1298 1434 13 54 U+30FD 680 1459 16 31 U+3057 1459 811 9 52 U+3053 1269 882 45 61 seg_fp 682 1590 29 89 seg_fp 831 878 28 32,200021925-00015_2
U+6905 2195 469 92 81 U+633F 719 248 75 76 U+5B50 2190 561 86 67 U+4EA4 2189 372 97 83 U+624B 1167 1225 58 79 U+5C4F 726 350 66 97 U+82B1 1017 1039 75 76 U+70AD 448 1420 81 92 U+98A8 1608 1336 72 65 U+74F6 1016 1135 91 68 U+8925 1463 796 103 97 U+7089 1140 1317 97 74 U+7089 1597 1432 92 88 U+6597 471 1521 42 83 seg_fp 43 1671 80 98,200021925-00018_2
U+90E8 2028 2281 161 266 U+3044 1315 1567 105 68 U+3066 448 2521 84 108 U+306B 1032 559 92 105 U+3092 443 1499 99 83 U+3092 153 2116 83 78 U+307B 1317 2164 89 125 U+306B 584 1685 90 89 U+3066 1324 371 96 109 U+5207 720 1645 113 81 U+5347 1322 2338 87 130 U+306B 443 2434 101 101 U+305F 1911 1698 95 95 U+306E 2037 2133 172 139 U+5165 1157 1376 124 81 U+306E 1617 2176 98 92 U+3064 1311 1431 111 109 U+4E8C 1322 860 94 78 U+3042 1473 1782 85 101 U+3066 883 813 89 102 U+3064 1031 893 111 114 U+4E8C 1026 373 109 66 U+3051 586 1812 91 133 U+5165 1753 2316 117 69 U+5341 1316 2889 92 81 U+306B 1469 2479 104 106 U+3061 1188 767 75 83 U+306B 1616 370 106 96 U+3044 1465 1426 103 79 U+5185 882 2534 95 102 U+3042 737 1716 89 98 U+306B 1171 1606 101 96 U+306B 300 2585 95 100 U+3066 1483 2767 68 116 U+5165 1758 925 114 72 U+5409 880 2870 86 109 U+3042 1481 2566 79 100 U+3080 730 2121 113 108 U+5347 1049 456 63 120 U+3092 1615 2548 103 77 U+898B 1468 1497 101 113 U+9152 1174 374 106 98 U+9152 1023 2541 107 103 U+3051 1183 2763 91 107 U+3066 447 2207 74 99 U+4E8C 1175 483 107 58 U+4E94 1314 2977 99 87 U+306A 1779 2994 94 102 U+3052 1474 2662 107 114 U+751F 1926 373 69 104 U+5019 582 1192 98 89 U+305F 1171 975 99 102 U+3068 1607 691 105 74 U+3042 1340 579 78 96 U+306B 723 1548 105 93 U+3066 1915 1774 84 101 U+3051 286 1239 98 110 U+5165 568 468 129 79 U+3059 460 2307 56 132 U+5409 1171 2521 86 104 U+304F 449 1590 77 79 U+7A0B 724 1434 105 132 U+7269 1609 1471 115 97 U+3092 1460 1226 109 74 U+5165 1604 769 120 76 U+9152 581 1344 98 104 U+5165 1469 667 119 70 U+5408 1464 553 125 107 U+308C 2047 1635 108 200 U+65B0 1012 2424 113 130 U+307B 1026 2147 87 90 U+5019 1485 3264 85 85 U+3060 1913 479 99 87 U+53E4 1331 3261 75 93 U+304D 1631 2694 69 115 U+5165 284 1875 115 74 U+5019 1921 2516 83 83 U+3044 148 2040 90 65 U+5347 1909 3201 101 150 U+306A 2041 1213 129 144 U+3066 738 2027 78 113 U+3064 1617 516 101 87 U+3066 584 808 80 109 U+305D 1926 815 71 118 U+5347 1769 1358 89 122 U+3042 1631 2966 69 91 U+53C8 1163 2619 119 96 U+3060 2033 1840 120 134 U+308B 1633 1389 65 93 U+4E09 1769 1272 92 86 U+5EFF 1323 3110 82 92 U+3088 1481 2083 56 93 U+308C 1926 536 67 112 U+3042 1478 1025 85 108 U+3059 141 1209 92 93 U+304D 1478 2180 62 123 U+4F1D 588 2656 104 107 U+3060 1768 3186 106 95 U+9152 581 621 92 97 U+3046 319 1598 35 102 U+5408 1752 831 137 92 U+5408 869 2764 134 103 U+5409 881 903 91 100 U+3076 864 2252 118 93 U+3092 722 1020 105 97 U+3092 289 1787 112 82 U+308F 468 1672 46 95 U+3081 741 2218 85 87 U+5165 1007 2345 123 85 U+53F3 284 551 93 98 U+307C 1316 2696 104 97 U+3066 1171 2422 84 109 U+308B 170 1298 50 95 U+307C 731 2305 103 101 U+53D6 880 2622 81 135 U+5347 1480 369 77 120 U+306B 1916 1064 95 101 U+53C8 576 1265 116 95 U+53F3 865 2336 96 97 U+30CF 280 1160 103 70 U+308A 601 1605 57 87 U+3082 1935 1496 45 119 U+3066 1916 2208 81 110 U+304B 1644 2629 49 64 U+5347 1622 2855 89 120 U+305D 1930 3092 70 111 U+3084 864 1925 110 71 U+307B 300 2000 85 86 U+306C 1768 2772 97 84 U+5347 1184 1493 66 128 U+3076 723 2737 110 102 U+5019 451 2857 87 69 U+4E5F 1923 2591 98 68 U+3080 1319 2540 94 92 U+3070 1336 940 87 104 U+540C 295 647 88 96 U+4E94 1472 486 102 86 U+308D 1912 2034 95 107 U+3057 1022 2058 96 80 U+306B 1764 2227 98 88 U+3070 602 1433 79 107 U+305D 459 382 59 101 U+3044 728 464 86 69 U+306E 295 2768 86 86 U+5409 597 2475 77 106 U+308F 1050 2998 55 89 U+308A 164 2321 53 101 U+306E 725 376 95 90 U+307E 1481 1868 63 134 U+3093 879 2160 114 105 U+3044 154 731 86 60 U+3055 1185 2693 65 74 U+306B 284 1426 103 103 U+3093 732 1204 116 118 U+306B 1019 1985 104 94 U+3081 1320 2625 93 84 U+6210 1766 1655 99 86 U+3068 308 1525 63 71 U+305F 1915 2311 91 96 U+5347 1770 634 87 121 U+7B2C 2032 913 117 201 U+308F 465 667 44 95 U+308A 459 2091 53 108 U+6599 2181 731 115 169 U+5165 1306 3204 117 61 U+30CF 1316 1974 93 54 U+3072 881 1830 80 106 U+3082 1342 471 79 105 U+306E 874 1405 93 80 U+306E 443 2628 87 91 U+3059 1488 3011 59 126 U+3042 1046 2892 76 107 U+3093 874 1760 118 92 U+6C34 1922 1134 79 134 U+30CF 152 477 87 63 U+3093 1611 884 126 99 U+3059 310 2493 67 105 U+4F1D 2183 1235 124 131 U+306B 1791 1567 53 90 U+30DF 1494 2007 50 75 U+3086 176 2586 50 105 U+304D 165 2203 53 116 U+304B 1344 3062 43 47 U+3058 1354 1269 57 166 U+6C34 1183 684 86 106 U+5347 1197 540 66 140 U+3066 1033 2726 80 109 U+5347 1912 1349 87 123 U+53E4 590 523 71 90 U+308A 756 525 45 91 U+5165 1893 1461 114 64 U+307B 1464 2303 104 99 U+306B 149 2693 89 76 U+308A 1190 1155 62 117 U+3064 1315 2113 98 78 U+5165 141 2778 105 78 U+3092 137 642 110 82 U+305A 135 897 112 135 U+5C11 1173 1259 96 120 U+306B 587 718 76 88 U+3088 1633 2230 56 118 U+3059 1490 1304 54 116 U+9152 1319 1871 95 107 U+3057 1337 684 89 92 U+306B 1313 2447 97 100 U+306B 1040 2635 69 90 U+307F 433 1342 111 87 U+3091 162 2510 78 76 U+5347 1916 944 87 144 U+305F 1783 1739 65 81 U+53E3 597 2588 81 63 U+304A 436 1043 106 81 U+3058 1802 1092 56 174 U+308D 1765 2153 95 89 U+7A0B 1768 1470 82 105 U+7406 2191 912 121 142 U+3084 1606 1572 119 86 U+30DF 1941 723 38 82 U+4E94 1770 742 104 90 U+308C 160 769 59 132 U+3058 1649 941 62 193 U+308C 1920 2390 73 129 U+304B 317 2084 46 64 U+9152 710 610 114 112 U+3066 583 2266 91 106 U+305B 1033 3093 80 66 U+304B 1649 445 33 64 U+308C 1785 3244 63 102 U+3093 1032 3155 125 85 U+3093 1470 791 112 82 U+3055 900 579 64 71 U+308A 172 1764 47 94 U+3059 451 1975 59 117 U+305D 458 1420 66 97 U+307E 1197 1039 48 115 U+30DF 1936 1618 52 78 U+3075 1018 1024 111 88 U+3058 1501 848 55 180 U+3046 911 1986 35 103 U+307E 1786 3096 61 103 U+3093 1766 1042 122 92 U+3093 1329 1034 106 107 U+3092 436 962 104 92 U+308B 1781 1820 81 109 U+305B 1467 724 88 70 U+3060 2019 1529 133 138 U+3066 304 2672 83 105 U+304F 160 1111 51 99 U+3046 747 823 44 122 U+30CF 1908 653 103 61 U+3057 284 1331 102 96 U+3053 1613 1136 84 95 U+304F 460 1883 53 112 U+3093 1169 1766 116 89 U+3093 1028 720 114 83 U+306A 740 2926 74 94 U+4E4B 908 2436 40 96 U+3093 574 1004 125 86 U+6240 1618 2466 95 96 U+6C34 1632 3175 70 127 U+5019 1780 2522 85 90 U+306B 148 2422 93 89 U+3053 901 380 52 87 U+30CF 873 1639 96 63 U+6C34 1183 3068 82 117 U+307B 1614 2082 91 106 U+79D8 2177 1071 140 150 U+3093 1321 1218 115 95 U+3079 283 2862 121 68 U+4E8C 1186 2870 90 64 U+306B 1763 370 109 85 U+3076 722 1818 109 114 U+3066 300 2387 81 117 U+308A 759 1926 53 108 U+304D 754 3128 60 120 U+6284 2177 1384 125 166 U+5C11 1033 2237 84 106 U+30CF 1629 1868 88 66 U+308D 432 1135 96 100 U+3058 1066 3210 54 141 U+304D 1634 2347 67 129 U+3058 1208 1805 49 169 U+3062 1483 1126 64 104 U+3093 298 2213 108 88 U+3092 591 1914 89 83 U+3057 289 1916 104 82 U+305F 1784 2354 55 90 U+3052 295 2126 107 110 U+3093 876 1345 106 75 U+3079 431 2726 112 67 U+30DF 1943 2998 40 93 U+3053 893 2090 51 79 U+3066 154 2980 70 95 U+305D 1932 2871 64 93 U+3067 738 1113 98 95 U+304B 1645 1961 43 65 U+3055 1182 2200 68 80 U+305B 1312 1132 85 85 U+3064 1616 2027 103 73 U+3075 715 936 111 96 U+4E5F 1782 2599 104 56 U+304A 586 1986 94 70 U+3058 877 1252 96 95 U+3042 1033 1214 83 111 U+3058 1067 760 51 155 U+4E00 1309 2311 105 25 U+3068 1200 854 55 114 U+4E5F 151 1402 103 72 U+3088 167 1030 38 85 U+3073 436 873 95 107 U+307F 576 389 119 72 U+30D0 1622 3134 93 61 U+3088 465 1799 44 92 U+305F 141 1942 98 95 U+30CF 290 472 100 63 U+304B 608 1758 31 65 U+3057 471 1201 24 147 U+4E00 2019 1136 133 38 U+304B 610 1550 32 52 U+3057 928 462 23 121 U+3075 1905 1855 92 94 U+3044 1312 1728 101 73 U+305B 1172 1693 84 74 U+3084 869 1117 107 55 U+3075 300 1704 92 76 U+4E09 1778 561 77 76 U+304E 1479 3131 87 128 U+307B 724 2502 99 112 U+3059 164 534 60 122 U+304B 1342 2038 41 77 U+3068 738 741 67 64 U+304C 173 2906 69 68 U+4E00 1616 2819 100 29 U+4E00 1171 1461 93 26 U+307E 2042 1358 92 162 U+3057 1209 2059 28 134 U+3060 1623 1669 106 106 U+305B 601 922 68 84 U+3060 1023 1456 88 100 U+3057 874 652 107 145 U+304D 1783 2868 70 99 U+3053 1185 1974 54 87 U+306B 140 388 101 85 U+3078 431 1768 123 58 U+308C 1766 2445 104 100 U+305B 1609 823 85 73 U+4E09 1917 1267 86 85 U+308A 1047 1323 54 122 U+3064 1030 1831 86 84 seg_fp 769 2835 34 89 U+307B 1623 591 89 113 U+308A 1342 1792 52 90 U+3088 1492 2853 49 119 U+3082 1063 1100 45 124 U+304B 905 1710 34 56 U+9152 1028 1632 99 123 U+3075 164 1699 64 64 U+3084 155 2844 83 63 U+305A 288 946 104 117 U+3055 452 775 62 101 U+304B 1348 1504 34 60 U+5019 1344 1617 40 96 U+306B 1915 2118 78 92 U+307E 1178 2274 88 129 U+3057 2080 1969 41 219 U+6709 612 2747 58 118 U+3057 781 2397 24 131 U+304B 1054 1772 33 60 U+305F 1632 1253 56 135 U+3066 1486 1692 62 97 U+305B 1770 982 75 66 U+3068 312 1052 47 107 U+3060 885 1468 81 88 U+3046 913 1165 26 99 U+3057 1067 1554 23 96 U+3059 435 486 82 89 U+7533 457 2775 48 98 U+3069 1489 2395 73 90 U+6C34 1778 452 81 91 U+3068 618 2053 42 100 U+767D 299 861 83 96 U+304B 761 2656 42 82 U+6642 1766 1926 94 87 U+5165 1176 3291 117 67 U+304F 1794 2057 44 95 seg_fp 295 3039 93 60 seg_fp 635 2150 23 118 U+3057 1369 2789 19 103 U+3046 921 3137 30 73 U+304F 1935 1944 47 86 U+5347 1199 2935 63 131 U+305B 1049 648 68 74 U+3042 314 3179 74 110 U+3057 1677 1763 25 105 U+30D0 440 586 89 66 U+305A 284 383 90 85 U+308C 1924 2735 88 81 U+306B 1769 2693 93 84 U+3058 908 3205 78 82 U+3082 617 2350 50 124 U+304F 742 1348 53 97 U+4E00 1048 2857 79 20 U+3057 899 3003 75 83 U+5347 1174 3181 98 112 U+3046 487 3084 30 85 U+5019 1484 1603 45 114 U+3057 160 1495 85 75 U+308F 628 3020 40 95 U+304F 1374 776 26 69 U+3089 1663 3058 22 77 U+3055 622 3115 47 67 seg_fp 621 1047 16 171 U+305F 1915 2667 76 72 U+3057 878 1036 89 75 U+3069 767 3011 69 113 U+3089 344 3099 20 71 seg_fp 305 2910 53 133 seg_fp 907 3290 62 47 U+30CF 149 1862 87 51 U+3056 766 3257 56 91 U+524D 303 715 93 129 U+3057 329 2245 20 146 U+307B 1028 1886 89 78 U+304C 757 1284 77 81 U+3084 886 3088 100 46 U+3082 158 1576 68 111 U+304B 1069 967 29 66 U+30DF 1939 2801 38 68 U+3075 1761 1978 89 77 U+3057 915 1556 22 87 U+3057 1663 1219 28 117 seg_fp 618 3181 83 70 U+304C 479 3170 66 60 U+3057 446 2965 100 113 U+4E00 1638 3322 78 19 seg_fp 1065 1925 22 83 seg_fp 623 2877 28 68 U+6C34 155 3086 84 118 seg_fp 625 2948 51 46 seg_fp 338 2909 42 66,200022050-00004_2
U+3059 2154 1560 110 139 U+306B 973 2479 110 104 U+306B 1736 392 102 105 U+306B 2019 515 106 101 U+90E8 1094 1786 182 276 U+306B 1420 2120 109 94 U+306B 1422 2520 104 91 U+306B 1998 3130 110 99 U+3066 683 1390 90 109 U+305F 968 2890 119 100 U+3092 2157 1467 106 88 U+5019 1573 2011 87 94 U+3066 2027 596 82 111 U+5165 1546 3011 121 75 U+3092 241 2558 102 92 U+516B 1089 1036 171 121 U+3092 1704 3211 99 73 U+3092 816 3284 109 82 U+306B 248 388 107 86 U+540C 249 1602 95 104 U+3092 1860 711 117 89 U+3059 231 3089 97 122 U+304D 414 387 66 131 U+3064 550 456 88 69 U+5019 682 1997 100 86 U+3092 1420 996 110 92 U+5207 1857 1781 113 79 U+306B 712 638 57 96 U+306B 386 933 111 106 U+3042 2033 708 78 102 U+5C0F 1998 2910 108 91 U+3042 2163 2199 81 121 U+306B 971 2144 111 108 U+3048 975 2234 106 119 U+3042 1414 2780 92 116 U+307B 553 527 96 91 U+3042 987 3147 79 105 U+5185 1580 1428 96 104 U+3066 1432 2206 78 108 U+3044 687 592 104 66 U+3060 383 3182 94 98 U+3044 1416 768 101 70 U+3044 2016 1149 106 65 U+3082 2044 1550 53 118 U+9152 829 1596 109 115 U+308A 1282 384 81 110 U+306E 1553 2444 117 104 U+3093 535 1351 114 105 U+306B 1859 2254 101 102 U+3059 2032 392 83 127 U+308F 2179 3064 45 93 U+5207 1717 1198 107 80 U+30CF 672 3134 98 53 U+306F 1583 2524 63 117 U+3066 1570 3072 74 89 U+306A 840 2236 71 120 U+3081 1423 3119 81 85 U+3046 1592 2352 40 124 U+3082 2028 2769 51 134 U+3066 1873 2344 80 112 U+3092 1414 2900 98 101 U+5409 675 2466 92 108 U+307B 1282 595 93 105 U+3092 1427 501 92 74 U+5019 2028 950 95 84 U+3066 2015 3202 78 93 U+306E 1111 1650 141 143 U+307E 698 478 67 108 U+3059 2189 1331 61 140 U+308A 1897 1107 60 110 U+3042 1885 902 80 109 U+306B 2020 1451 100 99 U+3042 1867 2446 81 114 U+3044 243 1715 89 67 U+3072 836 387 89 92 U+5165 1692 2728 121 67 U+4ED8 1870 798 106 115 U+306B 391 1217 105 105 U+3051 401 1096 90 123 U+3051 1710 3023 86 108 U+307B 535 2596 95 102 U+3042 1583 1759 77 112 U+304B 820 1950 110 87 U+6728 1590 505 92 113 U+5019 392 2671 86 78 U+3066 2017 2668 79 104 U+3051 680 2359 86 110 U+304A 683 729 103 66 U+3086 969 2356 96 128 U+3055 1582 2097 68 76 U+5C0F 1711 2207 105 92 U+3051 105 1351 89 107 U+3082 271 451 45 97 U+3044 388 3292 98 82 U+3044 393 785 87 69 U+306B 2003 2575 109 108 U+3044 2171 891 87 72 U+3044 2163 1890 93 82 U+3086 1428 1269 94 94 U+5019 255 1501 92 96 U+3059 417 526 48 133 U+304D 401 3058 61 129 U+3044 1722 1929 82 73 U+5019 841 1139 88 89 U+3059 1731 1606 65 113 U+5409 1724 903 93 114 U+304D 1575 2650 63 108 U+4ED5 239 1402 118 96 U+3092 1727 583 112 100 U+308A 700 1898 58 114 U+3064 398 1034 89 63 U+305B 1555 2267 103 74 U+308A 273 1778 52 111 U+3044 250 990 93 71 U+308A 993 2033 72 135 U+3052 683 1263 112 136 U+307B 1587 1004 93 92 U+53F3 1567 1205 105 102 U+306A 2167 2757 74 112 U+3046 1616 1100 39 114 U+3066 2175 1690 71 113 U+307B 548 877 93 114 U+3057 1273 504 93 87 U+3092 977 981 110 82 U+308A 1588 388 85 110 U+306B 100 2957 94 94 U+304B 698 2568 43 70 U+3081 2177 1028 91 110 U+307E 1424 2998 67 119 U+5165 966 2573 131 90 U+3044 823 1421 95 75 U+3066 1714 2627 80 105 U+3086 1876 614 92 113 U+304D 405 666 67 127 U+5408 1559 1656 142 94 U+3082 267 1248 68 130 U+305D 2184 1135 61 105 U+3066 261 1157 85 107 U+3081 1719 1836 96 90 U+3042 1436 387 87 96 U+3044 678 2083 92 70 U+308A 1883 3134 51 90 U+7B2C 1104 789 140 240 U+3052 1280 753 102 119 U+7530 1725 1279 97 81 U+3092 1414 3214 98 68 U+307F 545 982 103 130 U+5165 2142 3003 125 76 U+3053 703 1068 56 95 U+30CF 1732 803 79 59 U+304F 843 716 76 81 U+3092 388 1496 102 97 U+308A 273 561 60 104 U+3066 1280 1119 77 115 U+308C 2033 1209 69 142 U+3044 826 3187 94 80 U+5019 2024 1773 92 85 U+5DDD 534 1953 94 116 U+308B 982 2961 83 114 U+3053 1879 1391 63 83 U+4ED5 2014 1667 107 109 U+3042 1438 582 71 92 U+3046 267 2922 42 108 U+3093 543 795 111 94 U+304C 260 3006 84 90 U+3051 246 1976 93 120 U+3055 2164 3175 66 95 U+3093 1274 859 117 103 U+3088 704 3173 38 99 U+5409 243 773 92 110 U+53F3 382 2741 98 118 U+3081 401 1955 80 105 U+3055 1111 1161 112 143 U+306E 2172 1244 93 109 U+304D 977 1518 94 104 U+7F6E 836 2504 95 130 U+304B 408 2965 46 90 U+308A 862 1489 47 101 U+305F 822 3081 94 103 U+305F 2163 1786 93 106 U+9CE5 2019 2998 70 143 U+9CE5 2041 1015 70 143 U+3064 839 629 97 110 U+3057 392 1769 89 83 U+3057 2175 396 90 81 U+304F 1435 2400 62 114 U+3093 535 1163 129 103 U+3052 1586 754 108 143 U+305F 826 2870 92 98 U+3076 1855 1008 124 103 U+304D 558 1246 55 111 U+307F 1093 1485 162 166 U+308A 2197 794 56 109 U+4E8B 855 1215 54 130 U+308A 1449 2008 57 122 U+305F 520 3195 99 85 U+3091 96 3039 96 85 U+308F 2175 2318 54 126 U+30CF 107 893 84 56 U+308A 1455 830 48 90 U+30DF 1589 2897 47 101 U+304F 1745 687 60 110 U+3064 525 2520 96 77 U+3061 2021 2023 82 83 U+4E4B 415 2859 51 116 U+3042 1718 3117 79 89 U+5C11 2177 590 100 112 U+308A 1744 1995 47 96 U+3042 1865 2826 70 110 U+3064 1724 1363 98 67 U+3059 1750 471 70 132 U+308B 1735 1717 65 120 U+3042 247 2443 89 103 U+3075 2162 709 98 85 U+3072 2156 2444 100 119 U+53D6 1579 1517 80 135 U+3053 1729 2100 78 102 U+4E5F 835 1353 108 74 U+3066 1427 1516 78 100 U+3093 1713 1082 120 111 U+3093 1567 2170 114 102 U+3046 1736 3287 37 88 U+3051 398 1650 82 113 U+3055 112 783 66 105 U+3060 1423 1601 115 101 U+308A 411 2310 55 99 U+3054 1743 1011 73 77 U+3057 1874 388 92 90 U+305F 387 2404 97 108 U+305F 410 854 68 80 U+6642 969 3062 102 90 U+3042 2022 2120 79 121 U+308A 699 3271 51 106 U+3044 1855 3075 93 61 U+305D 691 1171 75 114 U+306B 284 1057 41 101 U+304F 1440 1173 54 106 U+3084 99 1535 102 67 U+305F 1434 1763 64 118 U+3057 984 386 104 87 U+304C 536 387 141 70 U+308D 976 1139 95 108 U+308A 1749 1500 57 111 U+3078 1708 867 130 59 U+307E 1426 1887 90 124 U+3064 390 2176 96 64 U+5409 103 1892 85 110 U+306B 1427 1359 93 102 U+308A 857 798 59 106 U+3093 542 1494 123 103 U+3084 1873 478 97 59 U+304E 2177 2049 73 137 U+3075 975 591 103 72 U+304B 1303 705 44 69 U+3066 400 2052 76 125 U+3053 1446 920 61 86 U+306D 675 1669 109 120 U+304A 526 2680 101 70 U+3064 99 2711 92 73 U+3057 109 1450 89 85 U+306B 979 1819 104 110 U+304A 976 1063 97 78 U+3066 1441 2680 74 105 U+3044 976 880 103 86 U+305A 2004 1348 109 122 U+307B 2177 492 73 102 U+304F 1588 620 83 81 U+3046 136 1592 35 106 U+304F 552 603 68 90 U+5C0F 527 1877 109 88 U+306D 552 700 82 105 U+3091 387 1308 100 87 U+305F 2181 950 72 82 U+3054 1602 887 79 105 U+3059 251 2654 91 136 U+306B 1866 1678 99 98 U+3078 2015 815 123 61 U+305F 830 885 99 103 U+304F 403 2228 59 81 U+751F 544 2333 78 121 U+3088 1006 1399 48 114 U+308A 135 1171 47 93 U+3088 1449 2302 41 105 U+3086 392 1392 88 103 U+3065 2007 2414 101 75 U+3082 998 479 82 104 U+3082 702 1767 53 139 U+304F 109 2760 67 90 U+304D 1722 2503 68 126 U+3057 237 2784 93 85 U+304D 994 1915 67 117 U+3088 1588 3162 42 97 U+3042 1276 1233 77 132 U+3044 2152 2672 99 94 U+3056 255 1867 91 108 U+308A 125 2850 48 105 U+304B 571 1108 35 59 U+309D 564 3262 51 100 U+3089 1733 2839 39 101 U+3073 2153 3279 94 104 U+3057 1155 1299 46 199 U+304F 544 3104 48 92 U+3084 237 2869 102 57 U+3059 1408 3281 98 100 U+304B 708 1488 45 69 U+3084 827 475 103 65 U+305B 2011 1943 95 76 U+751F 111 382 72 94 U+3082 2030 3278 49 123 U+304B 1893 1853 37 62 U+3088 852 1697 49 99 U+3046 1897 534 43 98 U+3046 2031 2320 49 121 U+307E 1878 1483 64 124 U+3088 1456 1087 38 93 U+3044 830 2971 97 73 U+308D 978 1708 97 116 U+3055 692 1556 65 105 U+4E4B 1608 1308 51 119 U+3057 868 1796 31 164 U+3051 684 2986 64 71 U+3078 1845 2569 136 65 U+30CF 1842 2997 106 59 U+30DF 998 2812 59 93 U+3056 1863 3228 66 70 U+3093 662 3055 118 79 U+3056 1723 2914 85 113 U+3078 1553 1872 123 65 U+5019 1861 2603 82 74 U+3057 569 2832 22 169 U+3051 991 3254 80 116 U+3059 102 1764 90 130 U+3057 1608 3256 20 125 U+3059 96 2460 86 109 U+3053 264 890 52 91 U+5019 1279 1419 86 93 U+3057 725 888 22 182 U+3044 93 1088 95 84 U+305F 992 773 73 99 U+3057 1019 1207 24 196 U+305A 1877 2102 71 164 U+3086 98 3126 81 89 U+3078 1845 2939 114 66 U+304B 93 3304 104 75 U+304F 1743 1423 60 77 U+304B 1741 2775 33 71 U+9CE5 1727 2299 65 155 U+304D 554 2207 61 117 U+3089 2209 1968 31 73 U+3066 1884 1287 66 102 U+308A 1016 662 49 93 U+304B 565 1424 41 74 U+308D 527 2785 97 72 U+3057 854 2063 55 163 U+3088 265 3204 44 93 U+308D 681 818 105 100 U+3057 1872 1937 70 165 U+30DF 413 2565 50 95 U+308A 694 2152 64 119 U+3057 969 2622 98 96 U+3069 852 2344 79 152 U+3089 104 2212 87 124 U+3053 996 1599 58 108 U+3078 1407 671 141 70 U+3056 113 1255 89 98 U+5408 260 668 109 96 U+3088 555 2999 41 109 U+5019 1456 2609 28 71 U+6C34 1860 2716 85 109 U+3057 578 1695 23 157 U+3051 1861 3291 87 97 U+304D 841 2732 71 139 U+3092 90 3217 93 79 U+304D 257 2305 73 120 U+3089 1899 1911 31 113 U+3089 1008 2713 40 103 U+3084 1698 2440 108 70 U+3078 1260 1375 118 57 U+304C 122 1687 70 86 U+3057 1300 940 28 178 U+3089 139 951 28 109 U+3078 2002 2247 129 62 U+3089 711 2633 31 125 U+305F 2176 2549 55 125 U+305F 548 2015 62 117 U+3068 117 699 52 79 U+304F 115 2605 49 100 U+7533 2051 846 43 105 U+7533 1591 1906 44 115 U+3089 2056 2492 28 96 U+304B 1885 1607 39 76 U+3059 259 2113 67 110 U+304F 104 2032 72 85 U+5019 1901 1206 33 79 U+3056 1575 2763 77 128 U+3088 569 1572 36 122 U+3057 1473 1694 38 135 U+4E09 698 391 88 90 U+3089 419 1851 45 111 U+3057 879 537 17 107 U+3057 281 3295 17 89 U+304B 850 2655 45 82 U+3069 2181 2848 54 147 U+309E 281 2227 56 76 U+3057 1482 1437 27 135 U+304B 2047 1885 35 72 U+309E 576 2140 52 59 U+3057 137 2118 31 120 U+3046 111 2361 57 119 U+304C 561 2452 41 69 U+3056 687 2250 83 103 U+3064 99 531 93 81 seg_fp 1615 707 37 82 U+304A 679 2812 71 59 U+3057 685 2660 75 157 seg_fp 694 2813 74 178 U+30DF 864 1045 40 101 U+307B 102 606 60 97 seg_fp 136 484 39 61 U+304B 420 1594 29 61 seg_fp 0 406 40 111 U+309D 425 2510 36 52 seg_fp 121 2559 36 60 seg_fp 561 2743 30 47 U+309D 872 990 30 53 seg_fp 721 798 30 39,200022050-00011_1
U+306B 2091 2333 103 92 U+30CF 1073 1523 94 60 U+30CF 1660 2285 90 63 U+3092 2220 2804 107 87 U+5341 1758 1113 158 201 U+3044 324 1458 102 75 U+307B 1650 2444 114 107 U+306E 2090 785 92 77 U+3044 760 436 112 87 U+7C73 922 666 96 144 U+3092 1206 451 123 94 U+30CF 1068 660 97 56 U+5206 936 908 83 139 U+3044 2230 2355 89 68 U+306B 767 1058 109 110 U+306B 2241 1714 94 103 U+306B 1652 2740 104 106 U+308C 332 632 75 113 U+3061 939 559 73 109 U+3092 750 2113 119 99 U+306E 1349 3301 108 108 U+3066 913 2213 84 103 U+5019 2239 2265 84 86 U+3066 1510 1151 89 108 U+3044 326 1194 97 77 U+308B 925 1176 77 122 U+306B 1506 1063 107 108 U+3061 2100 868 91 111 U+5409 473 1660 86 118 U+6C41 612 683 95 115 U+3092 2076 448 121 89 U+304F 1373 1173 47 112 U+306C 1346 3199 113 92 U+306B 1072 1574 94 100 U+306B 181 1950 103 102 U+3092 2079 1099 120 91 U+3072 1218 1497 91 110 U+306E 1208 1391 107 107 U+304F 1073 705 82 75 U+3072 1058 797 107 109 U+306B 1362 1981 107 96 U+3066 2088 2230 73 105 U+5165 1342 3128 131 76 U+3066 2100 691 77 96 U+5165 465 803 112 82 U+306B 2233 2099 104 92 U+590F 1658 2123 94 152 U+306E 615 2290 97 103 U+3044 2091 551 90 60 U+306E 910 1294 107 99 U+5347 1669 3070 76 122 U+3066 772 1154 91 111 U+3057 1647 2348 110 89 U+3066 321 759 91 106 U+308A 2268 2418 41 89 U+5409 1066 2408 91 125 U+306B 1357 3022 102 88 U+307B 327 2769 94 102 U+5019 2100 2507 85 74 U+3064 619 2766 92 66 U+5019 624 607 75 79 U+3057 1213 546 109 87 U+3076 1925 848 127 92 U+540C 617 1146 93 102 U+5019 336 1537 91 78 U+3042 335 1065 74 123 U+3082 1373 708 70 119 U+306C 322 553 99 79 U+306B 606 433 116 97 U+306B 1507 2332 104 97 U+306E 606 1752 113 83 U+3051 480 599 82 91 U+306B 1508 1809 106 93 U+306B 1217 1007 94 102 U+3044 2085 1249 89 64 U+6C41 1070 1377 96 141 U+306E 1770 1892 141 155 U+7A0B 1500 1694 114 123 U+3066 1527 2413 67 105 U+3044 1644 868 96 79 U+3051 2100 2826 74 105 U+3051 628 2841 86 110 U+306D 1938 751 108 113 U+306A 489 862 60 109 U+3042 631 3169 79 117 U+5165 1643 3192 122 85 U+6709 1955 445 74 132 U+5165 2077 1191 118 81 U+306B 2245 1181 105 87 U+305F 2108 1530 60 98 U+305F 766 1950 95 94 U+3052 1509 1295 112 126 U+306B 897 2539 117 103 U+3046 1095 2750 40 139 U+53C8 1067 1909 123 102 U+5019 1078 1287 77 86 U+306B 619 2670 102 109 U+56DB 907 1522 94 71 U+306B 1362 642 104 92 U+307B 1511 889 91 89 U+306B 1216 1891 107 102 U+5019 1656 1390 100 88 U+3064 1507 2736 102 83 U+306B 473 699 94 105 U+308C 1050 2094 122 108 U+3061 1954 1320 77 101 U+3064 476 3154 93 68 U+5409 1203 3094 91 122 U+3075 2073 3197 115 97 U+306C 1061 1683 113 84 U+306A 346 1753 58 108 U+3059 1502 2202 98 134 U+3086 1938 2455 101 126 U+3046 937 1042 49 130 U+3044 911 2823 98 74 U+3081 1365 1469 103 106 U+305B 1064 2656 95 94 U+304F 495 2540 42 130 U+306A 1373 1573 82 112 U+3061 334 955 77 110 U+3053 1085 2547 57 93 U+7C73 910 1374 104 141 U+3052 2097 1931 74 108 U+3081 1356 2557 99 107 U+3066 483 1561 79 109 U+3044 2092 2588 89 58 U+306B 762 834 113 110 U+304D 1087 1769 66 146 U+3046 796 2028 42 121 U+306B 1356 456 100 92 U+5171 2252 1084 88 91 U+305F 1080 1982 62 116 U+7A0B 765 2821 98 131 U+306D 2251 987 81 101 U+3046 647 839 37 108 U+3051 474 1975 86 107 U+3056 777 1834 95 116 U+3046 1676 446 51 112 U+304A 475 2658 103 70 U+3066 2249 1791 87 109 U+308A 2125 1309 45 89 U+6C34 1665 2815 83 151 U+3072 1353 1273 116 101 U+6885 1055 2885 101 109 U+3082 2118 2909 50 123 U+3051 484 3214 80 96 U+3059 314 1955 90 111 U+308A 2267 1610 57 115 U+8EAB 2100 978 68 124 U+30CF 619 796 90 57 U+516D 919 813 99 103 U+304A 478 523 85 69 U+305B 1500 2889 103 88 U+3046 652 2045 34 132 U+306B 914 2028 96 110 U+305F 2241 1430 95 100 U+7B2C 1774 866 136 245 U+304B 1090 441 52 67 U+3082 503 2724 54 123 U+3060 1768 1545 165 166 U+898B 1064 1077 106 126 U+3053 491 2266 60 86 U+3053 342 429 63 118 U+5165 1927 1639 125 86 U+3060 2254 1240 97 87 U+305F 194 1549 65 98 U+3066 185 2381 75 120 U+3066 1224 1174 79 104 U+5206 935 1588 78 130 U+305F 636 1355 57 93 U+306B 764 2939 96 94 U+3042 486 2361 84 99 U+6C34 627 2531 86 133 U+304B 347 2867 44 75 U+3081 1217 638 90 94 U+30CF 2105 3131 69 73 U+308A 2116 1741 47 118 U+308C 179 1642 96 105 U+308C 485 2077 75 121 U+306C 1213 1659 111 89 U+304F 930 2876 56 112 U+308A 2123 599 41 78 U+3072 1350 2840 95 105 U+3052 326 2922 90 123 U+304D 1520 1573 77 134 U+3081 768 3268 80 76 U+3075 1210 850 96 87 U+304D 199 1348 65 122 U+3052 1072 496 102 110 U+3066 1221 2988 74 114 U+3082 925 3133 63 116 U+3093 1513 1403 114 95 U+6C34 1517 970 82 113 U+305D 1084 2285 64 125 U+3075 320 1263 92 96 U+308A 2122 2646 49 87 U+3064 1349 2943 107 75 U+304B 2228 2647 95 78 U+3082 946 431 50 127 U+304D 783 2468 63 111 U+305F 174 2276 93 104 U+3046 345 3286 43 134 U+3084 1337 1811 132 88 U+5EA6 914 3002 100 126 U+6253 314 3116 107 106 U+3082 2262 2726 48 94 U+3066 633 3075 75 108 U+3064 762 2218 103 77 U+3093 1770 1706 146 181 U+3053 929 1912 68 101 U+306D 1499 2001 113 111 U+306D 763 1356 105 113 U+3060 2082 1375 123 109 U+308A 1965 660 59 111 U+6BD4 1515 3322 101 91 U+3057 316 2675 103 85 U+306A 1957 1419 67 101 U+524D 625 1244 100 108 U+53C8 175 1473 116 108 U+3068 341 869 61 71 U+307E 2093 1630 89 115 U+3052 630 3285 105 130 U+304D 787 621 69 120 U+7C73 618 1607 100 147 U+304B 1690 927 38 67 U+306B 186 1156 78 89 U+3093 621 1029 98 112 U+3093 762 2574 112 102 U+308D 760 1720 97 122 U+304B 2107 1856 46 74 U+3057 1216 1083 96 90 U+304D 1383 1354 71 120 U+3051 924 2713 81 113 U+3066 773 3336 85 95 U+3046 1247 1802 34 104 U+4E8B 347 1608 52 149 U+304B 1531 1254 52 67 U+3088 794 497 49 115 U+306C 178 1254 104 86 U+7533 2126 2406 36 105 U+4ED8 468 1432 102 137 U+6BD4 772 738 94 95 U+3093 765 2718 117 96 U+5409 2235 445 108 106 U+304D 1383 1685 63 124 U+3044 1063 3115 98 72 U+3057 1653 1677 95 99 U+3064 1352 928 111 67 U+3044 1353 546 104 60 U+3088 1538 1464 47 109 U+4E2D 765 1470 98 111 seg_fp 190 1060 109 83 U+304F 2105 3028 62 99 U+3053 1669 786 61 79 U+3084 608 1999 112 48 U+306C 906 2437 111 103 U+3064 2236 2904 75 85 U+5347 1519 523 74 129 U+51FA 1214 2699 99 84 U+5409 1945 1702 79 120 U+304D 342 2501 66 141 U+3059 1959 1829 65 126 U+30C4 1213 2446 101 61 U+308B 780 3160 67 101 U+305B 1943 580 90 78 U+6577 479 3018 86 131 U+6253 1200 2876 103 116 U+3086 1211 3207 88 110 U+6577 2238 1964 94 131 U+304B 1676 1885 44 76 U+304B 1970 931 48 66 U+30DF 794 2353 51 100 U+3053 791 1248 58 96 U+305F 1226 941 74 66 U+6C34 783 948 81 130 U+3066 477 433 79 106 U+5C11 627 2173 96 118 U+3052 1660 1957 76 101 U+308A 346 2282 54 102 U+304F 1383 2151 46 132 U+304B 1245 1584 41 74 U+90E8 1774 2058 151 315 U+305D 190 2896 64 98 U+4E45 2225 1875 120 108 U+307B 2242 888 99 102 U+3046 1530 2112 46 112 U+3053 1526 1896 65 96 U+9CE5 2256 2507 54 144 U+308B 345 1361 65 99 U+304D 1523 3199 64 130 U+98A8 1208 1267 123 121 U+51AC 1653 3242 106 132 U+30CF 1673 3361 93 64 U+3086 167 2497 101 113 U+3093 1656 2058 102 93 U+3067 1211 3318 93 106 U+307B 1657 1775 91 96 U+305D 197 1832 67 120 U+3093 1656 635 107 102 U+3046 1389 1886 37 109 U+30D0 476 2203 104 69 U+3093 1066 586 112 78 U+3082 1673 1555 54 115 U+3084 309 3225 113 69 U+308F 1962 2136 54 112 U+304B 214 2019 36 75 U+30DF 509 973 40 98 U+304B 789 2659 37 65 U+304B 1546 2818 31 82 U+304F 1527 2621 51 117 U+4E09 1654 2968 96 104 U+3068 1682 1452 33 98 U+3057 1983 2700 35 214 U+3044 1942 1959 95 84 U+3046 1383 832 46 106 U+307B 1655 995 100 98 U+3073 1937 2344 104 126 U+53D6 1220 2566 76 141 U+7F6E 1220 2226 102 123 U+4E00 1207 2381 99 32 U+304D 928 2314 67 116 U+3080 322 2396 94 103 U+3057 1500 786 103 94 U+3066 1084 966 64 104 U+308B 1365 2424 78 126 U+6253 1648 1204 90 101 U+3046 210 426 43 104 U+307E 2266 1497 51 115 U+306F 491 1783 49 106 U+7533 1090 1182 37 121 U+5347 1667 2595 72 148 U+3088 1391 2053 42 103 U+53E3 1958 2045 71 78 U+307E 1370 2283 57 128 U+4E94 1506 449 108 98 U+304F 779 1605 69 109 U+304F 493 1165 47 123 U+305F 1947 1238 91 93 U+3088 1540 2515 43 111 U+3069 1670 534 89 111 U+3089 1077 3192 65 102 U+6C41 182 942 90 117 U+3057 2277 1329 28 121 U+7533 643 496 32 117 U+3066 1231 2126 67 105 U+3051 1067 3013 83 105 U+304B 939 2638 36 73 U+5165 1503 662 117 77 U+304F 1355 994 80 86 U+3056 2106 2727 83 96 U+7533 1677 1288 49 114 U+3057 1411 1077 22 124 U+3093 324 3034 102 90 U+307E 787 3023 50 134 U+3057 1272 726 29 152 U+3078 764 1579 116 55 U+3046 207 2996 35 124 U+3084 619 2957 107 51 U+304A 469 1275 86 68 U+3084 464 1898 105 79 U+30DF 1099 2173 39 100 U+3086 2245 568 90 92 U+3057 183 2132 75 146 U+7389 1512 2982 101 105 U+9593 632 2403 68 125 U+3057 625 1484 61 128 U+3067 2259 659 63 107 U+3088 502 1066 42 105 U+304B 647 1802 37 76 U+3093 2095 2034 82 81 U+4E8B 2117 3282 55 135 U+304F 928 1814 51 108 U+308A 2258 3050 42 114 U+3055 1950 2250 64 94 U+3069 1969 1488 79 141 U+3084 1223 1750 90 57 U+3093 188 635 70 75 U+3057 662 1875 19 121 U+3088 1527 3080 50 102 U+309D 656 1448 29 82 U+3089 369 1865 21 74 U+524D 191 817 88 122 U+3081 186 3116 63 101 U+3057 1272 2772 21 116 U+3057 2146 1466 30 110 U+3057 970 2128 28 131 seg_fp 2249 2996 52 53 U+3069 1683 1089 55 121 U+305A 190 2744 64 150 U+3057 2126 2090 21 145 U+3069 643 935 70 96 U+3093 1063 3293 113 98 U+5019 1100 879 35 95 U+3089 525 2457 27 114 U+308B 929 3342 62 82 seg_fp 938 3263 44 67 U+30DF 212 1732 34 97 U+30FD 1256 2508 24 50 U+5019 508 3285 33 65 seg_fp 2232 3205 73 125 seg_fp 649 3000 32 84 U+3057 1255 1965 20 161 U+304D 1957 1107 66 136 U+9CE5 2253 761 74 122 U+3069 200 531 78 71 seg_fp 189 3316 51 61 U+3066 1367 2742 74 101 U+5019 336 2067 72 80 U+304B 1393 581 25 60 U+3078 464 3355 126 58 U+3088 933 1715 51 105 U+304F 188 2644 65 98 U+7533 2267 2149 25 127 U+3089 222 2090 24 113 U+3057 535 1324 16 117 U+30CF 2239 3333 69 83 U+540C 188 744 78 64 U+4E00 1648 2566 106 33 U+304D 341 2175 54 110 U+304F 1947 1036 81 54 U+3088 1970 2580 48 121 U+309D 804 2296 33 53 seg_fp 2248 3139 48 63 seg_fp 0 724 60 105 U+3057 518 2842 23 106 U+5019 1381 2669 34 81 U+3054 1799 1372 118 137 U+3066 1518 721 70 87 U+4E45 468 2970 109 81 seg_fp 189 3215 54 89 seg_fp 179 3380 87 50 seg_fp 495 2936 55 49 seg_fp 0 2825 19 138 seg_fp 1982 997 22 35,200022050-00013_1
U+306B 890 527 98 91 U+4E8C 1495 409 86 64 U+306A 1338 3004 72 114 U+3090 893 2826 86 89 U+30CF 900 1725 84 55 U+3092 585 2788 117 105 U+306E 301 1315 94 96 U+3092 278 2447 122 105 U+3092 1315 2857 126 79 U+5019 894 1562 101 100 U+5F15 445 1475 100 125 U+5341 1911 1193 149 158 U+3064 1037 2519 107 74 U+3092 1623 1628 116 87 U+3092 731 2216 119 81 U+3051 903 656 83 122 U+3092 1473 1215 111 85 U+307B 740 2118 96 109 U+3092 438 1380 116 88 U+30CF 896 2519 89 62 U+3044 1033 1235 107 71 U+3044 592 1424 99 75 U+305F 1486 1303 108 104 U+3066 452 2429 89 114 U+3042 1641 2330 78 114 U+4E45 883 2580 113 128 U+306B 1638 2228 93 106 U+30CF 1326 2946 101 56 U+4ED5 2061 682 109 114 U+30CF 602 1363 89 56 U+308F 1660 1291 54 102 U+5409 886 2091 102 120 U+3092 1187 1692 113 107 U+306B 303 1514 107 110 U+3051 599 1022 91 108 U+308D 590 2001 96 100 U+306B 1633 1213 110 95 U+304D 1484 901 102 105 U+305F 1632 1719 108 105 U+3066 1048 1127 83 105 U+3066 2076 487 83 99 U+3044 887 1788 100 78 U+306B 1035 2414 107 111 U+5347 308 397 74 128 U+306B 1632 1409 108 98 U+30CF 163 1828 82 55 U+3044 296 1237 106 90 U+304D 1925 2206 123 206 U+307B 1195 1148 98 101 U+3090 589 2308 100 109 U+304B 448 2545 101 72 U+3066 1769 3085 93 112 U+306E 1911 2374 206 151 U+3092 1627 2914 104 90 U+3089 1355 400 69 115 U+3064 1041 760 98 112 U+306B 1630 398 99 93 U+3044 592 1926 93 71 U+3066 315 1613 73 113 U+3046 1362 2746 42 106 U+5409 1324 1711 114 117 U+306B 2070 397 90 106 U+3064 888 608 93 66 U+3042 896 2222 84 108 U+706B 1636 1512 102 113 U+3081 1344 1282 96 102 U+3051 1046 2598 88 127 U+307E 1498 798 68 106 U+30DF 916 2414 46 96 U+304F 618 646 42 121 U+308F 474 1574 54 108 U+306B 1508 1867 51 96 U+304B 175 1227 43 81 U+306B 1630 878 112 93 U+7ACB 2070 790 97 97 U+3064 590 3149 100 76 U+3080 446 1989 113 113 U+3065 1624 678 119 119 U+3051 1041 498 91 111 U+3078 883 1665 127 56 U+304D 1508 1381 69 118 U+3044 151 665 97 63 U+51AC 151 2092 89 153 U+3042 1044 395 88 108 U+306B 1339 508 106 108 U+3092 1476 2472 119 96 U+304D 1202 2967 76 121 U+3051 745 1791 84 140 U+3051 1188 2786 89 115 U+5171 1637 2126 87 107 U+308A 180 537 51 117 U+3072 742 2408 107 107 U+5165 881 1385 127 81 U+308A 473 1684 59 110 U+591C 1336 1917 105 140 U+304A 1482 1970 114 78 U+3076 1615 2440 120 110 U+3064 886 1162 89 62 U+5019 602 2528 93 90 U+4E00 1902 1367 159 43 U+3064 1184 2716 96 84 U+306B 728 1929 110 106 U+3051 1043 2301 96 112 U+3086 741 1108 101 100 U+307B 1338 2631 95 106 U+3057 294 1946 104 91 U+3059 305 2554 67 149 U+3059 290 2314 107 132 U+3052 750 2548 104 124 U+3092 1760 1774 116 110 U+308A 1664 2541 50 120 U+3059 906 398 57 124 U+5176 1653 2666 54 145 U+306E 1482 1041 101 89 U+4F1D 1029 2877 110 117 U+3044 593 2901 88 60 U+307B 299 2039 93 105 U+3051 1484 2915 86 105 U+308C 1330 2277 108 101 U+30CF 153 2252 93 56 U+307E 1359 584 59 129 U+3057 884 775 102 86 U+3057 596 760 97 89 U+3064 1635 955 98 78 U+3066 744 1346 80 118 U+304D 1329 711 113 120 U+308A 325 2142 54 107 U+4E0A 1632 2817 92 86 U+306B 443 3038 106 112 U+590F 160 1676 82 142 U+3046 331 1409 42 125 U+3046 1807 3186 35 95 U+305B 1189 1946 94 98 U+304F 749 2299 70 103 U+3064 1478 2577 105 64 U+30DF 1662 1104 54 94 U+307E 613 1543 59 157 U+304B 909 2333 49 76 U+3064 1633 1948 100 74 U+3064 150 390 108 73 U+307B 749 3022 89 88 U+3052 1779 2364 110 134 U+307E 760 1561 66 136 U+5347 456 2892 72 175 U+304D 765 649 61 116 U+3066 297 2710 83 132 U+3079 1478 588 112 121 U+3042 751 1449 80 114 U+3082 2081 565 96 110 U+3092 1476 2194 115 90 U+3057 1334 2541 102 81 U+3067 1048 1456 85 108 U+4E09 744 3113 92 85 U+3092 1773 3278 109 87 U+306B 1338 2051 98 102 U+5019 158 1590 88 100 U+304D 1497 2048 71 148 U+3059 316 1096 60 138 U+3067 594 1687 114 133 U+3078 1472 1824 124 80 U+3057 1337 1191 99 90 U+3093 1490 701 102 108 U+3092 1769 1241 108 87 U+304D 1652 1808 74 142 U+3064 1336 935 98 66 U+306A 1353 2160 66 116 U+3066 302 995 83 106 U+3075 1188 1808 102 78 U+3031 174 1069 82 172 U+6C34 302 2989 88 138 U+306B 736 2744 100 91 U+3073 2201 2413 88 105 U+5347 455 1233 86 177 U+4E8C 736 2845 109 71 U+304D 1216 823 57 120 U+304F 163 447 66 88 U+5019 1341 2465 85 79 U+3057 739 2914 98 97 U+706B 1487 1109 100 104 U+306B 1642 3216 95 94 U+304B 587 519 97 61 U+6577 896 2677 97 138 U+3059 1321 3206 102 79 U+5019 1483 3012 87 86 U+3057 741 2026 90 93 U+3066 157 2603 71 99 U+304B 1899 2090 176 120 U+306A 2226 1796 65 97 U+3082 326 778 39 111 U+4E94 457 3253 109 105 U+3053 1652 3015 65 82 U+3055 1208 2292 66 101 U+3057 586 2613 101 85 U+30CF 899 1038 73 71 U+304D 160 1330 75 141 U+306B 1041 950 104 101 U+591C 1778 460 99 116 U+3051 455 885 82 99 U+306B 891 1293 103 106 U+30DF 326 892 45 96 U+8349 1644 548 65 153 U+5165 286 531 123 88 U+3057 1186 1042 109 99 U+5408 150 1474 130 108 U+304B 772 2505 42 58 U+4E09 1181 2535 96 102 U+767D 456 1049 81 114 U+3086 1775 1137 94 101 U+3068 1665 1998 46 124 U+5019 890 3071 81 79 U+4E94 444 2818 98 98 U+307E 1048 2034 72 130 U+3056 747 1692 99 95 U+304F 1213 2161 48 127 U+305F 1494 1503 86 94 U+306E 886 3273 93 88 U+306B 748 1196 86 103 U+5019 2078 893 91 94 U+3082 1069 2991 44 98 U+305F 1340 1386 90 112 U+3046 473 2626 44 128 U+306E 1774 759 110 106 U+4E94 149 2299 101 104 U+3053 319 1712 58 95 U+3082 622 1811 53 128 U+304D 1921 1732 114 206 U+3059 2192 2995 85 122 U+3042 1785 1034 79 103 U+4E00 1344 1868 97 26 U+4ED8 1345 817 80 124 U+5347 1214 1576 68 142 U+304B 1060 3292 51 66 U+305B 2068 1089 96 86 U+304B 1762 2780 115 78 U+3089 1789 2854 77 92 U+7F6E 899 1459 98 105 U+5165 1620 487 117 84 U+3055 466 2189 68 66 U+306B 146 2499 99 112 U+3060 598 2959 95 79 U+90E8 1888 2529 189 280 U+307B 892 862 100 102 U+308A 1804 2658 50 130 U+304A 1184 2892 107 68 U+304F 1368 1080 44 106 U+306B 300 3120 93 106 U+5F8C 1185 3228 114 130 U+304F 613 2201 51 104 U+308B 1512 1594 62 123 U+304F 459 1887 59 126 U+767D 459 398 84 107 U+4E09 1481 496 103 96 U+3093 744 2664 113 93 U+306D 1790 1945 72 116 U+3081 1786 1608 75 75 U+4E0D 875 2921 105 74 U+304B 622 3208 41 71 U+69D8 1186 933 120 105 U+6709 1044 3092 81 111 U+3068 1661 761 44 114 U+304F 758 1006 54 107 U+3064 594 954 95 71 U+308C 163 705 72 159 U+3064 1778 1877 92 70 U+65E5 1212 2631 49 87 U+3078 869 1111 128 63 U+305D 2224 3216 54 110 U+3088 625 2111 39 94 U+3066 312 3241 78 121 U+307E 466 688 66 104 U+304B 322 2247 40 72 U+3042 465 592 78 99 U+306E 2065 1679 103 103 U+3088 1375 988 40 98 U+7F6E 608 1125 91 129 U+3093 1776 2474 113 87 U+304A 1047 1659 93 69 U+3082 1508 2284 53 121 U+6C34 1199 1398 93 129 U+3057 633 3039 23 116 U+305A 1800 581 55 94 U+3042 1786 1338 77 93 U+306E 1774 2051 94 104 U+304B 1225 1890 38 59 U+307B 1778 2218 96 107 U+304F 322 672 41 109 U+304A 1040 2710 95 70 U+3068 1071 841 34 101 U+306E 744 504 88 91 seg_fp 471 1167 39 61 U+304A 738 584 97 59 U+3088 1520 2635 40 108 U+304F 1513 2742 42 109 U+3044 1772 1531 101 75 U+3088 1226 2052 42 111 U+3082 1651 3099 87 123 U+3064 599 1502 95 69 U+3053 2092 976 60 98 U+3056 460 786 83 98 U+4ED5 1778 855 91 82 U+4E5F 1052 1820 104 91 U+309D 1954 1938 58 143 U+304F 1200 402 79 93 U+30DF 2224 3128 42 85 U+3078 586 1313 119 55 U+307B 597 2707 89 108 U+307E 454 2266 90 142 U+69D8 1764 936 114 96 U+307E 1197 2382 92 109 U+304B 1803 2318 39 73 U+305B 2226 1472 64 73 U+3082 1364 1606 54 104 U+3057 739 3198 97 78 U+307C 899 1213 106 108 U+3088 1805 2542 34 113 U+3053 2095 1769 54 114 U+3068 167 878 73 77 U+3031 914 1921 70 173 U+304B 1506 2846 37 70 U+3057 346 1804 28 140 U+3046 1511 1718 46 114 U+5176 1209 3100 50 124 U+65E5 177 2005 51 84 U+7B2C 1925 965 130 190 U+7533 622 2405 41 127 U+5176 1064 1910 54 127 U+308B 1356 1491 66 105 U+304F 902 961 63 77 U+3088 920 1841 54 103 U+3088 2100 1889 40 109 U+4E07 1904 1454 137 251 U+3082 606 398 59 111 U+4E09 148 1895 90 118 U+307E 1066 1320 51 138 U+306D 2213 1897 85 127 U+306F 1506 3189 43 106 U+30CF 439 980 104 60 U+53C8 1023 3205 131 83 U+65E5 178 2410 43 86 U+3088 473 1788 47 107 U+5019 1339 3294 101 75 U+3057 1786 2948 63 132 U+3089 640 580 27 78 U+7533 1361 2347 43 118 U+3089 1347 3116 52 104 U+3044 597 3282 92 53 U+306E 1195 658 104 92 U+5019 1063 600 40 90 seg_fp 2234 734 54 79 U+3082 1048 1542 87 125 U+6C34 447 3138 86 110 U+5176 313 2822 60 164 U+5DDD 448 508 87 104 U+304F 1067 1728 58 89 U+3057 1819 678 25 118 U+3084 730 772 112 43 U+3066 606 855 75 95 U+306A 2224 2506 47 152 U+5B50 756 395 56 116 U+304A 1200 752 91 63 U+304B 2238 2101 48 60 U+304B 1516 983 33 60 U+3093 2068 1386 103 103 U+3057 503 2092 26 103 U+3075 2212 1321 66 81 U+53C8 1469 3137 125 64 U+7533 919 2984 35 94 U+308C 2230 517 68 96 U+3066 1651 3295 75 79 U+5347 1192 1264 99 134 U+3057 1827 1683 27 117 U+3057 1775 2127 98 94 U+3066 1062 669 79 88 U+304D 165 965 66 125 U+3089 1201 556 82 117 U+307B 748 3290 92 71 U+3088 327 579 39 95 U+304A 1043 2211 100 90 seg_fp 2194 2678 83 132 U+3059 2195 2277 85 120 U+3055 2091 1297 52 94 U+3046 2103 1182 34 122 U+3057 2111 1995 24 221 U+3057 189 2830 19 135 U+3064 1046 1292 88 64 U+3046 2237 2900 27 92 U+309D 1674 1036 33 54 U+304B 2252 1401 25 61 U+3058 1240 491 51 103 U+3057 1532 2397 20 115 U+3046 777 812 34 103 U+4E00 1189 1530 104 45 U+306A 2222 2185 57 97 U+3088 764 914 50 101 U+3076 2199 2018 89 81 U+4E00 1785 420 86 20 U+3066 2209 2807 64 79 seg_fp 2213 1264 74 48 U+3057 804 1283 20 120 seg_fp 634 1248 30 65 U+309D 1079 2154 35 82 U+304F 1060 2757 60 134 U+30CF 2219 1203 71 62 U+5019 2211 1558 92 128 U+7AF9 881 3171 104 87 seg_fp 172 2745 46 83 U+305B 2065 1503 82 64 U+7269 141 3142 111 95 seg_fp 1516 3082 30 58 U+3057 1080 1005 19 126 U+306B 2223 818 80 112 U+306A 164 2976 60 99 U+3057 2261 1002 18 103 U+304F 2224 1078 69 103 U+30DF 2235 625 49 108 seg_fp 2225 932 70 70 U+305F 2213 403 76 118 U+3089 1790 1432 49 103 seg_fp 2227 1679 52 94 U+3046 2102 1584 34 121 U+5019 611 3319 77 57 seg_fp 185 2696 26 53 seg_fp 2247 617 24 43,200022050-00014_1
U+5341 1241 1761 100 99 U+4E0A 2025 2219 116 96 U+5E38 440 742 101 180 U+65B9 1758 1843 104 119 U+90E1 1774 1366 96 147 U+306E 1764 1747 106 91 U+3066 1247 2459 103 89 U+3080 208 1914 91 117 U+306E 1247 2092 92 77 U+306E 992 2263 90 75 U+306E 1515 2809 86 69 U+5E73 718 1266 94 122 U+5F8C 730 2279 105 120 U+3066 1781 2458 86 79 U+306E 980 2839 86 73 U+306E 459 1652 94 75 U+6C34 175 1087 120 90 U+7FBD 457 1539 104 92 U+306B 1788 2541 96 89 U+5965 442 1384 126 133 U+3066 2050 1897 73 94 U+3066 1516 2049 86 90 U+306F 214 2444 73 49 U+306E 975 1429 103 90 U+306F 742 3393 79 62 U+3066 729 1159 78 94 U+9119 1747 889 126 151 U+308B 200 2034 104 146 U+3042 205 2527 105 96 U+3092 990 1662 103 98 U+306E 1762 1045 91 81 U+5927 1250 1091 92 94 U+3066 2041 2128 92 91 U+6C17 170 1187 121 153 U+3082 1268 2523 62 93 U+98A8 193 886 122 100 U+3066 734 3237 79 107 U+4EE3 1502 2692 113 113 U+58F0 722 1390 88 166 U+306E 186 1358 98 79 U+56FD 988 1529 102 122 U+8912 196 3028 96 163 U+3061 1267 2284 76 116 U+7D20 1511 1321 93 149 U+3092 2058 2790 92 85 U+306E 2037 1287 91 76 U+4FE1 727 2411 98 119 U+53E4 1498 2587 111 91 U+4E14 1777 2352 109 98 U+6734 1504 1599 103 113 U+51E1 1258 1202 99 82 U+5317 713 1923 115 105 U+306A 210 2640 85 90 U+5C3E 980 864 115 117 U+306E 2036 2431 114 96 U+8A9E 1756 1978 128 103 U+3072 988 1908 95 129 U+3072 458 1257 92 113 U+6CE5 2047 1709 106 120 U+97F3 451 2489 114 123 U+304B 993 2348 92 77 U+306F 487 3427 75 49 U+4F59 1225 1859 148 116 U+9091 1764 1606 115 118 U+97F3 2015 1377 115 110 U+5374 2034 1998 115 129 U+662F 179 736 107 131 U+5DDE 1251 1963 105 132 U+3092 461 1052 90 98 U+76F4 715 739 91 118 U+306F 1800 2626 62 90 U+8CB6 193 3216 127 106 U+8D8A 726 2146 111 136 U+8A1B 1758 3031 138 109 U+6211 1252 1302 90 136 U+8A00 1506 3019 88 129 U+571F 191 999 94 64 U+57CE 1239 2686 127 156 U+679C 975 2930 101 101 U+3061 219 2827 73 103 U+3066 1771 2268 84 74 U+6FC3 735 2520 97 141 U+306A 1229 747 80 103 U+3092 1526 3158 94 87 U+306B 2059 1614 97 80 U+62D7 446 2374 133 104 U+3042 1779 2728 99 68 U+3072 2048 3176 92 86 U+97F3 706 869 104 113 U+56FD 470 1740 98 124 U+3064 986 2511 99 126 U+8A9E 2035 1502 109 98 U+305A 1239 959 109 112 U+5FDC 1516 1777 102 125 U+8FBA 1753 742 101 136 U+671D 1229 1536 110 131 U+4E0A 452 2945 113 77 U+306A 204 2188 78 111 U+897F 994 2153 108 99 U+5FD8 2039 2882 114 101 U+3057 187 1438 120 102 U+53E4 2064 2331 61 84 U+3046 1283 2174 38 112 U+591A 450 3166 105 166 U+8CEA 1522 1182 82 136 U+3082 1541 1057 51 115 U+907A 1498 2886 98 137 U+516D 1244 1677 104 90 U+307E 1529 2152 76 95 U+305F 1023 2414 42 102 U+5883 984 1769 108 138 U+3088 471 1151 56 104 U+308C 191 2304 128 114 U+3066 473 2843 69 101 U+3005 485 1864 73 190 U+3079 191 3433 129 57 U+306A 1013 3409 78 73 U+6DF3 1509 1472 100 122 U+308A 764 3079 42 148 U+6C5F 1258 3037 104 112 U+3044 739 2901 88 68 U+306F 1771 1231 80 45 U+58F0 467 3025 91 168 U+306B 467 2628 91 63 U+98A8 2050 2662 119 124 U+304A 713 1574 93 107 U+306F 749 2032 58 94 U+304A 1785 3138 88 83 U+307B 1788 3231 86 85 U+3068 1005 741 39 111 U+3059 225 3332 43 101 U+304D 490 3291 62 104 U+3089 231 1600 42 133 U+9678 442 929 125 108 U+304C 224 2732 85 92 U+306B 221 2952 62 73 U+306B 1780 2093 90 66 U+3053 1537 2259 56 71 U+3042 2020 761 89 107 seg_fp 1506 2330 104 82 U+307B 727 1686 83 109 U+306B 767 2817 44 64 U+4EBA 1747 1122 145 119 U+3055 1515 737 65 81 U+3066 476 2241 65 116 U+306B 725 990 78 63 U+308C 1525 821 64 132 U+306B 1516 1717 84 52 U+306B 2053 3130 90 43 U+3053 1013 1108 44 78 U+8FD1 1251 2924 91 107 U+308B 2088 2986 46 73 U+308C 1002 1186 67 126 U+4E00 1777 1544 93 22 U+306B 1536 2490 40 87 U+306B 1265 2406 49 57 U+3078 449 2185 132 66 U+307E 1006 3049 50 89 U+4E00 1765 1311 109 20 U+5F35 981 997 109 91 U+308C 2012 871 139 125 U+305F 761 2958 48 121 U+3066 998 3141 77 100 U+307F 2072 1826 36 67 U+5C71 1245 2628 115 57 U+304F 987 2618 83 83 U+3069 2078 983 59 82 U+304B 235 1544 39 58 U+571F 2041 1207 98 65 U+6FC3 1266 3350 92 126 U+3057 1824 2797 18 161 U+53C8 1254 3153 121 66 U+3066 1032 2025 29 109 U+6771 727 2672 113 130 U+304F 1797 2934 30 82 U+4EBA 979 3268 152 120 U+3059 479 2063 66 110 U+306F 1260 861 33 94 U+3068 1289 2826 28 95 U+907A 2035 2524 99 133 U+3069 1551 958 54 99 U+3057 231 1730 25 178 U+3057 782 1045 19 130 U+3057 1561 1905 14 130 U+3068 2098 3241 26 68 U+3057 1841 2157 19 116 seg_fp 1548 2400 43 86 U+3057 1042 2701 23 149 U+3057 773 1778 19 161 U+307F 1030 3349 32 52 U+3057 1837 3308 14 169 U+3057 517 2679 18 162 U+3089 1023 1319 26 98 U+3057 1522 3269 68 196 U+309D 2100 3062 20 54 U+3046 1558 3278 26 90 U+6F22 2035 1081 119 125 U+7F8E 1267 3216 69 132 seg_fp 2071 3354 38 62 seg_fp 2220 1137 82 105 U+3057 2103 3313 16 89 seg_fp 2219 1021 64 95 seg_fp 2069 3415 20 40,brsk001-004
U+574A 1815 2540 156 136 U+5BA4 1835 2351 132 148 U+90FD 1813 1648 147 176 U+672C 1839 2002 148 139 U+6625 2098 1765 149 176 U+5B89 2070 803 147 143 U+5B5F 2095 1561 130 155 U+672A 2091 1365 130 137 U+543E 1812 3043 160 132 U+8B58 1819 3303 155 174 U+6C5F 1816 1478 162 124 U+6A4B 1807 2158 168 154 U+8D8A 1811 2743 175 146 U+8C37 1847 2909 131 117 U+5C71 1829 3198 133 70 U+65E5 1854 1870 63 75 U+4E59 2105 1204 111 89 U+65E5 2127 1999 56 67 U+6C38 2088 1007 135 156 seg_fp 1416 3117 202 197,brsk001-006
U+306E 710 959 80 70 U+6216 1921 1300 86 107 U+5165 695 884 114 69 U+306E 891 1464 81 74 U+5C3E 2075 810 105 104 U+795E 714 1988 100 141 U+4E95 2068 1870 118 108 U+5DDD 2086 1968 90 107 U+3072 1405 1222 82 91 U+308C 2095 3339 104 86 U+3092 731 1820 85 83 U+3051 729 3418 87 89 U+55B6 1243 2826 88 118 U+3051 1763 2920 81 88 U+3042 207 2921 79 90 U+306E 1581 1614 77 71 U+4E2D 1400 864 74 127 U+5927 2089 1795 96 91 U+67F3 900 3403 100 101 U+3092 1241 3162 113 78 U+305F 558 793 50 95 U+9F3B 371 2167 83 125 U+7AF9 2108 3047 86 106 U+306E 365 1177 93 81 U+5F8C 1909 1535 109 121 U+306E 1739 1998 107 83 U+5F35 2075 921 107 99 U+5C0F 2088 2066 90 76 U+5341 896 1703 76 73 U+308C 1560 864 110 79 U+3092 899 1906 89 87 U+306E 1404 1880 81 80 U+5099 1915 1455 95 92 U+306E 2117 3411 70 89 U+3092 1084 3042 92 82 U+3066 725 1352 68 74 U+306A 1757 2178 88 84 U+5993 1071 3375 109 79 U+6545 887 1042 96 84 U+4E5F 553 3018 111 63 U+3066 723 2504 68 74 U+3051 1424 2704 86 98 U+795E 714 2745 105 124 U+6A4B 1405 2486 97 100 U+3066 376 1922 68 82 U+5C4B 1934 2856 98 93 U+3066 376 2347 72 75 U+6728 1414 2124 76 87 U+6D25 1918 1850 93 102 U+306E 2116 3137 67 83 U+3064 728 3357 79 60 U+3075 710 1745 96 76 U+3089 1600 2198 66 98 U+308C 1072 2755 93 87 U+306E 720 2982 71 70 U+306B 889 1134 82 68 U+306E 1416 2419 71 65 U+308C 1734 984 96 82 U+3046 396 1567 35 115 U+7269 1587 2602 96 83 U+3084 1399 2908 108 65 U+305D 739 2276 46 99 U+3057 1402 1713 92 77 U+5C3D 710 1495 96 119 U+7269 535 948 110 81 U+8EAB 1894 809 80 95 U+8DEF 1408 2331 97 95 U+3044 733 1681 63 63 U+53C8 1578 936 82 65 U+308A 927 3106 45 100 U+3084 1747 2507 101 74 U+6301 541 1749 101 112 U+82B1 197 1585 89 126 U+3082 222 2834 57 80 U+821F 1725 805 107 111 U+3092 204 1484 95 91 U+3082 920 2803 49 84 U+3082 1239 1570 55 72 U+4E5F 2100 2903 100 63 U+5FC3 1217 1302 83 71 U+3044 1402 1165 79 58 U+3044 209 2510 77 60 U+305F 1101 2826 46 69 U+8A5E 1757 3286 94 101 U+3075 191 2573 107 74 U+5974 875 1221 108 61 U+907A 214 2173 87 83 U+3066 205 1883 76 88 U+697D 727 2871 87 104 U+306B 895 1630 81 68 U+8005 1058 1114 91 92 U+304B 1756 2854 86 68 U+3044 1758 3147 75 61 U+306A 1420 1793 68 87 U+65E2 209 3202 117 100 U+9E93 2085 2391 97 121 U+6C34 1580 1006 74 94 U+540D 1754 2062 84 113 U+6C34 1932 3194 89 95 U+727D 542 1284 93 135 U+3082 1269 2992 51 67 U+3031 1419 961 60 119 U+306E 1412 2582 80 58 U+306E 1217 1216 71 76 U+306A 736 2649 73 92 U+7ACB 886 877 73 87 U+306A 731 2186 71 89 U+7269 548 3421 108 75 U+3072 1581 2010 81 101 U+795E 554 2436 97 138 U+304B 1191 819 99 72 U+5927 727 1912 84 73 U+63DA 1919 3286 114 98 U+3053 1576 810 47 55 U+3046 399 2849 38 112 U+3092 739 3265 73 89 U+306A 1404 1430 88 96 U+306A 1421 1955 64 101 U+8FCE 1259 3254 76 96 U+6DEB 1757 2585 92 93 U+5009 2086 2142 93 122 U+306A 1588 2105 81 89 U+306B 1405 1081 77 76 U+985E 550 2924 88 94 U+5B57 897 1791 73 111 U+306E 1932 1794 66 56 U+3066 890 2271 87 78 U+982D 544 1423 81 97 U+82B1 205 1972 91 133 U+610F 193 2646 105 113 U+5993 542 3085 118 87 U+7E01 1575 1681 102 111 U+3044 372 1329 81 58 U+5993 1048 1022 113 92 U+5E63 532 1626 106 131 U+3092 722 1153 82 89 U+725B 385 2017 70 104 U+308B 911 966 48 68 U+3066 1401 1610 79 98 U+8A9E 726 3167 92 98 U+547C 715 1256 94 92 U+8A9E 1754 2692 91 91 U+53C8 913 3200 88 84 U+3075 361 1392 98 72 U+63DA 1926 2742 111 111 U+306A 2120 3219 74 73 U+4E8B 1056 809 91 122 U+306F 1602 2304 56 77 U+308B 1768 3006 55 62 U+53C8 185 1122 97 75 U+3078 1214 1464 95 60 U+53C8 383 2694 92 71 U+6709 1778 3375 57 113 U+306B 731 820 45 57 U+8258 1921 3086 117 93 U+5341 1082 2407 61 76 U+5FD8 215 3359 92 85 U+3066 390 3203 72 67 U+5B57 897 1356 64 107 U+308A 1769 2261 66 90 U+6C34 1739 1618 91 105 U+904A 193 1258 96 104 U+5DDD 2105 2966 85 77 U+308B 1606 2529 47 64 U+306B 1780 2781 42 65 U+541B 202 1362 77 124 U+6B4C 1211 1075 83 131 U+306B 737 2119 45 58 U+8A60 2089 2693 107 89 U+56FD 1921 2081 91 92 U+5BA2 709 1028 86 123 U+82B1 904 3284 82 117 U+308B 231 2320 49 78 U+308A 1604 1860 43 94 U+7E01 718 3058 105 109 U+4E5F 371 2621 92 61 U+304B 1231 1657 85 75 U+66FD 1418 2216 66 115 U+305F 1591 2423 46 106 U+3068 398 1251 36 75 U+898B 1092 3128 65 96 U+53E4 1253 2540 68 97 U+306B 218 3303 85 57 U+3070 1239 1379 68 81 U+5F15 1923 3392 86 98 U+306A 1909 903 76 89 U+306B 2097 1016 44 55 U+3066 1945 2632 43 101 U+51FA 1924 2562 91 72 U+5993 889 2359 116 86 U+4ED5 876 805 99 74 U+5993 1244 3070 104 88 U+898B 214 1771 66 106 U+3082 391 1078 48 100 U+306A 1430 2971 68 80 U+7ACB 1080 3226 78 80 U+6D25 1919 1963 99 115 U+306B 2110 1723 44 60 U+307E 1234 2363 59 83 U+6709 536 3180 113 98 U+3044 374 1033 81 47 U+3076 542 2847 101 67 U+306E 894 1295 69 51 U+6A4B 1573 1495 105 102 U+97F3 593 2282 63 78 U+306F 215 2269 78 50 U+3059 1098 2601 51 93 U+3044 1914 1060 70 58 U+304B 1747 2441 91 64 U+306B 1768 1814 41 69 U+304B 1403 2649 107 59 U+308B 1243 2021 65 108 U+3078 710 2453 99 49 U+3089 1757 1056 60 90 U+51A0 898 2000 83 100 U+3044 1581 1963 75 51 U+3075 1218 1827 92 84 U+672B 544 1082 76 93 U+4E91 560 3342 65 75 U+308A 1941 2476 43 84 U+5927 711 1424 102 82 U+305B 1576 1323 75 73 U+305F 1241 2448 57 77 U+4E0A 888 1542 86 81 U+795E 1917 2176 93 119 U+308B 1928 1162 68 92 U+57CE 2085 1607 114 115 U+725B 385 1731 75 120 U+3059 915 2636 46 103 U+308B 1437 2851 48 60 U+306F 392 2970 69 37 U+306E 1743 1144 75 68 U+7B1B 594 2126 64 85 U+306F 1929 1405 62 44 U+3075 1752 3214 92 71 U+306A 2101 2514 78 82 U+5993 1062 2265 112 102 U+3088 1768 1886 36 68 U+304F 1769 1516 34 101 U+308B 1220 948 71 105 U+30E4 552 1990 68 53 U+306A 1235 1918 74 100 U+82B1 379 3019 90 120 U+306A 561 2578 66 77 U+3068 1782 3069 35 84 U+306F 1422 1353 48 76 U+4F8D 1058 2058 119 94 U+8ECD 1058 1314 83 107 U+306F 1253 2649 68 34 U+308B 1431 2056 50 60 U+3075 377 2543 90 75 U+306E 594 2225 62 53 U+3069 2123 2592 63 92 U+4E5F 377 3439 98 64 U+306B 235 2772 38 65 U+307F 922 2885 41 66 U+306F 208 1202 52 34 U+3068 748 1616 39 65 U+65B0 1921 2974 105 113 U+308B 562 886 44 65 U+4EBA 1074 2486 95 71 U+3064 378 2431 83 53 U+306B 1246 1507 37 68 U+306B 225 2095 41 69 U+8FBA 1574 1101 80 79 U+8FBA 1759 1719 62 91 U+9786 1907 1678 109 115 U+5C71 2092 2262 88 76 U+306B 400 1853 33 67 U+3079 1236 2132 88 122 U+5C71 2084 1511 93 101 U+983C 1421 3305 92 84 U+3078 1897 1121 107 49 U+5149 1432 3395 92 70 U+539F 2081 1402 84 96 U+306B 1098 3447 46 59 U+306E 2096 2336 66 61 U+3068 231 1689 33 84 U+3066 1581 1396 64 100 U+306B 1098 2530 45 67 U+306F 395 1686 63 34 U+304D 401 2772 74 78 U+6709 1076 924 54 92 U+793E 537 1181 103 89 U+3093 205 3090 95 63 U+3066 1099 3311 59 59 U+3084 2082 1187 91 70 U+96C6 1585 2941 83 95 U+5F85 1058 1209 90 108 U+306F 1916 1261 66 37 U+898B 1081 1883 61 102 U+58EB 1056 1432 90 50 U+306E 240 1056 57 48 U+5974 1066 2956 119 79 U+3088 1612 1793 34 71 U+59BB 1053 1587 111 106 U+306F 1416 1313 65 36 U+907A 1587 2835 85 95 U+8005 1064 1694 103 111 U+30F2 571 1871 47 66 U+3068 584 3281 29 62 U+3078 1241 2954 92 35 U+3053 1749 930 45 57 U+3088 1941 2404 42 76 U+3078 1248 3363 102 39 U+304E 392 1472 57 97 U+305F 925 3049 50 57 U+7269 156 924 69 56 U+306B 614 2365 35 51 U+516B 213 3455 96 49 U+5D0E 1915 2287 119 120 U+305F 1435 2767 43 89 U+306B 396 2292 32 55 U+6089 1749 1384 84 128 U+5B57 898 2450 72 111 U+8ECD 1247 2692 89 132 U+62FE 1582 2752 97 83 U+305B 2117 2774 54 63 U+306B 397 3134 45 70 U+304B 404 2490 35 51 U+3089 748 2377 57 71 U+3088 576 2780 34 69 U+308B 1097 2895 48 63 U+306F 1080 2360 62 42 U+3050 1083 2695 83 55 U+306F 384 2124 56 43 U+985E 1733 1300 88 99 U+3089 240 3012 51 80 U+8CDC 154 825 74 78 U+30EB 556 2048 86 41 U+3057 1269 2250 26 104 U+6E90 1420 3220 88 83 U+306F 242 913 47 33 U+6709 373 811 59 106 U+3068 924 2564 31 75 U+308B 1095 2155 66 105 U+5FA1 544 1535 84 94 U+304B 232 3151 35 41 U+3068 927 2737 35 69 U+308B 1766 1951 55 58 U+3057 2148 2835 23 79 U+304B 2082 1131 86 57 U+82B1 233 818 62 84 U+307F 749 2585 32 61 U+3068 231 2440 35 74 U+306E 2084 1337 69 65 U+3068 1098 1811 38 72 U+305D 1442 3050 63 77 U+4E5F 169 991 33 64 U+3068 1774 2354 37 86 U+3089 938 2093 52 56 U+304B 570 1028 29 44 U+3064 385 3277 79 52 U+304B 1611 2694 28 43 U+3057 1294 3385 17 115 U+3088 1256 1736 42 92 U+7121 1070 1502 80 59 U+3088 1596 1253 36 73 U+304B 2138 3297 27 45 U+305F 1426 1525 46 87 U+30D2 566 1937 43 48 U+3048 905 2961 78 90 U+3057 1634 2382 25 101 U+82E5 370 936 78 88 seg_fp 2058 1080 98 62 U+3064 2082 1257 91 47 U+3081 912 2200 52 74 U+3068 1938 991 25 68 U+3088 534 2131 28 60 U+308B 538 2192 29 49 U+309D 239 2398 23 44 U+3068 579 2652 31 72 U+5BA2 250 957 56 88 U+3075 378 3378 92 51 U+3048 1095 1989 33 66 U+304B 410 3318 24 60 U+309D 585 2725 25 43 U+54C1 1743 1210 78 81 U+309D 1233 888 27 58 U+304B 542 2251 25 36 seg_fp 941 2144 21 69 seg_fp 1248 1045 19 34 seg_fp 1057 1558 102 54 U+306B 1587 1190 54 63,brsk001-026
U+308C 471 1994 103 90 U+5BF8 818 1992 80 95 U+3092 1002 2389 100 77 U+3066 1173 1541 74 82 U+3093 1518 697 116 101 U+5927 1528 1358 100 95 U+3092 637 2655 112 81 U+3044 1699 2638 97 70 U+3051 1714 3359 83 117 U+3092 1004 1869 97 84 U+3084 1879 699 103 86 U+3066 1706 2447 77 68 U+306E 1001 1425 86 84 U+3066 1865 1654 82 85 U+3066 1005 762 69 71 U+3044 1533 985 72 63 U+9593 816 1701 95 91 U+306E 993 1228 78 68 U+306E 307 3215 69 78 U+3092 307 2501 89 86 U+3072 997 2007 88 96 U+306A 477 1922 83 79 U+3066 1709 3229 89 74 U+306B 652 2160 79 73 U+306E 635 2437 87 56 U+306E 2044 1078 78 68 U+306E 1170 1940 73 63 U+5C3E 1527 1623 111 97 U+5FB3 305 2397 97 98 U+90E8 645 1060 100 100 U+306E 478 1854 82 72 U+5E74 1353 1537 93 102 U+7269 990 2297 124 88 U+3066 1703 1749 73 73 U+6216 819 789 102 100 U+914C 465 2244 106 91 U+3092 299 3399 96 85 U+306E 1536 2034 85 57 U+4E09 2038 890 84 77 U+306E 2220 1020 86 69 U+56FD 1169 3375 90 90 U+7528 477 2712 77 97 U+3092 1009 2776 92 79 U+56FD 1700 3069 107 117 U+3092 319 962 88 77 U+306E 303 883 83 77 U+305F 828 2245 76 85 U+3059 477 1699 80 95 U+3086 1546 3267 85 69 U+8A5E 1537 3019 94 85 U+53C8 1005 2096 88 78 U+308D 655 2745 74 74 U+3066 655 913 78 69 U+9152 466 784 93 99 U+3066 1543 1860 78 69 U+3075 466 2456 101 68 U+3092 824 1503 89 82 U+3078 477 2810 79 103 U+305F 1703 1174 76 98 U+5C3A 822 1854 87 83 U+7528 1560 3166 61 93 U+306E 819 1367 78 70 U+5DDE 1537 1721 87 104 U+308A 326 2865 42 101 U+308D 1179 2326 82 79 U+308D 1181 704 80 80 U+306E 1007 2706 79 74 U+5F79 471 1461 96 92 U+3092 824 2772 97 84 U+3092 480 2635 85 68 U+3078 633 868 125 58 U+59BB 1525 2092 117 111 U+3092 656 1372 90 86 U+6771 2223 788 80 130 U+307B 1872 790 101 88 U+92AD 2037 968 109 129 U+306B 305 3069 86 77 U+5742 1525 1457 108 81 U+591C 1866 472 108 98 U+3044 1000 1952 78 55 U+4E8B 2050 1732 89 148 U+3092 469 876 83 82 U+5742 1858 1520 125 89 U+9152 643 2238 95 98 U+53C8 470 3060 93 69 U+4E91 1724 2936 62 66 U+6876 986 1303 114 106 U+5C3A 654 1532 80 75 U+56FD 2219 927 99 87 U+3044 2234 2352 65 60 U+4E8B 2235 2490 80 114 U+662F 1539 2678 92 107 U+610F 471 2523 93 109 U+7530 823 2864 88 69 U+304D 481 2917 60 76 U+9152 992 998 98 99 U+306E 825 3042 76 59 U+5C3A 823 3171 84 82 U+9152 1169 1754 101 86 U+6F09 476 2137 94 92 U+3066 1705 933 68 84 U+9020 1163 1645 100 103 U+90E8 1178 2092 91 88 U+4EAC 1164 1261 89 113 U+516D 655 1465 82 65 U+3075 995 2918 99 75 U+4EAC 819 1594 85 104 U+4E91 832 891 57 74 U+3066 307 2658 70 68 U+4E57 995 2177 100 119 U+7269 456 3253 110 79 U+767A 1871 566 108 101 U+306E 826 2633 77 71 U+306A 485 1621 77 80 U+3092 1192 2187 85 79 U+800C 1362 2216 100 79 U+6709 1343 1650 101 90 U+6C5F 1702 702 85 92 U+4E91 1544 2598 75 73 U+3044 2223 1684 85 53 U+5927 995 1514 89 76 U+6545 299 2971 110 97 U+79CB 1353 1073 98 83 U+3089 2244 1808 55 99 U+3075 638 1764 96 73 U+3057 1162 891 94 80 U+914C 1220 574 83 82 U+820E 819 2930 106 113 U+4EBA 818 1260 110 100 U+53CA 1523 1532 111 96 U+7FBD 2236 3110 84 84 U+25CB 1160 1134 111 104 U+6848 643 2035 96 122 U+6C0F 1362 1835 96 76 U+3044 1535 2483 88 57 U+306B 818 3340 91 71 U+3044 1710 2071 65 54 U+7269 1000 1786 98 80 U+306F 1007 839 73 41 U+898B 1542 3392 100 82 U+4E0B 1195 2008 56 74 U+9020 985 893 100 97 U+3044 1886 2144 75 57 U+6F09 470 964 108 101 U+8B21 2221 1218 92 98 U+7269 645 1293 96 80 U+9593 827 3249 66 77 U+4EBA 810 1054 116 98 U+3044 480 2405 69 48 U+4E5F 640 1832 118 70 U+516D 822 1790 77 62 U+306B 824 2181 78 60 U+738B 296 2735 93 67 U+3092 485 1379 75 72 U+5927 1874 1445 78 73 U+4EAC 1864 1323 93 113 U+540D 644 3207 84 88 U+7D00 1693 1518 118 84 U+304B 999 2481 99 57 U+4EBA 1529 1936 123 99 U+3075 1514 1048 96 74 U+4E3B 815 978 87 80 U+5DDE 1700 1602 83 98 U+9152 465 1071 105 101 U+3044 1704 1387 71 62 U+4EE5 306 2598 90 58 U+5149 1371 2307 99 91 U+3042 2058 1416 76 91 U+5341 2056 799 59 77 U+3046 1896 1900 43 113 U+516D 823 3106 82 62 U+306B 1025 698 41 62 U+3075 1689 2124 96 63 U+3082 1018 2609 54 99 U+6C34 300 2318 107 73 U+5BB6 650 2334 80 90 U+3042 2241 2605 78 74 U+90FD 1163 1378 98 103 U+4ECD 1354 1744 91 92 U+3066 1849 2527 47 66 U+5973 1345 1912 109 69 U+8201 448 3388 97 90 U+59BB 1689 1913 102 96 U+30FB 1731 3307 49 47 U+305F 839 3398 41 78 U+3044 1012 2858 66 56 U+3068 1555 922 37 67 U+7AE5 2225 1100 78 114 U+5C4B 1171 1831 91 101 U+4E57 454 3132 105 112 U+79E6 292 2191 117 120 U+7269 1218 3052 84 70 U+53F2 305 1760 76 89 U+9577 1692 2184 97 117 U+662D 1353 1416 91 70 U+3044 1001 1591 74 49 U+304F 1031 2521 42 89 U+6570 290 3302 117 101 U+305F 1530 794 75 67 U+3088 1715 1082 48 86 U+4E94 831 1938 76 62 U+306B 1569 3096 38 61 U+3084 1159 975 98 63 U+5742 1849 2384 64 67 U+7384 1380 2878 76 90 U+306B 2241 2825 62 68 U+3044 2233 2767 82 51 U+3078 813 2411 114 68 U+4E91 1189 2803 71 71 U+3092 484 1180 86 85 U+3055 1548 2410 59 73 U+914C 473 1268 102 106 U+304F 1187 1042 39 81 U+8FBB 1928 2501 65 70 U+308B 1561 2943 50 61 U+672C 309 2012 87 75 U+3093 1530 2354 114 65 U+6771 1176 3267 79 111 U+5341 2240 1910 53 79 U+53C8 1228 2903 70 53 U+541B 1930 2573 58 86 U+5FC3 821 2693 81 76 U+65C5 2220 1400 100 107 U+3044 643 1712 83 48 U+3061 1715 2787 70 85 U+304F 2228 1738 69 65 U+305D 1891 1804 56 94 U+9451 1369 2591 114 92 U+308A 2077 1954 36 106 U+3048 1358 705 81 80 U+3068 506 2338 35 68 U+6625 1356 977 94 93 U+306A 2054 1876 69 75 U+3054 2243 2222 71 57 U+9B12 1353 1985 93 129 U+3068 331 1449 34 71 U+9593 830 2089 64 87 U+3068 1730 2868 42 61 U+3068 678 1605 39 63 U+30FB 1727 2523 42 39 U+5E7B 1696 1834 100 87 U+3092 1221 3122 76 59 U+5D0E 1695 2294 112 90 U+4E57 1218 2960 77 81 U+306B 1188 1480 40 61 U+3068 2249 2282 39 70 U+306B 2247 1324 37 72 U+30FB 1198 2271 43 41 U+59BB 1376 2969 108 117 U+3084 638 2980 92 62 U+306F 1717 2575 63 75 U+306B 1724 2389 41 59 U+65C5 2041 1149 100 113 U+3092 1552 2211 78 92 U+56DB 1704 3017 94 49 U+3068 2078 2048 35 85 U+3093 1522 858 122 71 U+305F 326 2803 47 62 U+308B 663 3373 49 54 U+305E 2071 2140 73 111 U+306F 2228 1638 68 42 U+3061 1874 887 87 136 U+305F 2236 2146 55 73 U+3066 2245 3405 82 65 U+3082 326 785 43 99 U+3075 1869 2204 103 66 U+53EF 1376 2406 79 95 U+304F 1201 2401 38 95 U+306F 645 3436 74 40 U+9CE5 2248 2991 58 118 U+5FC3 821 1440 83 64 U+5DE6 1357 1155 82 78 U+4E0B 667 987 62 80 U+4E0B 836 2454 64 68 U+308D 306 1046 74 73 U+25CB 1866 1210 111 101 U+9593 1574 1142 76 67 U+6D5C 1846 2608 71 97 U+9ED2 1365 2113 91 103 U+304F 668 3301 42 68 U+30FB 1894 1748 41 38 U+6F09 1224 459 83 82 U+7F75 1536 2832 102 103 U+304F 668 3038 34 90 U+77ED 1566 1213 78 78 U+5BB6 1002 1098 87 120 U+3068 1206 2730 36 70 U+304B 1896 2008 52 58 U+9053 2241 3283 84 85 U+8857 2226 3200 116 100 U+3068 677 786 28 76 U+3075 1684 1451 99 70 U+30FB 1724 1028 43 40 U+59CB 296 1858 90 59 U+6C0F 1348 1229 100 62 U+3057 649 2911 81 69 U+3072 1933 3380 57 70 U+7537 652 2548 73 102 U+4E09 2217 1999 83 63 U+3068 1593 1308 31 51 U+304B 1723 1264 40 53 U+3082 503 1790 48 67 U+516B 1355 1494 105 45 U+306A 1008 1647 71 74 U+306E 1148 2970 55 51 U+306A 1852 2810 57 66 U+3092 469 3333 84 54 U+308A 2064 1513 70 103 U+3068 667 3120 41 77 U+7537 831 2517 70 112 U+6238 1714 785 54 90 U+305F 669 1158 46 72 U+7687 310 1923 67 81 U+3075 2220 2416 91 66 U+541B 1845 2711 65 89 U+3088 329 1524 35 67 U+3057 1164 2516 104 122 U+3075 1143 3188 60 54 U+7BED 2033 1270 116 137 U+516D 302 3160 78 56 U+3044 1928 2292 59 41 U+3068 854 2331 29 77 U+3068 1582 3332 36 56 U+8201 1220 3191 81 88 U+306B 1936 2344 44 51 U+306F 1723 2701 48 77 U+5927 1850 2288 56 86 U+66F0 1364 2790 105 79 U+308B 1018 1724 47 51 U+3068 1569 2545 34 53 U+4EE5 1383 2516 93 65 U+3068 1724 1320 40 68 U+304F 1192 788 36 83 U+304B 496 3006 37 47 U+4F1D 1358 1282 88 108 U+3044 1153 3139 45 42 U+3068 1905 2072 36 70 U+7BED 2218 1514 103 116 U+3076 301 1596 107 76 U+306F 2247 2059 41 84 U+3082 1165 2902 35 65 U+306B 1860 2467 32 54 U+306F 659 1673 71 34 U+7D00 311 2087 93 59 U+3070 484 2085 68 35 U+306A 1947 2815 52 53 U+306F 311 1681 61 38 U+306F 1549 2793 71 34 U+3068 510 1550 30 68 U+3082 1958 3074 33 77 U+304F 326 1356 31 88 U+308A 1370 841 66 75 U+3092 1155 3023 51 58 U+304F 666 2817 37 75 U+306B 1566 1805 39 56 U+3078 2226 2965 103 40 U+3068 1728 2011 34 60 U+304F 1201 2641 30 69 U+306E 1948 3158 56 50 U+540D 1909 1114 69 72 U+306B 1725 1691 36 58 U+66F8 1511 1150 49 63 U+308B 1954 3024 39 39 U+308B 669 1229 58 49 U+3068 1963 2870 27 63 U+3057 2094 1614 18 121 U+305F 1384 787 39 55 U+3078 1928 2462 77 39 U+3052 1554 2303 81 50 U+5974 1132 467 88 58 U+306B 1897 1592 37 62 U+304F 1864 3053 30 60 U+548C 1901 1039 84 76 U+3068 1868 2882 28 58 U+306B 1726 864 36 70 U+308B 849 1210 40 49 U+540D 1375 2695 91 87 U+304F 1946 3319 40 62 U+7ACB 1930 2670 69 76 U+306B 1738 3177 28 51 U+3044 1855 3128 59 39 U+4E0B 661 2495 62 58 U+3057 2282 2886 18 66 U+305F 1951 3250 36 70 U+308A 2253 2679 50 95 U+308A 1876 3254 28 97 U+3044 1948 2939 48 36 U+304B 1957 3437 29 38 U+304F 322 1116 30 87 U+3082 1173 3084 27 51 U+304B 1515 1224 27 45 U+53E4 1857 2980 46 71 U+3078 1939 2986 74 25 U+541B 1940 2745 60 63 U+306B 2268 3358 38 54 U+309D 1970 3209 23 35 seg_fp 1383 911 37 35 U+305F 844 1127 40 72 U+3048 1860 3196 51 57 seg_fp 1940 2396 36 73 seg_fp 1872 3164 23 46 U+3084 302 1280 90 72 U+309D 1868 2939 22 43 seg_fp 368 2182 28 23 seg_fp 357 2299 38 27 seg_fp 1030 3060 44 68,brsk001-029
U+3066 1073 2164 94 91 U+306B 1934 1635 108 96 U+306E 1603 839 87 85 U+3066 729 1830 76 88 U+3066 2107 3031 85 88 U+306E 209 3176 87 64 U+3066 1238 3380 84 98 U+3051 1078 2327 92 115 U+306E 1242 2561 100 80 U+3079 1936 1810 116 80 U+3072 1075 1141 97 102 U+3044 1597 3007 106 71 U+25CB 2101 2426 103 107 U+3066 1245 1503 99 102 U+306B 1235 1420 107 78 U+3066 2092 1809 93 103 U+56FD 895 2536 95 116 U+306E 556 2261 81 65 U+306E 542 1019 84 61 U+3066 1923 2951 103 91 U+308C 204 1804 106 116 U+8A13 899 1995 104 119 U+7269 216 2078 102 97 U+663C 376 1403 89 125 U+4EBA 200 897 118 119 U+3075 1058 1457 112 91 U+6545 556 1799 93 98 U+3053 1954 1873 55 70 U+306E 724 1592 86 57 U+3072 214 2315 108 106 U+306B 1073 3168 107 77 U+306E 2105 3378 83 66 U+9678 722 1471 104 109 U+56FD 1758 1976 93 114 U+767D 733 1984 82 90 U+897F 1073 1770 104 101 U+591C 890 3361 105 113 U+3073 381 2560 115 110 U+53C8 1076 1557 101 84 U+3072 1929 2753 107 111 U+306E 382 2170 81 66 U+6C5F 2107 1537 99 108 U+53C8 385 1318 100 92 U+306D 899 1796 106 110 U+306B 2120 794 57 77 U+897F 1238 1324 113 89 U+3072 1757 930 121 103 U+72D0 1238 624 135 102 U+5B50 2123 3445 70 94 U+725B 1770 1652 60 137 U+3066 1087 1930 79 82 U+53C8 207 1927 115 98 U+306E 1244 2723 92 77 U+56FD 1935 1341 109 122 U+306E 1071 1061 87 83 U+4E2D 1947 1001 79 101 U+3092 735 3481 93 70 U+3042 2110 2038 96 113 U+8377 543 881 95 128 U+5185 1427 1919 93 104 U+3044 1419 1636 91 62 U+53C8 905 2315 94 91 U+3092 1602 2650 96 123 U+304D 914 3082 60 90 U+306B 731 1752 94 85 U+306E 208 1196 91 73 U+3044 1596 778 106 58 U+6C5F 1419 778 113 97 U+308B 396 1058 55 67 U+3075 542 1696 105 72 U+306F 1258 1755 83 48 U+306E 1764 1025 81 92 U+4F7F 542 1242 122 123 U+3066 386 1954 83 94 U+3044 1938 2042 90 58 U+306F 738 1929 78 50 U+3042 1761 2371 99 118 U+897F 1243 3092 108 89 U+6771 897 2387 92 154 U+3075 1914 919 121 82 U+5150 206 999 105 106 U+4E5F 1070 2896 114 71 U+306A 385 960 89 90 U+306B 909 1458 90 84 U+306E 1592 2025 100 78 U+306B 2111 2953 107 82 U+306B 551 1904 100 70 U+663C 1247 1615 89 128 U+732A 1591 643 102 93 U+306D 1073 2523 126 106 U+307C 1427 1329 116 108 U+3092 217 1581 98 126 U+540D 375 2242 97 110 U+5E38 724 1329 95 145 U+306B 1419 2032 90 74 U+3044 1934 864 82 53 U+4E8C 558 2338 80 57 U+3066 550 3064 82 77 U+3092 743 2201 88 118 U+591C 1235 2110 115 118 U+72D0 723 2091 125 103 U+3092 391 2353 101 109 U+3066 901 2754 76 89 U+308B 1260 2471 68 81 U+308B 1620 2931 57 75 U+7269 375 2057 121 108 U+56FD 1597 1504 97 112 U+8377 537 3257 108 122 U+3064 1067 3404 103 66 U+3066 1420 2105 95 102 U+547C 1252 2910 85 96 U+304B 382 1740 98 66 U+8377 550 2114 106 140 U+53C8 1738 1459 118 92 U+306D 1242 954 116 104 U+306F 2119 1924 73 43 U+306F 910 3031 81 53 U+306A 1760 3011 55 102 U+3044 1611 3143 78 59 U+3076 1069 2812 114 82 U+305D 228 1697 59 109 U+3068 1271 2649 61 69 U+25CB 1253 1075 107 106 U+662F 733 2835 101 122 U+3066 2106 1073 79 95 U+4FD7 710 3114 117 102 U+547C 730 1200 100 96 U+306F 1252 2237 81 48 U+306E 205 1390 93 82 U+306F 1768 1792 76 48 U+4E16 725 3021 101 65 U+97F3 554 2648 92 131 U+8AF8 1753 1843 113 134 U+308B 396 2836 60 84 U+3076 1409 2369 130 96 U+306B 216 1474 94 89 U+3075 1413 1697 99 82 U+3053 1781 781 49 70 U+6771 1925 1221 108 119 U+3058 1796 2665 59 139 U+3075 1923 2104 106 84 U+663C 900 2891 92 121 U+3092 1594 3414 101 115 U+7A32 540 772 108 103 U+3044 1084 1395 78 66 U+3066 1606 1708 77 117 U+306D 888 3251 120 106 U+8A69 907 1208 96 127 U+3079 359 1120 129 58 U+3092 2112 2699 90 115 U+306B 1244 3308 78 71 U+3068 1953 794 55 63 U+3064 901 1719 93 79 U+3064 714 3339 98 60 U+306B 1103 1868 47 66 U+3044 562 1630 74 62 U+306A 1775 1240 75 104 U+7A32 541 3148 111 100 U+306F 1245 3491 80 49 U+3059 393 772 60 108 U+3082 921 783 49 95 U+795E 549 1104 102 132 U+3066 1434 1074 72 88 U+3068 1962 3040 39 85 U+91CE 1589 556 99 85 U+3075 2092 1302 107 87 U+5973 206 1109 100 67 U+3082 232 1279 58 111 U+4EBA 202 2613 138 101 U+5150 1591 3296 116 107 U+9060 2101 1399 106 125 U+56FD 1241 3188 100 114 U+79F0 541 3444 112 93 U+8AA4 1757 1111 112 116 U+304F 386 2750 79 84 U+3046 1786 2571 42 104 U+8FC2 207 2947 88 92 U+3064 1075 2453 88 76 U+7A32 553 1996 101 112 U+306F 219 2023 76 42 U+3046 1617 1914 37 108 U+95A2 1248 1200 91 122 U+3044 1929 2702 92 52 U+591C 381 1534 93 129 U+3068 924 1921 54 66 U+4E91 2118 2316 72 92 U+3068 1094 3472 57 64 U+3053 2124 990 54 70 U+30FB 1956 1743 53 48 U+306A 571 1345 58 105 U+306B 904 2659 81 95 U+308B 232 2840 54 83 U+3068 1111 2631 40 91 U+308A 580 1448 41 100 U+3068 1629 3080 42 60 U+3082 1778 2166 49 96 U+725D 1743 1554 128 99 U+3068 1105 1235 45 73 U+3075 1242 3015 100 69 U+8AAC 206 3253 109 103 U+3076 1579 2436 131 76 U+3081 1769 2498 78 74 U+306B 1429 977 97 84 U+3092 564 2542 90 90 U+3064 893 3179 99 77 U+74DC 1430 1230 116 95 U+304B 1591 2844 108 72 U+547C 1755 2893 107 120 U+7D4C 907 1336 104 98 U+5A66 198 764 116 126 U+304D 1255 778 59 105 U+6B4C 1070 3056 117 110 U+306F 914 1556 79 47 U+3064 1244 889 90 72 U+3053 1945 2874 60 68 U+3082 1949 1536 52 101 U+3068 1777 2815 49 67 U+72A2 2086 2550 121 143 U+3046 1446 1435 40 127 U+3088 400 2474 52 88 U+9060 211 3047 81 116 U+304D 1260 1807 63 104 U+56FD 737 1663 89 91 U+725D 1584 2543 126 98 U+306D 712 3401 119 89 U+304B 209 2719 99 56 U+56FD 1934 1114 108 92 U+3044 730 2687 83 58 U+3059 231 2424 60 114 U+3068 1782 868 46 66 U+3079 1061 2119 127 57 U+3068 1276 2782 47 105 U+308A 1786 1344 42 122 U+306B 2119 1735 53 76 U+3068 2128 1170 48 66 U+3044 218 2185 90 41 U+307E 231 2236 53 88 U+3088 1097 2719 50 93 U+306F 2105 884 87 37 U+30FB 1095 2259 51 47 U+53C8 1093 2969 84 79 U+3053 1430 2288 68 73 U+7261 1586 1215 104 91 U+4E8B 387 2924 95 124 U+3059 1100 2007 49 112 U+306B 1605 1632 76 78 U+3044 2112 1245 76 51 U+3068 1777 2099 46 63 U+3088 1258 2376 59 85 U+3068 402 1662 50 74 U+308F 410 2663 48 84 U+308B 405 883 44 69 U+304D 732 3236 51 93 U+30FB 2133 1978 49 47 U+308A 398 1857 58 107 U+308A 1444 2462 49 112 U+308B 237 2535 51 72 U+306A 553 2928 89 95 U+3042 385 3042 75 92 U+308B 1094 958 58 93 U+95A2 1074 1640 88 120 U+30FB 745 775 50 48 U+3068 1970 1961 38 72 U+306B 1760 2269 101 97 U+3068 1441 1562 47 62 U+3092 1595 2119 81 123 U+3064 1248 1908 92 76 U+30FB 1263 2297 55 55 U+3068 578 1538 34 94 U+8A60 904 908 110 103 U+306F 392 1803 76 53 U+306B 559 2780 80 84 U+3068 1615 2248 49 70 U+3075 1577 3202 121 82 U+3046 754 911 37 148 U+6238 1428 878 68 96 U+3053 1434 2579 57 58 U+3066 1931 2456 84 87 U+308A 915 2194 64 117 U+30FB 1614 1850 54 52 U+304B 760 2528 38 63 U+3068 1962 2606 45 83 U+304B 750 1057 37 70 U+30FB 1450 1166 52 48 U+30FB 2123 928 51 43 U+3068 751 837 61 72 U+3068 760 2600 37 86 U+3068 1954 1471 44 66 U+56DB 1601 1433 90 67 U+306F 1086 3249 74 38 U+30FB 2124 3139 51 42 U+3068 2143 2232 30 82 U+304D 1088 3295 58 109 U+308A 403 3130 44 79 U+757F 1436 1786 83 127 U+3079 2104 3208 112 97 U+306F 910 3502 74 33 U+3068 755 2338 48 59 U+3078 535 3026 123 44 U+3046 757 2404 39 128 U+25CB 1596 1079 107 109 U+8A2D 214 3459 83 82 U+3088 1615 2324 45 110 U+3068 1108 1315 42 83 U+3092 1605 1313 92 111 U+30FB 1102 781 50 49 U+4E88 388 3237 72 110 U+3057 418 1151 20 152 U+3092 237 3372 53 72 U+3068 578 3382 31 60 U+540D 1940 3452 87 81 U+306F 918 2856 70 33 U+304F 917 1619 61 92 U+3068 1410 2652 106 127 U+309E 2144 3313 61 51 U+3068 570 2859 41 65 U+3075 724 2750 114 79 U+308A 1786 3128 38 132 U+56FD 2119 1630 93 100 U+3044 1936 3132 82 48 U+30FB 1444 2221 51 47 U+30FB 1618 2785 53 47 U+3068 753 1131 40 68 U+3053 2133 2162 47 56 U+3044 1924 2565 95 41 U+56FD 2098 2861 116 92 U+306F 740 2973 75 34 U+548C 1932 3363 99 84 U+306D 1247 1983 95 119 U+601D 378 3363 88 61 U+3057 1586 933 102 95 U+3075 1919 3187 109 68 U+5B57 559 2409 83 123 U+3088 1093 847 53 106 U+3064 1920 2376 101 84 seg_fp 369 3467 124 80 U+53C8 1992 2232 68 69 U+3076 1417 2862 110 90 U+3057 943 1030 12 147 U+306F 1942 3263 76 30 U+309D 243 2777 26 64 U+309D 1631 1025 30 42 U+56DB 2108 2809 93 51 seg_fp 1427 2783 84 78 U+305F 924 2100 51 113,brsk002-004
U+5DDD 1888 1196 96 128 U+306E 651 1996 95 87 U+306E 653 1520 104 92 U+305A 492 1040 115 110 U+3066 2233 3426 92 87 U+307B 1362 2391 104 111 U+306B 820 2558 108 90 U+3066 1706 2036 86 96 U+3084 1344 3449 117 81 U+3076 2222 863 127 88 U+306E 1355 3160 100 79 U+306E 489 2191 89 77 U+3072 1368 1925 97 116 U+306E 1892 900 94 72 U+53C8 1186 1310 100 83 U+306F 661 949 100 54 U+6D77 993 2614 108 115 U+3066 1878 1374 94 85 U+3044 2062 841 96 59 U+3042 1193 864 86 105 U+4ECA 818 2068 129 124 U+9CE5 848 2798 68 132 U+3080 2062 3194 105 97 U+3066 2230 1569 80 92 U+306F 2235 2603 79 48 U+306B 837 1379 105 68 U+306E 307 2141 92 78 U+306E 491 1431 93 93 U+6CB3 1700 1870 108 106 U+3072 817 2724 104 101 U+3044 308 2216 106 66 U+306E 647 3196 98 80 U+3072 1174 3187 109 108 U+3042 491 850 99 114 U+6A4B 306 1627 118 118 U+3066 2062 3046 77 89 U+6B66 1899 782 106 114 U+6CE2 836 1012 97 109 U+6D77 830 1640 110 110 U+3081 2074 1464 83 83 U+4ED9 1705 2946 116 104 U+3061 2072 899 82 106 U+307B 1366 1360 99 107 U+308B 1184 966 97 119 U+3044 2230 2007 87 62 U+306B 1359 2867 95 95 U+306B 1359 2309 99 74 U+5E2B 1015 1626 107 118 U+306E 831 1566 90 75 U+306E 998 3103 92 65 U+3044 1706 1525 101 61 U+307B 664 2154 88 119 U+58F7 480 2679 105 137 U+3066 2225 2505 79 88 U+3044 2234 1128 88 72 U+53C8 1012 1291 99 82 U+898B 1017 865 86 105 U+4E2D 1368 2742 86 132 U+304B 1193 1405 92 63 U+56FD 2054 2870 113 94 U+3072 310 857 104 103 U+5E2B 296 2639 112 152 U+7DCF 2232 1386 120 118 U+3042 1354 2957 96 123 U+3066 1705 3269 81 91 U+3080 1002 3300 105 92 U+4F50 2228 3140 109 115 U+6D77 655 1865 126 119 U+3044 2056 1334 102 60 U+51FA 663 1600 107 85 U+306E 998 2541 88 72 U+307B 663 2745 97 101 U+306A 842 1118 88 93 U+306B 668 1771 88 98 U+53C8 309 1444 98 82 U+3072 1719 2195 96 99 U+4E5F 490 1699 115 73 U+306B 2231 3346 97 97 U+306B 659 2087 95 67 U+307B 847 1456 103 103 U+7FA9 1364 3238 85 136 U+3066 2061 2062 82 94 U+3044 2063 2605 84 56 U+795E 1889 981 111 123 U+306F 1363 2581 88 46 U+304B 1180 2793 102 77 U+308A 2248 958 70 110 U+306E 826 2941 83 62 U+6B64 484 3129 92 93 U+3044 1709 2797 92 63 U+5DFB 473 2888 122 135 U+306E 476 2818 88 79 U+6E56 1355 2642 108 108 U+6CD5 308 1531 104 103 U+306F 1378 1558 77 46 U+308C 832 1206 118 106 U+306F 848 1325 80 46 U+3048 324 1218 77 102 U+308C 1365 2114 115 117 U+306E 828 3370 87 62 U+3044 1188 1476 90 51 U+7814 284 3005 130 122 U+97F3 1172 2531 99 125 U+3068 2076 2532 53 71 U+3068 686 863 51 80 U+308B 1377 3078 61 82 U+6850 480 2571 112 110 U+5203 305 2799 100 87 U+306B 481 3340 102 100 U+7814 291 2513 114 119 U+3066 1722 1080 68 96 U+4FF3 1005 1378 113 108 U+306B 1182 2134 97 94 U+308B 1900 3053 60 80 U+306B 661 2653 101 79 U+660C 324 1757 76 109 U+3075 1703 2860 113 84 U+5DDE 1714 897 98 112 U+5DDE 2065 1911 102 98 U+3078 1185 1072 100 114 U+306B 490 3027 94 106 U+53C8 2106 1260 79 74 U+3092 1189 2656 87 129 U+3046 693 1012 34 102 U+306B 830 3185 94 64 U+3075 2049 2666 107 81 U+305F 1193 2850 69 90 U+9CE5 998 2970 98 120 U+307B 1007 2432 102 100 U+3075 2214 2071 112 79 U+3044 1181 3128 85 66 U+3044 322 1160 97 58 U+306B 1369 3373 81 66 U+6E90 488 1927 109 112 U+304C 1034 2016 64 63 U+3055 854 860 52 82 U+306B 2253 1497 46 71 U+53F0 1711 3029 105 153 U+30FB 2252 2657 53 57 U+8003 1004 1869 99 140 U+3088 2084 1387 53 71 U+6D77 819 3429 136 107 U+306F 318 1034 84 42 U+309E 865 943 54 65 U+306B 339 956 39 67 U+306B 1002 2350 100 74 U+3064 2239 793 89 72 U+306B 1372 1284 92 62 U+7FC1 1366 1082 88 116 U+3064 1872 2052 96 82 U+30FB 1902 2784 59 58 U+3044 1008 2082 103 64 U+304B 1884 2845 104 73 U+3061 2067 2394 73 71 U+3075 2217 2972 104 74 U+541B 479 2045 105 130 U+306F 1725 3475 76 53 U+3080 1877 1877 113 89 U+3044 2073 1631 81 59 U+3050 1889 2978 89 71 U+4E0A 301 3124 91 79 U+3092 1377 1733 92 127 U+3066 302 3202 80 97 U+3075 644 2833 109 90 U+6CA1 1171 2239 115 114 U+306A 1724 1421 77 107 U+3076 2059 1073 123 68 U+3075 1869 2493 109 73 U+306C 1359 2042 100 73 U+306B 1911 1312 51 66 U+56FD 2224 3261 113 86 U+652F 1020 1752 84 121 U+304D 1548 773 66 94 U+3044 2227 2918 83 52 U+9999 648 3053 118 132 U+3031 680 1198 66 157 U+4FE1 1700 782 122 112 U+3068 1740 2735 49 65 U+6E56 1362 1620 101 108 U+65E5 680 1441 57 76 U+306B 831 2292 107 92 U+3044 1370 1869 83 58 U+3075 2224 1203 113 88 U+307B 833 3257 82 107 U+3081 1727 1243 76 65 U+3089 679 1112 68 98 U+6771 2056 2736 98 131 U+6309 818 2196 133 98 U+3068 2251 1946 46 60 U+306B 2084 2002 46 65 U+5FA1 485 3221 100 134 U+767D 1379 879 71 85 U+99FF 1702 1742 119 125 U+30FB 1905 1475 59 54 U+8AE7 1003 1497 114 111 U+3058 1577 872 46 120 U+3044 1540 1077 80 56 U+7A0B 995 3393 120 95 U+30FB 1738 1186 59 53 U+3054 1733 2662 88 60 U+3068 687 1349 46 84 U+77F3 1353 976 98 87 U+3064 1186 1533 83 56 U+5149 495 1795 96 130 U+3092 305 2887 105 112 U+5DDE 1879 2667 101 117 U+306F 1897 2931 76 39 U+3075 2056 1690 109 79 U+8276 487 1179 109 125 U+308B 1194 2456 53 72 U+30FB 2082 2173 50 45 U+307B 834 2645 97 84 U+5948 1896 1098 84 116 U+305F 1721 2475 81 82 U+3078 649 2278 129 41 U+3068 2090 1552 53 67 U+3068 1389 2501 44 68 U+308A 1022 1172 74 100 U+306F 661 3015 83 44 U+4E91 1386 1204 65 63 U+3046 1901 2216 32 123 U+3089 528 965 57 93 U+30FB 2081 3146 53 51 U+3044 1877 2429 88 63 U+610F 816 2998 100 119 U+9577 300 1873 96 125 U+306F 829 2503 81 45 U+9CE5 2067 3412 65 120 U+3093 2055 2464 113 67 U+30FB 1737 2140 52 51 U+308C 296 3410 125 114 U+6C34 1171 2023 104 107 U+3068 2260 1075 53 58 U+308B 692 2314 52 92 U+30FB 2247 1677 55 51 U+304F 331 2371 44 120 U+3044 1886 3332 83 68 U+3068 1024 2714 43 86 U+3068 1393 1465 46 82 U+3076 1164 1590 142 63 U+4E0A 2248 1295 72 85 U+308A 340 1320 45 108 U+308A 1204 3015 45 123 U+3046 1741 2362 38 116 U+3064 2066 1010 95 65 U+3081 2061 2227 78 59 U+9577 2215 2159 101 136 U+306B 1736 1007 47 77 U+3068 348 1073 42 79 U+571F 2255 3072 52 63 U+3068 1562 998 42 63 U+308A 687 2519 51 138 U+308B 685 1690 50 81 U+3068 1907 3260 44 70 U+3068 693 2917 36 86 U+3075 1872 3406 108 104 U+30FB 2079 788 50 55 U+306E 1010 3489 79 53 U+3050 2071 3297 86 60 U+3068 1212 3408 42 104 U+3059 1017 3170 61 120 U+3046 1745 1312 36 109 U+3068 2252 2860 46 56 U+306B 2080 2972 43 79 U+305F 1029 1072 57 96 U+3046 1910 1766 34 115 U+306B 1731 3192 44 82 U+3075 1527 1137 103 73 U+3046 2089 2287 32 110 U+306A 670 2411 81 108 U+5D0E 2222 2288 123 132 U+3070 1377 2230 97 61 U+305D 315 3305 56 104 U+4E91 1715 1652 74 80 U+307B 2229 1827 110 104 U+4E0A 1893 2571 66 82 U+9CF0 988 2846 114 121 U+4E5F 820 3122 117 53 U+306B 2243 2425 50 84 U+306F 1008 2810 83 41 U+3064 2048 3364 110 69 U+3084 1715 2295 97 75 U+307E 1894 3141 58 108 U+308A 1199 1657 69 105 U+3068 854 1752 42 53 U+304F 1029 2217 46 111 U+308A 2083 1142 64 103 U+7FC1 308 2007 106 126 U+3064 1880 1619 99 74 U+4E91 838 1809 73 85 U+3067 1894 1532 91 85 U+306F 333 2282 42 94 U+304B 1704 3408 107 57 U+3048 1018 974 85 98 U+3059 1191 2351 62 106 U+3066 1880 2138 69 73 U+3069 1204 2944 70 66 U+3053 499 2268 53 62 U+5176 1186 1919 62 110 U+3053 512 1530 52 71 U+3092 487 2414 102 127 U+307B 484 3439 104 97 U+3068 667 3340 70 84 U+3093 1717 2540 114 129 U+3057 1243 1182 21 117 U+3068 534 1603 34 91 U+9CF0 2217 2719 107 122 U+306B 1732 1971 43 70 U+3050 1882 1977 104 66 U+3068 1894 2340 50 83 U+3066 1897 1682 61 82 U+9060 2057 1780 117 130 U+306F 1039 2141 38 78 U+3068 1751 1578 26 73 U+30FB 1726 3360 55 53 U+3053 675 3276 47 56 U+3068 1205 1778 48 70 U+9CF0 818 2372 121 124 U+3057 1239 3256 17 133 U+3068 515 2334 34 84 U+8272 479 1305 108 112 U+306F 1185 1852 86 62 U+307F 2255 1737 37 88 U+306B 660 3445 99 80,brsk002-011
U+4ED8 1373 843 88 111 U+3066 636 3111 99 86 U+3066 2229 2516 88 90 U+3044 1712 1254 101 61 U+3089 684 757 70 102 U+3044 670 865 103 67 U+6B64 1347 2296 102 86 U+3066 1705 3111 78 79 U+3066 2056 2624 83 92 U+80A5 2063 769 121 96 U+5185 1006 3053 92 107 U+3066 659 2112 90 78 U+306B 1195 1108 93 79 U+306E 1878 2729 91 98 U+306E 479 1722 84 73 U+304B 1023 761 106 71 U+3080 2228 1597 105 99 U+53C8 997 2163 114 78 U+9580 491 1145 100 102 U+3044 662 1546 106 60 U+3066 663 1297 86 80 U+3059 1005 1946 97 90 U+5DDE 665 1137 96 107 U+3066 2236 1444 83 85 U+306B 2232 2435 89 87 U+306B 1884 2303 105 93 U+3066 1887 2632 82 83 U+3066 1365 1400 93 94 U+53C8 1540 1002 107 80 U+3066 2061 1219 82 95 U+56FD 2065 1038 93 109 U+3073 1879 1760 125 111 U+3042 647 3251 95 95 U+597D 1524 3029 123 107 U+308A 855 1167 50 120 U+56FD 990 3371 108 76 U+4E5D 675 1056 100 79 U+306B 1711 2878 98 85 U+305B 1896 958 81 72 U+524D 2215 2317 106 118 U+52E2 2223 3048 97 123 U+4E94 995 2848 117 81 U+540D 1870 2830 109 105 U+897F 1009 1223 101 101 U+306B 2231 2849 103 89 U+4F5C 2219 2000 113 111 U+9CE5 1367 2379 69 128 U+5F8C 644 2940 127 116 U+6DF1 1708 844 104 118 U+70CF 1007 2590 98 110 U+3073 2240 932 104 93 U+5DDE 2235 1277 90 109 U+6B66 815 1959 105 109 U+306B 2054 2548 101 92 U+7269 1873 2041 113 91 U+6C96 481 1603 101 121 U+306A 1885 2942 99 117 U+306B 1004 3447 98 67 U+6B64 1531 2161 100 88 U+3089 1032 1856 56 104 U+3066 1715 1841 81 89 U+4E5F 320 2379 105 81 U+4E5E 1366 1612 96 105 U+540C 313 1955 93 101 U+3072 2057 2783 109 93 U+25CB 673 941 107 105 U+3066 1542 3359 71 70 U+6709 1181 1571 88 131 U+56FD 1000 1323 118 88 U+6C34 1526 2804 105 102 U+3072 1714 1059 95 89 U+3044 2050 2970 115 65 U+98E2 1524 2399 129 107 U+306A 855 772 75 94 U+25CB 1019 1105 110 108 U+4E39 645 2867 108 87 U+308A 2249 1103 67 104 U+6C34 1699 3239 114 99 U+3089 680 1450 65 101 U+3042 1881 2133 92 96 U+53CA 2230 2106 99 99 U+304E 1010 980 119 109 U+79F0 2052 3107 123 108 U+6DF1 1882 1466 114 109 U+5E1D 810 2061 108 139 U+9ED2 830 1567 94 103 U+4E91 1557 922 78 71 U+5099 2211 2214 108 107 U+3092 1536 2917 107 105 U+6642 812 2310 106 114 U+51FA 2228 3290 101 86 U+3084 1702 2226 105 70 U+4F0A 2221 2943 105 107 U+304C 1011 1802 110 68 U+306B 833 1476 96 91 U+7F85 813 2537 94 124 U+4E91 1011 2770 80 66 U+9CE5 1372 1720 69 126 U+96E8 1368 1506 89 104 U+306B 310 1339 88 77 U+304B 1896 845 95 69 U+6E05 1541 1077 104 122 U+5510 995 1678 114 111 U+30FB 2074 1317 63 55 U+3084 2051 1450 96 67 U+30FB 2243 2613 62 57 U+3066 485 1399 93 82 U+3055 1040 845 54 75 U+5BFE 1876 2396 114 145 U+306B 1538 3118 99 90 U+6DF1 1703 1932 116 125 U+56FD 647 1950 118 91 U+4F50 652 1828 105 107 U+56FD 466 1250 126 91 U+308B 1903 2229 58 76 U+732E 824 3205 105 102 U+79F0 1350 1916 119 110 U+53CA 2224 3173 106 101 U+56DB 2067 973 92 66 U+3057 2233 2683 99 81 U+4E5E 1705 3331 100 84 U+30FB 678 1387 59 53 U+306F 1895 1413 81 42 U+308B 1914 1338 57 67 U+9CE5 1711 3412 65 105 U+9CE9 831 979 109 123 U+5929 817 1876 95 87 U+4E91 1892 1949 74 82 U+3057 1703 2135 108 92 U+3068 1386 942 46 65 U+540D 1520 3418 100 91 U+571F 665 1761 88 59 U+3082 1361 2188 77 108 U+306B 665 3048 53 69 U+5FA1 811 2205 108 96 U+7D00 1349 3009 104 84 U+306A 1543 1328 89 96 U+4E91 677 1673 75 76 U+9D72 817 2804 120 110 U+5DDE 2069 863 87 113 U+4E91 1014 2093 74 68 U+7F8E 2237 1874 68 125 U+767D 833 1667 75 83 U+6709 1021 1492 71 103 U+3073 1704 2358 120 121 U+3059 1367 2024 66 95 U+3091 2224 843 106 86 U+306A 1361 2511 93 92 U+3093 1704 2474 121 84 U+3089 674 2493 66 85 U+96BB 831 2964 95 120 U+3066 1536 2724 75 80 U+3059 2068 2868 61 105 U+3044 1897 1179 93 52 U+30FB 674 2201 54 53 U+9932 1517 2526 125 112 U+52A0 2230 1213 101 69 U+3073 2103 2033 91 74 U+308A 838 2725 46 85 U+65B0 804 2427 121 117 U+3068 1916 1102 53 74 U+305D 1898 1670 60 95 U+3088 1725 2951 50 70 U+85A9 1868 3188 111 151 U+6771 1705 1537 100 146 U+540D 314 2057 89 98 U+897F 1360 1257 111 89 U+306B 661 2044 88 72 U+305F 490 1799 91 82 U+306B 1015 1416 99 80 U+53CA 998 3158 118 99 U+30FB 2256 1538 59 51 U+4E91 1377 1011 75 66 U+306F 496 1489 77 42 U+76DB 1548 1202 94 122 U+9CE5 509 754 59 132 U+6216 1702 2638 117 115 U+757F 1016 2929 87 127 U+6545 1526 2020 101 96 U+9CE5 327 1712 52 121 U+3059 546 2462 65 81 U+547C 649 2755 120 108 U+3082 1209 1026 49 90 U+30FB 2075 2730 52 50 U+5171 1714 2547 72 94 U+3057 2052 1375 101 71 U+9577 483 1027 105 120 U+3092 843 3102 82 92 U+6240 1689 2794 120 93 U+306B 1876 3440 88 73 U+3088 1554 3208 44 71 U+5C71 1886 1572 97 94 U+6709 319 1836 59 111 U+3086 496 1874 82 78 U+9CE5 1549 2242 67 130 U+3068 1029 2703 46 58 U+6709 839 1754 62 103 U+9D72 1007 588 128 119 U+3068 1024 2028 50 59 U+30FB 2266 771 55 52 U+308A 1728 3020 44 98 U+30FB 666 3202 57 50 U+5C71 1709 958 93 92 U+308B 1374 2602 56 75 U+9AD8 1002 2324 96 123 U+9D86 298 1432 114 127 U+3068 1569 849 50 66 U+30FB 1021 2256 55 50 U+306F 1708 3199 80 42 U+56FD 2044 2463 119 92 U+308A 1561 3279 33 87 U+3075 483 1953 101 79 U+6469 2036 2313 116 144 U+3068 1211 1498 49 64 U+307F 1921 1031 41 68 U+4E91 502 2112 67 75 U+4E91 509 950 68 71 U+3068 1910 1879 46 59 U+3068 1214 959 51 67 U+5C71 1709 2035 96 100 U+3050 2226 1698 110 65 U+3059 1724 1154 61 96 U+3068 678 2688 40 61 U+30FB 502 1541 53 48 U+3046 682 2581 43 104 U+8A18 1346 3305 107 81 U+3057 2105 1853 71 63 U+306B 2087 1146 42 77 U+3076 1706 1457 112 82 U+3073 2056 1583 113 106 U+3088 862 1100 40 71 U+3075 2019 1862 82 65 U+7269 303 2292 121 90 U+3059 2075 3202 59 105 U+5929 715 645 73 66 U+6771 1001 3240 91 123 U+53E4 1357 3091 73 79 U+9E97 995 2452 96 132 U+3093 2111 2096 77 67 U+306F 1898 918 80 40 U+85A9 2046 2170 107 150 U+3068 678 2261 50 61 U+3088 1731 1388 46 79 U+56FD 312 1050 94 84 U+3059 1551 1779 66 103 U+3068 520 890 43 55 U+308B 1373 2118 54 66 U+3068 515 2044 48 59 U+304F 563 2636 31 87 U+30FB 1030 1614 53 49 U+8D64 543 3273 63 79 U+8CC0 319 921 88 114 U+7FBD 829 1391 93 98 U+3088 2255 2773 47 70 U+306B 686 1233 43 69 U+3068 705 1597 32 71 U+6216 2103 1701 84 97 U+3044 2028 1816 60 42 U+306B 475 2373 36 61 U+672C 1349 3427 112 93 U+3068 2263 1030 48 67 U+4E8B 1356 3175 83 123 U+4FE1 711 562 92 83 U+540D 1523 1679 95 113 U+767D 560 2732 55 70 seg_fp 663 3360 79 72 U+811A 536 3170 82 88 U+3068 1381 1849 50 64 U+306B 1710 1776 91 79 U+306F 2113 1814 65 34 U+3042 459 2441 64 84 U+5DDE 1861 3347 121 103 U+306B 2253 1381 55 62 U+308A 1885 3065 80 116 U+4E91 329 1630 53 72 U+308A 2255 1763 40 105 U+306F 1533 2118 92 42 U+5171 2036 1707 49 90 U+3068 1749 1304 35 85 U+6D77 461 2202 69 96 U+306B 510 1335 40 69 U+7D00 1185 841 118 96 U+306B 1384 1340 44 68 U+7FE0 1192 1194 91 157 U+3068 2090 3011 39 89 U+89DC 549 2883 62 110 U+3046 1732 2295 33 100 U+52A0 319 844 93 55 U+3088 844 2661 35 65 U+96F2 2226 3386 89 123 U+9CE5 1202 1357 66 132 U+5C0F 823 1302 104 69 U+9752 559 2548 41 87 U+3057 881 864 18 110 U+767D 323 1150 69 111 U+3068 343 1560 35 59 U+3046 2084 1521 32 97 U+7570 321 2160 114 128 U+3078 1350 2676 120 48 U+9577 560 3006 41 72 U+95A2 1365 1137 94 113 U+3069 1568 1432 56 68 U+304F 665 2427 89 67 U+56FD 1724 1684 88 93 U+7570 1537 1562 85 126 U+3046 681 2324 40 106 U+3084 2107 1917 71 51 U+8FBA 463 2296 59 62 U+6B64 534 2198 70 64 U+3048 1905 1269 76 62 U+308A 478 2523 34 132 U+306F 1713 2746 69 39 U+4E00 828 2925 87 24 U+3046 2120 1970 29 71 U+5C71 318 1272 77 56 U+4E8B 1352 2860 92 152 U+309D 1052 923 24 48 seg_fp 655 3438 73 80 U+304F 563 3077 21 84 U+3057 571 3355 15 141 U+65E5 1379 3381 46 47 U+3057 1392 2695 19 133 U+3057 579 2799 19 90 U+7FC1 641 569 55 93 U+9CE5 554 2272 39 114 U+3046 560 2389 24 75 U+3057 1567 2616 16 110 U+5176 1553 1892 46 122 seg_fp 845 3311 78 54 U+3057 1925 2511 15 119 U+309D 1568 1496 25 64 seg_fp 847 3366 46 58 seg_fp 1440 1080 21 58 seg_fp 1935 1228 23 42,brsk002-013
U+3066 1706 3394 101 86 U+306E 1701 1485 96 78 U+3051 2230 2492 82 90 U+3066 652 2097 80 84 U+3066 2232 3404 77 81 U+3080 1696 1821 110 99 U+516B 2050 1444 113 58 U+3066 823 1537 83 85 U+3089 1190 2448 65 100 U+5185 1701 1368 98 111 U+3081 841 769 75 86 U+308D 836 944 87 115 U+3066 481 2998 79 72 U+6C5F 1534 1342 97 96 U+5E2B 991 2051 114 128 U+3092 1185 1495 94 102 U+306B 829 1454 94 98 U+3092 1362 2604 103 102 U+3092 1354 3380 95 76 U+9CE5 1356 2039 94 104 U+3066 481 1990 83 87 U+5DDE 478 1817 93 108 U+3081 1541 940 80 83 U+547C 1691 3023 111 102 U+540C 1884 1135 83 98 U+304E 1536 1770 103 104 U+3064 1705 1753 90 69 U+3066 2233 1632 73 89 U+3066 814 2345 86 80 U+306E 811 2748 110 88 U+304B 1537 775 102 69 U+3051 1175 2355 91 96 U+3066 1711 2490 77 95 U+3066 1181 1130 78 93 U+305F 1185 2656 53 82 U+3066 1168 2738 80 80 U+6469 821 1321 111 150 U+6771 1173 851 96 99 U+306E 288 2851 83 76 U+52A0 1708 3139 93 66 U+6CB3 637 1841 107 110 U+58F0 2051 2870 112 140 U+7DCF 818 2170 121 109 U+53C8 1176 2049 97 71 U+6B64 1348 3187 98 79 U+3064 1360 2713 87 74 U+87BB 1344 2368 108 127 U+7532 484 1718 76 95 U+5341 2065 1555 69 93 U+306B 1172 2255 95 88 U+6731 2234 2287 75 109 U+3064 1536 1691 96 74 U+3066 1543 1512 85 102 U+3059 1174 1761 89 119 U+4FD7 293 2019 104 104 U+5DDE 2229 3246 86 98 U+3064 474 833 93 65 U+868A 477 506 103 75 U+4EBA 700 2896 98 81 U+4FD7 1695 1578 107 106 U+304B 1001 1208 98 65 U+304E 1709 1928 105 95 U+9CE5 1355 1903 103 109 U+56C0 2046 2651 121 126 U+3066 1533 2456 73 90 U+4ED9 1523 2140 111 95 U+9D51 285 2721 102 117 U+5927 301 1284 99 87 U+306B 1706 3311 92 94 U+306F 2241 1732 72 40 U+306A 1364 2784 90 96 U+4E91 659 2713 73 72 U+3093 300 2254 102 83 U+3092 2055 871 99 118 U+757F 1712 1249 85 112 U+306E 295 3301 83 91 U+7099 994 2893 96 112 U+3064 1709 776 89 67 U+967D 2058 2192 102 122 U+9664 991 2305 117 109 U+3050 1731 845 64 95 U+5343 2054 2779 86 82 U+8AC7 1872 1242 110 114 U+662F 991 2705 103 109 U+3066 1000 2227 75 72 U+306B 478 2912 94 82 U+86C4 1338 2497 109 91 U+6BCD 474 582 98 64 U+99AC 1369 1786 80 101 U+99AC 1353 2153 103 98 U+3050 1185 2959 79 90 U+4E91 2236 1242 76 81 U+6B27 2050 2088 111 109 U+8278 304 1580 91 105 U+25CB 822 1065 111 113 U+8179 1157 2549 124 108 U+3054 1559 853 73 66 U+308D 1174 3208 94 97 U+8CC0 1703 3213 99 119 U+4E94 1698 1171 92 74 U+25CB 1696 1048 111 110 U+4E5F 1354 2264 109 72 U+5F10 2232 2196 92 84 U+9060 1530 1209 116 132 U+25CB 477 1600 110 107 U+4F0A 651 1505 111 103 U+3092 1009 1569 93 107 U+25CB 658 1381 112 111 U+672C 1363 873 88 104 U+5E03 648 502 83 83 U+9CE5 491 647 77 78 U+6771 469 2682 83 132 U+675C 288 2636 98 84 U+4E91 1186 1945 70 88 U+305F 2240 2582 62 80 U+4EAC 996 1935 105 124 U+9060 308 3401 69 117 U+3068 2251 1918 51 70 U+30FB 499 3081 55 59 U+30FB 671 2192 54 49 U+4E0A 831 2093 85 72 U+85A9 826 1172 99 150 U+7C92 2225 2082 93 99 U+8FBA 641 1942 111 82 U+3081 1541 1885 84 84 U+8C46 665 1611 68 109 U+4E09 2056 1367 93 61 U+99FF 638 1722 125 116 U+3084 990 1846 102 67 U+4E91 845 2006 60 71 U+4E91 478 2592 72 79 U+56DB 2055 1652 90 58 U+3046 500 960 42 103 U+591C 992 2417 105 107 U+3066 1363 3106 82 80 U+8AFA 1164 2134 112 120 U+57DF 1868 1013 128 124 U+56FD 469 2823 100 91 U+306B 842 2274 47 74 U+9CF4 2227 963 96 96 U+306B 990 2630 109 83 U+306B 494 1918 47 74 U+6771 1703 2299 101 112 U+306E 712 2975 66 52 U+4E91 2061 2015 72 74 U+3058 831 856 108 85 U+548C 300 1387 97 85 U+96CC 285 2932 104 104 U+306B 1527 2382 95 86 U+7E4D 832 514 103 92 U+3092 1017 3170 87 80 U+3076 1152 3373 128 85 U+3068 845 1935 45 61 U+30FB 1724 2593 57 49 U+306B 297 2125 94 66 U+304D 473 3296 73 83 U+3068 2247 2671 61 70 U+304B 299 2199 90 65 U+307E 1198 1616 49 93 U+3068 1723 2935 57 65 U+3068 2255 867 40 86 U+5438 827 1828 115 112 U+30FB 499 2086 53 49 U+6BCE 983 2518 126 116 U+3044 1007 859 94 56 U+3092 1017 2814 80 74 U+3068 1194 1868 45 66 U+9CE5 1367 3263 60 118 U+9CE5 717 3240 54 94 U+306B 1179 1055 90 76 U+6B64 703 3190 81 54 U+306F 1178 1717 82 47 U+3092 823 2491 98 106 U+3092 310 2526 98 91 U+306B 1023 1768 50 70 U+671D 1357 998 95 108 U+5DDE 2230 1467 88 109 U+3068 2250 2927 50 71 U+304B 474 769 103 58 U+306B 2252 1571 39 66 U+4E91 1538 2040 71 84 U+91C8 1367 1548 98 101 U+307E 833 2664 56 88 U+3093 536 1454 77 73 U+306E 619 2893 57 66 U+4E91 1716 2096 79 81 U+308A 664 954 76 97 U+3044 293 1782 98 53 U+3050 1548 2698 64 90 U+82B1 827 1695 92 135 U+307E 1721 2841 53 87 U+306B 1704 2405 89 90 U+30FB 1556 1632 55 49 U+306B 1561 1430 47 79 U+56C0 2046 1820 112 108 U+3068 498 1076 49 58 U+306F 2239 3492 70 40 U+307E 2242 2407 53 85 U+9DAB 1350 1388 114 110 U+308A 495 1148 66 103 U+30FB 843 1638 54 54 U+3070 1175 2832 90 49 U+672C 311 1480 94 92 U+3068 1190 3470 46 63 U+4FD7 531 1301 79 84 U+3060 656 2436 106 79 U+3075 305 1123 94 72 U+306B 2257 3335 35 67 U+3068 2254 1170 45 68 U+53D6 1355 3468 88 66 U+304E 1355 2882 88 89 U+95A2 1699 2186 106 116 U+306F 2065 1311 76 44 U+610F 2055 3163 97 117 U+3068 1556 1032 47 62 U+3064 1168 2894 91 57 U+3093 2224 1842 106 73 U+3069 497 2370 79 64 U+7530 617 2822 68 61 U+3064 1535 2627 83 56 U+9060 2221 1331 108 134 U+9CE5 1190 1230 57 133 U+30FB 1554 2559 52 49 U+8A69 2048 2428 111 115 U+30FB 1714 1691 55 51 U+9CE5 313 2400 57 120 U+4E8C 2062 1507 75 43 U+3068 2080 1946 45 60 U+767E 1708 518 84 83 U+4E91 1530 2867 77 80 U+3082 322 3211 45 88 U+7570 1886 873 76 133 U+3068 2082 3390 43 55 U+9803 696 3438 76 75 U+4E91 1019 1682 58 72 U+8C46 490 2143 71 108 U+3059 663 2241 63 113 U+56FD 1167 964 106 89 U+9CF4 2222 2747 98 89 U+304C 2081 1098 67 56 U+4E8B 1012 1410 81 173 U+4E5F 301 3039 96 62 U+30FB 1728 3483 49 50 U+308A 1908 1480 40 140 U+3068 1732 2028 45 65 U+6F84 609 3066 77 90 U+98DF 1364 1110 97 113 U+307F 1202 3054 42 65 U+79FB 2052 3290 105 102 U+540D 1360 1668 92 82 U+53F0 1526 2232 113 146 U+3044 314 1065 72 50 U+4E91 1549 1104 70 82 U+305E 620 3221 56 74 U+3066 1708 2651 79 78 U+3068 2077 1162 45 72 U+308A 496 2435 42 98 U+307F 672 2364 54 66 U+8C46 487 3140 75 89 U+7A40 653 581 102 80 U+3046 1729 2727 39 117 U+3068 2076 1728 48 68 U+571F 713 2819 63 59 U+306B 676 2033 37 67 U+85A9 2233 3094 86 142 U+304F 331 1899 34 105 U+3069 679 862 82 76 U+306B 1021 2167 44 66 U+3089 2085 995 37 96 U+3059 1013 3478 91 61 U+968F 2046 3027 124 131 U+3068 1553 1969 50 66 U+308B 1026 1335 54 78 U+3064 2234 1782 79 60 U+3048 1013 939 73 80 U+3068 493 2532 40 57 U+30FB 850 2436 54 47 U+3068 852 2954 43 57 U+3064 661 767 88 59 U+306B 319 1718 41 66 U+4E91 2249 3009 60 69 U+304B 846 2605 38 53 U+3088 1201 3131 35 74 U+3053 313 2342 61 55 U+4E91 844 3019 71 62 U+3053 494 904 50 50 U+9CE5 839 2808 60 85 U+6C34 618 2960 62 101 U+3068 334 858 52 63 U+4E91 315 3149 59 56 U+516C 2050 2314 102 55 U+6709 2070 3453 64 84 U+9451 1364 1238 99 78 U+4F8B 985 3354 110 96 U+773C 841 606 94 62 U+3068 1547 2806 41 55 U+4E94 2222 2003 108 69 U+9CE5 664 650 85 78 U+3068 677 2648 43 60 U+3068 329 3093 37 48 U+306A 1891 1374 74 105 U+3068 627 3164 35 53 U+5171 466 1408 43 64 U+5150 850 665 81 66 U+3053 1183 3312 48 57 U+306F 322 1827 47 76 U+9CE5 1712 657 91 87 U+3075 455 1527 63 63 U+308B 1030 1025 48 56 U+304F 2262 1060 24 87 U+3044 468 1482 49 42 U+3078 468 2334 106 39 U+3078 712 1337 78 39 U+9CE5 462 1299 42 91 U+3082 327 969 53 87 U+306B 717 1156 60 53 U+3044 704 3032 73 37 U+304B 531 1404 72 46 U+307E 501 3229 45 67 U+795D 987 3252 125 109 U+820C 1703 603 88 58 U+767E 2055 2561 94 77 U+304F 2266 2835 34 89 U+3068 1034 3434 38 45 U+309D 2087 1234 30 71 U+308A 642 1267 52 89 U+3053 547 1542 43 46 U+99AC 1188 1381 66 112 U+7F6E 1349 2984 91 117 U+306F 719 3076 56 38 U+307F 1732 951 27 74 seg_fp 853 2890 46 55 U+3082 1020 1084 61 113 U+304F 734 3119 25 59 U+309D 1031 1269 35 56 U+3046 499 2255 35 80 U+3057 742 1217 14 104 U+3075 628 1080 76 78 seg_fp 2071 2348 76 85 U+98DF 996 3014 108 96 U+9CE5 664 2518 66 89 U+3069 649 1209 59 53 seg_fp 336 926 21 42 U+309D 695 827 24 38 U+9CE5 496 3380 53 74 seg_fp 1018 3064 73 91 seg_fp 501 3442 47 63 U+9CF4 727 3353 50 81 U+3044 688 1091 92 53 seg_fp 2123 2537 35 25 seg_fp 673 2592 53 52 U+309D 657 1161 21 41,brsk002-015
U+3044 2207 2435 91 69 U+3066 991 2773 106 86 U+3066 652 2209 84 88 U+306E 1687 2613 95 66 U+306B 994 2686 105 94 U+3066 992 804 93 94 U+5C0F 1878 1202 94 73 U+3066 836 3204 78 81 U+3066 1872 2904 97 90 U+306E 2050 1206 82 67 U+3066 1698 3047 76 81 U+306E 647 743 99 75 U+3066 1167 2475 84 90 U+3066 476 1444 87 89 U+6642 2206 1369 113 82 U+3066 1521 2236 80 85 U+306B 822 3128 101 83 U+308C 2214 3102 100 87 U+308C 1339 856 111 95 U+308C 1334 2429 117 107 U+8C9D 2219 2655 75 117 U+56FD 1160 2066 107 120 U+3044 2044 1657 92 61 U+3042 832 3339 96 78 U+6CB3 1509 2089 98 110 U+3044 2225 3200 82 51 U+306B 998 1801 91 84 U+3044 1345 956 94 56 U+306B 482 3233 100 90 U+7269 2198 2092 108 80 U+5927 1861 2994 103 88 U+306E 299 1420 79 68 U+308C 2055 1005 116 95 U+25CB 814 1057 110 111 U+3066 299 2322 91 94 U+3092 1524 1887 94 85 U+3066 1347 2002 89 83 U+6709 2227 1984 67 102 U+5CA1 1345 2162 95 109 U+3073 1519 1641 117 100 U+306E 1167 933 86 62 U+9B5A 638 824 111 99 U+3092 1694 2288 103 87 U+3072 2208 1889 94 98 U+304B 2217 3039 92 73 U+3042 293 1959 99 100 U+307B 1521 1460 93 95 U+7530 1342 2275 93 86 U+5DDD 1691 2899 97 96 U+306B 644 2119 95 96 U+3042 475 737 97 119 U+3081 830 3425 98 67 U+3081 483 1798 83 82 U+51AC 297 957 78 104 U+3060 637 2357 125 102 U+3066 1706 1599 85 96 U+5F8C 1886 863 95 132 U+3073 1922 2295 83 77 U+3066 1890 1062 69 96 U+3076 2215 1200 118 99 U+3073 994 1084 122 100 U+3055 1703 789 61 92 U+8D8A 1874 739 114 124 U+5927 282 1501 97 94 U+306B 822 1391 90 98 U+306E 2217 1694 78 79 U+25CB 462 955 110 108 U+3073 1686 2027 124 93 U+306E 1167 2184 79 56 U+820C 988 965 96 117 U+7269 1868 3305 110 87 U+982D 2219 816 97 108 U+308B 1871 3189 105 120 U+306B 1697 1515 100 89 U+3061 492 1694 71 95 U+3073 1508 2685 116 99 U+8CDE 283 2413 100 154 U+3065 1519 901 111 78 U+6D77 1151 2242 117 110 U+6C5F 1697 1342 97 95 U+3081 1016 1260 76 87 U+6708 1700 1918 68 103 U+5DDE 650 1997 98 117 U+6B64 469 2282 97 86 U+3092 2231 911 73 102 U+4E91 1716 1251 63 79 U+304D 826 735 64 110 U+306F 997 1895 79 40 U+6D25 465 2851 103 123 U+3068 1361 2599 63 66 U+3068 2228 2370 56 68 U+3092 299 1842 101 95 U+9B5A 1687 2799 101 94 U+3081 1527 2846 71 79 U+53F3 2197 1582 97 108 U+6708 314 1065 53 107 U+4E91 660 2812 77 77 U+308A 2230 2557 56 96 U+308A 2232 2270 45 100 U+304F 999 1998 65 76 U+4F0A 808 2707 125 96 U+897F 1156 1774 113 90 U+3044 1521 3018 73 62 U+3066 827 2099 91 100 U+56FD 451 1294 129 84 U+6E21 1864 2692 122 127 U+53CA 1157 1856 118 105 U+6C5F 816 1856 100 95 U+304D 823 2278 68 109 U+306E 1171 2838 98 69 U+304D 826 1555 73 101 U+547C 1862 2108 107 108 U+3042 1701 3213 90 108 U+306E 1507 3434 99 62 U+7FEB 280 2580 119 102 U+306A 1879 1284 80 85 U+5B50 822 3033 96 92 U+6238 1150 3395 88 93 U+3068 1548 733 52 73 U+6469 468 2608 112 129 U+7D00 643 1886 116 107 U+3064 1213 1400 81 69 U+85FB 296 1180 99 123 U+3053 482 865 67 70 U+306E 1324 1381 61 77 U+3044 2225 3320 72 54 U+3054 834 974 91 74 U+7565 2052 1279 80 128 U+3052 991 2192 112 102 U+7269 1861 1445 109 78 U+547C 989 1425 106 111 U+9B5A 295 1309 88 101 U+6C5F 1523 1106 96 77 U+524D 984 2570 110 122 U+524D 988 1675 103 121 U+30FB 494 1535 52 52 U+539F 2220 2774 79 97 U+306F 490 1600 59 96 U+3068 2239 3254 49 61 U+3078 2203 2514 112 49 U+3064 1511 2500 93 62 U+9B5A 2054 1095 91 107 U+3075 1498 3081 105 83 U+3080 1695 942 110 89 U+306A 1327 1459 55 74 U+306B 1877 989 87 66 U+9055 2203 1773 106 118 U+3072 1698 1086 113 90 U+306B 1874 2820 76 91 U+3055 1711 3329 54 79 U+308C 992 3129 123 105 U+30FB 1186 2567 54 50 U+56FD 464 2978 105 86 U+3092 1876 1523 98 102 U+6709 310 827 54 112 U+8D8A 1685 2396 115 106 U+3044 989 3246 104 55 U+3092 1884 3387 101 105 U+4E91 652 1002 81 69 U+3044 1338 2536 97 59 U+305F 1181 2980 78 85 U+52A0 467 1085 107 57 U+4E91 827 2594 90 89 U+52E2 824 2804 93 125 U+3059 821 855 92 117 U+305F 2072 874 62 76 U+79F0 465 1945 119 110 U+5DE6 2217 1499 90 89 U+6442 455 2748 121 104 U+99FF 1504 1979 114 112 U+3061 1002 2087 74 107 U+306A 2052 1412 80 84 U+306B 1526 1260 102 87 U+7269 286 1758 115 87 U+308F 2066 949 81 57 U+3059 315 2678 61 109 U+307B 645 2569 105 73 U+971C 1692 1779 104 132 U+897F 801 1308 120 86 U+308B 1895 1373 53 63 U+56F3 296 3156 87 90 U+4E91 1011 2355 63 77 U+4E91 1713 1689 70 78 U+306A 292 1593 84 89 U+5F8C 1681 2508 107 105 U+540D 618 1269 70 74 U+64AD 451 2484 124 122 U+7A00 468 3321 110 120 U+8D8A 982 2450 122 120 U+624D 301 3064 75 88 U+95A2 821 1177 91 119 U+306B 625 1184 59 73 U+7A2E 1503 3202 113 109 U+3068 1372 1017 45 66 U+3068 1026 3318 48 66 U+30FB 665 2301 52 47 U+79F0 1156 3200 123 108 U+3081 1706 2212 58 70 U+3068 668 931 52 62 U+306A 2220 2176 67 93 U+30FB 1880 1637 55 49 U+3059 624 1429 62 89 U+3059 835 2393 62 118 U+306F 1369 723 42 95 U+30FB 1016 906 53 48 U+547C 287 2227 103 98 U+3057 1170 2906 100 68 U+30FB 852 3286 50 44 U+3053 1871 1695 69 67 U+6771 1160 1963 105 103 U+3053 1543 3368 58 60 U+6F22 288 2902 106 101 U+308A 2077 1498 47 100 U+4E91 1004 3391 84 84 U+6238 1522 1179 63 100 U+3064 1856 1765 99 68 U+308B 2248 1293 44 71 U+3089 2243 1121 55 88 U+3046 675 2459 39 104 U+3068 1892 2032 56 72 U+304F 1550 978 34 110 U+4E91 1345 2673 78 77 U+304B 2065 823 86 52 U+306B 1365 1931 45 71 U+30FB 1712 3133 52 51 U+5099 974 1543 122 128 U+5E95 1193 607 91 85 U+3070 1715 3411 71 89 U+4F50 1866 2581 102 115 U+3068 1719 1182 54 66 U+30FB 1368 2106 49 49 U+95A2 1163 1643 100 119 U+3070 1012 2926 73 96 U+305E 1233 1480 63 82 U+65E5 714 1317 38 83 U+6238 811 1938 78 102 U+3059 825 1667 87 108 U+3053 1234 1568 48 51 U+3089 1931 2363 53 87 U+9B5A 468 2367 103 118 U+30FB 1022 2860 48 46 U+3068 1536 2940 54 67 U+306B 1715 2981 47 63 U+3081 1931 2449 54 53 U+6CC9 1339 1695 99 126 U+6C5F 1168 3321 88 88 U+7FC1 2212 2872 101 118 U+30FB 1539 3313 50 44 U+308B 309 1690 59 67 U+306F 1894 1156 63 39 U+3053 305 2069 68 60 U+3068 317 2141 54 78 U+3081 1531 1824 71 66 U+306B 1022 736 39 72 U+4E5F 706 1822 90 74 U+3089 1896 1941 63 88 U+307E 1535 2400 52 101 U+5DDE 1346 1828 83 111 U+306A 2238 1019 63 95 U+4F1A 278 3253 126 106 U+3068 1013 2290 47 60 U+30FB 1543 1407 52 50 U+3054 831 1772 95 71 U+3075 2219 3375 85 76 U+30FB 843 2209 47 44 U+306A 1539 810 65 101 U+7136 608 1522 90 67 U+3068 1933 2517 48 53 U+3069 507 3142 66 104 U+306A 475 3077 92 86 U+3068 842 2521 54 65 U+306B 838 2023 50 77 U+4E91 1370 1090 55 80 U+3057 1160 998 98 89 U+96E8 695 1104 69 69 U+3068 2070 1598 54 64 U+304C 1333 2370 129 68 U+8FBA 1162 2351 94 67 U+306F 2224 2993 61 36 U+767D 827 2927 73 96 U+3068 674 2748 47 63 U+304F 1224 1327 58 68 U+3048 2061 1714 63 109 U+306B 1182 2417 43 62 U+306E 1840 2309 55 47 U+30FB 1013 1944 48 45 U+306B 496 1378 44 71 U+306B 1857 2446 40 55 U+306B 495 3440 98 58 U+3082 1334 1290 39 90 U+3075 693 1184 68 63 U+3053 1925 2248 46 49 U+5E7E 860 528 84 92 U+306F 2222 1462 71 36 U+305F 1174 1092 65 84 U+309E 1026 3027 58 75 U+306F 1515 2631 79 38 U+30FB 1725 731 47 45 U+8CC0 465 1159 106 122 U+6709 1357 1168 66 111 U+4E5F 629 1783 68 74 U+4E09 288 3006 92 49 U+548C 289 2822 97 74 U+304B 1717 1038 38 42 U+3068 715 1606 38 58 U+3084 1837 2505 74 61 U+6238 1697 1421 76 104 U+306A 1879 3096 88 90 U+963F 472 534 99 77 U+9808 857 619 84 71 U+308A 1334 1532 44 114 U+7CF8 1696 2678 85 110 U+3082 636 1640 38 54 U+53E4 474 599 85 87 U+9B5A 699 1730 73 92 U+3057 1191 2693 29 139 U+4E91 1541 1344 56 58 U+540D 1206 1242 78 76 U+3068 499 1881 46 58 U+30FB 842 1490 51 45 U+308A 2059 1831 71 105 U+5C0F 1400 1476 65 59 U+978B 1187 524 101 86 U+308B 717 1667 41 48 U+6545 617 1102 73 70 U+3046 1195 2624 37 103 U+3089 1718 2114 45 99 U+30FB 1527 2323 64 46 U+306B 1541 2174 40 65 U+308B 714 1254 39 54 U+3059 494 2055 62 118 U+8AA4 1834 2365 76 74 U+3046 681 2639 38 116 U+3089 1032 1175 39 93 U+591A 705 1406 57 100 U+304C 1368 818 70 48 U+306F 2229 3451 69 37 U+81F3 1399 1301 65 88 U+3068 1021 1351 41 70 U+304B 1536 2575 42 51 U+307A 1872 1834 98 103 U+53E4 772 534 71 82 U+3089 1550 2765 34 81 U+4E91 1852 2250 38 47 U+3068 644 1581 26 60 U+3066 1409 1397 42 77 U+898B 289 3405 104 88 U+9B5A 1108 526 68 85 U+3057 1559 1560 17 119 U+3068 643 1350 28 79 U+304F 721 1507 28 89 U+308B 1412 1634 35 44 U+5225 622 1705 64 76 U+3089 1543 1732 44 101 U+4E00 1504 3171 93 23 U+3068 1175 3078 87 116 U+304B 1732 889 26 37 U+3057 1203 795 21 125 U+4E00 1223 1204 60 15 U+304C 1013 3096 62 51 U+306A 1410 1574 52 59 U+3046 1194 724 36 77 seg_fp 1242 3304 40 29 seg_fp 307 3378 58 63,brsk002-023
U+3066 1500 1202 97 93 U+540C 812 2825 100 106 U+3066 977 1519 94 88 U+3044 1674 2456 98 70 U+306A 804 921 84 87 U+3072 804 2157 101 116 U+3044 1849 1620 93 65 U+3066 1685 1782 82 77 U+306B 973 1428 102 96 U+3092 1499 1731 96 89 U+56FD 274 3068 106 75 U+90E8 809 3129 114 103 U+3066 797 1536 94 89 U+3092 809 1911 100 96 U+3066 1851 1471 86 93 U+3044 1676 2662 81 70 U+3066 1145 1444 90 89 U+9060 290 3218 92 101 U+3066 627 2487 93 88 U+5DDD 115 1271 88 115 U+3044 1666 2035 101 65 U+9B5A 280 1940 88 96 U+306E 1499 1535 87 86 U+3066 818 3309 80 82 U+304B 1162 756 87 56 U+3066 115 1180 90 85 U+3042 806 756 89 94 U+3066 624 1647 94 92 U+3081 454 2500 71 76 U+8D64 2005 1413 100 107 U+306B 1676 1713 102 77 U+3081 1690 755 74 76 U+3082 1681 2581 68 86 U+4EBA 1311 1461 122 107 U+306E 463 3185 79 67 U+3044 974 768 94 61 U+3081 1508 1287 77 76 U+85FB 1849 521 95 106 U+3079 619 2652 125 107 U+306B 467 3381 81 69 U+80B4 109 3037 104 135 U+305A 293 977 102 110 U+3066 1496 1936 94 96 U+75C5 1308 1343 116 120 U+4E91 639 1211 75 84 U+304C 1152 1679 117 73 U+306D 793 1702 118 111 U+306B 293 2756 96 96 U+306B 459 2143 96 84 U+308D 622 2782 90 92 U+3042 634 747 90 111 U+25CB 796 1093 111 105 U+25CB 1840 1095 111 109 U+5DDE 627 2326 97 107 U+5DDE 796 1353 104 111 U+3092 127 1481 86 89 U+3089 1181 1745 57 104 U+79F0 444 2664 109 104 U+540D 437 2222 108 94 U+3093 800 2403 130 119 U+25CB 1144 1019 107 106 U+306B 283 1849 107 91 U+9B5A 113 1368 101 107 U+3086 457 3097 86 86 U+6C96 1493 2615 109 130 U+3081 627 1052 85 74 U+305D 1865 1698 65 113 U+3075 963 2119 101 77 U+6C34 107 1577 95 98 U+98DF 451 1020 98 100 U+4E91 2026 1808 85 79 U+305A 297 2434 85 97 U+4E91 632 2129 75 83 U+4E91 1502 3055 78 83 U+897F 1837 1212 100 83 U+53C8 284 3154 108 68 U+4E91 1688 2168 71 88 U+3042 2018 1174 83 105 U+306A 1495 2033 87 97 U+3044 800 858 97 57 U+8A13 275 2329 94 112 U+306B 459 1252 86 62 U+56FD 809 2921 100 92 U+3042 289 829 75 88 U+5965 982 1686 83 130 U+5965 1143 1138 106 135 U+96CC 445 3261 116 114 U+306A 1331 2240 86 89 U+9B8E 443 1571 109 125 U+3044 811 2087 77 75 U+672C 291 1250 89 96 U+3055 989 846 57 82 U+4E91 113 1870 72 76 U+308C 1321 2047 122 123 U+3068 997 1984 56 67 U+3042 465 3008 77 89 U+56FD 1844 1295 86 113 U+5357 825 3023 81 118 U+3081 1864 1812 70 75 U+308B 1519 2896 58 85 U+98DF 1311 1548 113 141 U+3055 1166 821 58 93 U+3053 1158 1606 73 71 U+5C3E 278 2851 121 108 U+3092 1204 2500 83 76 U+3081 809 1015 82 67 U+4E91 638 2943 78 84 U+30FB 1865 1565 52 49 U+3068 2033 1712 71 79 U+5965 800 1220 95 129 U+25CB 971 1066 108 111 U+547C 1492 1830 103 106 U+9B5A 96 1686 103 104 U+5DDE 1147 1276 98 108 U+4E91 1159 1941 78 72 U+53C8 103 1959 100 85 U+9B5A 113 2733 93 118 U+4E91 1504 2359 74 86 U+3070 1514 1366 74 83 U+53F0 1666 1575 106 136 U+3068 1517 2982 45 73 U+9678 1671 1204 105 127 U+3072 1329 962 84 99 U+6545 448 2042 126 105 U+308B 1863 1982 58 78 U+306E 108 820 79 75 U+308B 1522 1450 49 78 U+4ED9 1668 1490 111 82 U+5F35 1681 611 105 99 U+305D 1676 1919 80 115 U+3072 1123 2199 68 97 U+308B 1516 2129 55 91 U+9B5A 1846 626 92 85 U+3065 444 2312 111 69 U+6C5F 99 2045 95 88 U+53C8 1702 2278 97 68 U+9BAC 968 1828 126 134 U+3068 124 1791 53 73 U+5728 118 1001 91 100 U+539A 1313 1064 94 129 U+4F3C 438 1788 117 90 U+3044 985 2062 71 56 U+5F35 280 2967 104 102 U+304F 475 2381 34 108 U+5DDE 968 1319 97 113 U+3092 1849 986 93 98 U+3082 144 3310 47 78 U+6309 271 2655 113 92 U+3081 1509 2747 72 63 U+308A 2028 993 45 96 U+3075 1312 1688 97 78 U+25CB 1676 1079 109 109 U+85FB 1205 2303 82 114 U+308A 1352 2331 44 107 U+30FB 1161 1543 55 52 U+53C8 2012 1083 104 91 U+304B 1192 2056 87 63 U+3068 288 2248 54 70 U+304D 978 947 65 108 U+30FB 1691 1862 55 47 U+99FF 617 2214 124 115 U+7C97 447 1449 109 115 U+3068 824 2018 48 65 U+3054 1164 933 84 71 U+53C8 837 2264 101 67 U+7A2E 1485 2508 110 106 U+5DDE 290 3326 96 100 U+3068 647 1135 54 68 U+3053 1334 1772 63 55 U+306B 1164 1378 49 71 U+3068 644 2058 44 61 U+306F 2026 1366 69 36 U+306B 642 1583 50 63 U+3068 1697 2100 47 64 U+306B 843 3233 43 79 U+4E91 128 3239 76 69 U+30FB 997 1619 48 47 U+5473 1325 854 99 107 U+3070 1867 1886 76 94 U+306B 1862 1399 43 74 U+306B 102 2224 94 83 U+3057 626 1811 95 81 U+76EE 1696 527 56 81 U+53C8 281 1085 101 73 U+4E5F 111 2962 128 67 U+7D0D 99 2393 101 103 U+4E91 113 2320 66 60 U+306B 645 2419 51 68 U+3048 2016 824 80 93 U+5965 978 1184 87 148 U+4E91 811 2730 88 80 U+306A 1330 1926 79 94 U+306B 141 1104 36 77 U+3068 1348 1837 56 75 U+3057 802 2340 103 71 U+306F 466 3467 67 39 U+3053 1513 2216 65 64 U+6240 119 906 87 91 U+6709 1511 3141 67 112 U+30FB 647 1746 53 51 U+30FB 648 2584 49 47 U+308A 1149 2373 34 116 U+3068 1704 2519 37 65 U+3068 1176 1861 50 63 U+672C 464 844 90 86 U+306F 831 3401 76 33 U+3092 286 2043 86 93 U+4F50 622 1313 104 118 U+671D 458 930 81 83 U+5176 1512 3254 58 98 U+8FBA 299 3405 89 111 U+3075 1658 2730 110 67 U+30FB 819 1637 54 50 U+5C4B 107 2491 103 106 U+305F 1137 2047 38 81 U+3053 2026 1283 55 66 U+4ECA 274 2542 111 131 U+3068 1357 2174 44 66 U+4E5F 2014 1644 95 53 U+9B5A 2008 1538 101 104 U+306E 1217 2581 65 54 U+308A 477 1936 40 114 U+3058 813 2498 98 75 U+3076 628 856 98 105 U+3070 1517 2812 66 84 U+306B 1523 1131 49 72 U+9ED2 1508 3431 100 88 U+3068 1867 2072 48 64 U+3068 653 2875 47 66 U+5C4B 115 2850 95 104 U+8272 1506 3349 86 95 U+5B50 1169 635 75 72 U+3068 464 2590 50 67 U+4E07 285 1465 90 119 U+306A 1139 2297 52 81 U+306A 284 2149 94 91 U+3068 1510 2291 52 66 U+3088 825 2577 54 102 U+7B49 279 1731 87 141 U+4F50 989 630 95 81 U+82B8 1506 853 115 130 U+308B 1696 951 50 93 U+3070 1692 841 74 101 U+306B 816 1468 51 70 U+305F 2033 918 51 72 U+65E5 309 1184 44 58 U+5965 1689 1329 71 148 U+9152 115 3393 102 81 U+3082 1859 763 79 126 U+3055 1218 2142 39 79 U+306B 464 1694 92 86 U+6E21 621 1438 119 126 U+3068 139 3174 49 58 U+5150 1491 1624 117 100 U+3046 1872 889 37 103 U+3054 1212 2233 73 61 U+7D00 283 1351 95 72 U+3059 1692 2346 59 117 U+305F 483 1871 51 66 U+8449 286 1585 86 111 U+3066 460 2861 63 65 U+5F62 444 1323 107 90 U+6238 103 2125 65 113 U+9451 453 1136 100 78 U+3046 649 1954 32 102 U+3082 483 2925 45 78 U+3050 1134 2144 56 53 U+30FB 850 3446 53 50 U+4E91 1857 2144 72 80 U+3046 827 1815 32 95 U+3057 1358 1203 17 133 U+4F0A 1018 552 63 69 U+4E00 1496 2467 93 20 U+3046 1218 2426 36 79 U+5973 739 557 80 66 U+3057 490 2759 21 97 U+9B8E 825 552 82 82 U+9B5A 128 3456 79 70 U+7B20 1173 550 72 77 U+9B5A 838 635 67 70 U+3089 650 964 32 94 U+6728 931 551 61 74 U+3089 319 920 26 66 U+5DDE 1503 1043 93 90 U+3082 121 2613 121 116 seg_fp 523 1411 30 61 U+3068 828 2669 42 62 U+309E 664 1893 63 55 U+304B 1352 2018 31 46,brsk002-024
U+3066 996 1670 85 90 U+306E 1518 927 79 73 U+3066 816 1107 91 93 U+3066 2027 994 99 101 U+6D77 1854 924 106 105 U+3066 1161 2271 96 97 U+3066 2209 2095 78 89 U+306B 1862 1032 93 90 U+305A 471 2803 115 102 U+3066 291 1854 80 83 U+3066 1850 1588 92 93 U+308B 1882 1788 59 78 U+4E5D 1151 3208 103 84 U+56FD 285 1685 95 105 U+5B57 2040 3268 88 108 U+306E 1516 2154 83 70 U+306B 812 2178 91 76 U+524D 1507 2028 101 131 U+4E2D 1159 2894 92 101 U+6D6E 2202 2473 105 124 U+306B 991 2859 92 73 U+3066 1861 2670 90 92 U+304D 980 2177 100 107 U+3066 298 2755 82 85 U+306E 812 1996 85 66 U+304B 1510 3239 96 64 U+3093 1676 1855 106 90 U+308C 461 1982 116 103 U+308D 645 883 88 87 U+3092 2037 1194 97 101 U+5E72 1868 3349 83 107 U+306E 2213 823 77 108 U+306B 1683 1013 95 91 U+90FD 1154 2102 112 102 U+3064 283 2975 87 74 U+306E 629 1273 89 70 U+3070 1701 1413 72 97 U+305F 2224 2974 53 97 U+56FD 1148 3007 109 84 U+3092 2036 3377 85 65 U+6D77 809 2066 118 110 U+3072 1512 2674 96 100 U+6C5F 632 2341 105 87 U+3066 1681 2864 88 86 U+3066 2036 2304 89 86 U+662F 2025 1093 115 106 U+9B5A 2208 1180 98 100 U+6CAB 2192 1770 106 123 U+306B 1520 2504 88 82 U+3042 2203 1286 84 91 U+964D 2198 2872 108 113 U+6570 2030 2396 108 114 U+3069 1711 3041 72 75 U+306B 1676 1705 93 64 U+4E91 823 1666 81 80 U+306A 1865 1689 90 92 U+306E 2041 2516 80 62 U+6D77 468 1678 115 110 U+3059 829 3180 56 99 U+9762 2199 2284 106 103 U+53C8 806 1749 111 80 U+6771 1853 799 91 129 U+306E 1684 1633 83 63 U+6C5F 285 2531 108 88 U+3064 1849 1511 95 75 U+6642 2191 1602 112 98 U+308B 1181 1699 61 79 U+9B5A 1678 801 100 106 U+306C 1338 1046 93 65 U+69D8 1505 3428 114 81 U+53CA 1147 3094 106 97 U+5225 461 2904 102 119 U+306E 1505 1786 91 70 U+53C8 1667 2533 104 69 U+306E 475 2406 77 56 U+6D66 460 790 120 116 U+3092 1858 1293 94 103 U+4E5F 613 1340 129 59 U+304B 1680 2971 102 61 U+3079 1860 1865 120 56 U+306B 1522 2949 96 85 U+25CB 1163 1146 109 108 U+677E 1501 1944 117 100 U+4F50 810 1882 105 111 U+7DB2 2208 3399 111 90 U+6309 637 1516 110 102 U+3064 2019 907 94 86 U+6B64 2211 1080 85 81 U+6E80 2020 1961 113 120 U+306B 817 1018 84 93 U+4E91 2215 946 75 98 U+306E 1163 895 80 55 U+306B 994 1601 91 82 U+5B50 2037 2587 81 102 U+3075 637 1099 81 69 U+5DDE 1145 3290 114 110 U+3076 2201 2599 115 74 U+306B 489 1793 51 68 U+306B 646 1624 86 85 U+662F 461 1175 112 121 U+306F 295 1252 75 51 U+8EFD 1850 2475 109 122 U+304A 1350 805 89 58 U+3060 291 2113 94 91 U+751F 1687 1518 71 108 U+306F 1001 1768 77 50 U+306F 834 1261 59 83 U+306B 2213 2383 86 85 U+306E 2048 3206 68 59 U+3042 477 2644 82 88 U+306E 2205 2804 85 62 U+3092 465 1295 98 89 U+3068 659 976 57 65 U+6B64 1167 1263 96 78 U+4ECA 660 1397 53 104 U+3089 824 2424 68 92 U+3066 1513 1412 79 94 U+3092 1685 908 95 109 U+5D0E 977 2732 127 123 U+306B 1862 2988 94 95 U+306A 1172 1606 88 92 U+4EA4 1521 1208 93 99 U+9C2D 281 1387 110 123 U+5C11 1516 3041 100 90 U+3053 1191 807 58 58 U+9B5A 1158 1350 101 106 U+4E91 1003 1193 68 80 U+9B5A 283 3304 102 106 U+65C5 1502 2224 104 131 U+54C1 634 2754 99 84 U+3092 2208 3486 95 76 U+305F 815 2584 62 70 U+3044 1697 1320 74 58 U+4FD7 2020 2980 139 86 U+3066 1692 3489 84 67 U+3092 2210 1894 92 106 U+9C0A 2029 3076 125 109 U+308B 1704 2301 49 53 U+4E5F 456 3145 117 76 U+5B50 2047 1650 63 98 U+3066 2025 1855 84 94 U+5B50 465 2471 91 86 U+4E5F 296 1520 94 81 U+3064 2198 1386 99 69 U+9B5A 811 2805 100 100 U+307C 1351 875 112 108 U+4E91 991 2333 78 85 U+306A 1696 2207 69 91 U+4E91 1165 2813 78 80 U+3082 2051 807 42 101 U+3060 829 1344 77 81 U+6D25 1856 2350 104 125 U+3055 1001 2085 50 84 U+6C34 2219 2180 73 97 U+308B 2221 3069 59 72 U+3082 1880 1406 42 110 U+3089 832 1429 57 100 U+3057 636 800 96 77 U+3057 1671 1775 96 81 U+3078 1345 986 115 57 U+3068 836 1599 52 63 U+4E91 1869 3215 85 79 U+306F 2189 1716 90 64 U+7269 1153 1783 121 97 U+308D 1160 1047 95 92 U+4F8D 1498 2779 111 106 U+3055 307 2904 52 70 U+304B 1141 2611 110 63 U+4E91 291 3223 83 74 U+6D66 633 2631 125 121 U+7269 282 2375 129 101 U+30FB 833 1201 53 49 U+306E 811 3461 79 74 U+4E0B 641 3263 75 86 U+3062 828 3289 94 83 U+6B64 982 2434 100 97 U+4E91 291 2276 89 78 U+4EAC 1161 1989 97 113 U+306B 475 2564 99 96 U+306B 2043 1553 86 97 U+308A 1185 2660 42 86 U+306B 1863 2238 103 96 U+3075 1140 2529 116 69 U+3044 645 1045 71 50 U+308B 1536 3359 53 70 U+6C96 625 2948 112 136 U+306E 637 3465 86 85 U+306B 1166 2194 93 84 U+308B 1363 1117 57 77 U+306F 476 1869 79 39 U+9B5A 979 2526 104 119 U+306F 1516 3312 86 44 U+30FB 1189 2372 55 54 U+306B 1512 3508 90 59 U+4E5F 1510 1857 99 52 U+304C 2227 3150 76 64 U+306A 475 2084 80 94 U+9C2F 1499 804 113 117 U+306E 1168 1459 81 56 U+3068 1701 1932 54 61 U+30FB 831 2258 56 55 U+30FB 305 2844 49 47 U+3057 1163 961 95 82 U+547C 301 1150 104 96 U+548C 2023 2864 129 102 U+4E91 822 2721 73 80 U+51FA 1863 1138 93 69 U+7A2E 439 3020 132 122 U+5171 1160 3376 75 97 U+9B5A 634 2158 106 114 U+3044 1687 3123 86 42 U+3068 314 2211 51 62 U+662F 812 3017 103 117 U+305F 1868 3417 46 85 U+3053 317 1950 60 60 U+3054 829 1524 80 66 U+307E 1884 2884 56 97 U+308B 1879 1220 54 66 U+51FA 477 1391 90 72 U+306A 296 863 105 95 U+5439 2199 1995 107 90 U+3068 1005 2259 47 75 U+3093 1679 1173 106 83 U+3082 662 1174 54 102 U+4F8D 1333 1441 104 97 U+306A 1870 2772 87 108 U+4E2D 1517 1006 80 106 U+96EA 2209 2677 80 104 U+4E91 2039 2769 88 75 U+6B64 285 1608 96 70 U+307E 2226 1447 42 92 U+306B 1522 1119 79 78 U+3071 301 3052 80 99 U+308A 486 1066 40 103 U+306F 1869 3298 94 55 U+6309 1849 2141 123 101 U+3068 2052 2696 52 64 U+4E91 1690 1998 63 67 U+591A 985 2934 87 133 U+7AE5 636 1839 76 139 U+306A 295 3413 94 72 U+7528 2052 3444 73 103 U+306A 988 3325 83 84 U+9BEF 629 1724 95 110 U+3082 1536 1688 60 102 U+306F 638 2278 77 45 U+3092 1176 1878 89 101 U+306A 1005 928 90 89 U+6238 648 2424 61 89 U+308B 2056 1369 48 66 U+3068 321 1077 55 62 U+3078 1671 1381 136 48 U+3068 315 3163 49 58 U+3068 1173 2751 50 60 U+3053 489 1910 51 68 U+7B51 814 805 114 106 U+3042 1511 1520 91 88 U+8179 2030 1448 111 106 U+3057 1679 1098 88 72 U+6709 2041 1760 67 94 U+5982 2218 3221 91 60 U+306F 314 2021 50 89 U+306B 299 2680 83 80 U+5BA2 1510 2349 87 148 U+4E91 1694 3422 77 66 U+304C 1004 2020 66 60 U+3068 826 2659 51 59 U+30FB 1005 1831 52 52 U+306F 817 3139 83 39 U+6469 987 1446 96 98 U+308B 1866 3501 52 58 U+3054 831 3391 76 62 U+7DCF 625 3349 128 109 U+4E91 647 2070 69 79 U+3068 1017 1126 46 58 U+3068 1362 1206 49 73 U+306B 1165 3480 94 82 U+5C0F 291 1321 91 60 U+5C0F 1172 1526 80 71 U+308F 1709 3167 39 77 U+3064 990 858 86 59 U+4ECA 1858 2043 103 111 U+7DCF 634 3170 113 102 U+3064 301 800 76 55 U+308B 1552 1607 51 72 U+306F 824 2319 56 101 U+3068 1712 3357 46 57 U+7B54 1344 1285 77 143 U+3088 490 993 45 70 U+6C5F 1677 2616 91 81 U+3068 1720 1242 35 68 U+306B 1689 2777 82 95 U+9C36 463 2292 109 101 U+6709 831 2903 67 108 U+306B 1887 2592 42 79 U+307E 1181 2443 51 87 U+308A 318 3484 39 71 U+304B 834 2523 39 60 U+554F 1511 2598 111 74 U+5DDD 622 2835 101 113 U+3068 2065 1303 43 64 U+308A 2043 2079 67 93 U+306B 313 1791 39 66 U+3059 482 1475 57 106 U+3065 975 3405 122 76 U+306A 988 1910 82 110 U+897F 477 1592 91 98 U+308B 2212 1537 57 69 U+3057 1371 1611 21 184 U+6238 291 2598 83 95 seg_fp 1014 1533 56 75 U+30FB 1011 798 55 46 U+829D 634 2518 90 120 U+9577 994 2647 69 78 U+303B 503 923 32 62 U+3089 502 2735 57 78 U+5E72 2042 2196 60 107 U+3057 1554 3128 21 107 U+99FF 448 3218 122 132 U+610F 1677 2073 106 128 U+308A 1371 1536 41 106 U+524D 809 910 102 106 U+3079 1668 2357 121 42 U+308A 1530 1310 61 96 U+6545 974 3152 120 100 U+571F 819 1825 66 61 U+3057 1725 3242 22 98 U+3068 654 1981 57 81 U+3068 1889 3138 40 70 U+85A9 989 1337 97 107 U+9B5A 1173 673 74 82 U+306B 991 3237 86 78 U+3057 340 947 14 114 U+6238 1685 2683 67 114 U+306F 300 2476 73 43 U+3057 2249 3278 16 105 U+4E0A 641 3086 69 80 U+3057 1906 1906 16 113 U+3057 1031 3043 17 122 U+3057 1720 2385 15 129 U+9C45 1160 561 117 115 U+3057 1936 3061 15 112 U+6CB3 457 3346 112 86 U+3057 519 2178 15 101 U+304F 1001 3466 38 93 U+3057 1039 1018 15 96 U+3057 1565 2870 22 97 seg_fp 1002 1286 58 61 seg_fp 2113 3531 32 24 seg_fp 465 3432 95 106 seg_fp 1585 1912 30 23,brsk002-033
U+3066 791 2834 89 91 U+4EBA 1976 2350 137 102 U+306E 1659 3164 80 71 U+3066 620 3272 92 89 U+306E 792 2315 90 69 U+5DDD 86 1534 102 114 U+3073 89 2772 116 124 U+3080 1651 2996 100 96 U+306E 98 1998 88 73 U+306B 617 3194 103 87 U+3084 1298 3038 113 75 U+4EAC 438 2526 93 111 U+3066 1822 1888 91 91 U+5B50 1810 2031 103 102 U+306E 1302 2396 85 79 U+306E 270 1134 76 65 U+3066 98 1168 80 81 U+3066 279 3484 97 69 U+3066 92 2877 89 83 U+3081 794 2981 87 76 U+6CBB 265 2677 111 111 U+3066 1992 3149 90 77 U+306E 978 2714 86 67 U+4EE3 1481 862 104 111 U+306E 1309 1486 99 90 U+306E 1653 2192 85 65 U+5C0F 966 2785 100 71 U+3066 614 2402 84 84 U+308C 1979 3050 117 114 U+304B 604 947 106 65 U+3066 972 3460 98 84 U+306B 1315 2664 98 90 U+6D45 88 1310 113 119 U+3066 960 1806 90 87 U+306B 1830 3166 99 78 U+308D 2001 1022 85 80 U+7269 956 3067 127 101 U+306B 1318 1756 87 81 U+306E 1986 2445 87 63 U+306B 794 2756 97 83 U+308D 1653 2356 86 77 U+6C5F 785 2587 106 94 U+306A 1315 2830 95 97 U+306E 263 3178 88 68 U+6216 1992 2243 109 116 U+308D 1306 2578 87 92 U+6CBB 266 938 111 98 U+305A 787 1883 112 129 U+306E 1494 792 74 60 U+3066 441 2796 82 91 U+306E 1139 2322 85 63 U+3066 454 1406 85 83 U+306B 1137 3138 96 78 U+3064 1299 2764 110 74 U+3053 2019 794 63 65 U+308C 258 1798 114 98 U+4EBA 1127 2232 123 105 U+304E 794 2194 113 119 U+3066 609 781 96 88 U+9B5A 960 2601 109 105 U+7230 1137 3023 88 122 U+4E91 613 1261 87 78 U+306A 974 2866 103 88 U+53C8 1985 3448 114 82 U+5C24 1661 1628 97 106 U+306E 2000 872 82 58 U+3044 1501 1213 82 74 U+5DDD 271 1037 87 102 U+306B 1483 2000 85 95 U+6DF1 88 1650 121 113 U+308D 968 2261 88 79 U+53E4 1146 1355 73 97 U+6CBB 961 1641 119 99 U+5DDD 88 1747 101 120 U+4E5F 1993 2186 111 64 U+306A 1501 957 78 97 U+306B 976 3385 92 75 U+306B 96 1096 84 77 U+308C 1129 2894 126 89 U+305F 1331 1825 47 84 U+3072 1498 1282 81 100 U+9C36 1815 2749 101 121 U+3066 1143 1203 76 95 U+4E91 793 3242 85 79 U+306F 2009 1559 63 87 U+80DE 1809 2473 119 95 U+6FC3 612 3076 110 115 U+662F 805 1577 96 125 U+77E5 1128 2392 115 98 U+6B4C 1478 1888 92 118 U+9678 609 2215 111 125 U+3066 1828 975 75 71 U+662F 1988 1701 99 123 U+3059 623 3426 69 107 U+4E91 803 1481 82 91 U+5730 1815 3254 114 98 U+7269 1133 1556 107 99 U+3053 1304 2320 99 77 U+3092 1821 2945 100 83 U+6C5F 93 2337 103 91 U+8AA4 783 2387 118 116 U+306A 437 1849 102 85 U+4EAC 968 3271 98 116 U+9EBB 261 2792 109 110 U+3082 642 1883 46 95 U+3092 1652 2430 95 83 U+304C 606 2538 116 83 U+57CE 950 1336 123 100 U+6210 1654 1275 106 108 U+6642 1820 2344 102 109 U+306B 978 1735 61 69 U+305F 1484 1549 77 117 U+30FB 641 879 51 52 U+6B7B 1982 3233 112 96 U+3080 1301 1295 112 94 U+30FB 635 3361 50 53 U+306A 265 1291 99 91 U+5B87 271 2566 81 121 U+90FD 428 2639 112 98 U+308C 1651 917 103 85 U+4E91 616 1986 82 73 U+516B 1304 1582 99 55 U+304E 455 1930 83 95 U+4E5F 790 2511 114 62 U+8CDE 89 2964 98 151 U+8863 1826 2579 91 102 U+4E91 444 1068 85 82 U+308B 989 2969 64 77 U+306A 968 915 99 88 U+6309 437 2329 112 110 U+308A 1508 1663 48 89 U+3056 1662 2731 93 71 U+4F50 443 1235 102 96 U+7686 1998 1832 75 100 U+5E38 612 2063 92 157 U+8AB0 1309 2127 110 114 U+30FB 808 792 50 54 U+9577 1647 1373 102 132 U+3081 789 864 81 75 U+3092 277 3338 93 101 U+4E91 1996 2517 77 70 U+304E 444 3059 91 91 U+3064 1988 1478 99 71 U+306F 102 1262 67 48 U+3092 270 1495 104 116 U+30FB 817 2929 50 49 U+56FD 961 1440 106 76 U+306B 452 2443 93 79 U+3068 463 2034 56 62 U+305F 284 1883 53 82 U+306F 1146 2970 75 51 U+540D 269 3244 89 87 U+308C 1825 884 105 101 U+9B93 421 3270 116 113 U+7523 97 2075 87 146 U+306E 1305 1219 78 67 U+7159 1306 2000 109 109 U+6B64 1142 782 90 72 U+8349 110 1415 62 117 U+3068 1520 1141 43 77 U+307E 986 2171 54 82 U+3057 1645 3230 100 78 U+3059 102 782 52 108 U+30FB 463 1492 50 44 U+4ED6 88 3219 112 105 U+4E91 622 2874 73 86 U+7A2E 1991 1947 108 120 U+306F 275 787 73 41 U+306F 1830 1985 71 42 U+30FB 634 2491 49 50 U+3064 256 2377 95 70 U+6C5F 90 921 95 86 U+3092 433 3157 100 106 U+306B 1995 2779 98 79 U+985E 1986 2075 101 113 U+3092 975 3165 103 90 U+3064 1316 1911 89 67 U+306A 1140 2807 78 88 U+306B 1146 972 90 87 U+3092 95 2217 88 104 U+751F 1829 2141 66 84 U+306A 439 2984 98 79 U+306B 465 1335 46 72 U+3059 1673 1505 58 108 U+6709 1140 1897 70 112 U+3062 972 2065 97 101 U+305B 1663 2655 71 68 U+306A 794 2119 94 91 U+3068 636 1195 52 56 U+308A 1516 1052 45 93 U+308D 1315 1388 77 92 U+666E 1141 2018 77 125 U+8535 1657 783 104 137 U+4EBA 255 3092 119 99 U+3078 1475 1508 125 67 U+5442 287 2912 66 97 U+6709 1844 1451 70 115 U+8DEF 1297 1096 106 106 U+25CB 971 1124 106 108 U+304F 1329 3117 48 86 U+306F 459 1552 60 87 U+4E91 448 2104 81 78 U+6B7B 1829 1102 92 94 U+306F 1657 3409 70 50 U+304E 801 1293 105 106 U+306F 2002 1661 70 32 U+3059 117 3112 61 100 U+308C 1145 2482 67 110 U+3093 611 1566 106 78 U+3088 112 2696 45 81 U+3053 623 1746 73 66 U+3053 1670 2105 65 71 U+308A 267 1967 80 106 U+751F 2001 2981 60 84 U+4ECA 426 2207 116 132 U+304E 280 1390 95 104 U+6771 1305 971 84 123 U+6240 1815 3081 110 89 U+3068 988 2349 51 57 U+9C7A 960 657 131 93 U+3088 634 1011 57 69 U+8FBA 100 1845 96 148 U+308B 1837 2223 58 72 U+3059 272 2161 65 108 U+304E 976 1006 96 107 U+9C3B 955 551 120 110 U+3068 812 1410 61 59 U+30FB 989 1899 54 50 U+305A 1151 3443 95 101 U+3068 812 3177 48 57 U+571F 459 1164 62 70 U+3055 2010 1385 55 90 U+4E91 965 2417 92 73 U+751F 1844 791 49 93 U+4E16 1977 2604 116 78 U+6B64 965 2525 99 76 U+5CF6 1303 1631 100 124 U+306F 2016 1171 51 103 U+3079 444 785 113 114 U+4E0A 784 3325 90 76 U+305D 799 3064 66 107 U+304F 627 1412 69 74 U+306A 794 1221 101 83 U+4FE1 613 2971 111 113 U+53E4 1490 1781 66 99 U+6238 794 2663 70 99 U+306F 808 1705 79 41 U+3046 983 1961 43 103 U+7DCF 774 3400 137 99 U+3053 632 2720 62 72 U+308A 1143 1781 72 112 U+3053 2020 1115 44 52 U+308D 1653 3309 80 87 U+3060 2004 1277 97 90 U+305F 1155 1710 50 69 U+5B87 275 835 77 128 U+3089 1329 3204 52 93 U+3059 449 3490 110 68 U+308F 634 1489 47 73 U+3068 639 2805 48 64 U+3053 1671 3094 66 59 U+3046 810 1106 42 122 U+306B 468 2729 40 68 U+8D05 1120 3212 125 163 U+308B 1159 2591 49 68 U+3068 117 2618 53 62 U+304B 1337 2258 38 58 U+5B50 1684 1171 63 103 U+3059 287 1623 58 109 U+9593 1997 2678 79 113 U+3068 1846 2689 41 57 U+3050 275 1728 94 68 U+305B 1148 3383 65 65 U+3064 1487 1375 93 57 U+5B50 1667 1846 70 103 U+304D 1157 1460 54 105 U+4E8B 1152 2664 56 155 U+5B50 1655 3460 76 96 U+751F 1669 2012 68 84 U+98DF 1648 2515 86 142 U+306F 1151 1308 73 39 U+3068 460 1002 51 57 U+306B 632 2340 51 68 U+3093 1308 3292 93 79 U+305F 1506 1432 57 74 U+4EE5 264 3440 100 47 U+3064 1143 1056 86 62 U+3070 1661 1019 111 46 U+3046 996 783 30 130 U+3066 280 2446 44 104 U+3059 1844 1192 55 101 U+3046 463 1760 43 90 U+304F 1161 2139 35 93 U+3068 461 3376 42 61 U+53C8 651 1348 88 58 U+306A 455 3441 72 61 U+3088 642 1628 44 79 U+3088 639 2630 44 88 U+524D 94 2501 105 119 U+5B50 1992 2871 88 115 U+304D 1161 1101 48 99 U+3046 641 1088 32 107 U+3046 293 1202 36 87 U+3089 478 903 28 93 U+307F 821 1745 43 83 U+6238 90 1007 71 84 U+3057 1365 2913 18 129 U+306B 799 3487 98 60 U+3046 459 2886 35 101 U+305E 801 995 85 101 U+308A 449 1644 76 112 U+3068 295 2077 29 83 U+5176 1671 1737 64 106 U+3046 821 2011 37 113 U+6238 97 2408 72 108 U+304B 1162 1664 40 48 U+5176 1683 1071 43 96 U+3068 647 1814 38 71 U+3068 1844 2863 32 78 U+3057 1695 2875 20 103 U+3068 304 3008 33 86 U+306F 1843 1059 60 41 U+5C71 975 1247 76 79 U+4E2D 1824 3339 84 123 U+4E00 1662 1971 82 16 U+3089 1687 2806 31 74 U+3057 1691 2262 16 86 U+6B4C 1128 858 88 114 U+3057 2028 3300 19 114 U+5BB6 1833 1706 87 90 U+3057 2037 928 16 84 U+3057 1351 2473 14 105 U+3088 291 2286 37 92 U+4E8B 1836 1292 87 147 U+309D 826 1829 32 70 seg_fp 674 1706 38 46 U+306B 1847 1833 47 57 U+4E00 1823 3040 88 26 U+5176 1847 1581 45 119 U+309D 1846 2298 27 59 seg_fp 1040 2485 30 30 U+309D 827 943 20 41 seg_fp 1836 1770 45 74 U+6240 93 3334 106 62 seg_fp 120 3474 60 77 seg_fp 990 1579 33 76 U+5B87 962 1531 91 110,brsk002-034
U+884C 1173 2020 108 140 U+306E 828 1631 82 73 U+3066 649 1513 92 91 U+6642 2219 3021 108 86 U+3080 2050 1031 101 91 U+3066 660 2399 81 84 U+306E 998 2693 83 81 U+3092 2216 1471 104 94 U+3066 309 3128 80 86 U+3072 1530 2789 108 103 U+306B 1539 3003 102 89 U+306E 2221 762 84 85 U+5DDD 479 1218 91 106 U+306A 1538 765 84 88 U+306B 830 1966 96 80 U+3066 671 3087 81 81 U+547C 818 2541 113 109 U+6751 1530 1737 106 98 U+3066 1540 2176 83 88 U+3066 1354 2985 76 80 U+306B 2232 938 95 95 U+6309 1349 963 118 92 U+4ECA 2046 1593 97 136 U+306B 2048 1836 104 84 U+306B 1183 2878 91 85 U+6C5F 478 1705 104 82 U+6F38 1176 1683 112 144 U+5728 1171 3424 101 87 U+308C 823 851 102 97 U+306E 1176 1826 78 69 U+305C 477 1482 111 84 U+3066 481 1844 82 81 U+4F0F 470 760 116 96 U+305A 1887 3009 95 122 U+9580 1175 3293 102 90 U+308D 1884 833 81 99 U+306A 2222 3244 108 97 U+5742 642 1345 112 86 U+3065 1521 935 120 96 U+4EBA 2214 1367 105 103 U+4EAC 657 1135 89 118 U+3044 660 3231 89 53 U+524D 299 2144 97 113 U+306B 1716 1187 89 86 U+3061 666 1944 75 95 U+4E8C 1173 1617 100 48 U+5927 659 1268 88 74 U+5357 1013 2225 78 104 U+304D 2238 1948 89 94 U+5DDD 658 2259 86 97 U+3080 481 2000 100 90 U+3066 289 831 96 88 U+306A 2059 825 87 95 U+3064 300 2765 98 59 U+3066 2236 1284 75 83 U+3066 309 2342 68 90 U+3044 482 2718 90 54 U+306A 1185 2127 80 100 U+6CD5 1355 3310 89 110 U+306B 1366 1068 89 73 U+6B64 1358 1152 102 83 U+25CB 649 1015 108 105 U+6355 2214 2809 117 129 U+6771 2048 2753 91 142 U+3075 305 2662 87 90 U+7230 1177 2739 85 141 U+5F8C 1883 2087 103 128 U+6B64 1879 1124 101 79 U+305B 1886 1400 84 79 U+3058 692 813 48 124 U+306B 1529 2095 100 98 U+524D 296 1355 95 101 U+84EE 819 1397 108 121 U+8B17 1175 2509 95 131 U+6709 1367 2476 69 104 U+523A 2216 1043 88 118 U+5927 1362 3113 88 69 U+3066 1176 1091 71 84 U+3044 656 1674 92 54 U+306B 305 3051 86 86 U+7D4C 1173 1899 105 114 U+4E57 1358 3187 85 120 U+304B 2051 760 103 55 U+672C 1359 1489 73 133 U+3092 2227 2720 102 85 U+308C 1007 3388 97 86 U+306A 1012 1842 81 85 U+56FD 2044 2895 107 122 U+6709 2241 1156 62 113 U+6240 2044 3017 111 106 U+6309 2038 1739 126 82 U+305F 1735 1516 42 98 U+3060 1013 1562 88 86 U+9BF0 1693 1069 123 111 U+3059 1195 2623 47 112 U+9B5A 1877 1200 102 106 U+53C8 527 2633 69 63 U+3042 1003 876 84 98 U+304B 639 769 102 53 U+898B 479 841 92 123 U+547C 1001 1730 118 119 U+306B 663 3003 89 86 U+306B 1876 2839 89 104 U+620A 2047 2414 106 124 U+306E 1005 2996 92 102 U+304E 1713 902 82 103 U+4ECA 1351 843 100 124 U+3066 829 1223 84 87 U+84EE 1344 2231 109 116 U+306D 301 1697 92 96 U+3066 1008 1056 75 102 U+3066 303 1538 75 83 U+96F2 308 2919 78 128 U+3060 1546 2554 94 87 U+3092 493 1319 87 92 U+6D5C 1529 1614 103 119 U+53F7 1357 1810 77 148 U+309E 1726 1004 61 68 U+3059 307 3341 82 84 U+3066 499 1054 47 114 U+5BFA 1380 1629 56 86 U+8D8A 300 2012 112 134 U+8AB9 1169 2401 110 98 U+5341 2059 2159 62 78 U+305C 1545 3090 98 70 U+25CB 1528 1032 105 105 U+963F 1004 2432 93 82 U+4FDD 2045 2056 112 102 U+5BB6 1008 760 83 107 U+9BF0 1874 2213 115 113 U+30FB 674 1616 54 49 U+3092 1379 3417 74 104 U+7D4C 1173 1433 108 109 U+540D 995 2774 92 91 U+308F 1536 1846 88 58 U+3042 834 2904 80 89 U+306B 480 966 86 92 U+304B 303 2506 89 64 U+8A9E 1001 3201 105 109 U+3044 1538 2725 87 70 U+8FD1 471 1582 105 109 U+6D3E 1345 2811 132 105 U+65E5 847 1327 57 69 U+3060 1011 2609 81 81 U+30FB 679 2484 53 48 U+3076 479 2876 98 72 U+4E91 1899 2408 75 88 U+5B89 1518 1155 111 94 U+79CB 2033 2653 122 106 U+3046 851 2371 38 99 U+5B97 1360 2358 88 111 U+306B 508 1781 40 62 U+30FB 681 3172 51 47 U+5D6F 653 2729 101 126 U+7533 2051 2519 77 110 U+53C8 1577 2883 83 64 U+8AF8 1176 1317 108 118 U+4F0A 299 3437 98 79 U+53D7 1172 754 111 129 U+52A0 662 2063 87 62 U+5B97 1362 2674 77 134 U+5B97 837 1521 81 108 U+6D2A 2038 3200 124 111 U+5999 1342 1391 106 98 U+6301 1165 879 119 134 U+306A 1013 1401 88 81 U+30FB 1559 2270 53 49 U+53C8 528 3087 68 65 U+5409 1538 1502 70 108 U+623F 1521 1254 101 136 U+6D44 1173 2965 108 145 U+9BF0 993 1158 113 112 U+3060 2242 3423 83 82 U+6B64 1350 2586 105 95 U+308C 2215 2633 108 86 U+306F 1709 860 68 38 U+5BFE 836 1019 89 105 U+306B 1366 1310 51 70 U+4E91 1367 756 69 82 U+8302 662 2119 98 130 U+304F 331 2551 32 121 U+306F 1191 1557 64 45 U+30FB 328 3214 50 47 U+3089 1913 3412 54 92 U+9B5A 655 633 94 84 U+306E 1184 3371 69 53 U+51FA 2056 1380 92 81 U+3092 2060 1272 97 93 U+5CE8 649 2866 120 151 U+3061 497 3157 62 84 U+3031 2255 2028 36 141 U+3082 677 1831 41 108 U+306A 1024 3304 60 82 U+3060 1012 2008 80 71 U+9B5A 1539 628 86 83 U+3059 1371 1957 52 111 U+308A 1888 1015 70 102 U+4E5D 493 3353 76 73 U+306B 1377 2916 44 67 U+91CC 830 1712 75 85 U+3084 825 2815 92 81 U+6C11 828 1806 101 123 U+53C8 515 2188 71 61 U+5E74 2052 2298 83 113 U+7565 999 3094 106 109 U+3093 289 1059 121 78 U+6C34 2047 3309 105 104 U+53F7 1014 2881 71 129 U+3054 678 2544 76 72 U+3068 1201 2327 49 62 U+30FB 1553 2943 52 47 U+3092 1011 1281 86 111 U+3054 324 3271 85 68 U+87AB 2218 1584 99 140 U+30FB 324 2447 47 40 U+9CF4 2222 2249 109 115 U+9BA7 1521 522 115 102 U+3053 1892 749 54 71 U+3059 2250 1727 51 110 U+7121 998 2330 97 93 U+3068 854 2475 44 61 U+3069 325 991 74 66 U+306B 854 945 43 70 U+306B 662 1432 73 87 U+3075 1881 3331 88 79 U+51FA 307 2836 109 83 U+30FB 507 1932 50 49 U+3093 832 2118 92 77 U+3053 499 2109 50 60 U+308B 1380 2070 44 64 U+308A 686 2617 47 111 U+305D 851 761 46 92 U+307E 682 3301 52 101 U+4E0A 2228 848 75 82 U+308B 687 3412 43 85 U+307E 1028 1484 48 81 U+308A 1205 2225 44 105 U+307E 1558 861 42 92 U+3059 2067 1467 59 114 U+3093 479 2557 102 66 U+306F 1016 2174 72 47 U+3093 1536 3162 99 71 U+3068 2255 2177 52 70 U+751F 1901 2922 47 92 U+56FD 1882 2741 100 95 U+30FB 317 1636 51 47 U+7269 1706 1690 106 86 U+306B 328 2266 35 76 U+307D 304 1135 94 101 U+304E 855 2190 91 97 U+306F 2245 3162 46 83 U+307E 321 1862 50 85 U+308B 329 1950 48 56 U+56FD 1530 1389 95 92 U+5909 1711 1275 97 142 U+3068 1378 1731 51 83 U+30FB 495 1172 51 45 U+306B 323 1470 44 67 U+65E5 1374 2154 51 64 U+6771 1884 2602 85 140 U+5207 1169 1239 116 82 U+6B5F 1707 1779 106 89 U+307E 503 2467 51 89 U+306F 837 1919 64 33 U+3066 1906 2002 59 86 U+3093 825 3076 98 97 U+3046 1566 3394 29 79 U+3084 1522 3326 110 70 U+306F 2239 3120 61 41 U+9B5A 1885 2498 93 112 U+3093 291 1794 108 79 U+3068 1557 2656 48 64 U+58F0 2047 1118 100 149 U+3046 506 2332 33 145 U+30FB 321 929 50 43 U+308A 1898 1575 61 92 U+3084 828 2286 92 83 U+3053 502 1420 41 67 U+3070 1019 3472 83 41 U+306B 853 2647 34 70 U+3068 1557 3477 49 47 U+305F 1905 1482 47 94 U+3068 1920 2324 38 81 U+305F 1549 1901 46 71 U+3088 1900 939 39 72 U+3057 696 1719 20 122 U+307F 1036 2520 33 88 U+3057 515 2948 18 130 U+4EBA 2221 2484 121 103 U+3068 1027 1659 50 70 U+306F 2231 3333 82 102 U+571F 1194 3102 57 63 U+307E 1568 2465 42 87 U+3069 510 2261 67 65 U+306F 1365 3075 64 32 U+306B 320 765 35 67 U+3057 527 2756 19 121 U+307E 1030 1932 45 74 U+3057 1882 1689 86 90 U+305C 848 2052 90 62 U+304F 2263 2371 27 98 U+308A 1542 1973 70 117 U+3054 2252 1848 84 74 U+90F7 1352 1236 116 71 U+4E09 2046 2242 96 64 U+304E 1557 3229 85 99 U+304B 677 937 36 54 U+3053 499 3292 54 55 U+3066 837 2718 67 92 U+303B 2079 3128 34 63 U+308A 1026 973 44 94 U+3057 2091 917 16 102 U+3057 1924 1881 18 115 U+306B 681 2336 38 63 U+304F 1732 752 27 90 U+4E00 1181 1190 82 19 U+3046 1916 3113 33 66 U+305B 2067 3410 65 78 U+3057 867 1128 19 94 U+306A 1548 2340 87 103 U+308B 1736 1612 44 75 U+3046 1918 1315 32 98 U+3057 1754 1422 19 123 U+675C 636 489 113 79 U+5DDE 465 3425 113 106 U+3075 2228 2934 75 78 U+3089 876 2994 38 84 U+7B51 283 1248 150 109 U+3053 2238 2573 46 61 U+3068 1037 2082 33 85 U+3075 1870 1795 106 93 U+305F 1896 3223 54 70 U+5B97 1180 3172 84 115 U+7236 653 566 101 71 U+3057 1210 982 17 102 U+309D 517 3245 24 40 U+304C 1909 3288 63 32 seg_fp 2101 2606 28 39 U+4EAB 2048 1918 87 130 seg_fp 2273 2470 53 38 seg_fp 1955 1662 25 28,brsk002-037
U+306B 1709 944 101 98 U+306E 482 2838 95 76 U+306E 663 1181 88 73 U+53C8 127 1978 111 97 U+6728 135 1630 95 108 U+5DDD 312 931 94 124 U+306E 323 758 82 67 U+306E 312 1654 96 94 U+306B 1356 3190 93 82 U+3066 663 1575 87 87 U+6C5F 1700 3349 99 91 U+3066 2050 967 67 82 U+6C41 658 2523 90 125 U+3066 1536 861 91 93 U+7460 1351 766 113 92 U+7CFA 661 966 95 100 U+5E97 659 1386 90 125 U+6CB3 2023 2251 110 103 U+3061 1374 2385 75 94 U+308C 123 1099 133 92 U+4E5F 837 3111 101 67 U+3092 485 2626 108 98 U+306E 1361 2490 83 68 U+4E5F 998 1639 130 69 U+6728 322 1546 81 98 U+306B 1355 1501 104 85 U+81E5 827 762 93 141 U+6D25 1878 1545 107 146 U+3066 319 1340 81 89 U+3066 2053 3423 86 78 U+3066 666 2937 86 90 U+3066 1711 1189 86 91 U+3064 121 2325 108 75 U+9B93 479 2911 121 126 U+3075 131 2232 94 91 U+53CA 2039 1798 94 102 U+4EBA 485 1105 119 104 U+5DDD 834 3015 100 100 U+306E 485 968 86 70 U+3044 1708 2477 82 65 U+3066 1885 1744 71 88 U+304B 129 2082 104 63 U+306B 1365 981 95 79 U+308C 1174 1095 121 103 U+3072 829 1740 90 100 U+308B 1034 2242 48 68 U+3060 1185 2247 106 103 U+9B93 482 1509 118 123 U+7406 1363 872 97 98 U+305C 1181 2636 104 92 U+8AF8 314 1436 110 113 U+679D 299 2593 112 122 U+662F 1022 1293 90 103 U+3066 497 1861 76 83 U+6D77 123 2908 123 124 U+9678 2039 2747 104 113 U+8ABF 658 1927 100 113 U+7269 124 2649 133 102 U+3092 139 1194 108 99 U+306B 315 1234 96 101 U+662F 1186 2732 92 114 U+5F62 1704 1284 107 103 U+4E0B 846 3433 80 78 U+4EBA 120 1382 135 105 U+4E91 1885 2251 74 78 U+5965 2049 2851 91 127 U+3066 138 3115 94 89 U+306B 2051 3340 89 88 U+4F0A 2039 1908 97 90 U+5225 1701 2839 97 141 U+3075 1001 1103 112 73 U+3066 306 2977 99 99 U+306F 1366 2968 75 43 U+305C 1366 1158 94 80 U+3044 137 1818 87 80 U+3068 517 3027 52 67 U+306B 1883 2549 99 84 U+5927 1700 1961 96 82 U+3044 1021 1033 76 67 U+306E 1699 2121 77 79 U+6CBC 1876 1446 100 108 U+305C 1535 2447 100 85 U+3066 308 2126 87 94 U+6728 481 3318 98 87 U+3066 1183 1487 86 95 U+76F8 2046 1570 94 100 U+86C7 475 2738 129 108 U+3044 141 818 81 56 U+4E5F 1703 3093 106 65 U+6B64 1883 2630 94 79 U+540D 661 2737 93 107 U+7A2E 1873 2808 107 124 U+306E 836 1228 82 71 U+3054 149 1470 72 65 U+4ED8 672 2846 80 101 U+3066 837 1826 70 79 U+3064 1360 2311 98 69 U+3092 666 1821 107 99 U+91E3 1355 1240 108 102 U+6C34 1702 762 110 112 U+53C8 652 3239 111 78 U+68EE 660 1054 101 127 U+8CDE 1536 947 85 153 U+985E 1872 2939 100 102 U+7DCF 2043 2630 98 110 U+3059 333 3442 56 91 U+3068 1028 2070 49 65 U+3066 1367 2639 70 82 U+8336 655 1261 96 118 U+3058 1048 1449 48 124 U+3092 328 2345 100 99 U+3078 1693 2546 127 53 U+6309 1875 2448 108 96 U+3044 134 2478 91 70 U+308A 155 1534 46 96 U+306B 2061 893 45 76 U+5171 1727 2591 66 67 U+30FB 2058 1063 55 51 U+4E91 1713 3219 78 67 U+5E74 1535 2683 96 128 U+3044 1536 2989 81 63 U+81E5 1006 1941 91 110 U+5316 309 3366 128 83 U+4E0B 1200 2899 68 80 U+7269 1533 2819 113 87 U+308B 336 1936 48 65 U+304F 166 2134 40 102 U+53C8 1229 2110 74 69 U+5E74 322 2219 102 134 U+3068 160 753 49 68 U+306A 322 1054 81 94 U+305C 1010 872 98 90 U+30FB 1896 1894 53 50 U+3044 1874 2121 95 61 U+53C8 1536 1671 103 81 U+99FF 2028 2130 111 114 U+3070 1197 1200 95 51 U+3058 1912 2003 43 126 U+7269 1351 1784 119 90 U+304D 841 2501 90 100 U+5473 661 2043 101 97 U+58F2 649 3027 109 159 U+53C8 479 3239 104 83 U+308B 1531 1221 96 110 U+306B 1532 760 88 102 U+5916 2039 3073 112 105 U+9B5A 1878 2703 94 100 U+304B 1023 1403 79 52 U+96EA 148 3208 71 123 U+6238 1705 3424 66 92 U+6D44 1526 3428 106 100 U+98A8 1536 3263 118 101 U+54C1 1193 2990 70 81 U+306B 1009 2861 100 86 U+3044 1012 2138 79 52 U+9065 831 1433 105 117 U+53C8 1042 1715 75 65 U+96F9 125 3347 113 121 U+304B 1877 1959 92 57 U+3066 665 2256 78 85 U+3092 503 1402 89 102 U+6709 1708 2290 73 106 U+7DCF 2029 2432 118 100 U+985E 1531 1838 103 108 U+3078 997 2197 119 44 U+56FD 2043 3183 105 91 U+900D 828 1323 111 108 U+304A 1358 3277 92 52 U+3044 1005 1777 89 51 U+306F 1022 2315 69 36 U+3042 1358 2812 80 85 U+9053 1530 3150 93 112 U+3042 1193 1003 75 93 U+30FB 1200 2189 52 48 U+3092 1557 2914 55 75 U+8C37 323 839 73 97 U+306E 1539 3372 70 53 U+304B 1714 1720 92 54 U+308C 1529 1581 111 99 U+30FB 1552 2542 55 47 U+4E0B 2055 2531 62 100 U+3075 477 2359 108 73 U+306E 1015 3276 82 84 U+571F 149 1306 71 73 U+3075 118 2550 114 91 U+4E91 1889 1118 71 80 U+54C1 1546 1752 83 76 U+5012 312 1752 102 106 U+308A 666 2422 75 104 U+540D 1707 2986 79 104 U+540D 1187 891 83 110 U+52A0 656 3320 101 59 U+985E 1704 2725 93 114 U+305D 155 1015 51 87 U+3091 1354 2559 100 77 U+5DDD 844 2573 86 112 U+306F 1187 2856 72 43 U+3061 1023 2951 82 94 U+306F 1373 3018 53 91 U+3075 1523 3056 97 74 U+9B8E 294 3181 116 123 U+306A 492 1690 85 78 U+308A 2081 1455 41 99 U+77F3 311 3090 100 91 U+6A21 2041 1675 104 116 U+6709 335 2010 59 103 U+3069 852 1005 57 75 U+304D 1346 3404 56 108 U+99FF 1869 1204 113 124 U+3075 125 1898 106 78 U+8D8A 479 753 109 114 U+3059 1551 1099 57 118 U+3046 1208 2441 35 113 U+308A 150 916 67 97 U+4E5F 1175 3079 93 87 U+3046 864 1143 36 86 U+751A 1875 3039 103 125 U+571F 499 1036 69 66 U+306F 1892 1840 65 39 U+5317 138 2813 97 94 U+5DDD 1015 3190 89 109 U+8C46 2055 1993 62 129 U+306B 339 3303 45 63 U+3075 483 3153 101 81 U+3068 1378 2734 54 69 U+3084 831 1083 97 58 U+53C8 1218 3174 72 69 U+308A 1737 1099 38 94 U+3068 860 3171 45 63 U+3078 123 875 125 46 U+3068 1041 968 44 64 U+307F 514 2105 43 88 U+53C8 848 3355 89 73 U+3088 1737 1032 44 69 U+306A 1185 1899 91 73 U+54C1 1701 2203 95 82 U+3068 152 2406 55 79 U+591A 1863 3173 95 120 U+6CB3 1875 1332 102 99 U+3059 1730 1385 57 115 U+3068 513 1627 46 58 U+5C0F 1703 2049 86 75 U+3054 681 1665 79 65 U+307B 2043 1351 93 110 U+304D 1021 3106 63 88 U+4E0A 2037 2356 81 75 U+308A 1202 1972 42 103 U+604B 1361 1882 95 119 U+3068 1905 1053 42 61 U+305C 1344 3111 111 76 U+304B 1904 991 37 55 U+3044 492 3101 83 47 U+306B 1897 1678 44 69 U+306A 840 902 71 101 U+306E 124 3475 85 57 U+307E 1198 3433 54 78 U+308A 515 1311 45 101 U+591A 1544 1949 69 114 U+5176 2062 2976 49 97 U+307E 1549 2267 50 80 U+3057 871 1548 21 110 U+306F 143 2769 84 39 U+3075 1183 1253 90 74 U+8CC0 2047 769 86 127 U+571F 1731 874 59 72 U+6E90 1013 2396 94 73 U+306B 683 1517 40 65 U+306F 501 1206 77 45 U+3068 160 1750 53 64 U+3054 675 2337 86 76 U+304F 314 2705 74 76 U+524D 495 860 86 105 U+3068 1909 2177 36 73 U+3068 1729 3156 42 59 U+7570 1191 760 79 135 U+4E5F 656 3185 100 60 U+3044 1010 3373 80 46 U+306B 160 3028 34 78 U+305F 331 1852 44 85 U+4ECA 1858 2340 126 128 U+30FB 1895 763 47 42 U+4E09 1544 2603 82 65 U+8A9E 1014 2484 86 70 U+9B18 1000 2625 96 119 U+5DFB 1018 2754 84 88 U+308A 319 2870 76 105 U+3070 1377 1326 77 78 U+8CC0 646 757 101 91 U+3053 1553 1516 43 68 U+6D77 833 2180 105 99 U+4E09 1360 1587 97 59 U+7565 878 1989 83 59 U+4E0B 888 1919 51 54 U+3068 867 2670 36 68 U+305F 491 1935 94 90 U+308A 690 1732 41 90 seg_fp 511 2257 72 103 U+3055 336 2784 47 88 U+7D4C 293 2453 133 137 U+3053 512 2440 47 66 U+3068 675 2661 52 71 U+306F 1713 1787 75 45 seg_fp 644 3392 105 55 U+308B 1388 2894 44 60 U+3069 345 1144 80 86 U+304B 1043 1580 27 59 U+3068 1728 2400 40 77 seg_fp 1172 1850 100 58 seg_fp 490 2206 93 60 U+7389 1019 2568 73 49 U+6709 851 3234 68 111 U+306F 1554 2353 45 92 U+30FB 1207 3263 51 50 U+5E74 1358 1663 91 126 U+901A 1374 2082 95 97 U+8302 852 2891 91 126 U+6709 1033 1176 67 108 U+8CC0 833 2790 90 99 U+3054 506 1247 85 63 U+308B 1200 1723 53 63 U+308C 481 2513 109 109 U+306F 1033 774 38 97 U+8302 671 847 94 121 U+308A 1725 1845 61 104 U+3057 1757 1587 29 126 U+306F 845 2744 66 38 U+3070 1202 2349 75 93 U+7D66 854 1668 46 75 U+306F 1386 1070 44 90 U+3061 846 2344 68 103 U+3053 1734 1505 51 82 U+3057 1218 3315 18 110 U+30FB 1550 2200 50 44 U+308A 1363 1406 70 92 U+6CB3 844 2078 88 99 U+3057 1567 2057 21 124 U+3057 695 2145 16 106 U+3057 1912 3273 21 109 U+304B 1041 3048 35 56 U+303B 2086 3279 28 62 U+3057 560 2021 25 147 U+3059 2058 1128 55 89 U+304B 1874 829 99 47 U+4E00 1709 2679 84 18 U+307F 1207 1419 33 66 seg_fp 691 3439 57 78 U+306F 1378 2201 70 36 U+3053 1381 2243 47 62 U+306F 1208 2560 37 86 U+66FD 501 3411 74 104 U+3057 1048 1816 16 115 seg_fp 1213 1790 29 67 U+3057 551 1759 21 105 U+3057 1049 3412 16 105 U+304B 1401 3336 27 52 U+304F 1219 1325 46 97 U+66F8 1174 1573 101 148 U+306A 2047 1261 82 63 seg_fp 900 2313 27 44 seg_fp 1766 3289 21 59 U+304B 852 2446 44 58 U+9BCA 1533 1360 87 139 U+3057 1920 887 16 95 U+5176 1878 3402 78 98 U+3057 1410 3369 16 124 seg_fp 2073 1215 24 44 seg_fp 1421 2033 40 50,brsk002-038
U+3066 1527 2316 107 95 U+3066 834 1841 86 101 U+306B 1533 2223 103 98 U+3066 295 3409 96 95 U+5C0F 1173 2245 112 83 U+3066 653 1498 96 83 U+3066 313 1178 93 98 U+3066 291 2736 96 106 U+306B 2053 2262 99 92 U+56FD 646 1321 124 95 U+3044 1540 1585 93 62 U+3073 1531 1840 126 109 U+6642 2052 1759 103 96 U+4E2D 128 1647 101 131 U+3066 1900 856 78 97 U+3073 1011 1277 115 112 U+306B 1365 765 99 84 U+305B 1540 1643 89 81 U+6C5F 305 1034 106 94 U+6C5F 1181 1854 107 106 U+305B 1190 1253 90 72 U+3065 665 1890 110 83 U+308C 1180 991 112 106 U+3046 848 762 46 117 U+306B 2051 1562 103 90 U+3066 1540 1416 87 89 U+6709 1903 945 72 127 U+3044 1890 1549 90 80 U+3066 481 2379 95 101 U+3092 1181 2620 105 106 U+3081 473 2769 90 88 U+306B 827 1754 99 93 U+306E 1884 2205 84 67 U+3066 828 2902 85 87 U+53C8 1180 1766 122 88 U+3042 1885 1855 92 93 U+306E 2050 1025 80 61 U+3044 1361 2371 89 62 U+3044 1194 1193 97 60 U+3044 2049 1192 89 68 U+306E 2055 3291 81 68 U+3066 1186 2148 93 101 U+306B 1893 2628 95 83 U+306A 1198 894 91 98 U+4E2D 2061 2142 86 134 U+3046 677 1732 48 122 U+304B 1372 861 71 64 U+305B 1358 2436 89 76 U+5468 313 1653 88 130 U+3066 1352 3070 92 96 U+3066 1881 2894 78 85 U+306E 1884 1638 84 65 U+4E80 529 1716 76 105 U+3066 1360 2147 82 91 U+3073 1193 1423 110 130 U+307B 466 3151 88 99 U+4E80 656 610 97 105 U+306F 1882 1808 85 52 U+3066 2051 2556 92 90 U+9632 303 1783 114 119 U+3092 1873 3109 114 93 U+308D 309 1441 98 100 U+5CF6 812 2688 120 144 U+5927 1175 3282 95 92 U+3044 1019 1473 82 73 U+6D77 820 3076 116 120 U+5927 828 2608 88 87 U+306A 1182 2341 90 101 U+3066 1015 770 76 97 U+307F 852 876 39 80 U+3073 1539 876 116 118 U+308B 1390 1573 55 69 U+897F 1531 1251 109 94 U+6D77 1358 1130 111 120 U+3073 1179 2961 116 104 U+771F 2055 769 87 104 U+4E2D 1881 3204 83 131 U+5099 1005 945 114 112 U+3044 661 2062 69 56 U+5982 2031 3362 116 75 U+25CB 659 1122 106 105 U+4F0A 291 2422 117 109 U+304B 1550 2474 74 67 U+3073 1359 2608 112 113 U+3091 1533 774 112 103 U+306E 1348 3474 94 76 U+306A 1894 2719 86 98 U+306B 1874 3332 93 101 U+523A 1873 2976 108 132 U+5728 2045 1639 107 114 U+897F 655 1237 108 90 U+3092 2047 2045 100 92 U+5171 1204 1084 76 95 U+53C8 1901 1080 92 87 U+5F8C 123 1901 115 133 U+7269 1350 1649 134 103 U+679D 811 3334 110 106 U+3082 490 3375 48 82 U+8FD1 300 905 106 120 U+3059 508 766 65 106 U+3068 1207 3072 53 73 U+523A 2039 1916 98 130 U+3091 1531 1741 110 99 U+25CB 1541 1004 102 100 U+8001 1353 1239 123 122 U+6771 1540 2077 95 139 U+3073 1522 2905 114 113 U+306B 1901 773 88 84 U+80FD 132 1267 117 108 U+3081 662 1016 93 77 U+3075 640 2121 115 79 U+5185 480 2201 99 117 U+3061 291 3002 92 122 U+3068 1034 1402 58 67 U+308A 1365 1006 88 118 U+3081 131 2353 84 88 U+6771 313 767 90 133 U+305D 331 1543 49 124 U+25CB 482 1966 101 107 U+9F08 489 568 106 128 U+306B 680 1427 52 74 U+7269 1173 2514 116 102 U+3066 305 1963 81 109 U+306E 1524 3430 77 61 U+4E91 129 2525 88 91 U+3091 1182 1332 105 94 U+3061 140 848 91 93 U+3066 136 2119 77 97 U+95A2 1536 1120 102 126 U+6D77 1340 3344 123 113 U+8C46 828 2470 74 131 U+3059 1384 1456 58 112 U+524D 999 1042 124 139 U+95A2 1532 1949 99 130 U+25CB 834 1363 100 99 U+3068 679 1989 57 72 U+8D8A 127 1511 131 137 U+53CA 135 1151 117 114 U+3055 1896 1337 62 90 U+5742 1162 3376 130 103 U+3058 824 976 111 86 U+80A5 282 3136 140 102 U+4E91 537 1887 64 68 U+56FD 1351 2889 113 92 U+306B 1552 1341 61 82 U+30FB 315 2847 50 50 U+308C 528 1162 97 77 U+30FB 852 1951 49 48 U+56DB 123 2625 101 76 U+3091 1181 2859 95 105 U+3089 1545 2713 59 105 U+3064 458 3058 100 87 U+3081 311 2321 81 86 U+7269 1721 892 126 101 U+8CC0 131 1022 117 127 U+3068 2082 2775 52 76 U+30FB 495 2487 50 49 U+3068 1388 1372 59 78 U+53C8 1524 3207 111 85 U+694A 809 3199 119 140 U+307E 1545 2546 58 85 U+306F 1350 3180 95 50 U+3059 1746 773 55 111 U+3093 467 2620 111 98 U+59CB 1503 3482 129 82 U+757F 493 2082 94 125 U+5B50 1893 1706 68 98 U+547C 1180 1623 129 134 U+4E91 837 3494 82 68 U+3055 1892 2100 72 97 U+3059 487 2939 69 112 U+767B 137 1375 99 125 U+3068 545 1827 45 53 U+3069 310 2911 87 70 U+95A2 1354 1807 112 129 U+8179 2039 1443 125 109 U+3069 496 2551 93 71 U+3091 1350 2518 115 97 U+306B 1355 2986 98 100 U+7B51 835 1480 118 124 U+3081 537 1406 59 64 U+7523 1204 760 86 135 U+8D8A 117 1789 123 136 U+5B50 2058 1097 73 97 U+3069 330 1356 90 79 U+30FB 1554 1521 54 47 U+56FD 116 2704 114 107 U+4E5F 1354 2718 120 72 U+53C8 497 2868 75 68 U+4E91 471 3473 91 80 U+5E74 1513 3284 106 138 U+306B 1192 2055 91 99 U+304F 1525 2640 82 68 U+3091 996 1184 122 98 U+3053 141 3075 67 65 U+3044 647 771 109 61 U+3093 452 3252 117 64 U+306A 1743 995 75 99 U+30FB 1555 2415 49 44 U+3056 1385 926 90 75 U+3093 488 992 125 105 U+4F0A 818 2352 110 117 U+307B 496 882 84 118 U+4E91 1534 3106 81 90 U+6C5F 113 3294 117 111 U+30FB 305 3507 55 52 U+3068 851 3436 48 55 U+304F 2074 3441 41 107 U+3068 1215 1550 53 70 U+52A0 137 953 96 71 U+96A0 1865 3439 159 126 U+3068 485 3313 50 61 U+3066 119 2913 90 92 U+3048 1890 1428 88 118 U+306B 1385 2078 49 70 U+306F 2055 1864 73 50 U+3068 1548 3031 55 71 U+52E2 297 2527 99 132 U+4E5F 527 1468 84 56 U+3081 130 3212 84 80 U+304C 1899 2020 97 77 U+30FB 339 1289 49 44 U+309E 2099 2905 49 67 U+6D77 1520 540 125 94 U+3044 1186 3147 76 51 U+6298 1879 2515 98 132 U+3046 851 2009 40 129 U+829D 1172 2736 122 124 U+3088 1906 1163 54 92 U+9C15 1520 631 128 97 U+897F 1338 2815 125 74 U+3064 2044 2360 91 63 U+306F 2065 2853 73 53 U+3075 1000 1548 106 85 U+304C 151 2278 98 72 U+304C 682 957 76 65 U+30FB 1043 877 51 47 U+5982 1866 2271 115 64 U+306B 317 1892 44 77 U+5DDE 283 3241 118 125 U+307E 326 2147 47 94 U+4FD7 515 1539 97 79 U+3091 1510 2815 111 97 U+6F3B 818 517 140 98 U+3053 826 2273 74 72 U+3053 547 1104 61 62 U+3075 1181 3200 88 73 U+3053 676 1657 55 73 U+306B 318 2661 47 83 U+30FB 147 3016 50 44 U+6238 1197 1943 65 120 U+4E8C 1879 2429 95 53 U+304C 152 3142 69 73 U+306B 321 3349 39 65 U+9BA5 821 624 129 92 U+6C34 654 536 105 63 U+30FB 853 3006 40 49 U+3068 144 2449 57 72 U+308A 1743 1094 59 105 U+306F 1369 1753 80 48 U+30FB 320 2087 53 46 U+3068 167 764 54 63 U+3053 1907 1253 62 70 U+304B 841 1063 55 55 U+30FB 145 2229 50 49 U+306B 333 1114 48 69 U+80F4 520 1629 83 74 U+6238 129 3404 73 153 U+304B 551 1257 54 61 U+9C4F 2045 878 112 122 U+30FB 684 1597 47 43 U+306B 154 2036 45 84 U+304C 332 2245 77 78 U+548C 868 1186 96 74 U+306B 140 2820 52 91 U+540D 875 1271 76 86 U+307F 1911 1950 37 83 U+304F 1911 2333 36 82 U+306F 534 1316 68 43 U+306B 502 2311 40 78 U+308B 1207 2440 58 72 U+306B 849 2836 41 65 U+3058 855 2129 54 151 U+8449 2060 3133 88 149 U+308A 1904 2815 55 91 U+6771 1364 1919 92 145 U+5176 1362 3233 56 110 seg_fp 1213 3470 55 64 U+304B 544 1358 33 48 U+3057 708 806 16 139 seg_fp 2057 1350 70 88 U+305F 2056 2654 94 114 U+307F 2070 2483 41 78 U+5DFB 2051 2993 89 138 U+3082 1369 2278 83 90 U+307E 2071 1259 57 88 U+7D2B 828 1627 96 124 seg_fp 491 2704 88 66 seg_fp 2089 2426 28 49 seg_fp 1939 2474 38 41 seg_fp 1380 2236 38 56 seg_fp 2078 2647 42 60,brsk002-044
U+3066 504 1243 83 100 U+306E 319 2023 90 71 U+3066 645 3059 87 81 U+306B 1893 1397 96 90 U+306E 1368 762 86 73 U+3044 1538 1206 103 66 U+5DDD 153 1666 100 127 U+3066 1717 1598 79 95 U+306B 665 2080 102 93 U+3066 145 3140 88 84 U+3092 1337 3133 108 92 U+9999 1881 1013 103 141 U+3066 1542 1053 87 97 U+306B 163 1242 96 104 U+5C0F 1009 2314 100 73 U+306E 321 1258 88 65 U+3092 835 1108 125 91 U+3066 1373 1827 76 95 U+306B 1704 3214 90 95 U+6B7B 301 2309 111 111 U+3092 681 752 98 119 U+3072 1364 1741 99 100 U+306E 151 1787 81 66 U+306B 307 2211 110 96 U+3066 477 2584 101 97 U+3073 1016 2119 112 114 U+3065 1017 1761 104 120 U+306B 1525 2940 99 100 U+3066 846 1648 89 104 U+5473 1881 903 117 100 U+3084 2035 2925 118 81 U+6C5F 832 2668 110 107 U+307B 1548 1374 84 105 U+3089 2074 3066 56 110 U+306B 469 3045 91 91 U+5F18 325 752 120 103 U+306E 1536 2077 90 89 U+306B 649 2975 97 95 U+306A 1887 1658 94 97 U+53C8 1195 1244 104 81 U+516B 2048 2742 108 69 U+7532 2057 2523 87 115 U+305A 2053 2399 114 112 U+3066 1702 2697 81 94 U+7269 986 3200 114 81 U+6D77 307 2104 114 110 U+4E5F 993 3275 121 71 U+5E72 1529 3437 61 121 U+6D77 1530 2172 114 105 U+7532 1527 2595 91 126 U+6709 1550 2365 64 116 U+306B 1543 2276 95 90 U+306A 1876 3045 85 93 U+3066 1351 2925 79 75 U+7D30 148 1571 109 106 U+8272 2054 1922 106 123 U+662F 838 1749 104 111 U+5B89 816 2963 123 97 U+3061 1702 3049 82 93 U+306B 335 1023 96 85 U+87F9 1724 606 93 118 U+306B 1735 1052 85 82 U+306E 324 848 83 72 U+304D 1022 1877 67 105 U+6D77 1204 1321 99 115 U+53C8 1362 1167 110 90 U+4EAB 306 2515 97 140 U+3076 1715 830 109 79 U+3066 672 1536 95 85 U+306B 2051 3236 101 98 U+3076 1511 2789 121 83 U+87F9 2060 937 102 137 U+3066 2067 1698 79 90 U+3092 2052 2048 110 113 U+4E91 1542 1807 91 85 U+5BB6 145 1853 99 141 U+5927 1366 1246 98 96 U+25CB 1723 1139 105 103 U+306B 1369 2051 93 96 U+4E0A 1888 1491 98 74 U+306B 1718 1515 94 95 U+308C 1189 834 125 89 U+4EBA 133 2750 118 101 U+53CA 645 2616 117 107 U+6216 1874 2655 109 117 U+3059 997 3083 101 110 U+5176 2075 1792 60 130 U+306B 644 3468 90 91 U+3046 1036 1395 48 117 U+4E91 456 3205 94 83 U+5EAB 653 2464 106 142 U+3066 1024 1326 96 76 U+5E73 491 1427 93 138 U+7984 294 2659 130 117 U+305C 2057 2325 109 72 U+3092 1364 2289 109 99 U+306B 659 879 107 71 U+79E6 316 1107 115 147 U+308A 840 3358 52 94 U+5DDE 156 1128 95 116 U+4F3C 1517 3047 119 96 U+51FA 828 3445 102 75 U+5375 1176 3291 106 110 U+5150 1359 2399 93 120 U+8272 829 2211 101 119 U+56FD 303 3308 94 115 U+5375 1189 2247 102 99 U+4E5F 1884 1914 111 66 U+3046 1728 2039 46 114 U+6226 147 1349 114 153 U+6728 1187 2883 91 103 U+6C50 1509 3330 110 104 U+81E3 141 1988 92 109 U+5DDE 500 1050 95 126 U+307B 1019 1581 102 89 U+9AD8 306 3167 99 134 U+53C8 1867 1974 125 86 U+305F 1335 3407 92 86 U+6D25 664 1354 112 128 U+306B 1176 3192 102 96 U+5DDE 317 1662 108 128 U+6B66 642 3196 103 115 U+9B3C 672 505 109 111 U+6C50 1362 1341 105 106 U+3051 1024 814 86 89 U+524D 478 2384 113 119 U+3092 849 1865 102 100 U+4E5F 832 2601 114 77 U+597D 144 819 113 103 U+3066 2039 3449 94 98 U+305F 1373 1522 89 81 U+6885 839 1216 115 112 U+306E 1190 2183 87 66 U+306A 857 939 74 94 U+304B 1718 3152 66 62 U+3075 1190 749 95 82 U+7532 1728 515 77 97 U+3059 335 2408 56 105 U+53CA 2053 2630 102 114 U+4F55 128 2342 118 100 U+6D66 118 3411 130 111 U+305D 1558 1277 63 103 U+306B 677 1009 95 101 U+3072 1869 2806 99 119 U+3051 1340 3289 97 119 U+4E09 147 747 89 71 U+8B83 492 915 112 134 U+4E91 502 825 85 81 U+3066 1016 2224 88 88 U+4E71 320 925 127 106 U+306F 1332 3502 88 48 U+67D3 839 1970 110 120 U+307B 1210 1444 82 85 U+5EAB 316 1891 119 126 U+7269 1875 1842 112 74 U+306F 2049 3009 85 54 U+7E04 1332 3006 142 120 U+304B 1743 772 66 51 U+307F 1026 2810 50 82 U+308B 1909 1755 59 78 U+5BD4 1878 1258 109 137 U+3093 125 3050 117 89 U+52A0 478 2035 132 61 U+306A 842 2396 82 97 U+308C 451 3368 112 82 U+3046 1211 2079 49 109 U+3065 1540 1548 116 83 U+5909 2050 2174 101 150 U+4E91 495 1941 75 80 U+8D64 837 2093 104 127 U+306B 1870 3210 108 89 U+4E5D 1545 1911 110 80 U+7AE5 1343 2517 107 171 U+7FEB 1188 933 111 114 U+3080 667 1817 104 99 U+304D 1878 2941 71 105 U+304D 1545 1629 68 93 U+5CF6 149 2095 89 143 U+6587 322 1440 115 106 U+4F4F 1863 3298 104 107 U+3092 1176 3398 104 77 U+54C1 1875 1574 120 90 U+3093 1187 1909 102 81 U+7530 473 2881 111 90 U+623F 810 3055 118 148 U+304D 1720 1936 66 99 U+3075 646 2274 105 76 U+4E91 1713 2233 85 74 U+25CB 678 1126 101 95 U+3082 875 1554 45 99 U+3092 140 2860 104 83 U+6587 632 3303 120 101 U+3068 1038 1978 55 69 U+3093 1702 1859 114 83 U+3068 179 935 56 70 U+5BB6 497 1570 95 115 U+3044 1697 3391 82 73 U+306B 1381 1429 60 81 U+304D 1212 1678 55 101 U+8272 2069 765 95 92 U+3068 483 3138 57 62 U+304B 1550 2726 62 58 U+6B66 321 1331 118 121 U+9803 1364 836 104 106 U+4E5F 1178 2337 117 54 U+8CC0 484 2117 108 130 U+3046 1731 1762 41 100 U+631F 127 2944 124 105 U+5143 456 3454 108 101 U+30FB 1557 1163 51 45 U+5171 1541 1715 77 89 U+3068 527 755 53 68 U+304B 662 3405 55 56 U+5DDE 1535 1987 101 107 U+6B64 2073 857 91 74 U+64AD 638 2716 121 137 U+306F 843 2910 77 51 U+7B51 1717 1262 117 113 U+3070 1724 2859 71 99 U+3075 1001 2636 95 82 U+9577 467 2747 101 137 U+3068 1730 2153 51 65 U+6751 131 2228 122 103 U+67D0 136 2437 112 139 U+3075 150 1476 100 89 U+3059 852 2489 56 110 U+6469 1698 2466 109 160 U+751F 1187 3477 69 73 U+87F9 676 612 94 110 U+304B 494 2984 54 59 U+6C17 1900 761 116 137 U+3089 699 1914 67 99 U+304F 1910 1148 37 101 U+3046 1213 1828 44 83 U+5869 2060 1076 109 112 U+308A 1023 1229 80 98 U+308A 1528 3218 76 106 U+7F6E 1023 899 75 121 U+3075 1675 3466 110 80 U+6D41 1175 2764 125 126 U+306F 1881 2763 72 44 U+9162 838 1343 124 108 U+5DDD 308 3062 91 105 U+30FB 522 1359 48 45 U+3068 1753 921 44 65 U+304B 1748 989 60 59 U+306B 1029 2551 62 84 U+78EF 1355 1921 120 144 U+306B 519 1171 51 78 U+6442 133 1018 139 111 U+591A 1384 941 81 112 U+6442 666 1236 130 122 U+30FB 1731 1701 51 48 U+3088 1032 2052 48 81 U+3068 329 3420 45 120 U+3068 1544 2875 59 72 U+306B 2063 1342 102 88 U+30FB 500 2692 53 44 U+5176 1530 2487 70 106 U+304C 695 2009 93 71 U+3068 513 1870 53 70 U+5175 320 1774 96 125 U+3044 669 2221 72 52 U+3068 1211 2392 46 61 U+6575 128 2584 125 107 U+306F 1211 1791 69 40 U+87F9 1866 2307 102 124 U+85A9 1705 2306 97 160 U+4E91 1195 2453 75 84 U+3068 1710 3305 54 82 U+305F 1548 3132 59 79 U+3092 1021 1022 110 92 U+3059 1201 1111 88 108 U+5B89 1530 766 117 96 U+623F 1535 865 109 120 U+9EC4 842 780 95 156 U+30FB 666 3145 52 47 U+3075 1197 1529 86 80 U+304F 1022 2717 52 91 U+53D6 1026 1122 80 111 U+304F 1711 2962 60 71 U+3046 1050 1666 41 124 U+3078 1329 2873 130 60 U+304D 1203 1989 74 89 U+3046 1559 1478 45 93 U+308B 874 1032 48 58 U+6216 1177 2627 109 107 U+56FD 826 3197 115 96 U+4E8C 125 2686 109 62 U+30FB 1728 2799 51 46 U+3053 469 3302 51 64 U+3092 852 1451 107 100 U+3088 1380 1671 54 79 U+306B 509 2510 49 80 U+304B 2071 3177 65 61 U+5973 1001 2400 114 74 U+5CA9 1185 2525 87 102 U+5175 656 2354 98 127 U+6442 312 1546 133 113 U+3068 853 2330 55 61 U+306A 1195 3007 71 105 U+307F 1031 1510 48 71 U+5CF6 659 1681 121 142 U+3068 1366 2702 56 80 U+3065 1201 1594 113 75 U+306B 694 1466 37 74 U+3064 1024 755 82 63 U+88FD 2057 1436 103 106 U+8D8A 482 2260 121 118 U+5176 1005 3337 55 73 U+3068 687 2164 44 55 U+304C 692 950 76 60 U+3064 1340 3233 95 78 U+30FB 686 1633 64 55 U+5D0E 113 3320 128 101 U+306B 1727 2619 43 81 U+309E 1404 1601 56 66 U+306B 1569 989 37 66 U+7D30 299 2967 116 102 U+8DB3 2046 2805 106 117 U+3089 1379 2788 59 83 U+3089 1031 3013 60 80 U+9CF4 991 2901 109 107 U+5DDE 651 2851 92 124 U+8F9B 2047 1191 111 150 seg_fp 2065 1537 90 76 U+306F 1884 2429 74 62 U+4E91 1890 2056 73 83 U+53E3 1020 2475 73 75 U+6238 847 2760 72 106 seg_fp 880 3517 50 41 U+85FB 1869 2497 109 158 U+3068 1206 3108 45 85 U+3057 2092 3316 17 128 U+87F9 495 1683 100 171 seg_fp 1853 3400 173 148 U+3088 852 3293 42 63 U+3058 1945 2886 46 102 U+3057 1413 1040 15 121 U+85FB 1874 2134 109 146 U+5BC4 1369 2157 112 132 U+306F 1184 2720 76 58 U+3069 1896 3145 92 64 U+3078 833 2865 114 54 U+3057 2120 1610 24 97 U+5C3C 107 3223 124 115 U+3068 1230 1046 36 67 U+7D2B 1708 1376 104 108 U+5E74 303 2802 103 152 U+8272 994 3423 95 110 seg_fp 1894 2271 31 48,brsk002-046
U+3066 2257 2467 96 87 U+3066 1915 1907 96 86 U+3066 1385 2387 103 88 U+3066 688 2471 101 96 U+3066 1034 3121 109 95 U+3066 2098 1441 93 82 U+3072 2098 966 98 98 U+3066 329 2597 101 100 U+3066 1731 2569 109 93 U+3066 2109 809 89 88 U+7530 1740 2432 92 86 U+3066 1039 1518 99 86 U+3066 1576 2711 92 85 U+3051 1739 2888 93 85 U+3084 1024 2561 114 68 U+308F 2089 1577 104 102 U+3066 696 1523 94 101 U+3066 1909 3403 88 84 U+3066 512 1291 110 102 U+3072 2285 748 98 88 U+3072 1765 785 97 88 U+3061 1222 1588 90 104 U+5742 509 2013 127 107 U+3066 686 3169 105 97 U+304C 1583 1453 102 76 U+3066 1417 792 84 87 U+3066 1216 1293 109 92 U+306B 2265 2390 93 88 U+308F 1932 1081 87 71 U+3066 1031 2412 95 82 U+304C 2278 924 115 68 U+524D 1028 2938 115 115 U+3066 509 2456 95 96 U+3066 368 1013 93 92 U+4F50 1920 1741 107 106 U+306F 1228 1445 80 93 U+3067 1227 861 122 90 U+80A5 1030 2845 124 87 U+4E91 889 1017 72 79 U+4F0A 2249 3165 106 88 U+3044 510 2696 101 64 U+540C 692 2109 94 113 U+306A 1917 2867 81 86 U+304B 518 2626 99 72 U+25CB 1044 1121 109 106 U+306A 2274 2225 80 93 U+3044 340 2746 97 62 U+725B 1938 973 89 105 U+3093 1537 1930 140 83 U+3066 333 1826 101 93 U+3073 2085 3047 103 93 U+6C5F 1387 2148 106 94 U+3044 1759 1541 92 62 U+7FBD 1740 2234 100 87 U+30FB 528 2556 59 56 U+3075 1381 2797 111 74 U+306A 1937 1401 72 79 U+3075 1724 2085 115 68 U+25CB 702 1142 108 116 U+304D 531 3006 102 83 U+308F 2090 2413 100 106 U+56FD 330 2426 117 95 U+3067 1037 2738 92 100 U+3061 533 2850 75 97 U+3044 1927 1555 80 58 U+6C34 687 1686 103 114 U+3072 1415 1034 81 90 U+306B 343 1753 84 76 U+304D 2294 832 68 91 U+30FB 1412 1588 59 53 U+5185 2275 1400 85 108 U+306B 686 3094 96 89 U+6C5F 699 1279 99 84 U+30FB 1745 2668 61 54 U+4E94 2277 1235 95 73 U+7DCF 1733 3273 110 103 U+304D 2114 1067 61 84 U+3082 1931 2670 47 107 U+306B 1041 1438 94 90 U+30FB 2118 899 57 55 U+3092 1067 708 98 105 U+56FD 2090 1294 113 76 U+30FB 1930 1989 58 57 U+3044 520 1627 104 53 U+306B 1063 3050 49 76 U+306B 1219 2158 78 65 U+3072 2092 2589 91 99 U+3075 2247 3095 99 64 U+3089 913 717 56 92 U+30FB 709 2567 55 53 U+870D 2278 614 114 87 U+30FB 1061 3217 56 57 U+4E91 1220 1753 85 72 U+3042 1572 1856 77 78 U+306B 1414 715 89 87 U+308A 1924 2776 65 95 U+25CB 1224 954 115 105 U+4E91 1581 3281 79 75 U+5927 524 1910 93 93 U+53C8 2265 1879 103 71 U+306B 1739 3373 88 71 U+866B 705 544 106 112 U+306B 1571 2629 99 90 U+5927 1408 935 93 95 U+3082 543 2747 47 99 U+3066 1754 1603 74 64 U+8DEF 2258 2116 114 108 U+25CB 2281 1125 107 103 U+3075 1911 1613 105 64 U+6238 699 1347 85 132 U+79CB 1730 2330 114 101 U+53C8 1608 1114 100 72 U+897F 498 2210 111 99 U+307E 544 1526 54 99 U+3064 1384 1765 102 69 U+897F 2095 1217 100 76 U+53C2 2269 1604 88 133 U+8C49 704 448 117 94 U+51FA 1747 2162 93 70 U+516B 1561 2394 114 57 U+30FB 1057 2500 55 50 U+3060 1760 1452 107 92 U+56FD 504 2308 119 90 U+3068 1951 1474 41 93 U+3080 701 963 108 90 U+3057 333 3292 102 75 U+30FB 1598 723 56 57 U+3093 1742 1669 120 79 U+3046 1948 1268 40 134 U+3060 1770 961 85 83 U+8FD1 702 2210 82 91 U+3055 1062 818 59 81 U+306A 1407 1352 69 86 U+3054 1587 2005 78 60 U+3092 1400 1489 121 90 U+306B 2099 1368 94 84 U+3066 1737 3430 106 64 U+3055 1054 1776 61 86 U+307E 368 1162 57 85 U+3044 1398 2744 78 51 U+30FB 2278 2565 61 57 U+304D 1782 864 59 95 U+3075 1893 3078 101 79 U+3080 1042 912 113 82 U+305F 355 2810 64 72 U+3069 1935 2582 74 86 U+3065 667 3391 129 94 U+3044 351 1249 80 57 U+30FB 711 1625 54 54 U+3081 685 2877 90 87 U+4E91 1741 3032 84 82 U+738B 1588 2443 62 91 U+308D 347 3378 79 95 U+306B 1391 2311 96 88 U+3080 1042 1876 97 98 U+8FD1 536 3348 79 75 U+5728 690 2305 87 106 U+3044 1745 2033 76 50 U+6771 337 1427 101 135 U+8D8A 365 700 118 122 U+30FB 361 2701 51 48 U+3092 1571 1179 112 106 U+3046 1605 1004 37 114 U+53C8 1976 909 74 65 U+304D 1761 1293 68 87 U+3080 526 1686 98 105 U+3044 1044 3396 86 80 U+3073 1766 1131 121 95 U+4E91 1396 2066 89 79 U+304F 1932 2052 62 88 U+53CA 517 3260 119 98 U+304D 2097 2683 67 90 U+51FA 1209 2238 110 73 U+30FB 1247 1387 57 52 U+30FB 1785 731 55 50 U+307E 712 1902 55 83 U+53CA 2268 1505 107 110 U+30FB 705 3268 57 54 U+308A 364 2249 50 107 U+53C8 1780 1065 98 71 U+3079 1407 1656 97 106 U+583A 511 1108 131 109 U+56DB 336 2354 95 73 U+3064 2075 2916 109 62 U+6C5F 344 1665 95 89 U+91CE 1558 3416 91 82 U+53C8 1783 1389 82 67 U+3080 533 701 110 86 U+3080 340 2967 110 79 U+307E 1596 1344 52 97 U+8708 1214 476 113 104 U+4EAC 683 2970 97 127 U+571F 1940 1677 65 58 U+3046 1414 1887 39 109 U+30FB 2119 1526 55 49 U+3059 712 1801 54 100 U+53CA 518 2100 107 109 U+757F 2281 1306 98 111 U+53C8 383 3154 91 67 U+306B 359 2531 42 70 U+4E0A 1555 3354 99 66 U+3054 2119 1153 80 63 U+5927 525 3091 107 90 U+3064 1728 2819 102 64 U+3082 1757 2728 42 96 U+5965 1915 3151 74 113 U+30FB 537 1394 54 57 U+5C0F 1400 1270 101 81 U+6238 1399 2224 69 95 U+304F 2116 1662 47 86 U+3078 2288 997 107 51 U+30FB 1051 1610 57 50 U+3068 1415 1985 42 82 U+3044 1909 3014 79 66 U+3044 703 805 101 58 U+3075 1559 1701 99 64 U+548C 505 3180 123 102 U+3084 1908 2502 110 69 U+99AC 1056 470 97 94 U+53C8 1436 1213 83 61 U+306B 547 1217 41 76 U+30FB 1434 881 56 51 U+30FB 1413 2471 55 54 U+3075 2256 2621 93 71 U+3055 700 2624 73 75 U+897F 1026 1349 104 85 U+53C8 2118 2342 89 71 U+304D 1415 1125 65 79 U+3046 913 806 39 133 U+30FB 1586 2801 61 52 U+3064 1755 1231 93 66 U+304D 1923 2288 72 77 U+3046 2107 2223 41 117 U+30FB 348 3221 61 56 U+8CC0 2247 3247 87 90 U+308B 1590 1562 64 68 U+307E 358 2067 59 90 U+53C8 1616 1629 90 73 U+3059 1051 2633 60 103 U+3068 1593 3223 49 57 U+306B 394 945 40 70 U+3044 1751 1811 89 65 U+306B 1940 1845 44 66 U+4F0A 2222 3341 129 82 U+95A2 1031 2066 102 120 U+3092 1048 1667 111 104 U+3068 1761 2973 48 58 U+30FB 384 1110 53 43 U+672C 1220 1940 94 101 U+3054 543 1450 82 67 U+304C 1578 936 118 78 U+3050 1062 3289 80 94 U+524D 361 829 109 113 U+86A3 1222 582 118 79 U+87FE 2276 490 106 112 U+3064 1912 2147 99 56 U+3068 2298 2312 45 90 U+3046 2104 1815 47 137 U+30FB 366 1928 57 46 U+8FD1 335 1560 101 99 U+3042 1593 781 74 93 U+304C 1245 1538 69 48 U+3068 718 2800 55 74 U+306B 713 2410 40 73 U+3069 1938 2949 67 73 U+3092 693 2700 116 98 U+53C8 2136 3213 61 59 U+3078 2241 2872 121 43 U+53C8 1954 2381 79 63 U+9675 1049 564 114 103 U+4E91 1584 2218 72 62 U+6CC9 530 912 104 106 U+3069 2116 1748 79 66 U+3078 1551 1535 145 42 U+307E 724 707 54 97 U+3031 386 1261 64 185 U+52E2 2244 3416 89 88 U+3046 1592 3105 35 122 U+304B 1594 1287 44 59 U+3068 1419 2677 44 66 U+3070 1764 1727 79 82 U+3064 2070 2095 112 73 U+8D8A 2260 1993 115 118 U+3046 1586 2065 43 110 U+306A 1765 1863 68 113 U+306B 1036 2322 88 103 U+306B 1755 2514 39 60 U+3080 1229 718 103 70 U+5B50 1583 2537 61 91 U+87C7 1389 2528 111 144 U+306F 2269 1957 81 39 U+308F 2074 3383 97 67 U+5DDE 1907 3269 96 92 U+3044 2258 3036 78 62 U+304F 2116 2503 39 86 U+3072 1916 2199 94 91 U+304F 2281 2696 39 102 U+3053 360 2891 58 61 U+3068 1249 1700 46 53 U+7D00 1212 2058 106 78 U+3054 360 1996 63 65 U+304F 1598 1770 31 81 U+65E5 1225 1861 53 58 U+7DCF 1198 1144 150 96 U+6B66 1576 2273 109 123 U+6C5F 516 3421 111 67 U+306B 722 1443 49 82 U+3068 1414 1825 47 63 U+308F 2111 2979 39 74 U+304B 1256 806 33 49 U+304F 2102 2842 56 72 U+306B 2135 736 29 71 U+304F 2099 2150 67 74 U+308B 2296 1038 59 70 U+3057 736 1979 26 131 U+304C 2261 2780 109 88 U+3069 1965 731 73 58 U+3044 332 2186 100 65 U+623F 1731 3116 103 144 U+4E0A 1224 1069 82 77 U+30FB 1932 2442 49 48 U+3093 1578 861 120 86 U+306B 524 2398 42 60 U+3046 710 3324 36 90 U+6771 1025 2183 103 150 U+3042 1576 2944 75 83 U+3068 913 943 36 55 U+3068 1769 1979 47 53 U+3068 1584 2147 46 72 U+3069 1951 1207 80 61 U+5DDE 525 1046 98 64 U+304B 547 2952 34 50 U+53C8 2121 2782 87 59 U+304D 2088 3130 71 79 U+95A2 1034 1229 113 118 U+308B 1417 1435 63 54 U+3093 1568 3004 107 74 U+306B 1243 1237 43 63 U+308B 2287 2907 43 74 U+3046 1953 787 48 96 U+3057 1094 992 17 120 U+3057 566 784 20 124 U+306B 1934 3350 35 54 U+9B3C 2079 3268 103 117 U+3057 578 1779 20 144 U+5C71 1573 2900 96 46 U+3057 1085 1968 21 94 U+3069 2108 2025 70 69 U+3057 747 1048 20 90 U+3057 385 3041 21 107 U+3031 731 830 85 122 U+9060 2261 1742 99 126 U+304F 1970 1146 25 59 U+53C8 2098 1930 105 92 seg_fp 1595 2859 33 49 U+309D 363 2159 37 39 U+3068 2285 2976 48 44 U+304B 1585 3060 39 55 seg_fp 257 1110 57 82 U+304F 2109 3433 31 66 seg_fp 550 1008 50 42 seg_fp 383 804 58 51 seg_fp 207 1030 48 94,brsk002-061
U+3066 2036 2297 99 94 U+3066 1013 3374 106 78 U+3066 1872 2884 103 90 U+3066 1003 1936 114 89 U+3066 1193 3180 96 77 U+3066 1006 2722 108 100 U+3066 126 1548 101 94 U+3092 317 1636 94 112 U+3066 1007 1177 93 81 U+3066 2048 2932 95 95 U+3066 138 2548 104 90 U+3066 1708 1067 91 93 U+5185 1359 1208 94 104 U+3042 840 1561 77 80 U+3066 654 1727 96 90 U+3066 1356 2685 96 90 U+305F 1881 1505 101 99 U+3066 1349 1364 98 94 U+3066 1868 1324 99 101 U+3066 838 2238 92 95 U+3064 483 1300 104 108 U+3066 477 1612 103 96 U+3066 1713 3037 92 85 U+3066 823 3366 131 73 U+9EFD 1363 576 100 91 U+3066 830 1398 82 92 U+3084 126 2715 113 84 U+56FD 1350 3162 114 88 U+307B 1003 2170 103 102 U+3080 124 1919 116 98 U+6D88 312 1749 107 126 U+3057 1180 712 98 72 U+3044 1695 1583 89 68 U+6C5F 1183 3052 104 89 U+86FE 480 582 117 84 U+53CA 1714 725 95 89 U+3076 474 1777 113 84 U+706F 299 1530 115 111 U+3066 497 2500 85 88 U+30FB 2065 3034 59 62 U+4E91 494 3185 90 77 U+304B 842 2858 109 69 U+304B 1180 2371 102 69 U+6C34 1366 491 109 84 U+3066 1359 3315 97 101 U+3081 1177 1625 87 76 U+524D 1704 894 104 119 U+4E91 144 3110 88 85 U+304B 483 2661 111 74 U+706F 299 1158 110 117 U+4F50 1002 3219 118 97 U+5F62 1699 2329 112 100 U+4E91 1701 1958 85 87 U+3064 1337 2105 105 74 U+304B 129 1713 98 69 U+30FB 855 2332 59 62 U+6B64 1700 2052 99 79 U+52E2 1881 1132 88 121 U+3066 1877 2001 80 93 U+91CE 2042 1166 100 168 U+3093 1175 2261 120 110 U+3042 1004 1314 94 90 U+306E 1012 2265 72 75 U+3042 1181 1526 88 93 U+3081 842 1640 68 71 U+306A 669 1284 84 103 U+304B 664 709 97 58 U+4E91 497 2153 76 88 U+304B 1348 2039 90 65 U+897F 1350 3080 101 83 U+306D 479 840 118 117 U+5927 655 1203 101 86 U+80A5 1696 818 126 84 U+306A 1701 1786 88 97 U+5C0F 1708 3133 103 63 U+4E91 146 2155 76 95 U+515C 137 456 105 101 U+3080 2046 886 111 97 U+3065 1339 1584 120 87 U+30FB 839 1498 61 57 U+4F0A 1875 1039 108 94 U+3066 309 1421 79 91 U+30FB 1012 2027 59 54 U+3081 2053 3358 77 83 U+4E91 1201 2849 74 75 U+5982 1525 1762 91 60 U+3057 1181 3302 99 69 U+8FD1 1185 2932 94 111 U+3073 1539 951 104 103 U+6CB9 295 1049 115 117 U+3057 824 712 109 64 U+3042 1189 1159 81 88 U+3066 1525 1295 99 93 U+5927 131 3200 102 91 U+308B 671 1388 56 70 U+52E2 132 2356 104 133 U+6FC3 2030 2098 119 126 U+4F5C 1865 2725 119 106 U+308A 1208 993 47 109 U+25CB 1354 980 111 109 U+3058 1178 1928 110 86 U+866B 663 2701 78 88 U+308C 648 1068 136 92 U+5DDE 487 2339 96 108 U+3093 818 1702 114 78 U+30FB 2062 2395 52 50 U+3092 1344 2164 112 93 U+80A5 475 2258 128 88 U+866B 134 557 95 101 U+3042 1020 2872 82 84 U+3057 1888 729 89 90 U+6C5F 1007 1034 101 88 U+30FB 1884 2977 66 61 U+30FB 1878 1437 57 56 U+3057 1003 710 95 76 U+868A 646 1464 106 108 U+4F0A 126 2262 116 106 U+3092 2052 3196 93 88 U+30FB 500 2596 58 58 U+306E 292 830 101 64 U+53C8 1201 1460 98 67 U+30FB 1016 1259 59 55 U+307B 1197 3376 86 70 U+307E 1878 2480 63 109 U+30FB 1373 2775 56 60 U+3066 2040 1368 87 84 U+3076 118 1779 128 70 U+3080 131 939 112 104 U+25CB 130 1186 106 108 U+30FB 1373 3416 57 54 U+30FB 150 1649 54 52 U+8CC0 2037 2744 104 118 U+307E 1899 1590 50 87 U+3054 856 2978 85 63 U+5165 291 1341 101 73 U+30FB 1031 2822 58 51 U+4E5F 649 2792 129 74 U+3054 2058 1530 80 65 U+3059 2057 2458 64 120 U+304D 2067 791 60 95 U+307E 854 2677 57 102 U+3072 1876 3307 81 59 U+307B 1013 790 78 103 U+3051 1898 827 82 99 U+3057 1001 2086 90 81 U+6C5F 1349 2479 109 87 U+8D8A 997 1629 123 134 U+305B 1175 2196 78 71 U+306B 324 1265 49 75 U+306F 683 2448 48 94 U+3046 1192 2073 46 121 U+307E 2061 1706 47 85 U+6B64 488 3265 96 76 U+306F 851 2928 83 50 U+30FB 1365 1460 62 53 U+5F8C 993 1751 112 116 U+3092 145 2862 117 98 U+3066 132 3409 111 79 U+3059 1369 1668 60 89 U+25CB 486 1201 110 102 U+4F3C 647 1643 102 88 U+3081 2046 2577 85 86 U+757F 1368 1095 97 119 U+3080 1697 1651 89 80 U+30FB 1204 3251 51 51 U+9060 1016 903 89 126 U+3046 1210 879 39 113 U+3080 1343 2259 112 97 U+307F 1891 3070 50 67 U+591C 291 904 114 129 U+3080 489 962 94 99 U+6469 836 1228 78 121 U+30FB 497 1710 59 59 U+304C 1542 1711 69 47 U+305F 1192 1766 58 86 U+3068 158 2080 51 74 U+53C8 1379 1971 102 68 U+306E 1878 3194 77 62 U+306B 1026 1873 50 69 U+3046 847 1832 40 123 U+9762 1701 3414 106 84 U+306B 2060 2228 43 75 U+4FE1 2037 1993 110 110 U+3059 1009 1522 95 115 U+306D 493 2734 95 107 U+3042 1703 1420 77 84 U+6C5F 129 1304 104 96 U+3081 1004 1402 84 77 U+3093 1172 3438 121 58 U+771F 1701 2654 100 117 U+3060 1190 1317 92 75 U+3068 163 3039 52 65 U+8DB3 652 1811 87 114 U+30FB 858 3438 53 49 U+53C8 1204 1852 98 72 U+307B 838 780 95 98 U+307E 1370 1758 52 95 U+307B 1193 790 88 91 U+30FB 2054 1458 54 51 U+9ED2 1689 2764 121 122 U+3054 1715 1226 81 65 U+4FE1 993 2427 125 103 U+305F 857 863 56 87 U+308B 671 2617 60 80 U+6FC3 1000 2522 105 133 U+3046 502 1940 40 127 U+3059 336 1872 49 99 U+3053 514 713 47 56 U+307E 1382 882 51 83 U+308B 1873 2394 64 86 U+5DDE 838 3252 92 75 U+3081 1193 1251 65 64 U+306B 1895 1248 42 81 U+7F8E 1879 2589 77 136 U+98DB 490 479 100 98 U+304B 164 2964 41 60 U+307E 1381 2984 52 89 U+30FB 1719 1162 51 49 U+53C8 874 2786 99 61 U+7DCF 818 2061 123 110 U+30FB 147 2650 58 53 U+6C34 1718 3332 86 80 U+4E0A 1864 1746 96 77 U+308F 2069 1794 42 80 U+4E0A 2049 1086 74 79 U+571F 1031 3159 58 57 U+306B 503 1544 40 71 U+3092 667 2343 104 103 U+3080 1711 2131 95 84 U+306B 1898 2827 42 67 U+304B 136 709 103 64 U+3065 1863 2216 114 88 U+3042 311 2116 89 108 U+3075 1354 2902 98 87 U+4E0A 822 1971 95 94 U+306B 1561 720 40 74 U+3082 665 903 84 105 U+3068 517 2068 48 82 U+304C 516 780 65 60 U+3069 157 2804 83 60 U+304F 490 1385 75 64 U+306F 669 786 80 43 U+52A0 2032 2670 105 72 U+304F 1549 1619 42 88 U+7DCF 1863 1825 125 114 U+304D 2039 1602 72 108 U+6238 151 1389 60 99 U+3069 851 1764 78 65 U+308B 1891 1674 56 61 U+306B 2075 2866 41 70 U+306A 1194 2600 73 98 U+306B 678 1576 46 65 U+3065 1512 1466 112 83 U+306B 1025 2661 45 66 U+30FB 1032 3448 46 44 U+308B 855 2605 59 74 U+304D 847 958 58 115 U+306B 1734 2890 40 69 U+3076 134 798 108 69 U+3068 165 1849 38 79 U+30FB 1888 2110 50 44 U+3076 481 2841 110 83 U+3055 2064 3105 49 88 U+307F 1031 2340 50 69 U+6C34 662 2144 82 107 U+3046 1212 2490 38 105 U+3068 2075 3288 42 68 U+53C8 2080 3441 69 59 U+306B 1038 3321 39 67 U+304D 1702 1305 68 119 U+304B 2088 725 34 52 U+3069 511 1871 56 71 U+3050 668 828 102 70 U+306B 1375 2621 40 68 U+306B 853 2170 46 67 U+4E0A 668 2253 84 86 U+3081 1547 1052 73 66 U+3068 509 3120 53 65 U+307E 1546 1545 50 78 U+308A 333 2221 52 110 U+3066 1375 716 72 72 U+6238 1358 2547 69 88 U+306B 1894 1937 35 68 U+304B 1039 3090 33 49 U+4E8B 321 1976 60 139 U+304B 1528 889 93 57 U+3068 1728 1891 39 67 U+306B 511 2433 39 72 U+3057 1561 1824 19 160 U+85A9 831 1069 99 165 U+308A 1557 1185 50 106 U+3084 1172 2015 101 58 U+3046 1557 799 34 90 U+306F 667 1161 72 41 U+306B 149 1482 52 76 U+306B 1378 1302 37 64 U+304F 1740 2542 35 109 U+307F 1377 1519 32 78 U+304B 1199 1404 32 49 U+548C 127 3289 108 90 U+306B 162 2483 41 72 U+307F 1896 2164 33 66 U+3050 1888 2306 69 85 U+3065 836 2456 114 89 U+590F 309 704 117 138 U+306B 1381 3250 35 69 U+3053 678 1011 43 55 U+3075 1351 796 98 87 U+3057 182 1040 25 144 U+3068 159 877 54 67 U+53C8 1222 1101 79 66 U+3080 495 3341 87 78 U+306B 860 3312 38 51 U+307F 874 3040 33 63 U+305F 1025 2980 48 96 U+4E38 1711 2425 96 127 U+3057 529 1447 31 111 U+304F 678 2051 38 90 U+3057 2093 1872 18 115 U+3069 1221 2691 67 83 U+306B 1220 3123 31 59 U+3031 506 2968 67 146 U+304B 1198 1706 39 61 U+306B 2056 1304 36 67 U+3088 1220 2418 40 76 U+3057 1399 1850 16 115 U+3031 1913 914 47 119 U+306B 860 1328 34 72 U+3066 1362 2833 70 71 U+306B 1736 1013 34 60 U+3057 706 2538 24 88 U+307E 1893 3239 42 75 U+309D 1223 2773 26 74 U+9AD8 663 1928 71 128 U+307F 866 2399 33 72 U+6B66 845 3117 82 112 U+306B 1033 1134 37 41 U+3089 1721 1504 63 79 U+3050 844 2547 80 52 U+3046 1564 1388 29 90 U+3057 1764 2216 18 111 U+3053 1896 3143 45 46 U+3050 1550 1118 85 63 U+3057 2097 978 19 111 U+3057 1398 2355 17 122 U+3057 180 2006 22 87 U+3057 1755 2955 17 78 U+85A9 1873 3388 92 110 seg_fp 859 3216 41 43 U+3057 527 1062 17 136 U+3057 1745 3226 19 116 U+304B 1029 1474 34 59 U+306B 164 3358 40 54 U+3057 533 3414 18 74 U+3057 1751 1718 21 105 U+3057 1073 2939 21 125 seg_fp 163 765 35 38 seg_fp 1879 3364 66 65,brsk002-062
U+306E 1818 2550 81 66 U+3066 1995 1998 77 78 U+3066 1824 852 79 77 U+3066 583 2422 97 86 U+5BF8 761 2441 108 100 U+3052 1465 3010 104 110 U+3066 783 1405 96 83 U+56FD 1634 1119 98 107 U+3066 1114 1566 95 81 U+3066 246 2677 82 73 U+3073 1108 2181 108 124 U+81E5 1467 874 93 95 U+3066 1815 2169 93 76 U+3066 586 1529 103 86 U+3066 949 1404 83 84 U+3066 938 3145 87 86 U+3066 926 2251 95 78 U+3066 2166 1040 68 76 U+524D 944 2081 91 97 U+5099 933 1982 109 97 U+3066 1645 1294 76 86 U+5E61 2158 868 97 111 U+308C 1278 2246 109 106 U+5341 1990 2901 82 75 U+5185 1110 3169 91 98 U+306E 1815 3104 85 87 U+7D05 1991 570 98 77 U+3044 1638 1885 84 62 U+7DCF 412 1193 121 87 U+3066 1100 3310 97 73 U+516B 1982 2982 110 51 U+3073 2162 1391 92 98 U+56FD 582 2249 101 112 U+3066 583 3306 80 72 U+306E 1296 1688 77 70 U+5185 595 1379 87 95 U+897F 1632 1043 100 74 U+3066 426 1351 79 88 U+6771 586 2148 94 106 U+6642 1463 1589 103 88 U+306B 1826 778 79 77 U+5DDE 1991 1852 88 99 U+3060 261 779 105 93 U+305F 1296 862 78 112 U+3092 1826 3194 97 86 U+4FE1 1984 1561 101 112 U+8C4C 596 533 107 98 U+3066 1996 2759 74 80 U+6C5F 940 1269 101 83 U+4F3C 1283 1950 101 77 U+5341 752 2261 90 99 U+5225 763 2887 107 119 U+4E91 433 1012 79 82 U+305F 2169 1177 76 83 U+308D 1110 2596 93 85 U+306B 245 2604 94 86 U+3052 1995 930 95 110 U+7DCF 1978 1762 122 93 U+306E 260 1386 73 72 U+83B1 250 526 101 100 U+5DDE 253 1743 89 84 U+30FB 2180 1119 54 53 U+4E91 595 2966 76 68 U+3044 775 966 78 69 U+4F0A 583 3046 105 98 U+547C 1638 947 100 95 U+306B 1115 1488 91 86 U+5927 251 1461 91 76 U+3046 620 1028 38 114 U+3042 774 1920 79 102 U+3082 1840 3004 43 97 U+56FD 1117 1380 94 107 U+25CB 247 1097 109 114 U+56E0 2173 781 72 82 U+30FB 961 3239 52 52 U+7AE5 1462 1167 95 111 U+304D 760 2100 79 84 U+308A 1131 1927 51 105 U+306E 1467 1520 81 66 U+3066 1470 1992 89 85 U+3092 1999 3326 84 66 U+4E91 255 3116 71 79 U+3044 942 2725 70 58 U+4E5D 1987 1164 98 68 U+4E5F 774 3120 99 66 U+8C46 598 631 95 87 U+6839 248 1540 106 103 U+3068 1482 3112 49 65 U+306F 255 1217 83 91 U+3078 1104 1788 120 52 U+306B 1817 1825 93 74 U+675F 1473 1405 89 103 U+52E2 928 2950 91 114 U+3044 431 1820 74 59 U+306A 241 2972 83 77 U+3065 1459 2739 105 78 U+3089 1998 2216 62 81 U+4E0A 424 1107 89 78 U+5927 1813 2251 94 91 U+304B 936 3303 92 74 U+3044 779 2697 87 68 U+3046 607 2773 40 129 U+8C46 1993 657 82 82 U+306B 606 1463 51 68 U+52E2 579 3143 92 100 U+4E91 946 1875 76 87 U+83D4 253 634 103 97 U+306E 586 1673 91 75 U+757F 1118 3065 88 109 U+4F0A 929 2853 105 100 U+4E91 598 2053 80 86 U+4E8B 1638 2138 84 103 U+306B 933 3065 88 81 U+306B 1291 1877 102 69 U+6771 1114 1256 92 130 U+3082 953 3433 58 99 U+3076 1117 771 104 87 U+5F35 771 1243 119 105 U+30FB 261 2756 56 53 U+3076 573 3425 103 63 U+3068 1663 876 53 63 U+5171 1122 2795 70 93 U+3046 970 842 40 111 U+4E91 1995 3265 79 63 U+3044 947 1004 78 63 U+308B 1815 2904 104 107 U+3075 764 1038 90 78 U+3084 1107 1718 102 64 U+7DD1 1117 560 105 101 U+3055 2005 789 53 71 U+6771 1822 2020 84 79 U+3064 936 3382 92 73 U+6848 1807 1712 100 114 U+5341 1831 993 62 81 U+3055 945 2386 60 91 U+3075 1630 1948 103 67 U+3068 1486 2418 46 61 U+757F 605 1266 90 117 U+3044 2163 1533 75 56 U+3075 411 1880 100 66 U+5DDE 1991 1669 90 95 U+4E91 796 1490 72 89 U+3068 801 883 43 86 U+3065 1812 3394 120 79 U+76F8 248 1662 91 77 U+88C5 1466 1284 97 122 U+3075 757 2766 109 64 U+3091 587 2561 94 84 U+6CE2 240 1834 115 102 U+306F 790 2833 67 40 U+3075 923 2783 108 63 U+53CA 1989 1311 100 94 U+6771 1985 3483 106 76 U+3065 762 2014 109 83 U+3046 2003 2295 40 99 U+3076 1106 2973 110 76 U+7A2E 759 2996 116 122 U+53C8 1131 2298 94 70 U+3075 2150 1588 95 64 U+5DDE 1985 1475 92 98 U+89D2 1470 1821 75 106 U+516D 1820 1082 90 62 U+3046 442 845 42 101 U+306A 775 2543 89 84 U+25CB 1115 1134 108 112 U+30FB 1845 932 50 49 U+77ED 1810 2617 99 105 U+3076 1106 3423 107 71 U+5DDE 1989 1235 87 90 U+5C3E 774 1117 120 125 U+3075 1446 3228 98 59 U+3093 1118 861 107 75 U+516D 765 2366 91 77 U+3044 1824 1409 77 60 U+306A 1647 1637 75 80 U+662F 245 3197 92 106 U+3068 956 1808 54 65 U+53E4 1637 2064 82 75 U+751F 1826 2816 67 89 U+7F8E 1643 2377 107 113 U+30FB 1137 1656 47 45 U+306F 259 2812 56 83 U+30FB 2007 2078 55 54 U+308A 781 773 73 109 U+3068 2000 2393 46 58 U+304E 1827 1253 85 96 U+8449 1640 3289 81 102 U+4ECA 1482 2593 60 85 U+3068 955 2664 48 60 U+4E0A 1982 1405 93 68 U+30FB 966 1486 45 48 U+304D 2178 1314 48 80 U+3065 1468 2131 112 82 U+6709 1480 2485 65 104 U+305F 1308 2020 62 74 U+53C8 776 2194 88 68 U+304F 1135 2678 38 110 U+3075 1466 2351 90 68 U+3044 265 882 75 57 U+25CB 1980 1043 111 109 U+307E 604 1829 50 94 U+3069 617 956 78 68 U+9AEA 1280 1756 96 119 U+3054 945 1734 82 67 U+3069 609 2713 78 59 U+3075 1984 2130 92 73 U+306A 1127 1830 66 95 U+306B 2011 1939 43 60 U+6C5F 249 2430 100 93 U+3093 259 1000 98 94 U+25CB 593 1149 110 111 U+3075 938 1069 96 68 U+3065 435 1675 104 61 U+3068 1653 1823 56 66 U+3060 265 1306 78 72 U+4E5F 240 3307 117 50 U+8A3B 1467 986 95 81 U+30FB 2001 2836 54 49 U+3046 1140 2480 37 116 U+306A 941 2479 87 93 U+3068 1843 1353 47 65 U+30FB 958 2325 56 52 U+3075 1813 1473 96 67 U+9AEA 1632 3441 102 102 U+306B 1832 2107 50 66 U+89D2 1827 2328 66 118 U+3068 449 941 36 67 U+8C46 1817 2446 90 98 U+306B 951 2183 53 71 U+30FB 1840 3288 51 47 U+7DCF 1462 1726 105 95 U+306B 448 1278 40 70 U+306B 1656 1226 51 71 U+3093 594 882 99 85 U+6B5F 1280 2553 103 99 U+8C46 1129 666 85 71 U+305F 1315 1186 49 73 U+3093 589 2642 102 74 U+30FB 617 2506 44 44 U+3086 1480 2290 66 63 U+3069 450 766 78 76 U+7F85 1640 2576 101 109 U+3088 1128 2111 42 84 U+306F 1479 1679 65 40 U+3060 250 2894 99 76 U+306B 2184 982 39 59 U+3082 1484 3292 42 102 U+306B 966 1333 43 76 U+3068 268 3047 40 70 U+306E 1460 3400 78 87 U+30FB 617 1619 50 52 U+897F 1973 2645 101 70 U+308B 1308 1265 59 58 U+3044 1470 3182 67 45 U+3046 969 1610 38 114 U+3088 1132 2897 44 80 U+3069 1142 926 76 65 U+8A18 1636 2246 98 74 U+308A 1312 2093 44 91 U+3068 2183 1482 52 57 U+306F 1645 1397 80 38 U+308A 960 2573 45 87 U+30FB 449 1445 45 50 U+3076 765 1576 135 83 U+308A 1660 1718 43 102 U+3046 799 1801 33 114 U+4E91 1993 2455 76 61 U+3055 1486 2904 44 70 U+3081 599 1917 79 64 U+3055 1837 1145 52 66 U+4E07 1641 3178 86 106 U+9060 959 1141 77 125 U+306B 1128 3255 43 60 U+3091 599 778 82 99 U+548C 1637 2775 99 82 U+3068 1135 2414 53 64 U+3069 966 771 77 67 U+95A2 1820 1895 81 132 U+3089 1498 2213 56 74 U+3088 1309 2412 37 76 U+30FB 1129 2363 48 50 U+66F0 1470 1099 79 54 U+95A2 1985 3392 98 95 U+304F 1842 2717 38 99 U+540D 1644 2861 78 77 U+3046 1136 998 43 128 U+3068 968 955 48 56 U+3068 2012 3214 40 53 U+3053 1303 2185 49 64 U+3068 611 1981 52 70 U+306B 1310 2342 36 66 U+3075 1628 1485 98 83 U+8C46 1648 2488 80 77 U+3082 1319 1324 38 97 U+3068 613 2900 43 58 U+30FB 590 3371 53 42 U+306B 808 1345 48 62 U+306B 605 3245 44 63 U+308B 1307 2486 48 61 U+3055 2003 3024 46 66 U+3093 427 1610 87 79 U+308C 287 3416 74 58 U+305F 1645 1573 72 59 U+306B 610 2355 38 73 U+3068 452 1752 35 64 U+3068 1141 2039 39 73 U+3091 424 1515 87 89 U+3053 272 942 48 58 U+3093 1099 3492 111 52 U+309D 2021 864 23 74 U+3070 1323 979 46 81 U+3068 1493 1933 40 56 U+3089 628 1748 57 83 U+53C8 1698 2700 58 52 U+8EE2 271 3476 86 69 U+3052 1996 3108 96 106 U+6238 254 2525 63 84 U+3068 968 1542 49 65 U+3093 578 3488 106 51 U+3053 298 3370 37 46 U+304B 2182 1259 38 49 U+7AE5 1310 1427 65 132 U+3089 1853 3473 42 71 U+3069 798 1733 94 64 U+9B1F 1623 3004 108 145 U+307F 1492 2080 32 69 U+3093 761 1661 119 88 U+95A2 1989 2548 76 99 U+3089 1505 2816 23 79 U+30FB 1662 1433 47 39 U+30FB 1119 3373 50 43 U+307F 1491 2689 33 63 U+5B50 1317 1587 55 93 U+306D 1289 1059 82 120 U+307F 1847 3345 34 67 U+3068 802 2624 40 72 U+591A 256 1933 72 94 U+7523 238 2237 103 120 U+306B 2013 2708 30 52 U+309D 1494 2975 20 50 U+30CB 1700 2341 29 23 U+309D 1508 3487 26 41 U+309D 1848 1215 24 43 U+4E5F 211 3460 62 56 U+30CB 1525 1061 30 26 U+91CE 241 2033 69 87 U+8A9E 205 3366 74 80 seg_fp 1986 2520 87 32 U+30CB 1716 2972 38 24 U+30CB 1723 3412 35 18 U+309D 2018 3089 19 43 U+540D 246 2163 94 68,brsk003-005
U+3066 2094 1585 92 87 U+3066 1416 3057 85 84 U+306B 2098 1728 96 91 U+308C 2082 919 118 99 U+306B 706 1625 95 91 U+3066 1410 2172 85 84 U+3066 1930 1718 90 81 U+82E6 2089 2472 99 108 U+3066 533 2132 91 84 U+3066 878 1651 92 74 U+306E 707 2114 84 74 U+4E09 1751 1739 95 67 U+3059 354 1546 87 117 U+3066 1929 2579 98 80 U+3044 1927 1859 93 57 U+98A8 355 2015 114 113 U+306E 2106 2676 75 68 U+5916 1752 2995 107 108 U+3066 1240 2488 93 75 U+851E 1403 621 102 107 U+306E 187 2977 83 66 U+3066 1752 1255 90 74 U+3066 1235 1198 81 80 U+3066 1766 2715 89 79 U+3050 1246 1327 62 101 U+306B 361 982 83 74 U+7D00 1407 1545 109 91 U+306E 700 2701 85 70 U+306B 1771 1188 51 70 U+306E 349 2945 87 69 U+306B 188 2493 86 69 U+7530 884 1512 96 84 U+306B 1411 2977 87 91 U+884C 704 3065 97 145 U+5E02 351 2536 98 110 U+5BF8 1749 1638 90 90 U+306D 1401 2480 119 111 U+4F50 1229 1034 90 108 U+9632 185 3050 100 97 U+5927 1757 2301 86 73 U+306E 353 2469 84 65 U+306E 1760 3097 79 65 U+6708 1752 1806 78 98 U+4E91 894 2235 72 72 U+771F 187 2866 84 110 U+98A8 527 647 103 85 U+5C0F 1583 2124 88 60 U+6C5F 1922 1573 98 86 U+4F0A 1404 1635 104 103 U+4ECA 356 1043 101 125 U+76F8 346 3025 103 101 U+304B 1400 778 96 64 U+306B 1757 1105 89 82 U+53CA 1408 1443 92 96 U+6C5F 354 2319 97 73 U+306A 363 1477 74 76 U+3092 180 1207 102 87 U+306A 713 1456 79 89 U+25CB 2093 1189 111 113 U+6897 865 642 103 89 U+662F 2102 2318 91 112 U+6B4C 885 3079 80 121 U+6309 344 885 125 92 U+306A 362 2119 77 81 U+6B4C 883 2610 88 95 U+662F 185 1106 85 104 U+306A 1947 2820 83 80 U+524D 1233 2321 98 110 U+938C 345 3222 107 108 U+3066 1587 2457 84 72 U+79CB 699 936 102 105 U+306E 1588 2058 72 62 U+5185 528 1392 83 99 U+4E91 1247 1756 76 84 U+306E 881 3011 73 68 U+8A9E 2097 2858 109 108 U+98A8 174 3147 130 90 U+672A 1581 2926 88 83 U+5B9F 1751 1895 85 135 U+8461 187 2374 86 111 U+306B 1410 2094 92 92 U+718A 1397 1741 105 106 U+306A 2107 2965 76 74 U+4E91 1415 2660 77 74 U+8A73 1575 3012 116 118 U+4EAC 1925 1264 99 116 U+53CA 524 1488 99 91 U+5009 352 3326 106 110 U+308B 2111 844 52 76 U+4F3C 180 2580 97 70 U+9632 353 1912 98 109 U+91CE 709 1292 90 103 U+306E 1757 2471 78 59 U+8449 173 1595 93 114 U+3046 729 1182 43 97 U+3066 187 2048 86 81 U+308A 1445 3432 42 88 U+7F85 187 2240 87 125 U+3044 1931 782 83 57 U+757F 537 1285 81 110 U+68A8 1925 634 87 88 U+52E2 1406 1330 89 110 U+7D50 1739 2122 99 96 U+306B 1763 2650 87 72 U+9632 530 550 88 95 U+30FB 1947 1803 53 50 U+597D 1568 2295 117 97 U+3075 1916 2266 97 67 U+5DDE 880 1353 91 97 U+3070 1955 846 64 80 U+5E73 1745 853 90 92 U+306A 1036 952 48 63 U+5D0E 2091 1410 121 107 U+6D5C 351 1783 102 116 U+78D0 1924 529 96 100 U+306A 1939 929 78 90 U+8272 710 2771 71 100 U+3044 538 2694 68 52 U+6854 870 545 93 80 U+524D 1420 2873 93 111 U+3075 1927 3242 107 77 U+91CE 363 1169 77 92 U+6728 1753 1023 91 78 U+3093 885 1925 92 78 U+30FB 1428 2256 55 49 U+30FB 1247 1274 55 51 U+80E1 176 2146 99 92 U+757F 1587 1954 90 109 U+3061 1944 2954 76 97 U+306A 191 3236 89 80 U+30FB 1950 2663 54 47 U+5150 1586 2193 83 101 U+306B 545 2367 63 69 U+25CB 1400 1112 114 112 U+25CB 865 1138 111 108 U+74DC 2104 2587 114 89 U+3070 1936 1920 87 45 U+308A 733 1543 43 95 U+30FB 1254 2565 52 49 U+681D 1400 538 99 76 U+56FD 1928 2411 103 115 U+306B 362 2637 87 84 U+5730 1738 949 114 66 U+4F0A 1405 1229 98 101 U+7269 188 2774 91 76 U+8272 1585 1125 96 109 U+304D 885 780 62 108 U+5DDE 353 3122 81 106 U+30FB 1430 3138 49 50 U+3076 1743 2218 103 66 U+4FE1 523 1837 102 119 U+3061 710 1045 74 85 U+306B 886 3192 98 85 U+25CB 1934 1152 107 110 U+7518 1597 1621 65 90 U+3055 904 2001 50 61 U+30FB 901 1727 55 50 U+3042 359 2715 79 102 U+3059 194 1373 53 104 U+3054 1247 2630 88 67 U+3093 528 2562 103 80 U+8272 1765 3162 78 93 U+4EAC 1580 1837 92 119 U+308A 2107 2015 67 93 U+304C 2120 1807 64 57 U+306B 1948 2521 48 65 U+540D 1578 2832 81 79 U+3092 1757 2037 96 84 U+3044 1949 3184 77 55 U+4FE1 872 1257 100 100 U+30FB 2113 1676 57 48 U+3044 1932 2898 92 47 U+5186 1752 2793 104 108 U+7269 353 1656 116 110 U+304F 1419 3199 79 68 U+4E0A 883 1441 88 69 U+306B 2116 1519 52 70 U+5317 1926 2333 102 80 U+9752 1770 3263 75 115 U+306F 708 2924 71 49 U+306B 1947 1651 48 70 U+30FB 556 2218 51 47 U+540D 879 2928 83 71 U+53CA 1935 1376 86 93 U+82B8 523 1583 110 123 U+8EE2 2101 2747 99 109 U+9178 1585 1409 97 112 U+25CB 518 1162 113 115 U+306F 1588 861 63 36 U+51FA 180 1304 91 68 U+3058 536 2489 97 78 U+5185 1772 3457 86 83 U+6F22 1578 2725 102 108 U+3059 1950 2717 50 102 U+74DC 1031 879 72 71 U+3093 534 2430 96 71 U+5473 1576 1233 101 90 U+96C6 887 2717 88 96 U+3075 1575 2653 91 64 U+3064 2088 771 91 73 U+7269 877 2852 105 70 U+5DDE 525 1954 94 109 U+3093 1589 2387 94 83 U+3054 2109 1870 73 62 U+8D8A 1404 2751 118 119 U+9326 2139 516 77 95 U+308A 729 1757 45 125 U+80A5 1233 2234 114 83 U+3084 871 949 96 61 U+3044 1927 2210 78 57 U+8FD1 1923 1471 86 98 U+91CE 1403 1854 88 100 U+74DC 1414 1027 119 92 U+305D 1441 3268 37 93 U+3075 1221 894 80 62 U+3075 520 2746 100 66 U+307C 533 787 101 84 U+7A2E 1284 3381 70 79 U+8C46 1768 2379 74 93 U+3068 910 2171 40 64 U+3073 1220 2077 65 68 U+3092 189 880 81 85 U+3046 549 862 40 120 U+830E 179 1483 74 105 U+767D 714 1888 66 87 U+3054 1954 3044 71 66 U+3079 2098 3093 114 57 U+9732 716 1976 88 135 U+548C 885 2534 90 75 U+6238 365 2381 63 94 U+306E 1223 3438 46 54 U+306B 556 2062 41 75 U+308B 2120 3038 60 61 U+304F 896 1792 61 77 U+6839 1288 1970 77 78 U+3092 711 2200 88 97 U+308A 1246 2792 73 93 U+3059 1425 922 48 105 U+571F 1244 966 56 68 U+8449 1939 3424 89 116 U+308A 385 2198 41 107 U+548C 566 2929 83 83 U+306B 1247 1142 44 59 U+3072 1587 1316 80 96 U+306B 897 1591 44 66 U+7389 1219 3261 55 66 U+516D 1752 1569 91 77 U+8318 2138 624 72 92 U+308A 227 3314 39 106 U+3075 170 1712 98 61 U+3069 1250 1434 66 56 U+3068 1434 2581 41 77 U+305F 215 2646 45 69 U+304F 1609 1521 31 97 U+308A 1045 1014 36 85 U+308A 1427 2395 46 101 U+3046 894 1018 42 124 U+3046 910 2062 33 109 U+5982 1746 2531 102 54 U+3044 2088 1018 87 56 U+9AD8 1758 1329 99 127 U+308A 370 3491 52 74 U+4E09 1289 3328 69 45 U+3068 1260 1689 45 67 U+3046 1440 3363 38 71 U+738B 1032 798 51 50 U+53E4 908 2361 55 77 U+3075 521 988 96 52 U+5DDE 524 1766 102 77 U+3046 1430 2315 37 86 U+4E94 1746 1490 99 78 U+7523 1291 3174 58 97 U+98DF 1587 2522 69 127 U+6838 1202 3170 71 76 U+540C 1291 2140 57 65 U+540D 574 3024 64 70 U+3044 1232 839 68 53 U+679D 2048 517 84 76 U+9577 2107 1314 59 96 U+8449 709 2571 78 128 U+308A 726 2973 41 99 U+308B 214 2714 45 61 U+3046 1255 2706 37 94 U+3068 1969 3117 36 68 U+3046 550 1040 40 131 U+306F 2116 2428 66 39 U+306F 718 1399 69 47 U+3057 1613 1702 18 142 U+306B 1255 2427 45 68 U+4E8C 1289 3279 69 36 U+308B 1119 944 35 49 U+6709 1309 3467 43 68 U+3057 2146 3137 20 142 U+3068 379 1406 36 68 U+306A 1931 1975 77 82 U+3065 1215 3329 67 50 U+3082 372 2857 54 88 U+3068 1947 2150 46 66 U+3092 1300 2052 55 73 U+306A 1116 879 45 59 U+3088 378 3435 44 54 U+5C71 532 2278 96 84 U+3068 556 2624 39 71 U+5982 1222 3492 67 50 U+3057 213 1947 21 103 U+5176 1220 3084 32 78 U+308B 729 2369 45 59 U+3057 2131 1060 20 134 U+306F 895 1873 61 47 U+5176 1959 3328 48 101 U+304F 1787 3376 42 78 U+3068 207 1775 36 82 U+3053 1227 2031 41 39 U+3055 1225 3382 30 55 U+304F 1117 785 27 89 U+3058 1258 1555 58 127 U+3057 1964 1014 19 141 U+3082 1114 1004 38 72 U+3066 1219 1971 54 55 U+304F 203 1855 38 94 U+3075 2097 2237 100 67 U+3068 2114 2112 49 81 U+304B 728 2878 33 46 U+548C 1287 3090 71 75 U+3051 720 2297 57 70 U+306E 1101 1078 53 57 U+3051 722 1701 54 52 U+3068 1252 774 33 68 U+662F 569 2832 77 85 U+3046 1255 1489 40 103 U+3046 2123 1935 34 88 U+304F 200 1022 33 91 U+3057 1795 2895 18 103 U+4ECA 886 2442 95 82 U+8FBA 1414 1966 72 124 U+3089 1444 835 27 87 U+304B 744 1129 31 56 U+7D2B 1579 903 83 103 U+9ED2 1575 1027 91 99 U+4E91 1227 2155 54 52 U+309D 902 889 28 56 U+304F 1780 2581 49 79 U+56FD 1211 1868 74 57 U+83DC 354 1269 75 134 U+30B5 1802 1450 37 60 seg_fp 544 1689 50 85 U+308B 378 2815 44 46 U+306F 1099 1138 50 30 U+5176 1303 1867 31 97 U+4E5F 511 2823 57 95 U+3068 1243 2889 62 64 U+309D 218 970 22 45 U+3075 1231 2997 93 56 U+306B 1217 1912 58 66 U+306F 367 1743 65 40 U+3044 1247 2950 66 44 U+8349 716 2437 66 135 seg_fp 1587 975 77 52 U+3044 2103 2188 72 50 U+3057 1966 2066 18 92,brsk003-016
U+3066 1130 2670 96 91 U+3066 2340 1030 84 80 U+3066 2343 2018 98 87 U+3066 2355 3124 91 87 U+3066 2166 1201 90 86 U+3066 1658 1085 81 87 U+3066 1129 1618 86 94 U+306B 777 814 91 84 U+306E 2183 3224 91 111 U+3066 1649 1629 94 93 U+3065 2180 3119 117 123 U+3066 611 2796 91 96 U+6C5F 1123 1483 102 84 U+306B 1478 3116 104 87 U+3066 1659 2769 85 80 U+3065 2163 1510 113 86 U+304B 2355 3273 100 64 U+306A 428 2741 111 112 U+305F 1665 2135 69 82 U+306B 1654 2060 102 90 U+3066 434 1075 77 93 U+3084 1119 878 99 69 U+3066 1300 1896 92 78 U+3065 2357 3408 114 92 U+306E 2176 2782 88 83 U+3070 2011 3135 92 59 U+91CE 1821 1892 95 103 U+6309 1813 987 114 98 U+306E 1470 1624 87 73 U+8349 947 1907 109 120 U+306E 1817 1995 93 73 U+7230 1483 2996 86 118 U+4F3C 772 901 98 79 U+306B 1652 1008 89 81 U+3052 952 1238 103 126 U+857A 597 589 96 116 U+3084 601 999 98 76 U+6545 773 1099 104 97 U+305F 1325 2215 46 102 U+3066 948 886 74 89 U+53C8 951 2044 101 73 U+8863 1655 1451 95 121 U+3058 590 822 110 80 U+4ECA 1474 1493 109 123 U+8535 597 2607 120 123 U+7565 1471 3208 128 109 U+4E91 2172 873 81 74 U+306E 1471 2209 89 77 U+7A4D 948 2118 106 109 U+3060 612 2112 115 112 U+4ECA 1817 874 119 118 U+6CBC 426 1959 101 99 U+3092 953 2483 94 90 U+540D 782 1543 83 114 U+306F 2009 2189 85 48 U+3075 942 3100 102 75 U+5F8B 427 2054 104 117 U+3066 439 3351 83 91 U+6C5F 2342 1878 97 84 U+3073 430 2473 102 108 U+4F50 2163 1032 103 108 U+8349 949 2352 102 122 U+3068 2193 801 50 64 U+5730 1654 3141 107 93 U+3044 2179 2204 80 63 U+306A 2199 3420 76 93 U+306E 1820 2329 89 72 U+6B64 1831 2997 92 82 U+305F 2350 2413 90 81 U+7269 1299 2394 113 104 U+25CB 1119 1243 111 111 U+306B 1830 1087 93 87 U+4E91 948 1433 88 77 U+3042 2000 1263 91 82 U+3059 1842 1731 54 92 U+3046 2180 3026 90 99 U+9023 937 2580 125 116 U+308B 2191 1895 52 73 U+3066 2013 2859 81 96 U+4E91 2363 2741 81 68 U+671D 1998 885 98 104 U+3057 429 2382 92 93 U+306E 1288 1511 98 73 U+767D 2184 2473 68 82 U+3044 1302 1263 78 71 U+7D19 1289 1104 127 104 U+30FB 1154 2758 53 53 U+92AD 951 2704 105 131 U+82B1 2004 2068 103 112 U+304B 1114 813 92 59 U+3092 1486 877 86 92 U+8FD1 1113 1364 111 114 U+6708 1304 1586 62 107 U+6CB3 419 1838 110 113 U+540C 782 1451 86 93 U+3044 961 3039 77 57 U+524D 450 3147 88 129 U+8863 1478 2592 94 118 U+3066 2002 1518 79 75 U+304C 1842 1822 72 68 U+306B 1316 886 40 72 U+96EA 946 2241 101 104 U+6B64 1996 1976 95 89 U+3070 630 3309 73 81 U+6B66 613 2492 100 124 U+30FB 2382 3210 53 49 U+3075 589 2412 114 78 U+3044 2345 1622 76 60 U+3051 2021 3032 85 98 U+3092 1664 1813 88 94 U+5225 780 1666 88 114 U+8CC0 2335 859 99 116 U+4E91 2186 2864 79 66 U+5973 1642 1731 109 75 U+3075 1292 2625 107 80 U+306B 1682 3225 50 69 U+3084 2343 2319 95 84 U+307F 640 2202 49 75 U+9678 1122 2478 113 127 U+30FB 2366 2113 57 56 U+4ED8 1486 1088 77 91 U+647A 1474 981 101 98 U+306B 1665 3412 88 67 U+3059 1502 3319 60 95 U+304F 625 1071 40 108 U+4E5F 1466 1430 116 66 U+4E0A 432 818 71 72 U+306F 2199 3334 53 83 U+4E5F 777 1930 113 86 U+8D8A 435 3025 113 115 U+305D 635 3204 39 100 U+91CE 427 904 85 98 U+30FB 963 986 50 48 U+3093 2336 2243 105 89 U+8863 1828 2615 90 118 U+306B 2361 973 45 62 U+3066 606 1794 92 88 U+3050 2175 1972 91 70 U+3055 1130 2105 70 86 U+3046 631 899 39 88 U+9023 949 1661 100 100 U+5F71 1997 1079 94 110 U+5236 1297 1986 107 117 U+3057 651 1210 67 69 U+5982 1473 2300 99 61 U+306B 2021 1188 56 71 U+83DC 597 707 98 83 U+6708 2011 2236 70 113 U+3055 2181 2046 69 90 U+8349 1660 878 69 129 U+306B 2001 1897 96 68 U+25CB 598 1446 112 112 U+3062 1481 1892 90 115 seg_fp 1160 678 71 88 U+306B 965 811 43 78 U+305F 1663 2348 80 97 U+3068 1323 1211 41 56 U+30FB 451 1182 54 54 U+4E5F 1653 2507 107 70 U+5C90 2341 2956 121 96 U+623F 1126 3469 93 107 U+8A60 1828 2808 109 130 U+4E91 1146 3282 73 64 U+571F 2176 954 91 71 U+306B 1306 1812 72 93 U+540D 948 1565 87 87 U+60E3 1652 2594 98 94 U+7FC1 2178 2660 89 116 U+76F4 1669 3302 77 100 U+308B 803 1037 48 57 U+6708 2015 3197 63 99 U+306B 2373 3051 49 74 U+4ECA 1827 1418 97 89 U+85CD 1296 965 90 139 U+304B 2193 1354 43 71 U+53E4 1826 1318 79 91 U+3050 1126 1092 99 69 U+4E91 1140 2259 78 76 U+30FB 1146 1716 56 50 U+52A0 2338 800 94 50 U+4E91 444 2927 88 76 U+3068 2358 1563 52 59 seg_fp 1160 575 81 103 U+92AD 948 1779 109 118 U+53C8 1482 3418 86 64 U+647A 1468 2480 110 114 U+8449 945 3335 105 137 U+3055 1138 3116 65 83 U+3059 1847 2419 47 96 U+3084 2342 1342 92 67 U+30FB 634 1890 50 49 U+30FB 2187 1297 52 48 U+30FB 2363 1120 49 46 U+3068 2195 2141 50 63 U+3075 2328 1683 107 73 U+3082 1492 1697 46 126 U+30FB 635 2888 49 46 U+77F3 2164 2571 95 85 U+3093 2341 1492 112 74 U+8FD1 2335 1757 93 112 U+308B 1491 1178 60 75 U+3075 595 3513 115 62 U+6709 1496 2881 61 106 U+306E 1469 1360 89 75 U+647A 1652 2862 116 105 U+7A2E 786 1798 97 128 U+3044 1310 2556 73 63 U+3068 979 1352 39 77 U+8B83 2345 2830 102 123 U+5176 967 3217 66 109 U+304B 1820 1682 93 52 U+3042 2004 2571 83 93 U+65E5 2023 1008 47 56 U+3050 1132 3040 94 74 U+3068 2380 2672 40 65 U+3055 1128 1163 72 85 U+306B 1153 2604 47 71 U+308B 1679 1386 53 55 U+307E 960 1043 54 89 U+3075 2169 2268 99 69 U+307E 2185 1427 53 90 U+308B 1318 2318 55 74 U+3068 1159 3206 43 71 U+308A 1842 2513 47 101 U+4FD7 1465 3485 119 88 U+6839 1079 582 76 83 U+304D 662 1358 48 83 U+308A 1838 3193 76 106 U+3053 2358 2170 56 68 U+306B 2186 1140 44 63 U+306F 2189 3521 74 41 U+305F 798 976 58 65 U+306B 455 1008 39 70 U+3093 1123 1859 105 68 U+308A 1154 1003 37 88 U+308A 1498 2118 45 97 U+647A 1646 1183 109 113 U+3075 1289 1337 95 87 U+3044 615 3454 75 58 U+305F 2190 1813 49 81 U+3078 1643 2297 122 52 U+305D 2013 1689 59 82 U+65B0 1826 1213 86 107 U+3082 1503 1259 47 99 U+8863 1664 2980 92 112 U+3059 962 1140 64 102 U+8349 1669 3466 74 105 U+304F 628 2014 47 109 U+306B 631 2730 45 73 U+306B 2368 1948 40 71 U+96C6 1836 1514 79 112 U+3044 618 2352 72 60 U+3088 2210 2941 39 79 U+3081 2345 1414 72 74 U+92AD 949 3473 107 102 U+30FB 462 3474 49 51 U+306F 959 3175 74 37 U+3062 614 2941 88 103 U+3066 422 2218 92 85 U+3064 1111 955 98 48 U+3064 769 1294 95 61 U+307E 1144 2820 66 96 U+3050 1128 2030 92 70 U+53C8 2201 1655 76 70 U+8349 2019 3297 74 98 U+3055 2029 2957 49 73 U+3068 463 2580 37 74 U+306B 1156 1555 39 66 U+306B 2018 2489 56 73 U+5B89 1119 3370 116 101 U+3089 2359 2478 67 83 U+3076 643 1286 85 68 U+30FB 449 2315 54 47 U+3069 452 1241 77 60 U+3068 1148 1789 50 64 U+308B 1864 2936 47 58 U+304B 2190 1588 40 60 U+306F 450 2656 74 88 U+3068 458 2851 44 72 U+3069 633 1955 78 59 U+307E 2384 3332 43 84 U+305F 1680 1297 53 89 U+6C5F 606 1563 94 91 U+308A 2008 1421 77 92 U+306B 463 3277 38 78 U+304B 2391 3503 39 58 U+306A 783 1199 70 93 U+305A 1497 2017 83 102 U+3082 2034 3451 48 71 U+82E5 1830 2072 79 113 U+3068 1151 2195 51 63 U+3057 1519 2351 18 129 U+3046 2374 2564 36 115 U+304F 450 1299 37 91 U+308A 2016 2747 72 107 U+3068 1332 2497 46 59 U+3068 643 2280 38 74 U+3054 627 3043 73 64 U+7D2B 1824 2185 93 138 U+306B 1680 1568 40 58 U+3075 421 1645 101 66 U+307B 2173 1738 98 72 U+3068 640 3398 40 56 U+3068 1850 2746 50 61 U+307C 1122 1923 120 102 U+304F 797 1353 41 95 U+3068 1689 2221 32 72 U+3068 980 2953 45 83 seg_fp 1650 1928 89 73 U+4E91 2019 3514 83 54 U+7D2B 1830 3459 91 116 U+8349 435 1399 71 121 U+3059 1853 3080 47 107 U+99FF 418 1716 126 115 U+306B 455 2155 32 64 U+8863 1831 3305 101 127 U+3053 2359 1175 53 54 U+3059 1149 2915 65 119 U+308B 1684 2446 45 66 U+3057 1356 2104 17 137 U+3057 1717 2682 23 89 U+3068 2051 3397 29 60 U+54B2 2001 1776 93 112 U+3046 2357 1241 45 112 U+3053 2021 1602 33 84 U+306F 1838 3433 73 35 U+8349 967 2823 68 129 seg_fp 1648 1996 94 64 U+304F 641 3104 43 94 U+8349 1309 1686 62 123 U+305F 2028 2663 51 95 U+3082 1327 1438 41 73 U+5F71 2003 2363 88 126 U+306B 627 1722 42 74 U+306F 1673 3098 66 33 U+5E38 1119 2346 105 144 U+307F 1499 1822 36 70 U+4E00 955 1535 86 17 U+305F 2022 1344 55 83 seg_fp 432 1520 69 118 U+8272 1473 2719 96 165 U+6238 618 1636 65 88,brsk003-023
U+306E 1031 1117 81 70 U+3066 1390 2188 97 76 U+3066 858 1366 93 83 U+3066 872 2528 83 84 U+306E 346 2346 86 82 U+3072 1551 2662 89 88 U+3070 1567 943 79 95 U+3066 695 1262 86 76 U+3064 1390 734 73 81 U+814E 510 1423 92 119 U+304B 2052 726 95 63 U+305D 1750 2663 68 98 U+3066 1560 1447 78 72 U+7A42 1023 1020 106 98 U+3066 1203 789 78 81 U+6839 1034 2958 116 101 U+3061 870 733 66 103 U+3066 1562 2331 91 80 U+6C34 1037 3112 96 82 U+3092 509 1556 100 90 U+4EBA 336 2093 113 97 U+306A 2072 1930 102 103 U+304B 343 2435 97 61 U+304D 2076 805 55 90 U+3044 1564 1989 72 58 U+306B 1213 2150 88 78 U+3044 1910 2102 79 69 U+3092 350 3194 87 82 U+3066 693 3171 80 86 U+91CE 1212 2032 106 121 U+304B 1551 1589 88 64 U+25CB 1545 1044 105 106 U+306F 509 1366 83 41 U+306B 167 1806 88 75 U+3066 1379 1374 87 86 U+306E 1047 3278 69 60 U+60AA 159 2535 93 100 U+3090 1403 3191 89 64 U+305A 1398 2323 84 97 U+3075 495 848 113 80 U+5BF8 1051 2874 89 81 U+6469 507 1222 102 134 U+3059 331 1254 85 85 U+6839 1212 2653 102 105 U+3066 1218 3417 77 94 U+30FB 714 3258 53 53 U+3075 680 938 99 71 U+725B 1215 1406 72 107 U+3089 876 3109 69 106 U+5DDE 1556 1282 88 110 U+7530 1214 1951 90 85 U+82B1 1038 2110 88 117 U+306E 516 2608 86 62 U+3084 690 1397 96 65 U+306E 340 2030 86 58 U+3092 339 818 107 90 U+6C5F 1397 3377 91 72 U+3044 1391 2415 87 54 U+8272 1033 834 92 107 U+4E91 2081 2096 78 74 U+3066 341 3418 78 97 U+4ED9 1038 3202 108 73 U+3066 700 2355 76 77 U+3044 1566 2929 76 65 U+3066 175 2237 76 71 U+3093 1388 2847 106 75 U+304B 1730 2508 99 70 U+571F 693 2930 95 62 U+304C 686 3308 124 67 U+3066 1910 2484 79 79 U+306B 1739 2186 90 81 U+306E 1545 2595 96 69 U+4EAC 858 1181 96 117 U+306E 1034 944 76 76 U+307C 1383 907 108 106 U+7518 159 1180 86 108 U+3070 180 2439 64 85 U+306B 343 1084 88 82 U+3044 1557 2805 87 66 U+305D 1561 855 68 85 U+304B 1732 2047 87 71 U+4F3C 1039 2290 97 84 U+3079 1392 2470 106 100 U+6C5F 866 2296 93 95 U+725B 1564 2481 76 107 U+5BBF 1205 2555 99 102 U+3089 1409 2571 61 92 U+5742 1891 1429 109 90 U+3092 1916 1298 81 121 U+306F 1739 2450 87 47 U+306E 1044 2026 83 68 U+25CB 2059 1134 103 108 U+306A 1035 1337 85 89 U+308A 1221 2833 70 88 U+3059 173 951 51 105 U+3075 1550 2045 103 70 U+305F 1746 3018 66 90 U+85E4 1032 712 82 124 U+306A 1733 1170 73 84 U+304F 1750 1940 44 102 U+76CA 511 1652 79 113 U+82B1 1032 1496 104 122 U+3061 858 1507 91 106 U+82B1 1897 1940 110 124 U+30FB 1406 2258 54 53 U+304B 1905 841 87 67 U+98DF 149 813 94 137 U+25CB 1375 1025 106 96 U+3075 681 2860 107 62 U+5C71 1379 1144 99 76 U+8449 159 1406 95 121 U+6D88 159 2831 99 104 U+3064 2061 901 90 64 U+6C5F 1557 2119 98 86 U+57CE 1372 1227 108 85 U+3092 515 1972 107 90 U+3044 1731 1324 69 61 U+3044 690 877 73 59 U+3044 520 784 74 63 U+306F 371 2495 52 74 U+307C 1385 1625 98 93 U+3064 1907 990 76 191 U+3055 881 2106 55 78 U+3089 876 1918 69 103 U+6238 1569 2188 68 97 U+306E 1211 1101 70 60 U+591A 1223 2216 69 116 U+306E 518 2354 87 72 U+25CB 850 1066 106 104 U+3061 874 2681 74 87 U+3075 1894 2173 99 67 U+6625 1221 2426 108 113 U+7DCF 682 1097 114 94 U+9762 1590 591 80 81 U+3053 1733 1469 79 74 U+308B 1396 822 49 88 U+3089 1223 1601 71 92 U+3075 1725 1387 82 74 U+305F 1551 747 80 94 U+6839 335 3093 109 96 U+304D 1743 2810 62 91 U+304D 1924 2337 51 95 U+3064 1733 2904 87 60 U+81ED 165 2636 97 111 U+4E21 513 3239 87 81 U+9678 2060 1388 98 111 U+3082 716 3441 54 75 U+3075 506 2175 91 82 U+830E 154 1528 93 125 U+8CC0 1549 1171 96 113 U+7099 337 3290 92 120 U+308A 1050 2427 73 102 U+3092 1910 2243 92 82 U+3082 185 1717 42 93 U+7D30 162 3214 111 90 U+4E8B 353 1855 74 152 U+3044 1394 1800 70 50 U+306B 1225 3253 86 76 U+306B 1219 724 44 69 U+3068 1418 3262 52 64 U+305F 1391 2782 88 77 U+863F 852 478 87 108 U+30FB 1224 872 52 50 U+65E5 179 1896 59 79 U+3064 686 2075 92 101 U+3092 1736 1755 97 98 U+304F 1235 2322 50 102 U+307E 877 2022 54 77 U+5B9F 169 3038 82 127 U+30FB 881 1857 51 47 U+711A 168 2308 94 127 U+9996 1749 2318 63 124 U+30FB 1577 1523 52 49 U+307E 886 3216 51 82 U+306B 882 1304 42 63 U+3075 1555 2995 92 64 U+3055 1057 2651 62 80 U+3070 709 1595 85 77 U+6709 354 1651 57 105 U+3046 889 3365 40 129 U+30FB 1579 2413 49 44 U+3075 1721 900 88 103 U+3068 1233 1796 50 63 U+3044 696 1468 83 51 U+3076 685 2557 117 64 U+3082 700 792 50 90 U+597D 329 1773 110 84 U+8449 520 2491 87 110 U+9577 175 3296 66 81 U+7FC1 1040 1757 89 119 U+3068 530 717 60 66 U+6469 850 582 99 96 U+3089 1750 2109 63 83 U+590F 1220 3139 93 107 U+4E0A 694 1019 73 79 U+3092 173 2749 90 84 U+305F 1568 2733 55 74 U+3066 341 1004 67 79 U+3055 886 3303 52 64 U+5982 1024 1190 99 58 U+306F 1049 3073 68 37 U+3093 1399 2977 93 72 U+3068 1577 1923 47 64 U+306B 712 1190 45 73 U+4E5F 533 2422 90 58 U+767D 346 1353 68 80 U+863F 511 1080 87 137 U+4E09 172 3466 79 61 U+3050 1406 3041 86 74 U+4FE1 1739 3289 83 86 U+751F 1224 2924 66 85 U+3068 713 2738 55 61 U+53C8 350 2934 110 80 U+304F 1056 1245 37 89 U+3068 2094 2033 46 60 U+88DC 506 2075 109 113 U+306B 1575 1378 41 70 U+5B50 2113 593 64 79 U+3075 1205 1167 88 67 U+3068 1416 1725 36 72 U+4F50 702 3000 86 105 U+306E 2131 2709 62 71 U+308A 378 2569 39 91 U+3088 1228 2760 53 73 U+30FB 888 2613 50 45 U+3068 1938 2045 47 58 U+30FB 713 2433 47 45 U+3070 2090 965 64 77 U+4E91 1229 1857 67 72 U+306B 1410 2132 43 59 U+3068 726 1519 40 71 U+3067 1724 1005 81 87 U+3068 1757 1258 37 77 U+306B 753 2003 71 66 U+6238 1405 3434 68 70 U+307B 159 2049 85 110 U+304D 1919 907 70 95 U+3070 2092 1864 73 74 U+306B 1059 2221 45 65 U+3066 1906 1701 83 81 U+3055 1057 1939 59 79 U+306F 1740 1087 50 84 U+7B4B 338 1534 94 119 U+304F 193 3376 38 88 U+30FB 1402 2716 54 50 U+306A 2130 2627 71 76 U+7B51 1391 1916 108 107 U+3055 875 1693 57 81 U+308B 1057 1427 47 67 U+5E38 2060 1255 89 135 U+7078 746 1896 60 102 U+306A 694 1673 84 95 U+6D77 1732 3383 117 106 U+3044 700 2814 77 43 U+7CBE 512 1860 96 110 U+9577 528 2855 58 83 U+6238 881 2371 62 94 U+4E91 1415 3322 68 50 U+304F 356 1432 38 91 U+306B 882 2456 50 74 U+3082 362 907 40 98 U+3068 182 1665 46 54 U+3055 1058 1608 52 64 U+304F 536 2942 36 92 U+30FB 887 3048 46 44 U+3078 1545 1663 120 55 U+306B 175 1976 56 72 U+3064 1379 1514 86 84 U+3046 1235 1522 38 87 U+3068 1761 1542 39 82 U+3046 1238 1693 40 111 U+30FB 884 1452 48 39 U+3075 1402 1851 73 54 U+8336 340 2237 90 111 U+306B 710 2290 52 75 U+3068 1585 2855 39 71 U+3082 543 2260 52 98 U+307B 2131 2438 62 66 U+306B 1399 1315 51 62 U+7D2B 1390 2017 91 111 U+304C 691 2478 110 84 U+306A 353 2729 81 93 U+306F 1418 3118 50 70 U+3046 1228 927 34 78 U+3055 870 957 62 94 U+308C 2124 2254 69 72 U+53C8 899 2989 83 68 U+304D 1744 1865 61 80 U+306B 1575 2269 55 65 U+3055 882 2890 52 85 U+3046 885 2181 36 118 U+53C8 903 1787 58 58 U+305F 2071 1051 59 73 U+53C8 1242 1338 78 65 U+30FB 717 1337 43 46 U+725B 1584 492 80 83 U+30FB 1404 1454 56 43 U+4E5F 2057 2384 63 80 U+3071 1412 2906 66 72 U+5BFE 516 3332 107 111 U+3068 712 722 37 70 U+5982 1046 3335 88 53 U+3088 2140 2508 35 61 U+3059 186 2935 46 104 U+7D30 520 2772 101 81 U+6771 1906 1511 88 132 U+304F 692 2143 75 70 U+3050 1055 1871 73 63 U+3070 2134 2569 59 55 U+304B 1756 2759 39 50 U+3050 862 1613 83 73 U+5176 357 3002 46 95 U+308A 688 1931 31 102 U+81F3 1235 3321 73 94 U+308B 1579 1697 50 87 U+306F 170 3166 68 48 U+3068 376 2662 37 64 U+306A 697 2633 80 94 U+306F 1740 2974 69 44 U+71D5 2103 487 75 93 U+306B 713 3103 43 74 U+9AD8 1054 2536 69 118 U+307B 2075 1771 91 92 U+3046 1765 2565 37 97 U+304F 535 3169 46 68 U+53C8 1432 2669 77 58 U+3057 218 2149 23 92 U+3050 873 2826 100 63 U+304F 1060 1670 37 85 U+3057 548 1764 17 103 U+3046 349 1158 47 107 U+3057 393 2821 24 105 U+305F 1064 2369 47 60 U+8A9E 2049 2297 61 88 U+8349 1566 1820 68 96 U+3057 190 1293 15 105 U+539A 504 3040 93 100 U+7B46 1907 1790 99 144 U+3066 505 3469 67 61 U+3057 1232 998 24 104 U+306F 357 2187 60 51 U+68D7 1422 579 64 90 U+305A 1236 3020 79 112 U+3057 1241 1228 17 102 U+304B 2120 2392 65 46 U+4E00 1735 2286 83 19 U+306F 2130 2338 47 28 U+3057 739 2212 26 95 U+82B1 2034 487 71 79 U+4E94 1042 2801 100 73 U+306F 1926 1139 43 91 U+3057 1087 3387 14 112 U+304B 2069 1696 87 65 U+306B 1922 1635 43 68 seg_fp 522 2679 53 91 U+305F 689 1856 33 73 U+306F 1733 1630 77 43 U+751A 180 1061 51 111 U+56DB 1043 2735 93 65 U+4F3C 660 1802 72 49 U+304F 860 854 78 97 U+308A 1751 1676 42 89 U+309D 901 2770 27 45 U+82B1 739 1803 73 93 U+7565 2043 2206 85 76 seg_fp 1780 3100 49 61 seg_fp 1944 1238 27 63 U+3044 695 3402 84 46 seg_fp 1742 3113 35 86 U+309D 1939 2433 25 46 U+3053 2115 2201 49 51 U+308B 1407 1592 42 38 U+3057 557 3406 19 105 seg_fp 1749 3168 26 49 U+309D 884 836 32 45 seg_fp 2076 1492 63 99 seg_fp 1250 3003 33 32 seg_fp 543 3113 50 54,brsk003-028
U+3066 697 3410 94 70 U+574A 1747 1959 104 96 U+3066 1934 1147 93 92 U+3066 713 1428 76 84 U+67F3 357 1174 113 131 U+5185 718 1286 92 91 U+3066 1927 1989 90 90 U+308C 1928 1465 106 96 U+306B 539 1760 91 77 U+3066 1226 3118 81 84 U+3066 1238 1447 96 87 U+306E 184 2081 87 64 U+3066 722 2344 81 79 U+3066 1066 2455 88 80 U+306E 365 1296 82 78 U+3051 717 1701 85 90 U+306E 1406 2113 86 65 U+3066 1753 2488 91 81 U+53C8 1237 1063 102 70 U+3042 1412 964 84 88 U+3072 1403 1688 92 104 U+3066 1420 1856 90 83 U+306E 367 2488 81 69 U+306E 1059 1124 87 74 U+3052 719 920 103 129 U+3072 1588 859 88 91 U+3066 1924 2843 88 73 U+526A 1587 1617 87 143 U+306A 1914 3205 95 97 U+306E 183 2424 92 63 U+9644 882 2338 112 111 U+757F 727 1179 79 106 U+6309 538 1657 104 101 U+6B63 174 1546 105 70 U+767B 2088 1974 96 112 U+3066 2083 2827 91 84 U+8DB3 886 841 101 102 U+308C 2089 965 98 104 U+53C8 2084 2099 99 73 U+7A2E 182 1971 106 108 U+9119 1219 2933 116 106 U+306E 1747 2717 85 74 U+53C8 190 1460 98 76 U+306A 720 1863 76 86 U+25CB 709 1057 109 103 U+4E03 191 1899 87 57 U+6709 1224 945 98 108 U+574A 1749 1645 107 92 U+6D77 2080 2303 118 108 U+6708 190 1618 73 105 U+90CE 1757 1833 92 114 U+5150 1410 2008 96 110 U+5750 182 2857 79 103 U+308C 523 2464 111 93 U+3075 1049 3027 87 65 U+56FD 1749 2317 92 113 U+8449 372 996 82 121 U+3059 1426 2567 52 93 U+79F0 1225 2164 115 100 U+306A 532 3418 80 69 U+3064 1051 2679 95 68 U+4E03 185 1733 87 71 U+304C 882 2895 116 68 U+7D2B 1576 2102 96 125 U+7A42 1056 1209 108 101 U+540D 1240 839 85 102 U+91CE 1926 1797 107 139 U+592A 1755 1745 93 75 U+3061 194 2582 77 104 U+5185 2101 1307 82 91 U+3044 1060 2971 80 53 U+4ECF 172 2683 110 102 U+306B 1585 2713 88 78 U+4E21 1412 1154 92 91 U+6545 1399 2675 112 86 U+4F3C 361 1589 102 88 U+5F62 1409 852 102 97 U+90CE 1764 1533 89 112 U+53CA 2092 1400 96 88 U+5B9D 540 762 92 145 U+9053 2093 2404 81 94 U+3066 373 1675 80 86 U+3070 1937 2403 71 71 U+7A7A 900 1047 70 128 U+5C0F 1413 1941 86 63 U+6B4C 352 2809 110 118 U+306B 543 2082 95 71 U+82B1 545 1046 84 107 U+767D 1588 2236 74 81 U+3052 723 765 94 69 U+306E 183 2791 77 71 U+975E 184 3243 90 99 U+6771 1240 1133 84 141 U+304E 1923 3039 90 88 U+3075 696 3040 90 73 U+3082 917 2534 41 93 U+540D 1062 1906 89 87 U+8AAC 175 3132 134 103 U+308C 1397 2401 115 111 U+5927 1920 3463 89 86 U+7FB9 181 2291 93 131 U+76F8 1407 1594 99 102 U+83EB 2099 550 84 108 U+5E62 531 913 110 122 U+5C3E 1058 2201 122 117 U+8272 1587 2390 93 113 U+308A 1425 1052 69 97 U+7A2E 1228 2538 103 110 U+53E5 897 2439 80 87 U+308C 180 1017 103 97 U+306A 1921 2475 98 97 U+662F 1053 3102 106 114 U+306E 1396 3484 80 65 U+3076 1051 918 115 75 U+3075 1912 2330 95 69 U+304B 1591 3002 79 62 U+6C5F 711 2111 96 93 U+306A 698 2817 102 99 U+306A 906 1179 84 91 U+306E 1584 2927 80 63 U+7C73 754 631 82 74 U+3084 1054 2603 99 77 U+6CBB 1754 1442 97 85 U+540D 1589 1523 78 83 U+4E5F 1057 3217 99 59 U+3093 709 1629 101 79 U+4E91 1078 1701 70 77 U+3044 540 1848 81 53 U+4E91 1945 1616 81 90 U+306B 1577 3273 94 69 U+3066 359 3499 85 58 U+3052 525 3254 95 90 U+6B66 1239 1273 105 109 U+3044 1592 1248 76 60 U+6C5F 1935 913 96 95 U+5225 1235 2435 92 108 U+306B 1262 1379 45 72 U+3080 884 2642 95 87 U+306A 884 3178 84 87 U+8C9E 1063 3273 84 109 U+306B 1413 2771 88 79 U+3075 184 1373 97 76 U+5F62 358 2136 103 104 U+82B1 364 1760 98 131 U+4E91 199 3028 66 80 U+83DC 190 2149 82 135 U+3075 1583 1310 91 80 U+3059 1250 2261 53 101 U+897F 1745 2226 100 85 U+8A60 350 3203 107 98 U+4E91 1936 3382 61 78 U+662F 536 2680 96 125 U+8CDE 337 3303 97 131 U+306E 1761 853 80 73 U+6C5F 2083 1589 98 86 U+3059 1942 2135 54 104 U+99AC 1755 2840 94 93 U+308A 2110 3297 40 89 U+51FA 1064 1377 103 80 U+920E 1566 3367 107 97 U+3068 2110 3239 42 57 U+6238 1232 2825 80 111 U+6F22 1586 1397 96 113 U+3075 877 1550 97 66 U+308A 910 3011 39 96 U+3046 210 2490 36 98 U+4ECA 528 1549 117 118 U+77E5 1071 2005 93 90 U+3068 1254 3454 36 102 U+4EBA 337 2920 138 75 U+3075 2081 3161 101 71 U+4E91 711 2027 82 78 U+4ED9 1915 2582 110 94 U+3079 2088 2730 92 96 U+4E91 1756 3010 69 82 U+4E91 1745 2136 87 85 U+3052 711 2639 106 94 U+306F 373 1123 74 43 U+3092 907 949 70 87 U+8349 1574 1827 112 135 U+306A 193 3339 69 74 U+304D 1431 1782 55 77 U+30FB 2100 2915 49 44 U+548C 1755 768 107 94 U+306E 1564 3479 79 68 U+3068 731 1953 52 69 U+6771 2082 2173 85 131 U+3092 1062 1593 100 102 U+6F22 1058 1782 108 121 U+65E5 217 1804 50 68 U+5C0F 1758 1208 90 60 U+3044 709 2987 71 53 U+3068 1776 2948 49 61 U+30FB 1959 1236 49 45 U+6C5F 1234 2742 95 90 U+7802 1047 3381 106 107 U+53F0 1919 2652 97 125 U+757F 2103 1205 84 101 U+3044 553 1228 66 63 U+3070 1934 3129 71 75 U+3075 369 917 83 73 U+3068 1077 2913 47 56 U+3068 561 1163 45 66 U+30FB 1774 2570 51 46 U+3059 2107 762 52 122 U+308B 915 1272 52 67 U+304B 1919 2986 92 58 U+8272 380 2018 73 103 U+82B1 364 2376 94 117 U+306B 734 1365 43 66 U+5150 1752 1274 102 110 U+8FD1 2089 1491 82 93 U+3093 724 835 89 84 U+30FB 732 1518 52 46 U+3068 725 2915 51 68 U+305F 1428 2181 46 70 U+3059 202 847 50 104 U+3070 729 1792 71 72 U+52A0 2093 1691 89 48 U+307E 1945 2246 47 85 U+7B51 694 3118 116 122 U+3088 1084 838 42 79 U+3068 1607 1178 50 66 U+3068 1780 2637 41 77 U+4E8C 1583 2332 85 53 U+308C 721 2485 66 91 U+4E91 1938 833 76 82 U+30FB 730 2423 51 49 U+80FD 2091 1869 95 101 U+306C 881 3344 89 67 U+5DDE 1061 2317 101 108 U+3044 201 1308 73 61 U+3070 538 3345 75 67 U+30FB 1949 2078 48 44 U+3052 731 1567 82 63 U+306B 387 1513 47 67 U+307E 1077 2747 51 79 U+826F 1775 1055 63 117 U+53C8 178 3480 107 69 U+3050 2098 3405 74 67 U+30FB 1082 2540 51 45 U+3068 906 3107 43 61 U+3078 530 2040 114 47 U+5200 1591 1752 83 82 U+306B 546 1899 68 68 U+3078 1400 1544 106 39 U+308A 920 1690 42 102 U+308A 1265 1872 43 91 U+3068 1961 1555 39 57 U+306A 537 2810 83 86 U+3044 545 2168 76 61 U+305F 1592 3063 57 76 U+306B 1255 3042 37 78 U+3093 522 3189 115 74 U+30FB 1940 2927 52 42 U+3075 531 2232 98 69 U+305F 1086 1460 53 75 U+305F 1069 2828 57 75 U+308A 560 2896 45 106 U+5948 1763 928 80 123 U+308A 919 3265 36 75 U+8349 1251 1962 62 122 U+3058 1453 1462 58 76 U+3093 709 2576 96 69 U+8CC0 2069 1749 109 107 U+306B 1946 2778 42 68 U+3059 555 2303 49 98 U+4E0D 1053 2095 111 99 U+3068 1428 3130 40 66 U+308B 1255 2365 48 59 U+306F 1585 3145 65 51 U+25CB 2090 1084 104 102 U+3059 1265 1540 50 101 U+3068 1961 768 43 64 U+307F 2113 887 37 80 U+3068 1263 1808 51 63 U+82B1 1578 1987 105 107 U+307E 1436 1370 47 94 U+3075 1234 1728 96 78 U+3075 1396 3058 89 66 U+306B 724 3355 38 59 U+3068 1770 2069 53 63 U+307E 908 1464 47 88 U+3068 1432 2504 46 59 U+53E4 349 3092 79 83 U+3055 1242 3371 52 80 U+3068 540 3490 58 59 U+3068 1936 3321 60 51 U+3068 915 1628 47 61 U+306F 1425 2254 51 94 U+30FB 724 3483 44 45 U+3068 213 2967 39 59 U+307E 2107 3078 42 83 U+3052 542 3124 79 70 U+830E 1578 2787 87 134 U+8349 1069 993 76 130 U+306B 1087 1307 45 67 U+306B 1956 1077 42 73 U+524D 696 3236 101 115 U+6238 1935 1005 62 88 U+3059 2104 2635 45 99 U+306F 1249 3203 52 76 U+3054 373 2561 83 52 U+3055 1414 3384 53 86 U+83EB 1746 3152 86 108 U+3075 531 1295 88 80 U+4E0A 1939 1710 68 79 U+7815 762 520 82 106 U+307E 1762 3492 53 72 U+30FB 1779 1377 47 48 U+3044 368 860 77 52 U+308A 217 3415 36 73 U+5171 1589 2613 71 93 U+3068 1259 2091 43 62 U+308B 1087 1532 51 56 U+6709 1245 2638 70 99 U+83DC 683 515 82 105 U+7B4B 2086 2508 95 123 U+307E 1261 1642 47 84 U+6238 722 2189 66 86 U+3057 398 2698 21 114 U+306B 1770 2424 41 64 U+3059 2104 2972 51 106 U+304C 1091 3501 54 49 U+307F 567 2403 36 64 U+307F 207 953 37 65 U+3055 2103 3473 50 72 U+3089 1600 3199 60 76 U+305F 911 2951 48 60 U+6709 1599 2505 58 104 U+82B1 1418 1253 94 120 U+306B 1948 1919 42 74 U+3075 1396 2347 86 67 U+3059 910 1354 59 102 U+306B 725 2268 53 73 U+308A 1408 3199 68 92 U+8349 906 1797 65 96 U+8349 201 1115 60 93 U+8349 543 2537 73 137 U+4ECA 347 2989 118 114 U+3053 1759 3440 56 50 U+307F 1954 1412 39 56 U+3057 928 2763 23 106 U+3068 386 2613 41 85 U+3057 947 2232 27 93 U+306F 723 2716 48 99 U+8449 361 1380 96 129 U+3050 1237 3284 84 83 U+4E00 1756 3308 72 16 U+8349 1602 1045 66 126 U+540D 1740 3353 82 82 U+304D 1596 945 61 103 U+84EE 371 2244 75 123 U+3059 1423 2863 57 99 U+3068 915 1937 52 76 U+304B 916 2721 38 51 U+307E 1419 2975 49 85 U+304F 1407 3300 68 80 U+309D 1786 2793 24 36 U+306B 1086 2395 39 68 U+7D2B 369 1882 91 118 U+3048 892 2155 84 82 U+30CE 1814 1169 27 33 seg_fp 904 1882 62 54 U+3059 1939 1300 80 99 seg_fp 585 1962 22 72 U+4ECA 542 3021 89 116 U+805E 890 2015 83 122 U+3057 396 3423 13 77 seg_fp 209 1201 49 108,brsk003-030
U+305A 2120 2201 100 104 U+3066 1944 1874 99 79 U+3066 1765 921 89 79 U+3072 373 1079 98 100 U+4E2D 892 1056 93 80 U+65B9 1067 2156 90 89 U+306B 1777 1221 93 81 U+8278 712 2692 106 118 U+306E 1934 3365 114 70 U+5317 715 1500 111 69 U+6B4C 1766 1095 88 120 U+3084 1937 2405 102 77 U+3080 369 2003 106 93 U+662F 712 3125 106 109 U+65B9 1055 3061 103 94 U+306E 1422 851 93 69 U+4E2D 899 1943 86 81 U+4E5F 712 1389 119 97 U+4E5F 700 3034 123 75 U+3044 2128 2352 72 60 U+306E 1762 1644 82 70 U+3066 1610 953 75 73 U+3066 2123 1738 68 94 U+306E 1600 1145 88 70 U+6240 1758 1571 103 77 U+4E4B 1065 2267 95 74 U+592E 894 2041 101 91 U+4E5F 713 1084 116 76 U+65B9 720 1571 89 107 U+304C 1952 2341 108 68 U+90FD 364 1425 111 99 U+306A 1251 849 83 94 U+5F27 1067 2356 116 101 U+3092 359 758 122 96 U+53C8 710 3248 103 74 U+3059 1776 2233 83 86 U+4E5F 1068 1951 108 68 U+53CA 2116 1356 98 108 U+662F 1945 2668 108 117 U+5357 418 599 75 97 U+5730 1229 2504 123 75 U+5357 1070 2034 94 100 U+25CB 376 1184 99 100 U+307B 1944 2119 104 75 U+5927 2122 1170 93 99 U+8AD6 2283 1264 106 97 U+53C8 1594 2593 112 83 U+306E 1407 2827 86 82 U+304B 1933 762 116 63 U+6728 892 842 108 97 U+3057 1935 2030 107 78 U+5F27 899 2752 111 91 U+4E91 1959 2562 69 84 U+308B 1971 828 58 89 U+5B57 1437 991 70 113 U+592E 876 1154 113 90 U+79CB 718 1175 118 113 U+3066 1606 1304 79 66 U+4E5F 886 2364 117 74 U+5C1A 1596 1976 98 94 U+306E 1771 2645 78 60 U+306E 1605 1628 85 59 U+5F27 892 1375 125 103 U+8349 1612 1022 73 122 U+3042 1772 2066 77 97 U+7269 2283 1386 113 86 U+65B9 896 2545 88 98 U+548C 1766 1002 93 91 U+4EAC 361 1297 105 127 U+6C5F 370 1527 102 84 U+308C 2282 1161 101 90 U+6897 1416 1804 112 95 U+79F0 1395 2909 123 99 U+8278 1075 1615 89 92 U+4E39 1244 1077 96 88 U+65B9 1073 1409 90 111 U+5DDE 1939 1726 101 106 U+6587 1230 2878 107 93 U+30CE 1238 3316 111 85 U+3072 1599 3060 79 90 U+67F3 1055 2691 105 98 U+3066 1421 2515 75 69 U+305F 1436 1377 85 87 U+307F 400 2412 45 79 U+6728 1595 2674 96 87 U+6851 893 1548 104 109 U+4E91 387 2571 81 80 U+3062 2128 919 91 114 U+985E 1411 2332 92 116 U+9EA6 1958 3265 59 98 U+8005 894 1816 95 110 U+548C 2122 1264 95 104 U+92AD 2104 523 120 97 U+897F 891 3305 90 68 U+5357 1064 2923 92 129 U+6728 1064 1843 103 87 U+307B 378 874 95 108 U+672C 1776 3101 89 88 U+304B 1774 2329 85 57 U+8005 1059 2789 92 104 U+25CB 1937 1472 108 102 U+3070 1445 1567 64 85 U+6851 887 1685 109 131 U+6587 1430 920 84 73 U+5C04 1224 2285 124 107 U+897F 899 2452 92 69 U+3076 370 2335 115 73 U+5F93 1593 2951 102 105 U+9EA6 1944 620 109 99 U+308B 1787 1505 50 67 U+307E 1959 2250 57 84 U+58F7 2287 853 95 116 U+6625 1067 1704 110 129 U+306E 1416 2264 85 68 U+5F93 1588 3416 83 64 U+8005 883 3165 93 108 U+8A60 1767 1302 106 114 U+6728 1414 2733 85 88 U+68A7 1068 1040 102 91 U+3057 2120 2069 95 78 U+71D5 1936 519 99 98 U+3084 1938 984 105 77 U+6771 1067 1276 114 117 U+7537 1242 1878 82 100 U+5B50 1234 1980 100 108 U+65B9 1241 3190 93 98 U+5317 712 2411 117 67 U+4E5F 2291 1475 97 73 U+4EE5 898 1485 106 62 U+5F27 1245 3428 110 100 U+3042 380 2246 76 87 U+85E4 2124 622 107 98 U+60E3 1597 852 97 95 U+751F 1232 2098 100 80 U+6728 1586 3262 82 93 U+306B 1790 853 48 71 U+6854 1418 1685 104 120 U+3084 1778 2384 81 80 U+7565 2305 1760 82 119 U+4E4B 738 841 55 81 U+4EE5 1056 2470 129 87 U+8005 713 2282 93 110 U+5929 415 527 86 71 U+59CB 1598 1223 98 72 U+3075 2113 2411 97 67 U+8AAC 1592 2179 126 110 U+60E3 1768 2718 97 95 U+3068 2131 1894 60 67 U+3082 2009 1285 45 67 U+540D 1607 1696 81 91 U+306B 2304 1667 98 75 U+672C 1951 2813 96 85 U+305D 394 981 46 110 U+25CB 2120 1043 109 107 U+304D 2130 1970 66 95 U+5929 1239 2192 93 74 U+8349 711 933 104 129 U+5965 1936 1585 99 145 U+3068 400 2493 54 76 U+4E4B 731 1684 53 85 U+5176 1237 2781 97 102 U+6728 730 1291 99 87 U+6728 716 2919 96 99 U+8278 1597 2795 90 85 U+540D 1773 2815 81 89 U+4E4B 733 2607 56 74 U+5208 1755 1708 100 109 U+306B 1435 2449 45 65 U+53F2 1250 1531 89 89 U+5F27 718 1793 121 103 U+3059 2307 979 48 103 U+793C 1243 1706 103 82 U+540D 1984 1139 73 72 U+59EB 1755 3441 121 87 U+3057 1988 1220 76 63 U+751F 1617 1375 62 90 U+8331 1424 1993 99 116 U+4F2F 2116 1460 99 89 U+30FB 2138 1833 50 50 U+5C71 1426 1926 87 74 U+67F3 1056 2562 107 94 U+304C 1971 2195 61 52 U+4E5F 892 958 112 80 U+4EE5 1066 848 110 75 U+65E5 1787 3021 50 58 U+7570 1611 2070 68 111 U+306B 1619 2882 38 55 U+304B 1979 920 36 73 U+56DB 1240 2590 92 64 U+4E4B 901 2672 63 67 U+3068 1970 2497 48 62 U+3055 2001 1406 45 66 U+8B02 1935 3049 112 112 U+307F 2308 1084 43 75 U+3068 2142 2293 48 58 U+68D8 880 2929 127 108 U+68D7 712 2130 103 151 U+306B 2142 1665 43 76 U+53E4 1257 1618 62 81 U+30CE 1075 1522 95 79 U+76F8 1418 3117 81 74 U+3092 1439 1112 89 91 U+3059 1625 1863 51 107 U+3082 1435 3003 53 106 U+6771 1244 3056 103 129 U+306F 1765 2027 80 39 U+51AC 709 2817 99 106 U+8278 1064 3256 101 88 U+68A7 1053 917 125 97 U+4E5F 543 991 110 62 U+3059 2314 1887 50 105 U+30FB 1965 1960 49 46 U+5929 1231 2407 110 93 U+8431 1763 3328 92 107 U+8278 1590 3159 100 100 U+6238 386 1602 59 106 U+306B 387 1844 84 87 U+8278 1947 2896 91 88 U+3068 1626 1798 50 61 U+6728 899 2240 102 109 U+71D5 1931 3162 101 103 U+8349 1781 2526 65 112 U+3050 2005 1352 50 51 U+306F 1776 2475 79 33 U+901A 1415 3194 94 126 U+7D00 1771 3196 86 62 U+3053 2307 1557 52 62 U+590F 1070 3357 77 121 U+79F0 697 3446 137 102 U+4EE5 884 2862 107 82 U+4E91 1238 2984 89 58 U+306B 1611 3356 37 46 U+65B9 1242 2659 94 96 U+308B 1622 1558 51 62 U+4E91 595 1070 50 51 U+306B 1965 1814 40 66 U+30FB 403 1943 52 46 U+3089 1796 2170 52 65 U+68D8 880 3047 122 113 U+3089 2146 2146 63 73 U+3059 1621 1467 45 91 U+4E8B 1950 3427 76 104 U+4E91 552 1141 65 48 U+8349 539 833 99 136 U+4E4B 906 1276 56 77 U+304B 1794 2913 36 53 U+3059 1787 1412 51 92 U+3078 1411 1532 130 57 U+4E4B 904 2152 63 72 U+65B9 712 2464 99 123 U+3075 1575 3483 95 61 U+96E3 1419 3465 101 79 U+8006 2116 1534 102 121 U+3068 413 1680 34 90 U+4E4B 1059 3168 101 90 U+3057 1293 942 17 90 U+9332 1243 1250 105 86 U+3066 1432 3410 52 57 U+68D7 710 1975 101 140 U+4E91 1255 1784 69 51 U+3068 1465 1450 35 80 U+8438 1414 2133 95 123 U+3082 397 1771 53 83 U+9752 1253 1413 71 118 U+30CB 1987 3005 31 30 U+8005 1072 1141 97 111 U+8431 1764 1804 84 139 U+3057 1462 1266 18 120 U+65B9 893 3406 86 87 U+4EE5 719 1913 95 51 U+925B 1239 1171 100 77 U+661F 342 524 67 93 U+30CE 1644 2756 33 30 U+4E00 1992 1095 61 14 U+6709 1612 2289 67 98 U+309D 1470 1203 22 52 U+53EF 709 3340 98 102 U+30CB 1303 1357 42 26 U+3057 403 2128 21 111 U+3055 402 2088 46 59 U+30F2 1311 2743 34 40 U+30CE 932 3498 38 40 U+30CB 1814 3283 29 23 U+3075 2116 798 87 120 U+3057 1453 3314 24 92 U+8349 1428 2588 64 141 U+30F2 1151 1001 26 32 U+306B 1790 1944 54 62 U+30C8 622 943 22 39 U+30CB 1312 2969 30 21 U+309D 2318 1621 32 50 seg_fp 1142 1497 20 26 U+30EB 1322 2390 39 23 U+30F2 1150 2646 30 52 U+30B9 798 1960 32 30 U+30CE 1129 3489 25 30 U+30F2 972 1654 36 28 U+30F2 963 3028 36 44 seg_fp 1313 3263 16 33 U+30CE 965 1255 19 21,brsk003-031
U+3066 2228 2504 90 83 U+3066 1347 1896 94 89 U+6CB3 979 803 114 121 U+3066 487 2890 86 77 U+3066 813 1646 96 96 U+306B 831 2837 104 83 U+3066 992 2123 94 76 U+3044 821 1905 92 68 U+3066 1350 3231 90 73 U+3066 2389 1252 87 77 U+3066 1002 3502 100 80 U+3066 641 3217 107 83 U+8338 469 1332 92 155 U+3066 997 1189 87 92 U+3066 2050 1505 96 78 U+3066 2058 3205 106 75 U+3042 824 1812 86 92 U+306B 2227 2423 91 92 U+3066 1875 1800 96 90 U+3066 2058 2423 98 86 U+3092 648 1087 101 86 U+5C3E 981 904 111 109 U+3092 647 2562 99 78 U+306E 1691 1703 90 65 U+6C5F 469 1618 92 88 U+306B 1704 1980 91 87 U+306E 640 2978 91 65 U+306D 1868 2628 107 99 U+91CE 1161 1256 109 154 U+3042 1711 2804 78 97 U+6B66 1874 1499 96 95 U+25CB 650 2191 110 111 U+6C34 474 3029 102 103 U+4F0A 2228 3094 111 96 U+3066 648 1440 94 74 U+306B 1881 2541 92 87 U+4E91 2065 1965 85 79 U+4E91 822 2233 85 81 U+9AA8 1873 3344 98 118 U+306B 2050 2344 86 87 U+3044 811 962 85 67 U+3066 1160 1469 101 91 U+3064 1871 2073 91 76 U+4E91 2236 3017 93 73 U+6839 2033 797 109 107 U+4E91 2049 1137 78 77 U+306E 1521 897 91 66 U+30FB 2086 3279 55 54 U+3092 1185 3184 100 91 U+3075 2381 919 98 63 U+5854 635 2852 125 112 U+4E5D 637 1182 103 82 U+305F 1348 811 83 102 U+3066 470 1877 76 73 U+69BE 2200 592 123 116 U+3066 2220 1353 104 82 U+677E 991 2277 106 103 U+3066 1173 2391 97 71 U+53CA 2221 2015 92 93 U+8338 637 904 86 166 U+3068 2407 798 62 68 U+3044 2394 861 74 56 U+4E91 1003 1803 83 76 U+4E91 1004 2587 81 77 U+305F 822 1975 92 85 U+9F20 472 1189 102 137 U+4E91 479 2527 88 79 U+304B 2064 3342 91 65 U+3051 826 2060 89 95 U+5F35 987 1024 95 97 U+897F 2209 1209 99 84 U+3082 843 2761 56 78 U+3070 1363 2163 79 90 U+6839 1692 1771 107 108 U+4E2D 2392 1087 75 95 U+52E2 2233 3193 89 98 U+3044 1868 866 82 52 U+6E90 649 3485 99 96 U+6A2A 1514 1692 108 103 U+3064 1875 2726 93 65 U+5C3E 2220 1814 117 102 U+83CC 1342 574 87 98 U+574A 439 811 115 108 U+3075 814 3401 113 74 U+25CB 2205 986 108 111 U+3066 2240 3374 71 77 U+3076 2221 2883 118 69 U+3076 1686 2280 117 81 U+4F10 1696 3382 111 104 U+6839 1875 3240 107 106 U+56FD 989 1965 100 84 U+5E61 805 1456 115 127 U+3064 2055 1760 100 72 U+4E91 1888 2284 80 64 U+3084 1513 1170 107 73 U+308D 1711 2207 75 75 U+25CB 463 1075 109 101 U+4E2D 828 2320 82 100 U+6FC3 1341 2858 111 117 U+8338 1169 3046 112 141 U+4E91 1183 1997 78 86 U+6728 1698 1894 86 78 U+306D 1865 1967 111 113 U+96F2 2227 2206 81 119 U+3042 817 866 89 92 U+5317 995 1886 94 65 U+3068 832 2152 69 80 U+56E0 819 1369 83 97 U+5F35 2218 1918 96 106 U+3042 992 1347 96 97 U+4E2D 1707 1594 80 100 U+306E 1382 1137 63 55 U+3044 2398 1976 77 59 U+3061 994 1644 90 92 U+6FC3 1174 3402 108 100 U+8EE2 1518 1801 112 133 U+3090 1837 1084 71 60 U+6C5F 1004 3291 94 86 U+8D8A 2390 990 94 97 U+8338 1339 666 98 89 U+6728 1712 3198 83 88 U+3058 647 1580 106 85 U+3068 2240 1669 57 64 U+3044 1354 2315 79 60 U+5C3E 1332 2973 134 109 U+7DCF 2049 2236 118 106 U+3051 1349 921 87 104 U+4E5D 824 2529 96 68 U+3075 2052 2904 107 73 U+308A 2252 2744 45 93 U+6771 467 1701 96 116 U+4E91 469 986 77 79 U+4E91 2221 1732 81 78 U+304D 1393 1048 43 80 U+6CA2 643 3042 114 125 U+5DDE 640 1277 99 112 U+3068 1887 798 52 62 U+3068 1192 811 47 76 U+3053 1896 2802 61 52 U+3075 1341 2374 98 66 U+3081 485 2123 74 73 U+8535 1868 1592 118 130 U+25CB 1166 2834 116 111 U+5DDE 1344 1738 89 99 U+30FB 502 2968 50 51 U+91CE 1161 1066 86 99 U+56FD 809 2426 115 97 U+5DDD 1695 1490 96 106 U+3046 665 1938 47 116 U+3075 1519 1570 96 69 U+3068 2257 2950 58 67 U+307B 2213 798 97 88 U+308A 828 1121 48 94 U+6309 1863 2446 130 94 U+76F8 638 2649 120 104 U+51FA 2226 2121 97 77 U+306D 2047 1645 110 117 U+305F 2230 886 55 96 U+306A 837 3080 76 94 U+3068 1896 2221 57 61 U+3058 2094 967 45 96 U+3044 2078 3503 90 60 U+4E5F 1877 3158 111 69 U+3042 1695 894 77 95 U+308A 1717 2905 69 86 U+3092 1002 1446 100 93 U+3070 844 3177 70 83 U+30FB 844 1752 51 51 U+25CB 1334 1245 112 112 U+5F35 1341 3075 113 109 U+305B 1160 1841 98 78 U+6839 1699 3088 117 107 U+306F 1889 2931 70 40 U+6839 1872 2976 113 103 U+4E91 1168 897 83 79 U+306B 1011 1123 47 68 U+95A2 2209 1097 95 111 U+7F8E 1190 3276 71 124 U+306A 1544 1940 79 71 U+306F 1533 1649 66 35 U+623F 2046 1310 90 134 U+682A 1696 3477 108 108 U+53C8 1342 2617 102 67 U+30FB 1015 2200 52 47 U+30FB 2246 2588 47 47 U+4E09 1188 3514 75 63 U+4E5D 1346 1664 92 72 U+521D 1170 2960 103 96 U+4E0B 1179 1170 71 86 U+4E0A 2055 2062 97 86 U+3075 2384 2036 103 72 U+4E2D 1353 1363 81 107 U+3068 2067 1072 52 58 U+306B 489 1816 47 64 U+4E0B 2066 2691 62 90 U+4F50 1170 2088 103 110 U+306B 1015 2054 47 67 U+30FB 2076 2518 50 48 U+5357 1020 2875 74 99 U+305F 2231 1584 57 83 U+5B9A 645 3370 102 103 U+3068 1365 2254 65 60 U+30FB 1016 1280 54 48 U+30FB 673 3308 52 48 U+6B5F 1678 1208 104 78 U+4E91 653 2120 84 71 U+3088 1535 1323 59 90 U+307E 2403 1629 56 84 U+3044 1178 2717 73 54 U+53CA 1008 3072 93 105 U+30FB 1188 2457 52 47 U+30FB 666 1516 50 50 U+306B 831 1581 56 69 U+307F 995 2382 95 85 U+3044 2067 2850 78 53 U+6728 1883 3079 82 76 U+5DDE 815 2606 102 96 U+3090 1913 1174 61 62 U+306B 1537 1097 47 79 U+304F 2089 3399 43 87 U+3068 671 2051 49 64 U+3053 1894 2158 53 52 U+3075 1855 920 106 74 U+90E8 1003 2979 105 104 U+3051 1359 3470 88 107 U+3082 1186 1618 62 117 U+306E 1007 2796 75 79 U+3075 469 3487 112 81 U+3082 2410 1389 56 105 U+30FB 1362 1982 51 49 U+3070 674 1843 61 92 U+5B89 2047 1223 102 87 U+3075 1156 2770 115 60 U+306B 2239 1293 50 66 U+3088 1725 2055 48 89 U+308D 1522 1473 82 96 U+5965 1006 2675 77 133 U+4E91 811 1292 86 77 U+90CE 2396 1796 84 120 U+8FD1 1003 3182 88 104 U+3068 831 1216 57 67 U+305F 496 3130 52 81 U+53C8 1904 1250 80 71 U+3068 2083 1896 54 67 U+30FB 2083 1590 45 42 U+3068 855 3276 48 55 U+30FB 1376 3308 50 49 U+3068 2073 2789 67 62 U+305A 832 1018 75 101 U+307F 1170 2518 104 84 U+8FBA 1014 3363 76 71 U+306E 1846 1164 51 58 U+3082 1730 3284 50 81 U+3068 1913 2855 40 73 U+6728 2062 2589 74 97 U+3057 2394 1539 89 84 U+4F50 2049 3039 110 108 U+307B 2223 1504 97 80 U+306B 2068 1447 47 64 U+306B 501 2832 42 60 U+306B 1029 3438 43 64 U+3092 477 1483 89 120 U+3078 2384 1500 109 54 U+3059 489 2198 60 107 U+306B 1360 1828 44 69 U+30FB 2415 1330 46 46 U+7F8E 1356 2737 76 128 U+3068 495 2458 58 61 U+3079 1524 2071 110 48 U+3068 1196 1923 49 72 U+306B 2251 3293 47 85 U+306B 1192 2324 47 70 U+304D 488 3267 55 95 U+3068 1020 1736 53 64 U+5DDE 654 2745 86 101 U+8FBA 2239 2338 74 84 U+308C 1903 1419 74 57 U+306A 476 2010 83 110 U+56FD 1346 2527 106 80 U+677E 822 2968 113 108 U+3044 838 3348 75 50 U+6E21 1171 2187 120 133 U+306F 1353 2693 76 54 U+306B 2408 1189 43 69 U+5317 1350 2456 95 76 U+30FB 1191 1561 48 46 U+308B 1708 1149 54 56 U+3068 1018 2519 53 67 U+7D05 636 808 107 92 U+3068 492 926 44 53 U+306F 1877 3519 74 44 U+4E8B 1529 966 76 133 U+306B 1180 1389 44 82 U+306B 1897 1733 38 72 U+53CA 1343 1566 87 90 U+304B 2082 1840 42 49 U+304D 483 2344 63 105 U+3050 1849 1009 57 76 U+306B 1371 3175 50 56 U+3068 854 2686 43 78 U+56FD 1342 1473 105 99 U+306F 1013 1544 60 92 U+4E0A 1173 984 70 76 U+304D 2246 2652 57 94 U+30FB 1902 1902 48 46 U+3053 1724 2144 46 59 U+306B 670 1376 43 66 U+305F 1184 1739 61 100 U+4E94 2379 1720 97 72 U+8338 631 2448 111 114 U+306B 1906 3461 38 56 U+3068 2410 1918 51 58 U+3068 1732 2732 45 67 U+30FB 496 1951 47 45 U+3053 1388 1193 54 51 U+30FB 838 802 52 52 U+306B 658 3161 51 62 U+7B51 480 2607 117 118 U+3053 2062 910 53 57 U+306F 1914 1318 52 37 U+25CB 825 3480 113 108 U+3046 676 1729 35 122 U+6867 636 2323 109 143 U+4E0B 2070 2149 66 91 U+7D2B 479 2710 85 123 U+308B 1557 2007 47 63 U+53C8 1523 1240 109 100 U+306A 1345 2052 87 101 U+3057 1563 2105 20 119 U+306B 2083 3136 46 52 U+3053 669 1668 46 59 U+30FB 851 2909 44 44 U+304B 2258 2835 40 50 U+30FB 2240 1436 48 46 U+3056 1714 1071 65 75 U+304B 1909 1373 63 42 U+3053 1367 3388 50 65 U+3057 1746 2990 20 96 U+3068 1192 2654 54 63 U+3053 1543 1415 51 52 U+304B 1858 1358 30 60 U+3076 1910 1057 69 57 U+304F 1925 1119 40 51 U+3059 1721 2362 53 113 U+3089 1725 989 48 81 U+571F 2072 2981 63 62 U+309D 514 3215 21 55 U+30FB 2267 3486 48 45 U+54C9 1717 2597 86 87 U+304B 1926 1011 31 42 U+307F 1731 2526 36 74 U+3044 488 3406 72 79 U+309D 1027 2464 28 46 seg_fp 1843 1231 51 54 U+309D 507 2309 26 47 U+309D 1207 2604 29 46 U+309D 1737 2474 23 45 U+7565 1831 1260 62 74 seg_fp 1715 1391 86 135 seg_fp 504 3381 46 37,brsk003-045
U+306E 676 1143 87 75 U+3066 316 1823 94 89 U+306B 324 1729 93 86 U+306E 674 1451 88 66 U+306E 1701 3046 97 68 U+5FA1 2054 3181 107 93 U+4E91 1915 1443 73 78 U+5236 1708 2345 99 113 U+306B 332 2092 87 97 U+3066 143 2974 85 89 U+306E 1208 1066 78 67 U+3066 143 3249 78 87 U+25CB 328 1036 115 116 U+3066 1018 2512 94 73 U+5CF0 674 1004 115 138 U+306B 1203 2714 85 83 U+308C 830 3233 115 94 U+306B 2076 1048 86 77 U+8A5E 1363 3195 101 97 U+5165 1561 1331 105 71 U+8A5E 1032 1245 102 97 U+308F 1028 2224 89 82 U+306B 1208 1763 82 82 U+9580 1193 2523 103 99 U+3042 679 1523 80 88 U+305F 1721 2667 84 83 U+3066 152 1695 90 83 U+25CB 145 1059 109 117 U+524D 153 1282 98 109 U+306E 1363 3121 85 66 U+6B4C 997 3087 119 125 U+4EF2 1383 977 94 106 U+677E 1197 2627 110 94 U+3053 334 2208 74 61 U+3072 487 2087 101 99 U+576A 148 924 109 120 U+53CA 333 1413 90 98 U+3044 1725 1660 91 53 U+3066 497 1927 84 88 U+306B 1542 3287 87 78 U+56E0 1214 845 76 83 U+306B 1025 2437 84 82 U+5CF0 1021 1753 107 134 U+304D 493 2251 65 97 U+91CE 322 1592 108 135 U+3082 680 3246 59 74 U+5C11 1720 2571 95 92 U+3066 1893 2369 79 77 U+3051 851 1753 94 90 U+8A5E 1383 1604 98 101 U+4E5F 1544 2018 119 74 U+306E 1389 1528 86 63 U+3061 670 1851 88 95 U+25CB 141 2564 113 117 U+306E 1198 2283 89 61 U+6B4C 1373 2184 96 105 U+3093 665 2764 103 88 U+5408 1554 1397 108 125 U+306E 1021 2161 84 68 U+306E 1718 2280 82 73 U+306E 1715 2079 85 67 U+5247 1900 1691 98 116 U+7269 1029 850 109 86 U+306A 668 2272 84 83 U+53E4 1048 1045 66 90 U+3070 1390 2628 67 101 U+3084 659 2181 104 78 U+3042 1393 1700 75 89 U+306A 1381 2534 76 94 U+5B63 663 3338 99 111 U+3092 147 3134 95 107 U+4F50 151 1398 99 94 U+6900 1699 3264 106 109 U+306A 1376 2935 70 102 U+56F3 670 1231 109 99 U+3044 1366 2474 89 55 U+306E 1019 1890 86 60 U+4E5F 1902 2054 113 75 U+4E0B 519 1347 71 91 U+3072 1550 1872 91 99 U+306A 1051 1332 64 105 U+4E91 2077 1371 86 83 U+5352 510 930 83 113 U+81B3 1874 2819 115 105 U+3082 1222 2055 55 92 U+7CBE 1380 1088 101 105 U+5E74 1196 2155 103 123 U+304B 327 2012 98 60 U+6728 1544 3354 78 77 U+7BB8 145 2417 87 141 U+3069 1569 1733 81 85 U+306B 845 2878 91 82 U+4ECA 1206 1927 99 130 U+80A5 149 1190 118 90 U+3044 1552 1818 80 58 U+306B 155 1620 88 83 U+3093 656 3123 109 73 U+304D 862 1017 98 92 U+306E 663 1773 91 81 U+5408 1182 3170 116 100 U+3082 157 3321 47 104 U+7269 1558 852 114 85 U+304E 1743 835 97 95 U+306E 141 1860 90 80 U+7523 1210 1138 80 127 U+308C 847 1464 108 93 U+306B 1549 2468 85 72 U+306A 1746 1059 76 88 U+308B 1922 1564 58 68 U+304D 672 1990 61 106 U+306B 1203 2438 98 76 U+3060 1742 1569 82 84 U+5927 1038 1663 89 91 U+97F3 856 2602 61 117 U+53F8 1038 2056 60 102 U+53C8 1740 1348 88 80 U+3069 1401 3035 68 80 U+5E2D 823 2734 111 161 U+305B 1211 1604 71 76 U+304E 1892 2724 88 98 U+53CA 502 1535 85 99 U+5E61 1208 938 105 119 U+308C 1360 3382 104 83 U+76BF 332 938 97 65 U+5351 2068 1631 87 123 U+308A 1730 2833 55 92 U+9032 1381 1195 96 104 U+3062 1890 3311 91 76 U+6900 1708 2155 112 112 U+3044 1730 1772 81 64 U+3075 309 2414 99 74 U+8AE7 1013 2863 101 99 U+7DCF 485 1434 131 100 U+53F8 693 1339 60 101 U+7FA9 1385 850 108 125 U+9678 335 1300 100 117 U+6900 1877 3209 120 96 U+4ECA 2066 837 115 119 U+25CB 1032 1532 107 116 U+5BB6 865 1112 82 125 U+3042 2069 2192 86 103 U+304D 147 2040 71 117 U+7269 832 2125 127 102 U+3092 1221 1262 82 93 U+3075 1703 3485 99 66 U+25CB 502 1219 115 108 U+56F3 1022 1958 99 93 U+4E8B 2088 1454 92 154 U+304C 1373 2727 113 60 U+3070 881 932 69 83 U+3075 482 2497 98 68 U+306F 2070 2147 76 51 U+304D 2082 1202 58 91 U+56FD 1896 2203 107 89 U+3054 678 2852 97 64 U+8CC0 144 1496 101 119 U+306B 1391 2395 48 72 U+305E 165 1942 71 102 U+3042 1379 3282 73 96 U+3084 1890 2576 95 66 U+3084 1878 3386 104 60 U+54C1 1207 1441 107 86 U+4ECA 1700 2924 108 116 U+4E91 151 2239 75 88 U+304B 1742 1430 80 56 U+306F 1899 2451 63 37 U+306B 1711 3176 89 87 U+6309 2065 951 127 95 U+4E0A 1201 1366 100 72 U+3044 332 2356 71 57 U+9023 1004 2976 111 104 U+3084 1202 1851 98 65 U+305F 1035 2303 52 63 U+306A 867 1232 81 85 U+3070 1385 3470 69 78 U+4EBA 1013 2596 111 90 U+3044 1566 983 90 60 U+897F 1893 2119 113 85 U+306B 2090 2068 40 80 U+3082 683 2989 53 77 U+305B 1021 3208 70 64 U+304D 1039 1145 63 92 U+5927 694 917 72 89 U+56A2 1553 2239 84 112 U+3044 494 2437 71 61 U+85C1 1184 3011 99 155 U+308A 1043 2363 47 90 U+6709 1056 933 60 103 U+308F 685 2442 51 85 U+898B 1556 2541 70 95 U+5F15 1567 1228 83 115 U+3046 1909 2641 35 97 U+5965 493 1641 88 131 U+541F 673 3455 111 87 U+3075 844 1673 97 72 U+5668 2061 3284 99 90 U+3046 1933 1160 37 113 U+306B 2065 3099 90 80 U+3072 555 1079 57 62 U+672C 2068 2905 84 86 U+304D 684 2917 50 74 U+306B 691 2105 40 78 U+5B50 1570 1520 62 101 U+3062 1907 2502 85 82 U+3086 865 1601 74 72 U+304E 1884 3118 83 89 U+3075 1181 3477 96 69 U+5DDE 143 2817 92 111 U+3053 851 2233 66 62 U+308A 688 2353 50 92 U+3068 1760 1701 41 83 U+306F 848 3331 75 41 U+3079 2055 2535 112 62 U+304D 679 3181 56 68 U+5668 1902 1936 100 114 U+3048 850 3083 77 97 U+305F 1561 2717 47 60 U+304C 1393 1305 106 50 U+5DDE 490 1769 94 113 U+3062 1931 1022 80 68 U+5BB6 1542 2993 83 99 U+3062 1892 2929 92 79 U+306A 1564 1629 76 106 U+3082 862 1834 52 96 U+305C 670 3071 94 58 U+8CCE 2055 1762 115 101 U+4EBA 1373 2010 103 73 U+304E 1913 1259 94 107 U+521D 1190 2374 106 69 U+306F 1917 1643 67 38 U+306B 1018 3328 92 88 U+306B 1564 1040 78 68 U+4E0B 339 1511 78 88 U+308B 1215 2929 53 71 U+30FB 511 2029 51 50 U+3054 2086 1125 81 68 U+3044 1197 3427 73 49 U+3089 854 2392 59 85 U+7BB8 1735 937 85 116 U+3068 162 3424 52 61 U+30FB 349 1929 55 55 U+66FD 1550 3432 60 108 U+308B 866 2524 50 78 U+5B50 1207 3268 63 86 U+81B3 2054 3381 103 112 U+308B 681 2602 55 73 U+4FF3 1015 2768 115 78 U+7D9A 2063 2709 105 115 U+7269 1536 3101 94 72 U+308B 860 1927 56 68 U+30FB 353 851 50 48 U+305B 880 852 58 77 U+3089 693 2676 54 90 U+30FB 164 3068 51 53 U+3068 512 2354 39 82 U+308A 1060 1435 43 99 U+3068 2105 1298 35 75 U+3068 1936 1383 36 60 U+3068 1210 3364 44 65 U+5E73 1543 2901 80 77 U+3078 1898 1529 110 52 U+3089 536 2169 59 76 U+305F 678 2529 48 76 U+5408 1366 2290 111 82 U+306F 863 1555 68 40 U+7D00 2069 3002 93 56 U+306B 1917 2298 42 78 U+3044 1717 3440 74 45 U+58D2 1550 2129 104 89 U+308A 695 1678 43 97 U+8C4A 150 2688 69 128 U+30FB 166 1789 54 51 U+805E 838 2969 93 118 U+8077 1383 1903 107 111 U+3078 1561 1193 96 43 U+3078 827 2476 116 60 U+5C3D 1375 2070 94 105 U+308A 1562 2778 41 98 U+3075 1719 1837 87 69 U+305F 685 1608 58 73 U+3068 347 2278 44 80 U+308B 2087 2472 54 70 U+3068 2077 3497 50 54 U+3078 1705 2791 106 44 U+6284 1544 2370 96 76 U+3089 2105 2298 50 93 U+30FB 521 852 47 45 U+3051 859 3179 51 54 U+30FB 175 853 52 50 U+3068 1739 3377 40 66 U+30FB 163 2354 51 49 U+3084 1904 1093 101 65 U+3057 1606 1102 33 86 U+306F 1582 934 60 44 U+306F 1731 2526 64 38 U+3056 492 1068 55 64 U+308A 880 1319 40 94 U+3005 1046 2686 36 69 U+3046 1912 3452 35 83 U+3068 1747 2453 38 73 U+3068 1236 1530 35 70 U+6709 1927 843 56 89 U+8A5E 2060 1983 95 95 U+3069 1770 1145 72 83 U+53C8 1911 942 98 79 U+4E16 1697 3119 106 56 U+3046 1761 1485 35 103 U+65E5 2081 2837 49 45 U+3068 168 2152 36 86 U+3089 497 1136 38 80 U+306B 514 1862 40 68 U+5E38 323 1169 99 142 U+304B 689 1944 44 65 U+308A 1412 1788 41 109 U+3057 881 2294 34 99 U+8A9E 1543 3180 82 71 U+3057 1246 1681 25 88 U+3048 1574 2643 29 73 U+306B 168 2913 33 64 U+4E91 1730 1262 84 78 U+3064 1201 2803 87 61 U+3046 1416 1353 33 98 U+306F 1733 1916 73 38 U+304C 1741 2747 56 43 U+3051 869 1411 49 53 U+3057 1409 1407 32 118 U+5668 844 2012 101 100 U+3057 2099 2580 17 114 U+306E 2058 1877 97 64 U+304F 1203 2859 68 63 U+3044 1016 3424 96 49 U+309D 178 3484 30 61 U+3089 572 1143 28 68 U+4ECA 1715 1951 99 121 seg_fp 2068 2397 128 76 U+3046 1406 2777 38 93 U+3084 1881 3005 89 53 U+3057 1053 3269 26 92 U+3057 1397 2808 31 134 U+3046 1906 3060 28 64 U+3068 1051 3461 39 80 U+3057 1601 1955 25 81 U+309D 1765 1223 28 46 U+5E38 1891 1802 114 120 U+30CE 2118 3368 28 31,brsk004-010
U+3066 1629 1261 88 76 U+3066 1801 1009 82 87 U+5B58 377 3379 102 111 U+3061 761 1491 78 96 U+3052 1108 1215 105 98 U+5357 404 1393 87 112 U+5E2B 227 1349 111 132 U+6642 230 1582 101 140 U+3066 752 1260 79 79 U+56FD 1805 856 89 102 U+9803 222 2378 96 93 U+306B 1631 1182 89 82 U+3066 578 1375 79 84 U+3066 584 1511 69 81 U+3066 204 3213 92 82 U+6309 1450 971 113 86 U+6C5F 756 1037 90 79 U+6C5F 1955 2090 97 86 U+306B 1467 1072 90 77 U+5185 1959 3327 87 105 U+3066 1959 2322 74 80 U+56FD 402 1103 87 93 U+4E16 1453 1222 88 78 U+6210 1087 3160 97 81 U+306E 1251 3259 84 65 U+3051 1096 2928 86 87 U+306B 1789 3006 83 71 U+4E16 220 1949 103 75 U+306B 227 2035 96 81 U+6765 209 3039 91 117 U+3066 1797 1871 77 80 U+3092 1445 2780 94 84 U+3066 1102 1453 72 79 U+306A 209 3395 75 85 U+4E91 572 1947 80 77 U+56FD 1799 1712 91 103 U+3065 1085 2862 112 80 U+5927 1257 2793 88 89 U+3080 1085 2532 105 81 U+4ECA 372 3112 105 106 U+306E 1268 1481 85 63 U+5F8C 1438 2865 102 114 U+3072 1438 3269 81 91 U+306E 933 2676 84 70 U+306A 1104 2769 67 96 U+5869 930 2048 97 89 U+662F 65 930 87 112 U+306E 1779 2710 82 61 U+894C 219 1240 109 106 U+306E 1267 1626 86 65 U+9F0E 1451 2237 79 114 U+306B 404 1507 79 77 U+3070 750 3031 76 80 U+3044 756 1787 69 61 U+3092 389 3301 80 77 U+3092 1970 3139 97 89 U+306A 1273 2948 84 93 U+3093 1786 2068 108 76 U+3064 1783 3094 86 87 U+3092 1636 849 93 86 U+6CE2 1106 876 94 104 U+4F11 227 1131 101 105 U+306E 404 1316 81 74 U+3072 1457 1621 90 91 U+4F11 32 2647 111 104 U+304B 1430 2990 100 61 U+3044 205 3297 98 58 U+4ECA 1474 874 51 97 U+6B64 210 2640 100 74 U+56FD 1270 1546 96 79 U+8DE1 384 2887 104 95 U+3044 1259 2891 89 58 U+306A 1292 880 71 99 U+3066 740 2745 83 76 U+306A 1462 2353 72 77 U+3044 1463 1566 71 57 U+6D66 1271 1696 114 113 U+306B 214 2973 97 74 U+306B 48 2183 98 76 U+3079 748 861 117 57 U+5EB5 401 1728 97 113 U+3051 1791 3426 83 78 U+306E 231 1705 70 67 U+3072 1444 2563 87 85 U+6C5F 745 2154 101 95 U+6240 1259 2513 101 91 U+540C 238 1485 73 95 U+6B64 1954 3058 101 75 U+306A 1789 2770 77 74 U+25CB 751 914 107 108 U+3080 1266 2171 88 83 U+56FD 1620 1107 108 79 U+79F0 933 1112 108 99 U+548C 402 874 98 107 U+70AD 935 2272 84 118 U+3044 409 1899 71 63 U+304B 928 2397 94 60 U+897F 1812 783 83 74 U+306A 761 777 70 88 U+540D 938 2753 74 93 U+3042 1634 1337 84 80 U+5B89 1260 1279 113 76 U+306B 1959 2248 85 78 U+304D 1785 2850 59 75 U+3072 1619 2204 79 90 U+91CC 1275 1810 79 94 U+304F 1799 1944 61 80 U+308C 1620 1479 107 87 U+5DDE 576 1216 89 108 U+306F 1798 2633 54 72 U+5728 212 2119 110 101 U+307E 1453 3050 52 88 U+50E7 219 1769 105 117 U+3079 743 1671 113 60 U+4E91 754 3180 63 68 U+9060 756 2025 92 128 U+307E 1961 2711 66 89 U+3093 734 2963 111 81 U+4EBA 225 962 105 94 U+7269 1444 2688 94 88 U+3044 37 2987 91 58 U+306A 1119 2391 43 88 U+308C 1090 1379 101 81 U+306A 388 3220 81 76 U+3066 383 3041 75 76 U+3075 1251 2438 101 68 U+5BA4 212 2854 99 120 U+306E 1783 2522 84 67 U+304B 1464 1315 91 55 U+306B 1111 972 96 87 U+623F 1268 1366 98 121 U+8DEF 51 1095 119 98 U+53E4 1091 2235 83 90 U+3042 1265 2604 83 87 U+6CC9 405 975 106 120 U+307E 956 2447 46 87 U+3092 756 1919 94 93 U+4F11 217 2519 113 119 U+7269 1776 2937 104 66 U+3089 1115 1290 58 92 U+4ECA 932 1392 101 106 U+4E0B 61 2095 64 97 U+6709 1117 1812 59 101 U+3075 933 1741 85 65 U+4E0A 1458 1152 81 63 U+306A 1467 1376 77 72 U+4EBA 389 2352 98 89 U+4E91 1808 1532 70 82 U+3059 1643 1746 45 98 U+3044 1438 3200 80 67 U+65E7 394 2806 78 63 U+3072 51 1376 83 105 U+3076 1264 1195 113 74 U+6771 1799 1608 85 113 U+3059 1806 2136 47 82 U+3075 394 1961 84 69 U+3042 1110 1133 80 80 U+4ECA 1117 1533 57 89 U+305E 57 3140 101 95 U+7D66 381 2543 100 86 U+3059 57 2746 44 93 U+5982 1956 2990 98 49 U+4E07 41 2264 101 136 U+3061 1970 2491 72 92 U+306A 1114 1617 70 102 U+306B 1280 1909 82 68 U+3082 944 1972 61 68 U+30FB 764 1346 55 50 U+305F 1637 2055 44 84 U+6253 1102 1058 90 74 U+9285 701 3271 71 71 U+3059 389 3483 51 67 U+3044 1972 788 72 55 U+3044 1440 2496 80 67 U+8DEF 43 1884 111 98 U+4E0B 747 2493 72 81 U+304B 1094 2337 88 60 U+306A 774 1589 64 90 U+583A 403 1209 104 105 U+8A00 41 1982 89 116 U+8DEF 391 2189 114 91 U+4E8B 37 2388 92 149 U+306A 940 2534 87 73 U+3092 630 899 57 73 U+304F 761 1403 68 84 U+56FD 790 3319 71 71 U+554F 53 1282 95 100 U+3075 1622 981 90 61 U+757F 1970 3235 83 101 U+3072 386 2630 84 95 U+4E5F 1620 2287 100 65 U+308B 1280 3046 58 68 U+3072 49 1574 89 99 U+7136 901 1816 130 90 U+5EB5 204 2714 127 138 U+3044 1265 2377 77 62 U+3069 1462 2427 82 75 U+308C 920 2955 97 85 U+3075 1252 3324 89 66 U+4F4F 381 2453 100 77 U+308B 1476 2174 41 55 U+3092 1111 1722 91 88 U+305F 1795 3481 52 83 U+56DB 1634 1049 86 58 U+5F80 1092 2134 104 102 U+3044 1633 927 78 55 U+3079 563 1841 112 55 U+306E 2026 1524 57 59 U+7DCF 732 2568 119 117 U+3068 1813 2227 50 67 U+4E0A 235 879 69 75 U+304F 1816 1157 56 81 U+305F 1105 3002 45 101 U+3068 1483 1496 38 75 U+3088 1812 2301 36 66 U+934B 743 593 117 100 U+3068 770 1721 50 65 U+5236 704 3458 72 82 U+305B 227 2221 74 63 U+3076 1782 2365 106 64 U+3093 1799 1301 100 57 U+305B 748 2901 66 65 U+307E 1445 3488 73 66 U+306A 2026 1661 51 69 U+3068 759 3116 46 60 U+4E0A 403 2281 62 65 U+308A 598 1668 39 94 U+306A 581 1757 73 77 U+7DCF 728 2394 133 101 U+3084 1954 2584 103 63 U+3042 1457 1786 78 80 U+306B 754 1190 85 69 U+30FB 595 1455 54 47 U+3075 738 1848 96 59 U+8DEF 394 1628 108 97 U+308B 1651 778 44 69 U+3068 1465 3139 36 71 U+304F 1645 1552 63 70 U+306B 707 3346 56 52 U+53C8 1097 3392 87 62 U+3044 948 1692 62 49 U+305F 1269 3392 62 60 U+3068 1115 2688 51 71 U+307E 1477 2092 40 79 U+7686 45 2528 80 106 U+3078 1263 2129 111 41 U+907A 930 2842 69 113 U+7AC3 940 2140 94 130 U+3068 967 1036 31 69 U+305B 943 1218 73 63 U+53CA 744 2232 93 99 U+3066 711 3403 50 49 U+306F 945 1350 70 43 U+308A 1289 2687 47 101 U+308B 224 3485 47 56 U+3078 1449 1452 108 46 U+3068 594 1887 50 58 U+3068 958 1901 34 72 U+30FB 757 2848 50 47 U+306F 239 1042 53 37 U+3093 1629 1686 96 63 U+3070 572 775 44 77 U+306F 1795 2584 60 44 U+304C 1984 2654 59 52 U+30FB 1826 1102 50 48 U+3066 1946 1314 50 58 U+3078 1077 2479 121 43 U+897F 2020 1057 65 61 U+306B 743 2674 91 89 U+3068 575 865 34 45 U+4E5F 219 1889 121 55 U+8336 1946 959 60 98 U+3092 1955 1065 49 71 U+308B 1106 3102 47 56 U+3059 1822 1362 49 100 U+3068 1123 1920 45 66 U+306F 1801 2025 64 37 U+3076 1612 1985 103 60 U+8352 1257 3452 103 106 U+3068 1825 1463 48 68 U+4F11 40 3301 111 88 U+308B 642 841 35 51 U+3066 797 3432 47 57 U+6238 1968 2170 61 84 U+3068 425 1850 43 51 U+3084 1094 2047 93 75 U+3092 1781 3254 99 97 U+3068 91 1188 35 84 U+308B 1795 3175 53 81 U+3082 1811 2430 39 93 U+3075 1964 848 88 72 U+306B 1825 953 37 57 U+308A 963 3039 41 118 U+308F 1823 1235 35 68 U+3068 1649 1843 45 71 U+304C 1939 1495 76 50 U+3057 260 2284 22 105 U+4E0A 740 2330 78 75 U+304C 1424 3421 120 56 U+308A 240 3153 37 69 U+3068 959 1639 44 52 U+304B 87 870 33 55 U+306A 1287 2058 50 69 U+7AC3 935 889 91 140 U+305F 639 771 31 65 U+6238 751 1116 67 86 U+91DC 1252 3130 98 79 U+53CA 1955 3425 87 109 U+3079 1078 3239 110 49 U+5C0F 2023 1588 64 58 U+53E4 1090 3456 77 89 U+3093 40 3089 95 55 U+7389 63 1477 74 96 U+53C8 1964 2030 96 66 U+307E 1954 1563 42 67 U+3068 607 1593 33 74 U+3066 2029 1181 40 72 U+3075 546 967 67 51 U+3068 1960 1634 28 67 U+3068 1284 2311 55 77 U+306F 2031 1264 44 32 U+3050 1629 2141 83 64 U+3069 1315 975 58 71 U+308F 1653 1628 38 60 U+6709 411 2028 60 81 U+3044 565 920 48 42 U+306B 2037 1123 31 60 U+306F 2046 1318 33 71 U+6CC9 581 1095 87 122 U+304B 1266 1990 92 60 U+3088 1647 1918 32 66 U+305B 634 981 39 54 U+3078 41 2846 97 41 U+9F0E 1465 1954 71 110 U+3069 961 2610 71 73 U+306B 604 1314 32 61 U+3093 627 1037 62 50 U+4E00 227 2481 76 23 U+304B 1789 3356 86 73 U+3089 1668 1418 50 69 U+306F 797 3497 51 35 U+3088 1302 1130 39 66 U+308B 2039 1733 31 48 U+306B 1816 1814 36 57 U+3057 1517 1690 23 93 U+3089 1127 2609 30 82 U+304B 242 3351 30 44 U+3089 1305 2250 30 75 U+3044 1950 1704 45 37 U+3070 66 1770 81 45 U+56DB 790 3272 65 38 U+4E91 1962 2401 97 76 U+3057 978 1279 23 74 U+3057 1124 3270 17 108 U+4E00 226 1100 77 18 U+4E00 44 3257 83 16 seg_fp 402 2113 75 54 U+307E 2037 1445 42 69 U+3075 1943 1746 56 48 U+4E00 60 1052 79 22 U+304B 82 1723 28 51 U+3057 1505 1858 24 80 U+306B 802 3394 30 45 U+4E00 55 1842 74 19 U+306E 2019 1848 54 60 U+306F 1468 3350 33 73 U+3057 74 2866 18 121 U+3057 113 1648 19 91 U+309D 1313 1045 24 69 U+3068 410 2969 28 70 U+3082 2035 1783 37 63 U+3057 452 2687 17 112 U+304B 74 3038 26 56 seg_fp 2013 1935 66 93 U+304B 1129 1992 25 61 U+3057 1961 1240 19 67 U+304C 2047 1400 32 42 U+3057 1505 2621 24 77 U+8336 1941 1380 62 103 U+714E 1950 1141 57 81 U+7AC3 943 1512 83 122 U+3068 67 3383 49 66 seg_fp 1289 3199 35 51 U+95A2 2020 965 62 85 seg_fp 68 3482 68 64 U+4E00 411 1602 60 18 U+30D2 2009 3519 35 41 seg_fp 1942 2848 122 78,brsk004-014
U+3066 474 2869 93 76 U+3066 650 2606 84 76 U+3066 653 1316 80 91 U+3072 1165 3426 97 86 U+3066 1346 2408 92 75 U+3066 821 2556 80 75 U+306E 1860 2179 88 70 U+3072 1347 2551 98 95 U+5165 471 2176 107 85 U+3072 2216 2616 90 94 U+3072 1340 3260 93 94 U+3066 2051 994 81 78 U+306B 1345 2328 102 89 U+304B 1685 3034 102 56 U+6B4C 1846 2253 98 130 U+3066 468 2357 97 83 U+3093 831 1040 99 87 U+3072 2046 2384 98 85 U+304D 655 1710 65 99 U+306B 481 2100 94 82 U+56FD 822 1329 94 102 U+884C 473 1319 92 123 U+672C 660 1074 92 95 U+3066 1872 1212 90 95 U+308F 829 952 90 84 U+56FD 818 1838 102 102 U+3066 2039 2462 80 90 U+677E 642 1169 118 97 U+3066 1533 1744 85 96 U+306E 1693 1762 86 78 U+306B 480 2804 89 73 U+25CB 823 1137 106 104 U+3072 2031 3267 96 95 U+304B 1522 1910 95 65 U+3059 324 1327 93 98 U+3072 1159 2876 100 95 U+6E6F 470 2948 109 119 U+306E 1525 1142 77 70 U+25CB 1519 870 109 104 U+3092 2217 3046 106 89 U+8336 468 3065 121 120 U+3092 317 1095 83 90 U+306B 475 1546 99 84 U+3092 1705 1365 102 102 U+5965 657 771 76 132 U+8336 819 547 112 93 U+3055 1354 3351 58 75 U+6C11 480 865 96 119 U+4E91 818 3077 88 81 U+3057 1345 2638 100 88 U+639B 2203 3437 131 104 U+3092 1871 869 116 125 U+4E5F 473 3474 109 88 U+306E 1863 1653 92 61 U+308C 1690 1539 104 84 U+4E91 1355 2956 62 86 U+5DDE 646 2108 94 102 U+3044 1350 1977 80 59 U+3092 1173 2599 96 101 U+7A40 2034 2681 106 122 U+3066 1178 866 65 88 U+306B 2212 3355 93 77 U+934B 2212 2512 106 104 U+53CA 828 1439 92 97 U+53D6 2224 2410 108 91 U+5BB6 472 1148 89 128 U+5DDE 650 898 92 115 U+524D 2229 3260 89 92 U+306A 1697 3208 80 80 U+3066 1363 1531 67 80 U+3031 1895 1485 56 145 U+3086 2050 1665 81 78 U+3044 1174 2235 81 62 U+305F 2032 3119 91 92 U+7F6E 2045 851 104 138 U+306B 649 2533 92 87 U+623F 1519 1460 96 129 U+3059 1859 1909 89 106 U+30FB 668 1409 55 51 U+3064 465 2659 98 75 U+6709 2224 2835 70 93 U+8CA1 2213 1978 102 119 U+5FB3 2037 2017 118 119 U+56FD 815 2001 109 93 U+8882 474 1982 102 118 U+30FB 835 2640 53 51 U+3044 1530 2211 71 59 U+9678 812 2381 110 119 U+8EE2 994 942 108 112 U+3078 296 1055 121 58 U+3057 1354 887 96 85 U+7A93 2217 3142 98 107 U+6771 1343 2223 102 110 U+3057 310 1195 93 80 U+306E 2042 3062 79 53 U+80A5 810 3180 109 73 U+3066 1156 1532 91 83 U+4E5F 1156 3374 94 58 U+3044 645 1463 92 55 U+3044 1170 1620 95 60 U+3072 999 1216 94 95 U+96A3 474 1018 97 124 U+3092 1533 1350 98 97 U+4E5F 2216 1207 103 59 U+3093 816 2763 107 67 U+4E2D 825 1541 81 98 U+4E91 646 3078 77 77 U+56FD 827 1654 101 88 U+3086 315 973 79 81 U+3055 1177 2964 59 68 U+3072 1170 1924 85 91 U+3057 2045 2248 86 76 U+3055 1182 2016 55 72 U+4F59 2207 1864 113 115 U+3092 468 3195 118 104 U+897F 1341 1395 104 85 U+98DF 2045 1077 110 167 U+5DDE 1528 1592 83 99 U+524D 807 3255 104 104 U+897F 808 1752 110 87 U+6B64 645 3165 80 85 U+306A 2213 2095 84 85 U+7C73 2045 2562 83 116 U+7897 821 641 112 81 U+3075 640 1925 107 71 U+884C 479 2248 77 120 U+3092 2044 2133 96 108 U+3055 1714 1847 48 74 U+9053 2026 1553 115 109 U+306B 1193 1677 48 83 U+3092 2041 1234 112 118 U+305F 1697 2639 84 97 U+5C71 640 3463 80 81 U+3092 2046 3358 99 95 U+3066 1002 1125 61 73 U+3068 1728 1039 45 68 U+7CE7 1854 1720 109 133 U+3075 1514 2271 102 67 U+4FE1 638 2006 106 100 U+3042 1864 2384 86 89 U+3088 2242 1692 47 81 U+3068 2241 1145 53 55 U+3044 1696 2569 97 57 U+3084 1344 2723 99 63 U+83DC 2041 2814 87 141 U+5317 826 1263 96 67 U+74E0 1155 2477 127 120 U+6753 1354 600 115 98 U+53E3 1704 1691 72 61 U+3079 1520 1082 104 61 U+65BD 2033 3453 122 106 U+3084 829 871 92 71 U+3075 1338 2036 109 57 U+3081 1708 1177 79 95 U+3072 1164 3243 87 86 U+3068 1361 3170 56 87 U+3082 839 2823 41 101 U+98F2 466 3310 112 109 U+3072 1354 788 93 99 U+3054 1183 2100 79 68 U+306E 1694 1477 76 65 U+65E5 1882 1434 57 73 U+3044 655 1866 73 58 U+3068 1377 1914 40 72 U+6216 826 2100 105 122 U+3067 1695 2004 95 84 U+3093 644 2801 102 70 U+30FB 669 2689 47 48 U+306E 640 3393 72 76 U+306B 668 1254 48 66 U+5176 2044 1886 87 133 U+3066 826 2696 66 67 U+3055 1175 3498 63 66 U+306A 1534 999 74 85 U+305F 1189 1182 50 92 U+308C 2224 968 90 88 U+3088 1711 1271 58 84 U+3064 2215 2764 95 63 U+3092 478 1877 87 99 U+30FB 1362 2490 59 49 U+30FB 1543 1850 56 47 U+304F 1370 1823 37 88 U+3089 2242 877 59 91 U+308A 1889 2471 46 96 U+3057 1354 1675 94 81 U+95A2 1343 1269 109 123 U+74DC 2040 2953 110 100 U+3044 1166 3185 84 58 U+306A 1002 1614 84 81 U+3061 836 785 79 82 U+3068 661 3010 45 66 U+308A 1729 1106 38 92 U+3054 670 1637 84 70 U+3054 1016 871 66 62 U+3078 468 1283 107 41 U+3050 2044 3202 69 63 U+9996 1879 2054 68 121 U+25CB 1348 1158 108 110 U+3066 1702 948 75 91 U+3068 1868 995 95 137 U+308A 667 2925 37 89 U+3084 1342 1758 111 57 U+3084 1345 979 102 61 U+308A 2240 1768 42 103 U+3068 841 3008 53 65 U+3082 2237 1537 41 92 U+304B 497 1427 32 65 U+308F 493 2735 49 67 U+3054 1176 3040 84 59 U+751F 1171 2767 78 109 U+3068 1190 2178 49 60 U+308A 1174 1270 80 104 U+3070 1184 2702 85 41 U+3051 2217 2930 70 57 U+8336 469 1637 101 123 U+305F 1702 2092 67 83 U+306B 1715 2965 47 58 U+3075 1519 1210 86 65 U+308A 1200 1099 45 93 U+7B51 648 2197 120 111 U+3068 1190 3103 38 86 U+3075 2015 1437 116 85 U+3068 1548 2134 42 76 U+3072 1167 2293 94 111 U+304F 1368 1047 34 94 U+3075 463 1490 103 64 U+3056 1714 2291 84 82 U+4EBA 2031 1822 118 81 U+305E 1709 2178 84 103 U+3068 1366 2886 51 71 U+306B 840 2494 44 66 U+3068 497 3409 46 62 U+3050 647 2868 82 54 U+308C 995 1691 99 100 U+306F 479 985 69 42 U+305F 1538 1277 63 75 U+95A2 1343 2108 95 116 U+624B 2239 2285 56 122 U+3078 2221 836 109 54 U+305F 1714 3079 54 68 U+3068 1015 1531 54 69 U+3046 491 2551 41 119 U+4E5E 2059 1349 62 87 U+56DB 815 1947 88 55 U+3084 987 1374 107 58 U+304C 1720 1629 62 53 U+305F 2063 2322 54 68 U+30FB 1373 1613 51 51 U+7897 468 1757 111 114 U+3056 1541 1988 88 67 U+4E8C 652 1015 97 43 U+3059 1713 2471 49 95 U+3082 1358 3061 59 122 U+308A 1901 1127 37 100 U+8349 2228 1269 63 123 U+304F 1181 1037 68 63 U+3068 2247 1622 37 72 U+3064 1160 1458 96 80 U+3068 1715 2812 49 68 U+3068 2252 2686 35 83 U+3068 1019 1873 52 64 U+304F 1368 2784 34 84 U+5176 504 2431 37 118 U+3051 664 2747 53 53 U+304F 1019 1431 40 86 U+3064 1171 975 88 56 U+306F 830 2207 69 39 U+3057 2259 2176 21 105 U+304F 839 2919 38 79 U+3089 341 1279 61 56 U+308B 1710 3142 45 66 U+3068 665 1801 52 64 U+306B 1551 1682 41 65 U+3075 1692 2378 95 86 U+934B 821 3362 103 107 U+6469 633 2308 113 120 U+308A 1034 1770 43 99 U+3054 1353 3434 94 65 U+3057 1552 2050 23 93 U+4E5F 1160 2392 126 75 U+5176 328 869 45 99 U+306F 1172 1880 72 32 U+8FBA 639 2450 87 86 U+308B 2233 2986 53 62 U+304F 1733 2729 42 91 U+3057 685 1497 19 132 U+306B 1379 1466 34 64 U+4E00 1856 2023 97 22 U+3057 1725 1915 18 96 U+4EBA 1687 2904 117 64 U+5CF6 811 3472 101 85 U+3057 1212 1750 25 82 U+3078 1160 1833 118 40 U+3068 1889 1834 34 79 U+304F 2072 1735 36 89 U+5176 1879 1296 59 134 U+5E38 809 2255 107 102 U+3057 1217 3309 26 74 U+5EB5 2209 1422 111 110 U+305D 1017 1964 64 99 U+3057 2274 1049 29 79 U+306B 1347 3489 107 64 U+3057 1052 1043 22 78 U+8FBA 655 3253 73 129 U+3057 1042 1295 15 80 U+3088 1190 1382 41 76 seg_fp 838 2319 59 80,brsk004-015
U+3066 285 1795 97 90 U+3066 1510 1605 100 87 U+3066 1863 2043 93 83 U+98DF 808 2189 128 132 U+306E 626 1184 86 68 U+56FD 1337 3458 109 93 U+3042 1523 758 87 92 U+3092 819 2096 109 94 U+3092 288 2316 113 84 U+3092 807 977 106 107 U+56FD 1501 2584 116 90 U+3066 1341 1981 92 92 U+3066 295 2627 96 101 U+662F 1861 2854 104 112 U+3066 1152 1000 98 94 U+3082 649 824 46 90 U+4ECA 105 1558 131 127 U+5341 813 3259 89 78 U+3060 1866 2305 106 111 U+306E 293 2817 90 77 U+677E 260 1134 126 85 U+306E 644 3299 88 66 U+3086 643 3208 88 76 U+306B 1338 1307 104 92 U+8D64 1323 1398 114 104 U+3092 292 3015 102 92 U+3066 449 824 85 82 U+3072 109 1257 97 100 U+306E 1169 2598 91 68 U+306E 1158 1534 90 61 U+306B 1517 1516 93 93 U+4F0A 1334 3164 111 103 U+5B50 1168 1719 88 97 U+3072 2035 2682 89 89 U+3066 985 1429 88 90 U+3082 129 1687 60 95 U+3092 1335 1727 91 96 U+3066 798 1241 109 91 U+3092 643 2440 101 102 U+306E 988 1710 88 76 U+5C0F 983 3367 100 73 U+308D 1860 2554 95 105 U+3066 2049 2106 69 83 U+306E 1168 2065 83 65 U+306B 2031 1516 91 83 U+306B 818 1869 95 104 U+90FD 795 1336 132 124 U+3066 1164 3059 102 91 U+3044 1855 1185 105 61 U+4F46 1513 2357 120 102 U+4E5F 102 2108 133 76 U+662F 2032 1418 89 95 U+3092 1176 2753 92 90 U+3080 105 929 115 85 U+3082 651 2046 58 110 U+662F 817 1982 102 111 U+306E 1347 3399 82 62 U+4E91 1866 1308 76 83 U+3044 2029 1281 74 59 U+6728 644 3369 88 92 U+304B 639 3135 91 69 U+6C0F 1168 1615 103 108 U+98A8 1153 833 127 104 U+99AC 1500 2456 120 114 U+4E5F 638 2369 120 74 U+3092 127 3045 98 110 U+308B 642 1598 58 79 U+6BCE 799 1751 127 112 U+5973 269 2742 133 76 U+4E91 1522 2266 87 78 U+9119 795 1474 131 123 U+3066 1519 2758 84 93 U+56FD 458 3279 97 113 U+306E 274 2135 97 69 U+5973 436 919 120 73 U+6771 113 2172 88 112 U+306B 642 3468 97 77 U+3059 834 2322 67 105 U+4E09 1166 1086 100 74 U+3082 140 2449 55 93 U+4E94 810 3348 93 74 U+3082 484 2491 60 83 U+308A 482 2021 49 119 U+306A 469 1931 90 92 U+3092 2035 2530 105 86 U+306F 283 1075 83 49 U+8AAC 1336 2602 116 122 U+53C8 989 2834 106 88 U+3086 1521 1117 88 81 U+3044 2050 3032 88 64 U+3075 1326 2197 114 78 U+795E 1153 1386 113 136 U+304D 647 1835 65 91 U+306B 297 1005 45 69 U+3086 1511 2109 96 84 U+3044 623 1535 103 64 U+3068 1880 1245 52 63 U+3075 2020 1341 101 68 U+3061 635 931 75 97 U+6839 275 2015 129 119 U+6795 809 2874 115 94 U+663C 2027 2252 86 124 U+3092 450 990 117 121 U+897F 268 835 107 89 U+6C41 1724 1229 73 110 U+4E09 1170 2670 100 65 U+4E16 972 1535 122 81 U+4E09 1172 3277 101 63 U+56FD 265 927 111 74 U+66F8 449 1488 99 134 U+4FD7 1318 928 127 106 U+3072 2049 3096 96 107 U+308A 1002 979 50 118 U+3092 310 3467 84 82 U+304B 626 1775 101 65 U+30FB 1875 1052 55 54 U+3044 1868 2420 92 55 U+306E 275 1220 89 72 U+5BB6 809 1602 99 134 U+3082 1364 2964 60 113 U+6B64 459 1767 105 72 U+304A 2034 1601 93 61 U+308A 484 2843 46 123 U+6B64 638 2157 90 78 U+3088 1875 1109 57 78 U+3064 117 3245 102 78 U+4F8B 981 1908 125 126 U+308F 1338 1037 92 66 U+4E09 1155 2370 110 68 U+7DCF 1858 1875 112 101 U+3066 123 1433 66 128 U+8CC0 1511 1398 106 123 U+898B 471 2580 85 111 U+3068 1002 2299 66 65 U+4E91 1870 2716 91 86 U+901A 988 1234 97 103 U+716E 1343 1835 90 148 U+795D 1326 2082 119 111 U+5341 997 3108 71 74 U+8349 813 2984 101 116 U+5165 1165 3450 119 97 U+716E 797 1091 100 151 U+25CB 1517 1215 105 101 U+7D0D 810 2670 107 94 U+5F62 275 2199 112 106 U+306B 1519 2677 89 79 U+3092 1871 3271 102 105 U+4F0A 1152 1833 112 96 U+8A73 1022 2719 106 101 U+5CF6 1155 1161 110 115 U+307E 1346 1159 59 89 U+306A 1001 2110 70 105 U+8C46 1335 1503 93 101 U+304C 1511 1031 121 82 U+6709 131 3448 71 97 U+8C46 1550 596 86 96 U+679D 266 1287 117 108 U+4E16 1329 843 117 73 U+3044 990 2368 90 56 U+306A 281 1531 90 97 U+5317 460 3192 95 74 U+3086 626 1092 92 77 U+3066 283 3202 95 86 U+307E 114 1015 69 78 U+308B 999 838 58 67 U+3075 1514 3016 110 86 U+308B 1005 2216 60 73 U+308B 2063 2766 55 86 U+6D41 986 1794 126 100 U+663C 1868 3015 84 130 U+306F 825 3502 78 43 U+6709 1359 2430 63 98 U+3059 130 1786 52 107 U+6B63 982 2917 118 80 U+7CA5 1325 1611 109 116 U+306B 292 1715 88 80 U+3088 995 911 59 67 U+306A 641 2546 89 101 U+7C92 1170 3350 116 103 U+660E 1166 1283 91 90 U+8170 286 2899 129 110 U+3044 1531 3371 80 69 U+3053 1875 2120 61 67 U+5AC1 113 2750 120 119 U+3059 1538 3109 55 105 U+3064 285 2411 101 66 U+5B50 814 3112 105 86 U+306B 643 3028 90 79 U+4E8B 114 1949 93 159 U+6708 1006 2996 68 110 U+306F 2044 2202 79 39 U+307E 2057 2867 48 87 U+3060 1733 970 66 78 U+30FB 1539 1700 54 56 U+3092 1856 957 99 89 U+8863 465 2306 102 94 U+3068 650 1692 67 68 U+306B 2056 2033 47 78 U+3086 787 895 106 77 U+72ED 454 2186 111 103 U+305B 632 1272 83 71 U+3075 1652 975 76 73 U+3075 1849 3458 110 76 U+308A 1002 2483 70 100 U+65E5 478 1848 55 81 U+56FD 100 2287 117 98 U+8C61 1179 2848 94 151 U+3046 1888 2191 45 138 U+3054 1884 2484 86 65 U+53CA 465 3394 107 139 U+8C46 1163 1933 88 121 U+306B 484 2425 42 66 U+307E 646 1434 58 96 U+5B50 651 2924 65 105 U+3082 477 1680 54 80 U+4E8B 119 3314 108 126 U+3068 1199 2266 42 97 U+304F 285 2478 95 62 U+3068 1011 2038 49 65 U+306F 1881 2812 72 37 U+3055 1531 1763 56 67 U+305F 483 2756 59 81 U+305F 1355 1092 57 67 U+662F 1347 2788 96 115 U+3068 1532 2200 58 62 U+4E0A 985 1619 99 70 U+3068 134 1364 58 65 U+98EF 1853 3142 135 121 U+3068 1380 3078 38 85 U+8C46 1184 3149 79 114 U+30FB 2052 2623 49 45 U+672A 1027 2617 95 93 U+3058 153 1090 54 85 U+65E5 835 3425 52 70 U+306A 1838 1411 52 69 U+6E05 811 2452 106 124 U+306B 1883 1979 46 68 U+8C46 1168 2134 89 129 U+304C 833 823 70 74 U+306B 1348 2712 93 93 U+306F 1861 2971 91 50 U+306A 116 1173 72 83 U+4E0B 1867 1788 65 87 U+304C 1531 2026 90 85 U+7537 290 1887 85 130 U+306A 2039 1674 84 86 U+52A0 1517 1332 102 52 U+3072 2099 3220 54 64 U+3056 1546 2929 76 81 U+3068 2046 1222 55 55 U+3044 1879 3384 70 72 U+3068 1888 2662 49 53 U+3044 1522 3217 90 51 U+5C11 826 2586 83 69 U+5DDE 2028 1933 106 113 U+6900 1711 1365 97 73 U+8C46 997 3446 95 100 U+3046 122 831 50 104 U+30FB 1546 2858 52 50 U+3053 1356 2273 62 66 U+8A00 827 2768 78 90 U+307E 2025 1125 72 88 U+3068 2078 2951 41 77 U+7CA5 1432 513 94 94 U+8C46 1345 3267 77 121 U+308B 2047 1049 49 67 U+3092 1666 825 67 89 U+3058 1035 1336 56 93 U+306F 1353 2920 74 42 seg_fp 113 2552 106 94 U+306F 302 3297 71 37 U+67F4 274 1391 95 138 U+3068 673 2303 34 79 U+4ECA 986 1088 109 142 U+3058 676 2650 47 118 U+7DCF 1847 1691 131 109 U+5B50 304 3354 70 107 U+304C 653 1031 68 64 U+306A 1670 1049 45 76 U+4E0A 1848 1609 93 83 U+3078 982 2428 116 45 U+3044 1728 1055 70 42 U+308A 1848 1479 35 94 U+308B 129 1890 56 57 U+3092 454 1368 102 120 U+3073 2019 964 93 89 U+308B 475 1619 56 62 U+304F 1516 1842 77 68 U+5CF6 1159 2444 112 147 U+3044 1676 922 47 49 U+4ECA 467 2977 81 88 U+308A 1675 1124 38 111 U+3053 2037 898 56 54 U+306B 1179 936 39 65 U+3064 450 1168 83 72 U+306A 120 2873 83 94 U+308A 326 2540 44 93 U+5C0F 1549 511 87 56 U+3068 1551 3290 39 79 seg_fp 118 2633 92 114 U+591C 1901 1414 77 81 U+4E8B 465 1248 60 111 U+3048 491 2690 47 65 U+308A 2035 3282 36 69 U+591C 2035 3441 145 100 U+3082 473 3073 65 116 U+98EF 1894 1512 87 82 U+3046 474 1085 39 84 U+3075 1522 3445 89 82 U+3089 1540 1919 67 98 U+308B 2117 3285 31 69 U+306A 2028 3216 49 67 U+3068 1376 2339 38 93 U+3046 145 3154 33 96 U+304F 656 1342 40 84 U+3058 2092 1750 48 118 U+3068 1754 1100 28 59 U+3053 661 2231 49 55 U+98DF 1843 828 118 124 U+304D 1520 939 58 98 U+30FB 2042 834 49 50 seg_fp 1340 2535 113 47 U+30CB 878 3218 37 27 U+3069 312 1616 75 95 U+306F 1740 1175 48 35 U+3057 676 1926 18 110 U+306B 142 2382 36 77 U+571F 2029 1854 103 66 U+308A 1210 2993 35 72 U+8349 656 2765 64 153 U+307E 2102 3362 40 81 U+3065 1497 850 122 59 U+4E94 996 3189 99 66 U+98DF 2044 2428 85 88 U+3046 304 3110 48 99 U+3046 1746 880 35 97 U+65E5 1014 3243 59 81 seg_fp 2021 2380 110 56 U+3053 1744 822 36 49 U+3068 156 2964 43 88 U+3057 1371 1247 16 89,brsk004-032
U+3066 927 1057 90 83 U+3066 1619 2576 84 88 U+3066 1799 1720 82 90 U+3066 1952 1678 108 94 U+3066 397 2037 85 88 U+3081 1455 1043 82 79 U+3066 1286 2316 77 76 U+3066 742 1432 89 93 U+3066 1613 1593 98 91 U+3066 736 2892 89 77 U+3081 1106 2611 84 67 U+3066 570 1731 86 86 U+80A5 374 3093 117 97 U+304D 1973 2212 72 98 U+3066 384 3332 87 87 U+3066 569 3002 92 90 U+306E 912 2043 93 68 U+6C5F 205 2946 98 89 U+4E0B 1293 2444 76 73 U+4E91 740 3357 79 71 U+3059 57 1997 94 113 U+53C8 1268 1427 104 74 U+3092 65 1610 92 84 U+3082 1460 2671 61 101 U+9999 210 1601 112 96 U+6FC3 1263 773 99 108 U+3042 1627 958 83 113 U+5712 212 2717 84 98 U+757F 750 2392 89 109 U+53CA 1084 1585 118 100 U+3066 1097 2226 85 80 U+58F2 52 1464 90 138 U+6216 568 1305 103 101 U+3066 53 1150 75 84 U+3081 1449 2023 77 81 U+3066 1110 3062 80 84 U+5DDE 1104 1824 97 98 U+25CB 1617 1191 104 107 U+8EFD 1104 1481 99 98 U+306B 925 975 91 88 U+5185 1614 1438 95 108 U+306E 53 942 67 67 U+6C5F 1269 2105 103 93 U+5730 1266 1502 118 81 U+3081 919 1586 90 76 U+3044 399 2199 82 53 U+3072 1096 2377 104 100 U+306B 1617 2507 99 88 U+91CE 566 1176 101 132 U+66F8 1264 1973 108 120 U+3044 1625 2173 76 76 U+3081 1625 1100 84 89 U+3065 731 1992 119 82 U+304E 576 3237 85 83 U+7092 735 602 104 107 U+56FD 735 2760 103 75 U+306B 1614 3463 97 68 U+56FD 740 1266 92 109 U+53E3 930 2114 73 63 U+5236 40 1246 112 118 U+53C8 1442 3022 111 69 U+306E 739 2075 91 65 U+306F 215 3251 72 40 U+306B 226 1522 95 80 U+3044 925 2246 81 59 U+3080 567 3154 94 85 U+5DDE 379 3188 101 97 U+306F 1288 2402 75 38 U+4E91 1622 3173 82 66 U+9EC4 1271 1583 98 121 U+3046 1633 2876 49 102 U+3081 1619 2021 84 71 U+304E 1458 2152 76 91 U+5404 55 1695 89 107 U+306B 1798 1638 90 85 U+6625 924 1143 83 121 U+4E91 1101 2737 90 76 U+79CB 915 1668 106 97 U+6771 1607 3376 110 90 U+967D 217 2495 107 117 U+7DCF 386 2885 111 106 U+53CA 742 2595 107 95 U+662F 207 1899 116 111 U+7530 1964 1530 91 82 U+25CB 1084 1115 102 106 U+757F 1622 1314 99 132 U+3081 1095 1033 84 73 U+304E 1798 2052 95 89 U+3075 1606 2250 108 75 U+3044 922 1377 91 55 U+3075 381 2520 105 67 U+3042 1444 1934 88 88 U+524D 574 1569 94 103 U+304C 730 1668 119 75 U+305F 750 3189 60 62 U+79CB 1957 1423 112 106 U+753A 204 2835 109 100 U+4ED9 1783 1405 123 96 U+4E91 1970 2379 90 76 U+3068 1640 3114 55 59 U+4E91 239 1071 68 83 U+3068 250 1005 49 62 U+5185 741 2505 98 98 U+3053 757 775 60 67 U+6C5F 389 1920 101 76 U+3044 733 3258 98 49 U+3053 755 1588 71 69 U+304D 1095 868 65 91 U+306E 201 3503 91 62 U+3084 1083 782 99 68 U+7947 211 2619 127 95 U+6309 209 1428 134 92 U+3082 1301 1890 50 86 U+306A 1276 1013 80 75 U+6771 740 1165 93 114 U+3057 1613 1752 109 79 U+3075 382 833 99 72 U+308A 1464 2602 58 96 U+4E91 1797 2445 82 81 U+6C60 48 865 107 74 U+6D25 1095 1365 105 119 U+3054 1115 2546 76 65 U+305B 1449 2406 72 70 U+7AEF 47 1013 103 90 U+897F 738 2684 92 76 U+308A 943 1948 46 95 U+3064 1797 1033 86 65 U+3078 1972 1918 89 116 U+5965 1102 1232 90 135 U+53C8 1504 1131 72 69 U+3075 736 2331 103 64 U+308A 60 3107 48 90 U+3084 1259 1333 113 71 U+3093 217 948 100 67 U+3086 1445 2776 100 81 U+6C34 1449 836 87 111 U+30FB 1107 3146 53 52 U+3044 750 2277 75 55 U+305B 1618 2977 76 64 U+306B 1120 2996 43 78 U+8D8A 1096 2818 110 90 U+3050 574 1956 87 69 U+3066 217 3165 72 75 U+3042 1616 1908 95 117 U+3068 1118 2678 51 60 U+308A 245 2280 46 98 U+30FB 758 2970 51 48 U+3075 915 2305 105 72 U+8FD1 416 1806 73 110 U+4ECA 211 1323 117 115 U+7136 25 3205 128 86 U+30FB 416 2133 50 50 U+305B 1975 785 60 63 U+304E 1454 3086 91 86 U+306A 226 2194 82 87 U+3046 248 775 38 107 U+30FB 1635 1683 54 54 U+3082 58 3362 50 82 U+4E0A 572 1100 82 71 U+4E91 1451 1631 74 70 U+8C4A 1095 1677 88 136 U+3044 398 2468 72 53 U+3053 579 3453 67 54 U+5DDE 390 2980 91 101 U+5DDE 1094 2072 107 113 U+52A0 918 794 103 52 U+30FB 759 1527 59 49 U+5176 59 2440 56 101 U+30FB 586 1822 54 48 U+4E91 565 2240 87 75 U+3068 1814 2377 59 67 U+53C8 772 1850 92 68 U+305B 1800 967 68 63 U+52A0 562 2756 104 79 U+25CB 741 1046 101 102 U+3088 1466 2532 50 68 U+3093 1618 3043 107 74 U+3084 1432 3171 106 63 U+30FB 582 3088 50 48 U+3053 580 1884 67 67 U+3064 733 3118 96 67 U+30FB 1638 2664 55 51 U+7C73 1096 634 103 83 U+308B 1635 1836 62 76 U+308D 451 1426 59 72 U+3053 407 2339 65 59 U+306F 58 2387 64 45 U+3068 943 1881 54 69 U+3068 585 2183 48 54 U+3066 1619 3515 75 63 U+30FB 1814 1817 52 49 U+3068 73 2291 51 86 U+6D1B 212 2381 120 110 U+308B 1644 877 54 80 U+3044 562 3325 87 48 U+3054 1112 3345 77 55 U+714E 220 1711 97 136 U+53CA 393 2791 98 91 U+3044 403 779 67 53 U+4E91 1094 3508 91 61 U+7523 57 1801 86 136 U+306A 44 3018 78 90 U+9905 1957 644 109 99 U+3042 1449 948 96 91 U+3068 1646 2088 45 83 U+3053 757 2144 68 56 U+8CC0 916 862 96 107 U+306E 451 1143 59 56 U+3068 1987 2321 54 56 U+5236 39 2542 118 121 U+3054 1097 963 86 65 U+5DDE 1105 2906 101 101 U+714E 1956 542 91 105 U+308A 957 1430 40 100 U+5C11 60 2668 86 97 U+56FD 1619 2416 111 86 U+30FB 1120 2315 52 47 U+30FB 402 3424 53 50 U+897F 1614 2337 101 88 U+8D8A 562 1446 109 111 U+5965 405 2585 82 131 U+306F 1450 2109 80 44 U+3093 1959 850 106 60 U+3064 630 1010 59 69 U+8CC0 559 2837 108 118 U+30FB 1986 1774 54 45 U+3046 1816 1149 34 123 U+30FB 942 1317 51 47 U+95A2 1627 3285 74 94 U+306F 935 1270 64 41 U+3075 1269 2788 104 72 U+3055 1812 1889 59 75 U+3093 1437 2475 120 63 U+3046 1457 3234 49 106 U+4E0B 214 3304 87 93 U+308A 588 3373 42 79 U+306B 1305 2251 37 66 U+3068 585 3507 50 63 U+3068 770 2207 43 70 U+7570 50 2883 78 135 U+304E 1460 1189 104 91 U+3084 1443 1276 99 66 U+30FB 945 1815 52 51 U+306F 1461 3514 63 44 U+3054 939 1532 74 56 U+3068 64 3282 35 80 U+3044 1090 3216 87 51 U+3053 76 2098 56 61 U+305B 231 890 57 62 U+3081 1091 3400 81 59 U+304F 1821 854 40 94 U+306F 924 1770 83 43 U+306F 224 1857 74 38 U+9EA6 385 952 51 95 U+307E 1985 2124 50 81 U+714E 1284 1701 86 136 U+3093 1437 3425 100 88 U+6C34 1437 1823 106 112 U+8AFA 445 1201 69 86 U+306E 442 1759 59 44 U+3046 1468 1344 39 115 U+308A 1119 3261 44 87 U+306B 762 1371 42 63 U+306C 444 1571 74 57 U+3079 1256 1133 118 53 U+306B 452 1306 68 56 U+7C89 604 2348 81 86 U+7C89 715 3440 69 76 U+3050 1803 2147 81 69 U+3089 1119 2462 76 74 U+3068 948 2174 39 73 U+308A 420 2250 43 85 U+3046 1452 2299 40 129 U+306B 592 1667 39 62 U+3084 1425 2241 115 60 U+304D 446 1681 72 68 U+3068 1304 2614 54 57 U+714E 1270 881 90 133 U+6238 1281 2183 69 80 U+53F0 1792 1495 99 143 U+3057 1619 783 101 87 U+305A 559 1015 63 59 U+305B 1444 3350 72 71 U+5DDE 449 1054 63 81 U+3082 1304 2669 49 72 U+308A 1315 2530 32 83 U+30FB 1470 774 50 47 U+96EA 1843 639 75 95 U+7CC4 1076 549 120 89 U+304E 1632 2726 91 89 U+3044 381 1051 57 42 U+8A13 541 933 74 73 U+6ED1 1606 544 105 93 U+306B 203 3096 100 89 U+6B64 37 3446 103 57 U+307F 766 1917 39 82 U+3068 1473 1562 38 69 U+66F8 627 780 45 77 U+306B 1986 1613 43 64 U+3068 1114 3450 42 54 U+306E 608 2438 53 45 U+3093 1792 1964 99 87 U+304C 761 857 69 54 U+3068 418 2405 41 66 U+306F 634 933 53 75 U+3068 772 3293 36 64 U+306B 1641 1534 34 62 U+3089 2001 2038 58 89 U+767D 1854 539 51 65 U+3066 629 860 40 63 U+3075 536 2476 65 47 U+7FBD 1956 1304 104 87 U+3042 389 1579 43 74 U+306F 761 3028 40 85 U+306B 762 2840 38 55 U+308A 394 1096 31 76 U+3057 780 1724 20 123 U+3044 545 2433 54 37 U+3068 85 1933 38 67 U+51FA 1965 1237 95 65 U+3044 445 1384 63 40 U+3068 1304 1833 40 62 U+306F 1823 784 38 71 U+306B 1117 2168 46 61 U+306B 69 1096 38 57 U+3084 1605 2803 109 73 U+3057 1488 2894 21 118 U+6210 606 2674 74 59 U+3068 731 3523 45 43 U+3044 1302 2733 66 50 seg_fp 1615 3247 101 38 U+8CC0 446 948 63 96 U+5DDE 399 2707 87 94 U+3057 1300 1172 22 156 U+25CB 1795 1289 101 100 U+307E 458 1498 41 60 U+3057 89 2758 21 119 U+56FD 38 3493 105 75 U+306F 575 1415 71 34 U+306F 576 2031 69 44 U+305B 1451 1446 71 66 U+308A 390 1648 34 88 U+7CD5 1744 540 73 83 seg_fp 544 774 62 89 U+3057 774 907 21 117 U+3093 1448 1500 104 79 U+3053 390 1170 46 44 U+85A9 1096 1923 99 163 U+3092 1968 1843 112 56 U+306B 405 3279 39 54 U+3055 453 1633 35 51 U+306F 1803 2225 72 47 U+308B 1293 1085 49 51 U+3068 570 871 27 47 U+3057 92 1356 16 98 U+304C 83 2168 69 54 U+304F 613 2489 57 52 U+6238 204 3029 78 83 U+304B 1818 1104 39 46 U+8C37 209 3404 107 84 U+3079 1971 925 93 102 U+3057 1854 2266 20 102 U+98F4 1606 645 98 86 U+3068 550 2630 40 43 U+306B 593 2950 37 56 U+308B 1470 2840 49 53 U+9EA6 794 3447 75 109 U+3057 614 2078 25 103 U+304B 382 3501 106 59 U+25CB 1969 1089 98 121 U+548C 206 2020 114 103 U+3075 394 1406 45 56 U+3068 562 2354 23 61 U+306A 389 1231 35 61 U+4E8B 388 1476 36 104 U+306B 422 1975 33 64 U+3057 635 2575 17 108 U+610F 536 2540 65 78 U+3068 399 1293 29 65 U+305D 552 2676 34 54 U+3044 388 1364 40 42 U+54C1 224 2087 82 97 U+306F 622 2541 43 31 U+3044 1978 1031 91 78 U+3057 89 2215 20 95,brsk004-038
U+3066 1881 957 90 91 U+540C 1184 2309 85 101 U+3066 2239 1064 76 86 U+3066 2069 1572 78 87 U+4E5F 2237 1957 108 87 U+3051 2075 1960 83 115 U+3051 2066 3189 100 93 U+3066 668 1327 73 78 U+3072 2065 2669 93 99 U+306E 1370 1127 87 67 U+5149 1190 1027 98 93 U+3072 493 3280 85 88 U+5185 316 3268 86 91 U+3066 2063 2514 81 79 U+3042 1186 2753 79 88 U+306E 1176 2493 87 65 U+8033 1376 1198 84 138 U+3066 667 2292 77 88 U+306B 1888 2172 96 83 U+3092 2240 1419 96 94 U+306B 846 1258 87 81 U+3060 2072 764 105 88 U+6B66 1883 2246 110 116 U+5DDE 493 1229 97 113 U+306B 1188 2674 86 83 U+521D 1721 1061 95 98 U+662F 325 2349 86 103 U+3051 1908 1482 80 98 U+9999 2241 1522 77 123 U+3093 2072 3036 100 83 U+306E 655 2626 89 71 U+306E 495 2080 88 62 U+307B 835 1891 88 95 U+306E 1535 3273 78 58 U+305A 1201 2918 85 91 U+3072 1356 2377 95 111 U+3051 2077 1115 83 113 U+5DDE 1886 2349 96 116 U+4E5D 2057 2281 99 90 U+6309 650 3213 123 84 U+308C 833 3178 116 101 U+65E5 1201 2406 52 81 U+5F7C 1527 925 106 105 U+3092 320 2546 97 86 U+3053 2251 1206 59 68 U+6771 1892 756 88 128 U+3059 1387 2076 53 106 U+66F8 1176 1638 92 117 U+6CA2 1713 1480 106 105 U+884C 491 1872 101 102 U+521D 841 2513 100 83 U+83D4 2096 629 93 92 U+3093 318 1585 107 82 U+5BFA 1538 1031 84 116 U+547C 2226 1850 104 112 U+306B 1193 1757 86 82 U+307F 523 833 40 86 U+53C8 1529 2591 107 78 U+306F 2238 1155 88 50 U+3066 498 3358 70 71 U+3042 1910 1277 68 74 U+50E7 1184 2132 98 107 U+8A9E 488 2263 105 108 U+4E38 1186 948 109 77 U+4E2D 1531 3345 92 100 U+3072 1715 2254 93 104 U+70CF 1190 840 88 100 U+3093 2074 981 106 77 U+304D 1377 1638 94 82 U+306B 329 2454 86 81 U+3044 667 1462 85 55 U+6F2C 1534 2183 103 114 U+306E 1189 2063 75 63 U+79F0 1710 1934 114 110 U+7FBD 485 1350 95 90 U+3084 2064 2763 99 76 U+6CA2 1535 2666 102 103 U+6797 1004 1714 119 105 U+5E83 1176 1128 97 103 U+306B 666 3310 82 78 U+4F9D 1713 1300 107 103 U+714E 2239 1649 97 140 U+3044 2070 866 95 60 U+756A 310 3399 94 116 U+5C71 496 1547 92 83 U+308C 479 3033 124 92 U+4ECA 652 3106 115 118 U+3044 661 2784 86 62 U+3044 321 1974 89 56 U+6DFB 1181 1533 112 105 U+6210 324 1451 96 90 U+3046 1396 1446 44 119 U+3066 1548 1199 80 87 U+5225 1014 1930 90 97 U+305F 1892 1115 94 87 U+53C8 1186 3208 102 81 U+3055 682 1518 54 72 U+3054 334 1665 78 61 U+3055 683 760 52 85 U+537F 1191 1250 106 96 U+6309 1874 2068 123 104 U+548C 669 1829 97 97 U+3065 2068 3116 125 71 U+8AD6 1177 2560 115 116 U+521D 1188 1854 102 108 U+958B 1888 2997 98 119 U+5C1A 1537 2977 102 78 U+82B1 1002 1601 114 110 U+4EBA 482 2827 120 86 U+5BFA 1885 2878 88 109 U+3059 857 3090 53 92 U+6C38 1010 2148 113 87 U+306A 1374 2951 82 88 U+4EAC 2062 1366 99 126 U+70B9 1188 1434 88 99 U+3092 487 2634 96 76 U+6771 1890 2662 99 112 U+4E91 667 1740 86 78 U+9996 1547 3153 74 118 U+8AAC 1705 2991 107 97 U+3044 325 2096 77 56 U+3084 1355 2640 104 77 U+3051 673 859 83 105 U+3065 2061 1877 121 89 U+9662 1013 1821 111 98 U+3044 500 987 70 52 U+8005 496 1965 80 106 U+3059 835 2180 88 112 U+5BFA 1013 1484 78 104 U+53C8 1530 848 105 72 U+306F 678 2694 61 91 U+3031 2261 853 47 135 U+6CA2 1546 1292 90 102 U+305D 855 3013 52 80 U+306A 504 2366 70 75 U+509A 478 3193 114 85 U+3059 1738 2036 47 96 U+767E 1537 3062 87 91 U+25CB 664 969 114 111 U+4E5F 1534 2534 95 59 U+6B63 1193 2240 80 63 U+307B 1369 1743 95 90 U+7FBD 659 1174 94 82 U+51FA 1365 2495 99 72 U+3064 844 1414 92 72 U+3072 845 1150 81 104 U+304C 2244 1274 111 71 U+5DDE 2067 2363 91 97 U+5C02 500 3427 63 90 U+30FB 2087 1660 52 51 U+6D77 1886 2781 120 100 U+4ECA 1881 1945 120 127 U+96A0 492 2151 104 105 U+306B 1896 883 69 82 U+97F3 1376 2844 62 98 U+6F2C 1708 1723 106 122 U+3075 2053 2203 99 81 U+672C 1548 2066 73 118 U+97F3 858 2594 70 96 U+306B 2070 1491 75 87 U+5236 1715 850 100 113 U+3055 679 3442 51 75 U+306B 510 3110 43 62 U+83DC 2108 506 82 118 U+306B 1541 3446 101 81 U+7FBD 496 1151 86 76 U+304B 2060 1723 112 76 U+25CB 2066 1242 105 108 U+7E01 1008 2240 122 117 U+521D 1359 2744 98 107 U+308C 831 1727 98 106 U+3068 520 926 44 61 U+6F2C 1543 1520 100 120 U+307D 2076 2950 101 85 U+6CA2 1885 3176 108 113 U+3044 333 818 80 62 U+5927 662 2015 86 95 U+3044 1720 2872 64 58 U+306B 1397 1338 41 66 U+3065 2065 1048 127 66 U+3054 680 2453 85 65 U+3064 1718 2346 86 59 U+306B 2079 2449 52 68 U+7D66 1730 1153 56 70 U+3075 1698 1222 109 69 U+4FD7 487 2731 104 96 U+3081 858 1347 68 67 U+6B63 1028 835 79 63 U+3084 315 1381 101 64 U+5FA1 1197 1358 77 56 U+3044 2067 2141 74 60 U+5CF0 659 2102 106 131 U+5DDD 1890 2549 88 121 U+30FB 684 2391 51 53 U+306E 838 2690 85 73 U+306B 688 1261 42 66 U+306E 492 1791 87 72 U+3044 1719 2203 84 49 U+798F 996 1390 110 93 U+306E 314 3357 79 49 U+547C 1531 2374 110 96 U+3075 487 1040 96 61 U+5EB5 1723 1580 90 137 U+521D 1181 3297 101 82 U+9152 653 558 107 99 U+5EB5 1543 1395 90 129 U+5EB5 1534 2753 100 130 U+3082 351 2261 44 79 U+9ED2 492 1443 85 103 U+53C8 314 3103 93 74 U+308B 346 2194 51 68 U+5F53 1008 2032 107 104 U+5730 837 2844 124 99 U+306B 2263 998 41 68 U+51FA 668 1096 85 67 U+3089 2086 1796 59 89 U+757F 316 3167 80 94 U+3093 1897 1346 106 69 U+3068 1564 2458 40 70 U+548C 1540 2886 89 88 U+5EB5 1889 3287 108 92 U+97F3 1194 3377 66 90 U+304A 1369 2210 92 64 U+3053 2091 928 47 57 U+8CAF 1714 2561 102 123 U+306A 326 2633 82 90 U+3068 1208 3021 50 56 U+3068 1394 1562 43 75 U+30FB 2086 2606 50 53 U+3068 1563 2296 47 64 U+307E 671 2531 64 92 U+304B 320 2827 88 60 U+30FB 1918 1055 50 49 U+304D 1383 1974 87 102 U+3079 489 2491 109 53 U+97F3 1206 1953 62 96 U+3055 346 883 49 64 U+3068 1737 2141 50 57 U+30FB 683 1412 45 42 U+3075 1886 1699 90 64 U+3044 1905 1639 72 59 U+3068 1737 3376 49 57 U+8208 1011 1281 94 90 U+3075 1703 2494 100 52 U+6F2C 1711 2688 93 121 U+3092 1709 3293 111 78 U+306A 505 1636 73 103 U+3044 844 2308 78 53 seg_fp 2090 2845 77 96 U+3068 1741 1858 44 65 U+308B 1388 2568 51 70 U+3051 853 1652 55 67 U+5DDE 669 1921 88 104 U+8001 1386 874 76 96 U+767E 1540 1963 86 103 U+306F 1385 1407 66 39 U+4E91 674 2908 62 85 U+307E 332 1734 55 74 U+3078 313 2156 112 46 U+305A 1714 3478 114 82 U+6F2C 2014 507 80 92 U+3068 1567 1648 40 68 U+662F 1712 3192 83 101 U+6709 1728 3088 60 95 U+7985 1886 3385 111 94 U+3044 662 3393 82 43 U+304D 859 892 50 104 U+3068 350 2019 34 72 U+3064 846 2358 85 63 U+3068 1741 2812 42 56 U+3075 1713 2931 82 53 U+3048 1029 1070 64 84 U+50E7 1166 3464 115 83 U+305F 1736 2418 39 71 U+305F 858 1078 50 73 U+3066 1733 1407 58 76 U+3068 694 1669 33 70 U+304F 867 993 41 87 U+3065 1894 1411 124 72 U+3068 2090 3286 38 53 U+5FC3 838 2781 86 68 U+306F 1027 1228 55 34 U+3089 1402 973 54 77 U+5C71 1891 3108 87 63 U+3082 1383 2277 54 101 U+3068 1920 1584 44 55 U+306B 684 2229 44 64 U+3089 1742 3439 42 63 U+3082 874 2420 39 75 U+306B 348 1316 30 71 U+305D 510 2962 49 75 U+805E 1023 972 77 99 U+3082 511 2888 46 84 U+3089 1215 2841 62 83 U+3068 2258 1792 37 59 U+305A 1555 1865 76 96 U+307F 689 1601 35 67 U+4E91 2068 3338 88 72 U+3053 864 2940 34 73 U+3079 315 2930 106 51 U+306F 341 1889 42 86 U+54C1 1895 2473 76 78 U+306F 503 1111 70 31 U+3057 2282 1331 20 108 U+3078 1536 1831 107 48 U+3051 332 1536 51 54 U+308B 1391 3040 42 63 U+306F 845 1833 66 37 U+306E 314 1808 82 77 U+3068 858 1979 33 72 U+3057 892 1556 19 102 U+3089 882 1489 47 67 U+5E2B 1895 3482 103 75 U+5531 1544 1725 102 106 U+3057 1067 1153 23 73 U+3093 1364 3215 99 113 U+308B 523 2436 42 55 U+306B 1562 1141 45 61 U+3068 1047 909 33 61 U+3068 2085 2075 54 66 U+304D 848 2102 66 86 U+3068 693 2835 34 69 U+3057 1768 958 15 115 U+3089 1398 3111 50 109 U+3057 528 2530 17 104 U+308B 349 2879 45 57 U+3068 1405 1823 30 80 U+3069 520 1731 73 64 U+3058 367 2711 56 107 U+304F 1935 1191 35 82 U+304F 1412 1047 33 76 seg_fp 338 1195 52 75 U+3057 361 2964 15 125 seg_fp 2073 3489 69 48 U+309D 1409 1906 20 60 U+3044 335 1068 62 46 U+30E9 565 3498 28 42 seg_fp 336 1263 84 60 seg_fp 2090 3430 37 61 U+309D 862 2050 26 52 U+4E91 1226 3082 37 59 seg_fp 1200 3109 59 83 seg_fp 2056 3409 103 51 U+3068 362 971 34 95,brsk004-039
U+3066 1684 2815 97 81 U+3066 2198 3209 93 80 U+3066 466 1380 87 81 U+3066 2207 1860 83 76 U+306B 1162 1006 92 79 U+3066 2033 1420 77 87 U+5341 1150 2157 88 86 U+3066 628 1830 87 80 U+3066 630 2756 96 74 U+3066 1519 2873 90 86 U+3066 971 2619 84 76 U+8AF8 1328 1921 111 100 U+306E 1329 2125 86 78 U+306E 973 898 88 63 U+5475 619 808 106 105 U+9762 2034 2726 96 90 U+4F50 1681 1294 99 103 U+56FD 1326 2022 93 105 U+3092 1682 790 101 93 U+306E 1147 2490 92 85 U+3066 2040 2219 83 73 U+5FF5 1329 1392 98 102 U+5D0E 2192 1699 102 121 U+306D 967 2796 117 103 U+6C5F 1509 2657 95 97 U+8EE2 974 954 101 104 U+3066 1865 2445 77 77 U+3051 1514 1211 84 79 U+3066 1860 1319 84 78 U+3066 1684 1457 83 73 U+7530 1512 1909 86 80 U+3061 2030 1559 83 87 U+4E91 2035 1896 79 78 U+306B 297 2354 89 91 U+306A 994 1159 73 93 U+304C 631 1960 105 70 U+4E2D 2033 1179 86 95 U+5DDE 975 2460 93 112 U+8A9E 287 3139 97 113 U+3092 1697 2146 77 82 U+4E91 1860 2010 87 83 U+3092 465 1513 95 93 U+5408 962 1863 119 100 U+8A5E 1146 1846 105 106 U+3066 1503 1035 85 86 U+9580 2029 2079 104 83 U+4E91 2034 875 81 80 U+4E91 1330 2642 82 76 U+306D 1147 1624 93 80 U+6642 292 1779 94 86 U+3075 1500 1572 105 67 U+8A5E 1680 2052 100 98 U+308C 285 2617 91 80 U+8FD1 2035 3078 93 103 U+3061 1696 1613 72 90 U+4E5F 1324 2401 122 65 U+3092 2032 2978 109 91 U+90E8 1509 902 105 86 U+3066 1511 2044 88 73 U+3073 1683 3200 107 103 U+53CA 2031 1102 94 82 U+5357 1528 799 73 95 U+308C 973 2945 96 92 U+304C 2200 3331 103 74 U+4E91 460 2826 84 74 U+6D41 1150 2577 102 84 U+4EA4 980 1761 83 104 U+56FD 2024 1285 106 68 U+308C 435 810 62 68 U+5DDE 1683 2675 92 104 U+25CB 619 701 108 106 U+671F 2169 1199 76 66 U+3066 460 2266 83 70 U+306F 1690 2898 73 50 U+97F3 286 1921 85 109 U+5965 1678 2554 95 121 U+306F 1161 3295 63 41 U+304D 1692 1805 59 88 U+3092 299 2772 94 93 U+4EBA 2011 2292 133 103 U+306D 1323 885 109 106 U+8A9E 287 2030 99 100 U+5F8C 458 1204 103 108 U+6765 1154 2369 86 120 U+6C57 291 1425 87 86 U+3081 810 902 75 63 U+3044 1514 3005 80 54 U+6210 2016 3393 109 80 U+548C 293 3047 92 102 U+5DDE 2031 1023 85 88 U+623F 440 1901 100 121 U+308D 1515 3058 92 92 U+4E38 2204 3006 101 75 U+4E91 982 3155 81 79 U+306D 1140 3131 114 92 U+901A 1318 2206 112 107 U+4E91 1683 1149 83 69 U+8A9E 973 1058 97 103 U+8272 1334 2455 95 119 U+805E 303 2441 79 108 U+5FF5 1328 1201 122 103 U+66F8 281 1664 97 117 U+6065 1678 2242 109 98 U+304C 633 2871 110 75 U+97F3 2259 1124 74 86 U+8A00 1321 2313 102 92 U+4E91 1522 2562 75 82 U+308A 642 3045 66 89 U+3064 2193 3399 98 66 U+3092 984 2255 89 90 U+7DCF 442 2022 107 106 U+3044 1338 1739 84 60 U+9762 294 1520 78 75 U+306F 812 796 67 40 U+3089 650 2941 62 107 U+4E91 635 2340 81 80 U+3044 1511 1283 91 57 U+6709 1165 788 66 108 U+306A 1868 1794 75 92 U+3086 303 2553 70 71 U+30FB 2228 3290 49 46 U+8005 1327 1493 89 105 U+3057 1506 3328 90 81 U+4E91 296 1134 78 69 U+3068 1171 3229 46 59 U+308B 1000 3030 51 64 U+3066 977 3422 82 70 U+3042 623 3308 103 87 U+53C8 286 3413 104 69 U+3057 2202 1994 90 80 U+308B 471 1679 54 82 U+3089 642 915 64 89 U+4E91 462 1825 79 72 U+3059 2221 2197 53 97 U+53C8 1012 1491 82 64 U+4E91 2219 913 72 79 U+4E5D 2031 958 101 70 U+5FF5 964 785 127 104 U+3092 1863 2756 99 89 U+30FB 817 844 51 45 U+3044 1860 1007 86 54 U+6545 2174 1323 75 69 U+8272 1866 2651 92 104 U+3093 2206 2126 91 71 U+3092 295 1323 90 86 U+5E74 1143 2263 106 107 U+51FA 1515 1645 96 74 U+5FF5 1672 889 113 96 U+3057 1150 1394 88 80 U+79CB 1501 1815 111 105 U+306B 656 2692 42 65 U+662F 305 1220 86 103 U+5171 305 2694 79 78 U+662F 1153 901 99 104 U+3046 651 3134 43 89 U+30FB 2227 1940 50 47 U+306B 1875 1719 50 70 U+3089 656 2032 52 113 U+4E91 1691 1961 74 80 U+3075 797 1262 100 81 U+6562 1850 906 116 101 U+5510 2260 2732 59 87 U+306A 299 3250 76 76 U+4E91 1146 1763 95 75 U+3088 1174 1075 43 74 U+5973 955 1685 129 80 U+7D4C 1331 2796 98 93 U+6B5F 1144 2762 91 89 U+3075 1671 3407 114 81 U+4E91 1337 1047 76 74 U+3059 995 1958 54 95 U+53C8 1365 1138 82 58 U+5BFE 2025 2611 112 109 U+571F 1703 1229 60 61 U+4E91 1521 3211 74 65 U+4FE1 967 2354 109 108 U+7FBD 1507 1716 97 93 U+3075 1675 2417 94 80 U+3059 2053 2813 61 96 U+8005 1668 983 95 106 U+7537 1863 3285 78 106 U+4E0A 989 3237 80 70 U+306E 294 2137 77 66 U+3082 1703 1531 48 75 U+3068 1532 1468 59 57 U+3066 1861 1643 74 71 U+306F 984 2698 66 46 U+8FBA 449 2121 77 72 U+6469 1859 2236 99 138 U+3075 623 1231 96 76 U+7537 978 1565 79 112 U+4E94 1143 2006 109 63 U+9060 471 3225 79 111 U+308B 476 2652 53 67 U+3059 818 1035 51 106 U+3068 1704 1899 49 62 U+306A 1506 2250 114 106 U+9577 2038 1979 72 96 U+5B57 2265 1324 62 78 U+308A 478 3135 58 94 U+59CB 2026 2440 105 88 U+7DCF 972 3306 113 82 U+5C71 2203 3078 88 79 U+3066 2036 2529 63 76 U+6469 622 2558 102 129 U+3092 2260 2658 64 70 U+662F 510 813 69 73 U+308A 315 3326 45 79 U+5973 1842 2580 122 65 U+306F 1889 1063 41 85 U+9803 1330 1302 104 104 U+3093 439 881 66 69 U+3055 476 2588 50 63 U+3075 2197 2389 102 66 U+80A5 453 1123 119 97 U+4E91 1870 3224 71 61 U+5B50 2183 1125 53 59 U+306A 1343 1598 75 76 U+306B 2056 1360 41 64 U+3068 1882 1945 55 65 U+3044 630 1176 77 54 U+306F 1157 1952 69 44 U+3068 314 1609 48 53 U+30E1 1318 3139 107 68 U+3044 1521 1520 70 50 U+6238 1516 2732 66 97 U+30FB 2049 1504 50 45 U+3081 302 2869 67 66 U+304D 2036 1757 59 75 U+3050 1510 2343 106 62 U+9577 2195 1596 94 112 U+306E 2185 1273 50 46 U+5C3E 457 2901 108 110 U+3084 1499 3411 98 68 U+4E5F 1682 2501 111 49 U+6587 1333 2897 88 78 U+306B 1531 976 45 65 U+308B 639 2145 57 68 U+3081 299 949 65 67 U+306B 2058 2163 44 57 U+53C8 1191 2869 77 60 U+5DDE 461 3005 87 85 U+306F 1868 2527 73 45 U+30FB 483 1463 45 44 U+3068 999 3100 48 55 U+306F 309 2991 59 42 U+30FB 1531 1159 50 48 U+3044 2210 2340 72 49 U+3068 1883 3164 51 58 U+3068 1537 3151 46 60 U+3079 1867 1404 105 110 U+308B 1879 1884 52 63 U+30FB 1534 2959 43 44 U+3070 649 3218 59 92 U+308B 994 2051 54 64 U+3092 297 858 90 84 U+306B 2059 3341 39 63 U+3079 969 1306 112 53 U+3089 1708 2331 49 89 U+901A 1310 3023 129 125 U+3068 2054 817 44 55 U+3068 475 2763 45 62 U+3068 2221 2296 54 46 U+308B 997 1253 55 57 U+3065 2032 3182 107 81 U+3084 284 2204 95 61 U+601D 2252 2575 75 74 U+3084 1507 1339 101 59 U+305A 1875 1150 73 87 U+3068 648 1115 57 53 U+4E8B 635 1309 69 118 U+540C 2202 2832 87 84 U+937E 2172 1034 74 69 U+3060 467 2509 81 72 U+3068 827 1142 47 57 U+30FB 658 2836 46 46 U+516D 1149 2075 90 83 U+306F 1519 1119 72 38 U+3050 461 1611 94 66 U+9577 638 1543 66 93 U+4F2F 2260 1449 68 63 U+30FB 1533 2111 45 41 U+30FB 651 1913 49 40 U+8A00 1145 2663 82 97 U+3068 315 1067 47 60 U+306B 489 1310 38 71 U+3092 464 2404 99 100 U+3068 2053 1840 46 54 U+306B 1526 1983 40 64 U+306B 1889 2376 37 70 U+85A9 1863 2100 99 140 U+306F 297 1873 64 37 U+3061 1865 2860 81 101 U+3068 1357 2581 45 61 U+3084 1136 1477 99 56 U+4E8B 2182 1390 59 98 U+3068 481 1762 50 60 U+308A 450 1020 35 101 U+3057 1154 2931 84 71 U+306E 2263 1218 59 52 U+3046 1169 1530 34 96 U+6240 2187 2915 110 87 U+8272 1869 3387 74 90 U+3050 815 965 80 66 U+3065 1677 1741 107 75 U+53C8 1188 1327 78 64 U+3068 2243 818 37 92 U+3068 1356 3416 45 62 U+30FB 479 2350 42 41 U+3064 981 2892 83 56 U+306B 2225 1802 38 57 U+3068 652 2282 46 56 U+3044 804 1201 94 56 U+3075 1324 1801 94 75 U+306B 992 2558 43 62 U+3057 514 941 57 54 U+85A9 629 2418 92 152 U+306A 442 954 56 67 U+306F 1344 2730 69 32 U+3065 2027 1692 88 60 U+306F 1530 2163 50 82 U+306B 2226 3154 33 62 U+3068 1172 1701 49 62 U+306B 1536 2802 52 75 U+306B 467 2197 42 70 U+304D 2051 3241 50 92 U+3046 317 2266 30 94 U+306B 1707 1403 37 56 U+3046 1174 3053 33 84 U+5D0E 620 1634 116 135 U+30FB 1710 2949 47 45 U+3069 1361 1675 69 52 U+306F 2264 1410 51 32 U+3068 1355 989 44 56 U+3053 986 2116 66 57 U+304D 1866 3066 72 90 U+308B 321 2929 46 56 U+306B 2035 2382 77 60 U+3092 631 1431 95 101 U+3088 484 3076 45 58 U+6B5F 1144 1208 99 109 U+306B 650 1768 44 65 U+3068 1706 1087 44 61 U+3068 1713 3306 51 55 U+308B 2064 2913 38 61 U+60F3 2244 2484 85 83 U+57F7 1133 3357 117 113 U+306B 2184 2566 57 53 U+7259 2253 1512 70 68 U+308A 1542 2406 41 98 U+77E5 2256 1037 78 66 U+30FB 1002 2743 45 42 U+3065 1859 2986 105 90 U+3057 1010 1342 20 136 U+3084 2195 2074 96 54 U+3044 1693 3353 70 51 U+30FB 1533 3277 48 45 U+308B 1172 1148 42 59 U+30FB 312 801 48 48 U+3068 1004 2174 37 77 U+308B 315 1010 46 55 U+306A 1691 3016 73 99 U+3089 521 1053 37 65 U+3089 1719 3123 48 85 U+306F 516 896 60 35 U+4E91 630 3424 77 59 U+308B 2205 2699 34 54 U+3084 1153 2998 87 52 U+97F3 2194 2475 42 88 U+304F 1538 1399 36 59 U+306B 1711 2765 37 52 U+66F0 1323 3216 105 86 U+309D 661 2211 26 63 U+306F 1343 1872 67 41 U+3064 1859 1509 94 54 U+51FA 2175 1505 69 73 U+5531 2197 2619 54 75 U+8272 1330 3298 94 94 U+3057 1905 1239 24 86 U+306B 998 3381 37 46 U+3046 1358 779 40 108 U+3068 1882 789 46 97 U+304B 2054 1647 36 54 U+4E8C 2265 1271 64 35 U+304B 2199 2772 29 38 U+304B 532 1000 23 50 U+3068 1540 2498 43 63 U+308B 654 998 40 52 U+309D 488 2719 24 46 U+304B 1710 1707 31 45 U+3057 1892 1555 18 88 U+309D 663 1052 24 44 U+3068 652 3377 40 47 U+5DDE 462 3349 82 138 U+304B 1895 2955 37 49 U+306F 1862 865 67 47,brsk005-007
U+3044 794 947 96 61 U+3066 1296 2461 97 88 U+3066 779 2963 96 93 U+306E 1138 1694 90 70 U+3066 791 2071 90 86 U+3066 453 1114 95 88 U+3066 1291 3294 100 81 U+3044 1123 2249 97 54 U+4EBA 1133 1589 121 115 U+3044 1320 898 110 66 U+3066 1844 1051 83 88 U+3066 608 2796 88 87 U+3093 2018 778 113 90 U+308D 782 2307 96 98 U+524D 802 1554 97 119 U+306A 1155 1025 89 84 U+3066 2000 2313 87 89 U+3044 1291 2862 87 58 U+53C8 2023 1503 90 84 U+308C 1629 2815 107 111 U+306E 451 1953 86 65 U+3066 1319 1671 84 95 U+308C 1484 1605 101 100 U+3066 2170 2720 78 99 U+7DCF 451 953 111 102 U+4E91 621 3283 83 79 U+4E8B 2032 1098 78 178 U+308D 288 2170 85 121 U+308D 288 1969 78 99 U+306C 769 3274 108 76 U+524D 2011 1685 98 126 U+5099 790 1465 110 99 U+306B 1469 2725 89 65 U+304A 276 2082 94 97 U+25CB 1334 677 107 107 U+3044 2159 3176 94 66 U+306E 275 2571 83 69 U+304A 785 2228 100 64 U+25CB 809 675 98 102 U+3086 1848 1150 90 75 U+53C8 1493 1708 99 80 U+3044 627 1574 89 60 U+306B 1148 2163 54 74 U+80A5 2006 1597 120 88 U+3066 628 1099 82 74 U+305A 1808 3124 114 120 U+3044 779 2480 98 64 U+306A 983 1171 71 91 U+6C5F 1848 917 96 79 U+884C 1144 1415 93 99 U+3093 1147 936 110 89 U+3066 1671 1077 90 89 U+4E2D 1679 888 91 124 U+308D 626 1377 102 104 U+3044 804 1074 76 63 U+4E0A 603 3369 90 86 U+3092 1333 1266 85 96 U+3076 770 3105 109 96 U+3092 805 1345 102 107 U+4E91 793 2595 82 79 U+3075 1283 2922 104 75 U+3044 285 1596 91 66 U+6B4C 427 2698 101 161 U+884C 1490 1791 81 106 U+306E 2177 1562 82 78 U+4EBA 1497 778 114 99 U+53CA 2013 1811 97 109 U+308B 2194 1484 52 70 U+4E91 1329 1040 80 81 U+3044 289 1902 81 65 U+3066 300 1295 72 82 U+308A 2198 872 79 116 U+4E91 2001 2742 81 92 U+304B 2028 879 89 57 U+524D 620 908 106 120 U+3066 2169 1932 88 76 U+6709 1138 2815 57 107 U+3092 1662 2240 95 94 U+308B 821 879 51 72 U+53C8 617 2118 97 80 U+3044 456 1263 96 53 U+3092 636 1274 94 101 U+4E5F 1103 3267 96 82 U+306A 2197 781 90 95 U+3075 785 1139 115 76 U+7B51 1316 1368 114 103 U+3044 1846 1435 75 65 U+591A 1479 2802 79 103 U+3057 1627 3202 96 79 U+65B9 444 2017 98 107 U+884C 1828 1636 99 123 U+3092 1494 1898 89 100 U+6563 298 1669 89 119 U+3084 1815 2993 100 63 U+3092 1487 1308 102 99 U+3055 2026 2407 50 88 U+4E0B 481 874 57 81 U+3088 1163 783 54 78 U+4E91 1303 2068 89 79 U+685C 288 844 110 121 U+3068 1156 2304 46 78 U+3055 795 3203 59 69 U+3084 1653 1684 112 66 U+8A33 1636 3101 103 93 U+306B 439 2856 95 80 U+53CA 798 1660 97 114 U+306B 1323 2391 47 71 U+306A 280 1054 111 111 U+5C3E 624 1793 110 109 U+53C8 2187 1008 106 77 U+3044 451 1416 111 56 U+3044 1477 2238 91 53 U+3066 446 2327 74 85 U+3059 1315 2694 55 101 U+3065 2163 2866 114 71 U+3092 1672 1590 100 96 U+306F 2188 1323 76 42 U+5DDE 786 2808 85 102 U+8449 1475 2572 84 115 U+4ED9 614 2498 108 90 U+306A 1820 3240 90 114 U+8A00 441 2134 93 118 U+30FB 478 1209 49 46 U+7DCF 456 773 119 97 U+897F 1142 1328 95 81 U+306A 1646 2721 89 97 U+30FB 1327 2553 45 45 U+96C6 1141 1929 82 105 U+3044 1671 1157 84 64 U+3093 1830 1763 108 77 U+4E91 2029 1021 82 76 U+30FB 2188 2820 46 47 U+4E91 632 1701 79 91 U+3088 1343 806 55 86 U+4E8B 1331 1124 92 138 U+5F35 622 1910 92 103 U+3064 279 3075 83 161 U+3067 2191 1090 90 67 U+4F46 1123 2938 89 80 U+9053 1667 778 110 110 U+3069 1851 3357 65 100 U+9060 1307 2995 81 121 U+72ED 1291 2281 119 112 U+3075 1649 1223 117 79 U+3068 1142 2711 42 91 U+3044 274 2736 84 67 U+3089 1672 1750 58 108 U+305F 1464 3190 86 98 U+64B0 1135 1817 96 97 U+305A 1843 1268 100 114 U+7D2B 442 1817 103 129 U+3088 806 2398 53 80 U+3044 1480 2004 87 55 U+4E0A 1151 1512 81 70 U+4E91 1145 1172 85 72 U+3066 303 1790 45 116 U+3076 1289 2607 104 77 U+5FC3 2172 2280 89 85 U+4E07 1474 2434 89 125 U+308B 426 2574 101 124 U+306B 2189 2649 44 74 U+3068 666 1630 32 71 U+4F1D 975 1046 109 127 U+3081 447 2502 71 82 U+5D0E 2161 2537 122 112 U+306B 2026 2240 49 74 U+304F 2014 2569 50 102 U+304B 1142 882 102 55 U+306B 1876 991 40 64 U+306F 639 1181 80 40 U+3092 623 2939 84 94 U+308A 1001 1262 44 88 U+3075 1820 1501 110 80 U+306A 306 1373 76 88 U+3075 1473 2294 99 79 U+6469 1994 2073 108 159 U+3075 1484 1029 103 88 U+304B 1657 2115 94 59 U+3092 1815 2888 103 93 U+3044 273 2945 88 59 U+308B 1670 2031 52 68 U+5C3E 1983 3303 108 90 U+7B51 790 1775 115 110 U+4E5F 1834 2017 94 52 U+3042 2002 2891 90 99 U+7B51 452 1715 113 103 U+3068 2059 933 42 83 U+3075 270 2647 88 79 U+3068 830 996 39 74 U+9060 1839 779 110 121 U+30FB 635 2886 47 47 U+3089 1847 2428 50 102 U+306B 473 1050 44 66 U+98A8 279 2433 111 122 U+3078 271 1244 120 58 U+3070 2178 3088 77 85 U+308F 825 801 42 76 U+8AAD 975 777 105 135 U+306B 817 2001 49 73 U+3088 1139 2391 54 83 U+30FB 814 2160 49 43 U+7565 2170 1735 106 132 U+3068 1499 2164 54 71 U+308B 2029 2490 48 76 U+306A 1123 2533 86 90 U+3080 973 906 98 83 U+30FB 808 3055 47 44 U+3068 1143 3359 38 93 U+4E5F 2171 2368 108 62 U+3055 1632 3327 52 60 U+3093 1655 1848 106 82 U+308A 1147 2621 40 106 U+3055 319 1143 42 96 U+306A 2169 2108 93 113 U+305A 1851 1834 76 93 U+4E0A 2178 1631 87 94 U+7B11 1505 923 93 106 U+3068 2199 3234 29 74 U+3088 458 2418 50 82 U+3044 610 3157 90 57 U+306B 1316 3229 47 68 U+3068 1326 2805 40 57 U+308B 2208 1158 50 77 U+306B 655 1036 41 63 U+3068 646 3212 35 70 U+306B 800 2902 44 68 U+3068 1353 977 46 60 U+3068 1329 1993 53 71 U+308B 1641 3394 52 64 U+30FB 1336 1773 50 44 U+3082 1679 2975 49 93 U+304F 1484 2911 44 93 U+306F 2168 3308 70 40 U+3068 2020 2678 50 63 U+4E91 775 3395 91 68 U+3088 1137 3060 38 75 U+3051 1500 1549 55 61 U+3068 2217 1240 35 72 U+308B 1666 2636 46 74 U+82E5 788 2687 85 114 U+30FB 1313 3384 48 48 U+898B 1466 3011 75 95 U+306B 2195 1867 43 66 U+306F 627 2201 68 39 U+3088 1330 1828 59 87 U+3068 489 1484 46 62 U+3084 1834 2296 81 124 U+85A9 1998 1918 104 158 U+306F 1508 874 65 35 U+3048 1483 3113 54 72 U+308B 1851 1937 52 74 U+308A 2042 1384 38 103 U+306B 1341 1600 49 73 U+306B 638 2727 37 69 U+4E8B 1680 1300 56 115 U+306B 466 2253 40 75 U+306F 1840 1586 80 41 U+5DDE 619 2384 92 108 U+305D 1510 1209 43 105 U+308A 1491 3281 51 128 U+306A 2018 1278 79 106 U+7BED 1802 2762 121 129 U+308A 2009 3203 38 89 U+51FA 2153 3379 82 79 U+4E5F 1658 1414 120 65 U+306F 1493 2384 64 31 U+5F35 1988 3394 95 78 U+3093 1104 3194 102 73 U+3088 295 2288 49 93 U+51FA 2184 1388 81 88 U+3068 1866 1373 48 59 U+3068 1676 2917 46 57 U+3070 321 965 51 91 U+305A 1676 1935 74 93 U+3068 816 2530 40 65 U+8FBA 634 2018 75 84 U+306B 1699 1009 37 72 U+3093 1651 2459 94 77 U+82E5 1313 2153 76 128 U+5DDE 1296 3158 94 85 U+8C4A 641 788 67 119 U+6284 1133 2045 95 77 U+306F 2006 2841 65 31 U+99AC 1843 2085 61 112 U+305A 1664 2535 77 99 U+306A 1990 3128 89 76 U+3089 1834 3058 55 86 U+3057 658 1478 19 115 U+53F0 611 2574 97 146 U+3068 804 3343 34 51 U+4E8B 807 1205 88 143 U+308B 2010 2993 56 67 U+304B 1335 1914 41 72 U+304B 1519 1407 33 61 U+305A 1841 2524 53 103 U+3068 1169 1116 43 48 U+9577 2184 2439 67 97 U+99AC 1675 1484 73 109 U+3093 2166 3010 92 80 U+3089 1691 3282 28 74 U+7D2B 1318 1478 90 124 U+3053 295 3016 35 66 U+305E 636 3068 66 107 U+304B 1149 2475 39 58 U+3092 2177 2006 92 99 U+3054 1674 2175 75 60 U+5965 623 2244 81 139 U+53E3 996 989 54 57 U+3084 1659 2347 93 49 U+3057 496 1304 17 117 U+305F 291 2812 55 74 U+304B 321 1551 27 39 U+3092 1840 2200 96 92 U+30FB 654 1228 52 38 U+3057 1533 1460 17 90 U+3051 292 2891 46 52 U+3058 349 1451 29 104 U+304F 2007 3057 43 83 U+3057 2232 2202 27 97 U+304B 1143 3135 31 63 U+3089 1689 2399 51 59 U+304F 1509 2059 35 102 U+30B7 1171 3020 48 36 U+7D2B 790 1884 96 108 U+304B 1866 1234 30 46 U+3089 2215 2943 44 57 U+3053 1523 1121 36 59 seg_fp 481 1606 61 43 seg_fp 1307 3116 59 55 seg_fp 481 1546 45 56 U+304B 304 2379 33 64 U+99D5 1822 2638 88 67 seg_fp 648 3030 32 39 seg_fp 1845 2688 47 66,brsk005-015
U+3066 805 1415 85 83 U+306E 792 2602 80 65 U+5185 2014 3299 92 92 U+3066 1150 1824 82 86 U+5357 1320 1852 103 118 U+308C 973 852 106 89 U+3066 1322 2169 83 84 U+306E 1509 944 93 74 U+6D41 1839 2293 119 109 U+3082 808 2171 52 96 U+3066 2192 2223 97 77 U+306E 1507 1360 83 84 U+3042 641 1018 78 88 U+3066 275 3023 75 72 U+306E 613 3082 79 81 U+306E 1670 1897 107 79 U+516B 2191 2466 111 60 U+25CB 1333 681 103 111 U+3066 785 3227 82 80 U+3066 287 1935 82 74 U+3092 2215 814 91 96 U+662F 1842 2614 98 108 U+306E 1327 1778 82 67 U+3044 1329 1417 79 56 U+3042 1861 1110 85 89 U+305F 1515 1760 61 80 U+53C8 1689 783 89 73 U+306E 2017 3066 88 62 U+3084 1660 2595 104 77 U+3066 1138 2745 84 90 U+3082 2044 2384 47 89 U+304B 1664 2301 95 65 U+3044 1333 1057 94 55 U+516B 1854 1964 105 59 U+8A5E 290 1244 94 91 U+308C 960 2069 116 86 U+308C 779 2511 98 91 U+3044 1686 857 89 63 U+25CB 1157 680 103 111 U+3044 1856 1457 79 61 U+3046 663 840 42 121 U+306E 291 1328 75 65 U+5B9F 1865 794 80 127 U+306B 1844 2722 96 77 U+4E91 2037 1207 72 80 U+3082 972 2904 51 87 U+305F 1339 959 88 83 U+66FD 1492 2592 81 120 U+3044 1161 809 89 57 U+3042 960 2992 80 83 U+4E91 289 2678 73 71 U+3044 807 1494 71 57 U+308C 1669 2162 93 88 U+4E91 1670 2446 80 79 U+3044 978 1086 82 63 U+66FD 1491 3264 76 108 U+3044 1315 2588 85 61 U+507D 2009 3138 110 101 U+662F 302 797 87 100 U+306A 1848 3153 82 68 U+6309 2007 2782 123 93 U+6C5F 2203 1409 95 82 U+308B 1858 2195 71 97 U+308C 1125 3189 109 93 U+306A 781 3351 94 82 U+5343 2020 2966 87 91 U+3056 1516 1549 75 66 U+308C 260 3197 99 73 U+52A9 2025 1482 95 90 U+3082 2215 2580 52 85 U+306E 2015 3238 79 62 U+308A 801 1904 73 98 U+4E91 966 2589 73 79 U+56FD 778 3071 105 93 U+6771 783 2965 92 99 U+306A 1682 2084 82 81 U+3084 1331 805 101 65 U+307B 279 3276 85 77 U+306B 2020 2887 91 77 U+5965 1337 1635 77 142 U+4F50 970 1554 93 99 U+3092 1335 1546 97 77 U+662F 793 2055 92 125 U+306A 621 1881 75 78 U+4F50 1133 2570 105 107 U+662F 281 2063 93 114 U+3066 975 1723 75 74 U+3044 1665 2669 86 56 U+3068 1868 2021 50 67 U+53CA 2194 1865 88 100 U+53C8 2024 1997 92 76 U+4E91 1147 2412 77 82 U+3078 1837 2144 111 50 U+4E09 2019 2250 78 65 U+4E09 1860 926 95 61 U+304E 1327 2315 92 108 U+3082 1357 1111 47 84 U+3075 1316 1474 102 69 U+3075 789 1550 99 66 U+3061 1665 3369 89 69 U+306A 1689 1082 81 81 U+90E8 1316 1970 108 142 U+308C 801 875 98 92 U+56FD 277 1805 105 77 U+3044 1667 2979 82 68 U+3044 2020 2474 71 52 U+96CC 1657 1973 118 110 U+3092 1155 1435 93 87 U+3075 288 1170 87 63 U+3067 647 768 88 72 U+3042 471 917 77 84 U+4E91 2211 1308 79 85 U+6238 2206 1479 64 106 U+52E2 270 2863 90 105 U+4E88 799 1132 109 123 U+3075 1311 2780 90 74 U+4F3C 1829 2812 106 80 U+4E07 1855 1861 79 93 U+3042 809 779 85 92 U+308C 953 3074 111 88 U+5343 2021 2145 72 97 U+4E5D 2190 3192 99 63 U+3044 2030 1639 79 59 U+25CB 281 676 108 110 U+3082 1174 1162 59 83 U+53C8 2062 1304 82 71 U+3069 811 2273 82 66 U+3053 278 2552 80 74 U+3075 1136 1358 102 72 U+3044 618 2034 79 58 U+306C 1509 1122 104 82 U+3075 970 1149 96 66 U+306B 283 1634 98 93 U+897F 276 1727 100 78 U+3046 981 2791 38 114 U+5DDE 805 1254 82 108 U+3084 1847 1781 101 75 U+8EE2 787 2678 104 109 U+306A 617 3255 76 95 U+3075 1845 1519 97 77 U+3068 1354 1354 50 61 U+5973 606 2997 104 69 U+3084 1153 915 96 61 U+306B 1505 1681 83 85 U+3069 978 2721 79 68 U+3046 640 2898 37 102 U+5F35 2190 1677 98 107 U+304F 1697 2352 37 99 U+5F25 2028 1365 106 115 U+4E5F 616 2284 102 72 U+30FB 2214 2310 48 46 U+5F7C 279 2359 91 94 U+3044 302 1112 72 56 U+30FB 2055 800 46 48 U+4E5F 1476 3372 122 70 U+3075 1665 1341 101 74 U+6545 1520 1210 87 78 U+308A 1146 2243 80 95 U+4ECA 1478 2965 122 115 U+3068 2056 1574 42 73 U+3044 2195 2666 79 48 U+3075 618 1501 96 83 U+3044 1317 2707 76 72 U+3075 1651 3047 100 73 U+3084 614 1736 96 60 U+8A9E 785 2790 97 110 U+4F0A 276 2760 93 106 U+30FB 1157 2888 47 45 U+91CE 2193 2047 82 98 U+307B 308 904 81 77 U+3044 1845 2090 79 50 U+3067 619 2829 90 71 U+4E07 1504 2205 71 109 U+3059 1681 2724 55 109 U+3046 995 1885 38 110 U+3075 2008 1701 106 69 U+3082 1870 2512 41 104 U+3075 2186 2715 96 60 U+3082 1881 1022 50 87 U+4E88 1139 1624 105 135 U+3070 1538 781 73 68 U+3046 1169 2033 36 112 U+3044 1155 1300 76 55 U+8A5E 2001 1786 64 70 U+3044 634 1440 81 57 U+306B 1694 2534 43 63 U+306A 821 968 80 82 U+3070 818 1815 69 82 U+3066 2191 3373 78 68 U+5C3E 2195 1574 109 101 U+306F 799 2010 67 38 U+3059 1700 921 55 100 U+30FB 1338 2262 49 49 U+4F0A 1146 1532 91 95 U+3075 1998 2527 113 64 U+3076 603 3365 97 64 U+3046 1183 979 31 121 U+4E0A 2198 1966 73 75 U+305F 1520 1954 45 94 U+3046 812 2342 37 104 U+306F 1144 2843 74 38 U+3069 298 3352 65 72 U+306F 632 1590 66 39 U+308A 493 998 44 104 U+3059 2047 858 64 93 U+8A00 1846 2405 87 111 U+3061 2214 923 76 91 U+308B 1520 2044 44 64 U+305F 1864 2881 45 68 U+306F 1673 1537 89 51 U+3067 642 1115 81 71 U+307E 800 2444 48 67 U+662F 1676 1415 93 122 U+6709 1510 2825 67 90 U+306A 1322 2492 77 91 U+304B 1683 2840 44 64 U+8FBA 2200 1779 76 77 U+6848 961 1297 102 120 U+3070 1165 2153 75 85 U+3078 1488 1919 113 52 U+3046 1705 1584 36 95 U+3044 621 1641 81 44 U+3069 820 1626 67 72 U+305E 2032 2664 78 101 U+3068 2220 1239 50 68 U+53C8 675 957 69 61 U+3069 1167 1963 76 69 U+3046 641 1789 33 105 U+306F 971 2675 67 35 U+306A 640 1282 75 76 U+3075 606 2091 90 64 U+306B 989 1665 43 58 U+3068 1880 1387 46 74 U+306B 993 1420 45 62 U+4E5F 783 2904 108 66 U+5B87 1486 3157 82 107 U+306F 1502 2927 63 38 U+3054 2047 1075 68 59 U+307E 981 1997 44 78 U+30FB 1169 1910 45 40 U+3089 2219 1080 60 75 U+3068 2060 1137 38 69 U+306E 2236 2976 62 56 U+307E 1002 785 39 68 U+305D 1690 1682 68 93 U+30FB 2032 2082 47 46 U+4E91 1500 3077 60 69 U+30FB 292 3096 41 46 U+8FD1 2249 2787 55 74 U+3068 2049 2316 37 70 U+306A 986 941 74 72 U+304B 292 1398 94 51 U+306A 630 2731 76 89 U+304F 1367 869 30 80 U+3046 982 3217 35 122 U+3046 1161 3011 36 105 U+308A 834 1049 45 93 U+304C 1345 2434 53 49 U+306F 1663 3265 75 48 U+304B 980 2170 55 70 U+30FB 307 2011 46 41 U+306B 1876 1707 45 72 U+306B 807 3162 36 68 U+306B 1171 1102 47 64 U+306B 1157 2688 41 62 U+53E3 1526 1303 64 52 U+3068 981 2520 51 61 U+304B 1190 867 34 47 U+3068 1162 2342 47 68 U+30FB 804 3303 43 40 U+308B 1519 1613 52 66 U+3046 648 1189 38 98 U+7D2B 623 2415 81 104 U+306B 2203 2153 63 71 U+308A 285 1533 82 97 U+8449 1495 2328 82 92 U+3082 978 3339 58 89 U+306B 830 1355 38 62 U+307E 632 3167 40 85 U+3046 818 1701 36 124 U+307F 495 756 30 80 U+306B 1165 1762 40 65 U+307E 978 2317 53 88 U+3069 328 979 62 76 U+3068 2045 2585 44 71 U+3053 283 3143 45 53 U+3069 1156 2943 53 66 U+3084 2068 1848 67 63 U+306B 2035 3395 43 50 U+4E07 2209 2368 79 93 U+304F 1663 3310 77 56 U+5408 1505 1018 112 104 U+306B 303 1878 44 58 U+306B 1341 2109 42 63 U+304B 1876 1327 39 62 U+571F 1159 2506 52 63 U+4E4E 1512 2490 54 93 U+3068 1532 1844 34 72 U+3046 2060 951 45 127 U+307E 1148 3116 54 73 U+8A18 617 2603 98 78 U+3046 1158 3349 36 91 U+3079 1828 3284 124 50 U+5E74 2239 2866 66 109 U+308A 2242 3136 48 64 U+9CE5 1674 3119 63 136 U+306A 2176 3001 46 64 U+3068 1174 1245 50 56 U+3068 305 2621 42 57 U+3068 2227 2520 35 60 U+308A 2184 3069 30 93 U+304B 1524 2120 33 54 U+3093 1864 1273 83 56 U+3068 491 838 34 78 U+304B 1129 3293 98 59 U+304B 1707 1023 40 56 U+3070 2184 2922 45 71 U+306A 1335 1196 79 84 U+3068 1007 1006 37 95 U+571F 987 1489 57 62 U+306B 294 2967 40 59 U+3068 1688 2905 43 77 U+308B 1864 2948 51 66 U+3069 661 1355 59 85 U+308B 1870 3224 49 63 U+306F 313 1449 39 80 U+5408 1496 1448 111 55 U+9CE5 1687 1769 69 129 U+304F 2228 1154 38 75 U+3053 2186 2793 37 52 U+304B 645 1684 37 55 seg_fp 1522 1484 62 64 U+65E5 646 2536 39 47 U+3053 299 2290 49 52 U+306F 1678 2260 64 36 U+3068 2194 2851 25 69 U+3046 988 2239 34 87 U+3057 1562 849 30 96 U+3068 641 1958 34 76 U+3069 1711 1159 60 87 U+3069 991 1805 77 74 U+3057 1883 3321 20 122 U+308A 2085 1914 40 69 U+3068 1345 2638 32 68 U+306F 2087 1778 31 70 U+3068 1489 2712 84 107 U+3057 317 2181 20 98 U+30C4 1905 991 47 41 U+3044 1674 1280 83 57 U+308C 974 2405 68 98 U+306F 2246 3037 37 51 U+3057 1378 1283 20 71 U+5DDE 2186 3256 89 103 U+4E8B 1843 3007 90 145 U+30CB 1543 2451 30 26 U+3084 2239 3091 63 47 U+309D 327 1052 22 58 U+3089 1899 1200 30 77 U+304B 988 3160 39 53 U+610F 619 2164 74 116 U+610F 1867 1598 58 107 U+304B 2023 1865 22 36 U+304F 2237 1013 30 65 U+3057 310 2457 18 91 U+30CB 687 2703 30 30 U+306B 2216 3327 36 50 U+309D 1703 1254 31 34,brsk005-033
U+3066 795 1713 90 77 U+3066 1669 1751 79 85 U+3066 1656 3064 92 85 U+884C 797 2109 91 114 U+3066 2193 895 87 84 U+53C8 605 2539 100 79 U+4E5F 1838 2265 106 79 U+3066 1138 2365 94 77 U+3092 617 1963 100 92 U+767A 439 2277 95 114 U+53C8 1317 1079 100 71 U+3092 611 3277 103 92 U+3044 435 2092 91 57 U+4ED6 787 820 103 98 U+8A5E 2016 1783 89 94 U+3080 1669 980 96 79 U+3066 629 1827 78 82 U+306E 1856 966 76 68 U+306B 1131 2715 92 75 U+5185 1676 1147 82 97 U+3066 2024 949 75 80 U+3066 1493 1396 80 86 U+3082 2220 1510 47 82 U+8A5E 437 816 102 89 U+3082 2051 1030 46 86 U+3066 442 3106 80 83 U+3042 285 1447 81 81 U+25CB 791 705 109 100 U+3044 605 2619 97 61 U+540C 793 1835 94 93 U+25CB 1668 716 106 106 U+3055 962 2429 98 88 U+53C8 619 1068 98 88 U+3066 799 2986 80 71 U+3044 2197 980 83 58 U+3092 628 1478 92 90 U+4F50 1132 2215 108 103 U+3066 1848 1493 82 83 U+304E 1657 3202 105 92 U+672C 442 1087 99 92 U+3066 970 2107 82 82 U+662F 956 2894 95 106 U+306C 2021 1502 87 67 U+306E 1671 1247 82 62 U+306B 845 2542 72 66 U+8EE2 1314 810 112 101 U+6771 2179 3398 92 97 U+306B 792 2040 99 86 U+3092 1852 1244 88 83 U+7686 1489 2150 80 105 U+3056 452 2149 73 77 U+757F 1683 1063 85 93 U+56FD 432 2942 104 108 U+3044 1667 2243 81 63 U+3044 2004 3439 93 59 U+3044 794 2277 74 65 U+308C 1489 2045 110 100 U+884C 620 1365 89 121 U+306E 1483 3433 77 62 U+3044 446 1702 82 54 U+5742 1126 1567 124 76 U+884C 621 821 86 106 U+7269 2187 1601 104 87 U+4F11 1127 3258 112 106 U+3075 2192 1962 95 83 U+8A9E 1843 1031 101 95 U+4E91 628 995 69 69 U+306C 2008 2531 99 73 U+3080 1659 2097 97 89 U+4E91 623 2454 74 78 U+3064 1123 2552 108 79 U+3044 2022 1313 85 57 U+3044 2199 1371 75 65 U+4E5F 272 2812 108 72 U+7FA9 1315 1157 105 127 U+3093 787 3161 111 75 U+4E5F 451 903 111 82 U+6771 965 1903 92 133 U+304D 1134 2614 77 100 U+8A5E 275 1271 101 108 U+3082 986 2809 50 86 U+3092 2185 2702 98 100 U+50AC 1836 1585 96 101 U+3070 1520 816 70 72 U+610F 2185 2975 86 124 U+308C 2188 2045 99 89 U+4FC3 1835 1690 111 93 U+3080 1491 1733 103 90 U+3062 1860 818 91 85 U+53C8 1131 2032 113 72 U+6771 1669 1568 75 119 U+3066 2011 3350 67 73 U+8A98 612 1151 96 130 U+306C 2195 1227 95 77 U+5FD7 795 1941 92 93 U+5FC3 1839 1941 93 65 U+306A 1321 1837 85 92 U+5531 273 2570 107 104 U+3044 1138 1082 79 54 U+3092 2202 1874 90 83 U+306B 960 3002 93 79 U+3075 1132 1141 91 73 U+6771 437 2863 100 92 U+3056 461 1756 71 80 U+8A98 606 3382 99 103 U+3044 2025 1116 88 49 U+25CB 1131 701 109 103 U+3084 1317 984 93 78 U+4E91 1508 1024 68 81 U+304B 2185 2232 88 52 U+3075 268 2675 105 73 U+3075 1127 2908 96 69 U+306B 456 3049 50 64 U+308B 297 2746 57 69 U+3092 792 1332 106 101 U+632F 1472 3329 123 84 U+306B 2188 2626 88 80 U+7269 1841 1169 109 76 U+5927 1138 1483 90 79 U+306C 2179 2413 100 69 U+308B 612 2257 106 92 U+4E91 2020 2668 73 84 U+306B 1668 2375 89 84 U+5F53 1669 2460 94 111 U+304E 1695 830 85 78 U+306A 2183 3100 84 86 U+3070 1507 2953 75 71 U+7DCF 1650 2906 120 96 U+3072 966 3072 86 99 U+3075 1658 2306 100 73 U+6709 458 1509 66 102 U+4E5F 1650 2760 116 69 U+8A9E 444 2394 80 96 U+56FD 785 1568 102 86 U+3044 1134 2847 83 61 U+4EBA 596 3196 126 96 U+3044 2007 2118 90 57 U+308B 1518 894 51 64 U+308B 284 3291 51 76 U+3056 619 2677 78 81 U+8FBA 1136 1939 83 86 U+8A98 440 1316 106 128 U+983C 1841 1335 92 93 U+3092 1140 1363 100 103 U+606F 980 1061 91 95 U+3044 961 2668 84 60 U+306A 2192 2804 80 84 U+306A 1498 2338 88 91 U+306F 440 2236 70 35 U+306B 1861 2013 40 70 U+6771 792 1441 95 127 U+3084 1649 3418 108 77 U+305B 615 2896 74 70 U+3075 1301 1627 102 82 U+4E8B 1331 1707 53 134 U+4E0A 1662 2828 74 79 U+306B 1681 3003 47 64 U+3075 431 2731 102 69 U+3066 974 905 71 77 U+3068 1153 1007 61 75 U+306F 450 2036 71 40 U+5DDE 620 1679 90 103 U+4E91 2195 2550 80 76 U+305A 1132 3397 107 105 U+5DDE 1140 1845 89 99 U+5C3E 626 1576 102 108 U+7528 1856 2080 55 102 U+53C8 455 1614 83 78 U+76F4 1148 825 72 97 U+5F35 1317 1383 109 111 U+3042 2013 1873 77 72 U+9023 781 968 97 126 U+306B 1157 922 51 84 U+3055 452 2556 54 64 U+4E5F 431 2799 125 57 U+8A9E 1671 1309 88 98 U+305F 299 1531 50 68 U+3050 974 2336 73 94 U+610F 1128 3093 90 155 U+8005 1312 1271 94 121 U+3062 2020 2176 89 79 U+4E91 1502 1887 82 82 U+306B 299 1372 43 71 U+6B5F 1479 2616 102 89 U+3092 979 1332 90 115 U+571F 1150 2146 64 68 U+306F 2031 1449 71 46 U+4E5F 964 1722 113 58 U+591A 2012 2874 88 108 U+4E5F 447 2492 87 60 U+3092 1494 2259 90 79 U+308B 1677 2574 55 70 U+95A2 967 1786 92 119 U+3059 986 1431 56 95 U+3066 627 1276 83 84 U+308B 1863 1875 48 61 U+3064 436 1893 98 75 U+3066 788 3379 85 83 U+4ED9 1493 1124 110 85 U+3059 1861 1776 50 98 U+308C 2016 1943 80 87 U+4E91 285 1191 71 74 U+305B 447 1961 80 72 U+4E5F 1661 1406 112 72 U+3062 2023 2373 87 94 U+305A 2201 2124 84 100 U+78E8 803 2857 68 80 U+304B 266 3190 94 54 U+307E 2207 2287 48 75 U+30FB 1676 3152 49 46 U+3075 2186 1436 93 73 U+3068 304 2204 51 62 U+3068 1524 963 51 59 U+7269 969 1242 109 87 U+3082 297 1910 47 89 U+8005 1470 3236 99 95 U+5171 2023 2027 63 88 U+7FA9 1473 3122 110 129 U+3068 631 2973 49 55 U+308D 2197 1035 85 99 U+5C3E 1132 1735 116 114 U+306B 2222 828 42 65 U+5FC3 1483 2535 88 78 U+308D 2037 1167 62 71 U+3044 1139 2494 79 62 U+3075 955 2731 103 78 U+3070 301 2272 76 81 U+5176 1154 2980 46 113 U+308B 1855 2194 51 70 U+3044 281 1687 84 62 U+3068 1693 2182 46 66 U+306B 2214 1684 50 75 U+3068 993 2597 41 76 U+30FB 1684 1843 48 42 U+3068 2030 2610 54 55 U+4E8B 966 1592 79 132 U+3064 797 3100 77 60 U+3064 607 2821 95 84 U+64AD 777 2736 115 117 U+306F 1143 2109 68 37 U+304E 1491 2719 93 89 U+3084 1304 2012 103 67 U+3082 634 3102 60 85 U+3068 300 1125 45 61 U+304D 1662 1999 98 109 U+3059 976 2233 58 99 U+3078 254 3247 112 47 U+306A 2026 1578 68 80 U+3065 615 2110 107 68 U+306B 980 1167 72 68 U+306E 2007 1719 91 62 U+306F 2216 1140 44 86 U+308B 304 1600 42 57 U+306E 795 3238 63 53 U+3055 289 808 57 68 U+3044 1320 1561 81 63 U+306B 1349 913 35 71 U+3053 629 2058 65 60 U+306F 259 3129 84 41 U+305D 454 2636 55 89 U+53CA 1139 1649 93 99 U+306F 1474 3079 81 46 U+53F0 1499 1199 100 130 U+3068 1519 1827 45 58 U+306B 1684 1689 41 63 U+3075 782 2347 96 57 U+308B 1506 3022 52 55 U+3044 278 917 78 46 U+3068 635 2388 50 65 U+306B 991 2043 39 66 U+884C 797 1223 94 119 U+3075 2016 1234 93 73 U+4E91 611 3030 74 72 U+3068 1166 2790 42 68 U+65B9 2008 2754 88 118 U+308B 1878 902 49 57 U+3068 2219 1311 45 57 U+3055 450 3231 51 78 U+306C 278 2963 81 72 U+51FA 444 3399 74 63 U+3068 649 916 33 87 U+7D00 443 1187 104 77 U+306F 2190 2369 74 43 U+3068 1350 1496 33 76 U+306B 1519 1337 38 59 U+304B 275 2353 99 61 U+3068 817 2213 43 65 U+30FB 815 1791 46 38 U+3084 1472 2885 111 59 U+3053 1513 1976 52 69 U+65E5 451 1021 50 48 U+3068 467 1445 37 62 U+3068 309 1844 33 69 U+30FB 986 2187 45 43 U+3075 771 3291 101 81 U+5C3E 2008 3103 108 122 U+3056 297 1755 62 69 U+3079 2177 3220 105 56 U+95A2 1663 1470 93 105 U+306B 2045 898 44 55 U+53C8 279 1996 94 66 U+3065 1493 1647 105 88 U+308A 1669 1891 76 104 U+3057 1491 2812 94 72 U+30FB 1166 2447 44 39 U+306B 1162 2309 41 61 U+3057 1004 798 18 107 U+30FB 649 1919 38 38 U+3055 294 2086 52 84 U+306F 1849 1132 74 31 U+3058 1522 2423 49 108 U+306B 816 1657 45 59 U+306B 643 1766 41 61 U+3069 2053 1642 71 80 U+6240 837 2475 75 62 U+3057 1011 3230 23 135 U+3046 305 1014 31 92 U+3044 280 2918 72 38 U+7ACB 785 1101 97 110 U+3082 769 2504 42 65 U+306A 259 3365 90 59 U+3057 1709 905 21 97 U+308A 1341 1932 36 84 U+56FD 2026 820 100 71 U+3068 1007 3153 31 77 U+3068 821 911 29 61 U+30FB 814 3055 43 41 U+3089 2046 1374 41 78 U+308A 274 3421 69 71 U+308A 322 2402 34 86 U+3057 2053 2988 19 99 U+308B 2042 2257 39 67 U+3089 2042 2469 48 64 U+3044 840 2615 65 31 U+4E8B 1140 1214 91 139 U+3082 309 2487 49 78 U+307E 977 2505 61 93 U+30FB 1522 1489 50 40 U+3057 2218 3263 19 120 U+308B 996 1526 42 64 U+624B 2212 1764 55 108 U+304B 304 962 27 50 U+3044 2025 2324 76 46 U+306B 822 2924 32 65 U+3044 766 2595 54 42 U+304E 1507 1552 89 101 U+307F 1870 1434 32 59 U+5DDE 2012 3216 83 95 U+3068 784 2432 25 68 U+3057 2241 2880 24 109 U+3089 645 2181 42 78 U+304B 470 1841 31 52 U+3068 2213 2491 47 58 U+3057 1684 3295 21 114 U+308B 2200 3186 58 44 U+3075 769 2643 70 58 U+5FA1 447 3345 74 39 U+309D 653 2337 30 54 U+304B 640 2762 29 61 U+306B 2042 3293 34 56 U+8A00 1659 2675 79 92 U+308B 307 3040 42 56 U+304B 859 2646 29 39 U+30C8 1034 1016 28 38 U+307E 1152 3358 33 58 U+30FB 464 3312 34 27 U+30FB 310 882 27 30 seg_fp 1653 2644 100 46 U+3075 835 2694 68 36 U+4E00 840 2439 60 13 U+30CB 505 1284 31 24,brsk005-035
U+3066 822 2480 98 81 U+3066 143 2663 88 89 U+3082 659 2980 65 90 U+3066 1530 2465 95 84 U+3066 140 1560 95 88 U+306E 646 2802 90 67 U+3066 1521 3359 95 70 U+3066 1542 1468 69 77 U+3066 305 2591 87 85 U+3082 1030 1959 55 99 U+3066 1713 1232 84 92 U+306B 655 1211 93 79 U+6BDB 653 3162 99 88 U+306B 660 2096 93 75 U+5E30 2050 1689 96 85 U+3082 847 2626 53 92 U+6C5F 143 2533 91 85 U+3066 1007 1767 87 86 U+8AF8 2042 2293 102 105 U+3067 1357 868 96 83 U+5916 1524 827 97 104 U+5916 1340 2335 104 109 U+3066 1355 2618 84 79 U+3044 136 1969 95 64 U+6545 649 2001 98 99 U+306B 833 1864 88 81 U+308C 648 1381 99 89 U+8A5E 2041 2158 104 106 U+25CB 1522 705 106 104 U+306B 1706 2324 89 85 U+3092 662 3252 75 70 U+304B 142 1707 86 60 U+3066 307 1357 91 94 U+306E 1873 3185 77 62 U+6771 823 2324 97 99 U+3082 498 1074 53 99 U+306E 997 1066 82 59 U+6B66 304 2443 104 104 U+7F9A 823 815 115 98 U+5DDE 1515 3212 95 90 U+306E 2049 2080 81 67 U+3092 1530 1146 101 110 U+306A 317 2838 73 92 U+7269 994 820 117 78 U+306E 1531 950 83 56 U+7126 306 821 81 94 U+4EAC 297 1166 100 121 U+3044 1880 2852 77 54 U+5C3E 131 1041 119 101 U+306B 1007 2712 93 74 U+306D 1698 1670 113 94 U+767D 661 1517 68 82 U+3042 1534 1596 76 71 U+767D 658 3078 71 74 U+4E91 1014 3380 68 62 U+306A 1888 3370 74 78 U+7269 647 2732 91 70 U+306F 1351 2928 87 86 U+305A 655 3402 109 93 U+3092 828 1208 103 78 U+6BDB 652 1609 108 99 U+306E 1349 2863 83 65 U+308C 993 2132 100 89 U+5DDE 1525 2324 83 85 U+3092 652 1707 99 84 U+6771 304 2341 93 95 U+3075 1693 2048 99 69 U+25CB 1874 709 107 107 U+5185 1883 1418 89 104 U+24FA3 996 957 106 112 U+3092 299 1057 95 103 U+305D 1375 2693 51 88 U+5DDE 1712 1087 90 99 U+25CB 294 697 106 109 U+548C 1002 2970 90 103 U+5E30 2049 1120 100 83 U+304D 1879 2675 67 96 U+304B 1008 1910 91 62 U+3092 1706 2604 90 90 U+25CB 996 699 108 112 U+3075 638 2648 92 73 U+308B 1019 2217 62 66 U+5916 1352 1511 93 114 U+306D 1856 2575 115 104 U+306B 1711 1581 87 90 U+662F 821 3020 96 110 U+3044 1712 1988 78 58 U+3066 489 945 78 80 U+3044 1702 2705 80 57 U+4E91 1007 2348 81 74 U+4E8B 1534 1007 81 141 U+623F 1514 3095 96 118 U+3084 135 2808 102 76 U+5965 1530 2201 75 122 U+3075 1861 2905 105 66 U+6545 837 1755 85 110 U+81ED 304 926 96 124 U+305A 659 1880 102 120 U+7DCF 1523 3009 112 88 U+24FA3 649 2875 110 104 U+56FD 1529 1331 96 76 U+7565 1876 3246 96 123 U+7DCF 1001 1607 107 94 U+7269 647 916 103 74 U+9678 1528 1991 98 110 U+5DDE 1878 2104 95 110 U+7269 826 1426 108 98 U+304D 1718 1770 61 72 U+6C5F 137 1341 91 78 U+304B 483 1017 84 63 U+3066 1880 2345 70 79 U+53CA 1534 2102 93 102 U+81ED 370 2247 57 81 U+540D 835 1947 78 98 U+8FD1 134 2421 91 107 U+3044 1713 1381 80 60 U+3068 1549 2603 56 63 U+3075 1177 1355 86 76 U+308C 473 1246 92 76 U+306F 1550 2676 59 80 U+5230 657 1288 86 98 U+3066 2056 1833 75 77 U+8FBA 149 1421 73 71 U+306E 1011 2907 80 67 U+3050 152 2892 77 83 U+540D 1003 3070 93 103 U+4E91 143 2093 85 84 U+3044 1364 1019 74 56 U+6839 1872 2972 109 90 U+306A 1195 1079 71 85 U+6848 995 2593 106 117 U+5C3E 1879 1659 108 104 U+304B 835 2573 88 50 U+757F 1895 1309 96 113 U+304B 1002 3185 87 61 U+3082 669 987 48 107 U+3082 1883 2423 67 86 U+3082 1204 1219 49 87 U+3067 2064 1554 66 65 U+3060 1538 1666 83 87 U+5F35 1875 1763 99 106 U+56FD 2040 2395 98 92 U+64AD 1861 1980 126 125 U+304F 310 2939 85 72 U+7AEF 1346 2446 95 102 U+3059 1721 2160 51 87 U+4E91 154 3165 69 75 U+306F 1355 2288 82 39 U+3058 1003 2059 106 75 U+3053 325 1656 53 57 U+3044 1190 1288 71 67 U+306F 1207 795 48 76 U+3068 1386 967 48 51 U+3068 1899 2781 43 66 U+304D 320 2748 62 88 U+76AE 835 1105 79 102 U+3044 650 2582 79 63 U+3057 822 2725 92 71 U+4E91 317 2028 80 82 U+4E91 1544 1805 70 77 U+3082 1028 3240 59 83 U+3075 1691 2761 100 78 U+304F 312 1721 84 62 U+306B 1546 3300 38 60 U+306F 1013 3449 78 36 U+3068 1382 805 45 62 U+3068 1023 3329 49 50 U+3064 1703 1442 98 65 U+3075 1348 3190 85 71 U+304B 2043 2850 102 54 U+30FB 1552 2545 50 42 U+7F8A 835 921 60 109 U+3044 499 1427 66 63 U+751F 1001 1132 64 81 U+6728 356 3314 62 79 U+3093 308 1563 108 95 U+3079 1717 805 99 110 U+8FD1 1718 2411 76 96 U+3044 1357 3136 74 52 U+6C08 998 2784 108 115 U+30FB 159 1649 42 41 U+3068 1386 2774 37 91 U+897F 1529 1261 91 71 U+308A 861 3208 37 84 U+3075 1345 1075 97 72 U+3068 670 2518 57 72 U+3075 644 849 93 67 U+30FB 1729 1330 48 44 U+969B 1869 3079 105 98 U+3044 659 802 76 47 U+6B64 2051 1990 86 85 U+306F 1197 993 46 82 U+51AC 657 1095 65 116 U+3044 302 3074 94 56 U+95A2 829 2213 94 113 U+3065 825 2042 118 68 U+4E91 319 3196 66 76 U+3092 1018 1425 84 96 U+308A 663 2406 63 105 U+571F 1732 1018 65 69 U+6240 1699 2509 98 93 U+306B 1020 903 43 51 U+8A9E 1328 1822 61 74 U+306F 2059 1075 68 34 U+6709 1366 1692 57 108 U+306A 2074 877 48 87 U+306A 836 3139 74 68 U+306B 841 2426 48 62 U+751F 667 1795 59 90 U+306B 1902 2287 38 58 U+3058 512 1177 54 77 U+672C 1366 1268 88 88 U+3068 331 1960 49 63 U+751F 661 3326 60 73 U+306A 292 3371 47 67 U+306B 1376 2552 38 71 U+3044 140 3048 84 50 U+306B 169 1495 41 71 U+4E0A 1009 1531 78 78 U+540C 1870 980 58 72 U+3055 319 3013 56 70 U+308A 303 2227 31 83 U+306B 1732 1852 44 61 U+3055 329 1785 53 67 U+308B 517 1309 46 60 U+51AC 826 3302 93 73 U+4E5F 1707 2830 111 71 U+3075 509 1492 60 65 U+7D19 354 2156 94 77 U+306B 168 2604 43 63 U+5F35 136 1145 101 75 U+305D 2072 2560 43 74 U+3055 151 1895 46 80 U+3044 288 3442 59 47 U+74DC 835 3393 90 72 U+3068 174 3095 34 69 U+30FB 170 2755 42 40 U+306B 1554 1411 41 60 U+304B 312 1515 87 48 U+304B 852 2802 39 57 U+3055 152 2976 53 75 U+4E5F 1196 1434 89 63 U+304D 1717 1492 59 90 U+3084 1324 1952 71 70 U+4E5F 2050 1345 116 57 U+30FB 1028 1859 45 41 U+305F 1881 1596 69 67 U+9060 144 1223 81 111 U+3059 847 1589 51 100 U+304B 642 2182 110 43 U+4E91 830 2935 75 77 U+4E0A 1540 2922 64 79 U+306B 1030 1701 42 73 U+5E38 1534 1887 75 105 U+308B 1894 3446 55 53 U+30FB 1550 1548 44 39 U+3068 1209 1165 43 53 U+306E 828 1056 72 53 U+306F 666 1476 65 35 U+3064 480 866 86 79 U+969B 1879 823 114 125 U+306B 327 1288 36 70 U+3078 2038 2637 121 53 U+3053 154 1762 52 60 U+3068 1370 3075 44 60 U+3068 511 1368 44 58 U+304F 148 1825 74 67 U+3075 2055 971 81 68 U+3068 1749 1905 35 80 U+306B 329 2532 42 64 U+3068 1372 2047 51 57 U+306A 285 2157 51 69 U+610F 1354 3261 71 128 U+306F 1195 955 58 38 U+30FB 327 1452 42 39 U+3070 1946 1077 51 68 U+307E 1902 1508 47 89 U+3068 1025 2281 53 64 U+3068 1554 2760 46 52 U+6B5F 1344 3394 94 90 U+4E91 1533 2817 77 87 U+30FB 1898 2523 47 43 U+3068 1377 1621 32 74 U+6577 832 1307 95 116 U+3050 1726 2249 59 77 U+3066 353 3444 65 51 U+304B 2044 2496 96 51 U+4E91 1940 1198 54 59 U+8FBA 1881 2206 81 73 U+30FB 329 2682 43 41 U+3068 1380 2207 33 80 U+3057 338 1847 22 109 U+548C 139 3248 86 81 U+5C3D 2043 2671 93 107 U+304F 848 2112 35 99 U+308B 1016 1347 53 71 U+306F 1723 2117 56 37 U+306B 1734 1177 41 59 U+306B 155 3443 43 56 U+3068 1565 1750 34 56 U+306B 1943 1259 60 49 U+3068 158 2031 56 63 U+306B 1553 2403 38 64 U+65E5 1379 1201 41 48 U+3092 125 2201 52 65 U+306B 190 802 55 51 U+306E 1405 1970 52 62 U+3068 848 2864 52 65 U+3072 192 919 55 69 U+5FC3 1875 1144 54 56 U+306B 846 1520 41 65 U+3082 678 2221 47 105 U+308B 855 1690 48 65 U+306F 2061 2253 56 34 U+4E91 130 793 44 59 U+3068 339 3119 33 75 U+3093 2054 1497 85 54 U+3057 1227 869 23 80 U+305D 1950 989 33 77 U+7D00 1364 1362 96 71 U+3093 2055 1279 90 68 U+308D 130 960 41 52 U+3044 2053 818 81 41 U+30FB 1540 3435 37 36 U+4E0A 1406 1833 55 56 U+4E16 1411 1908 55 45 U+306B 191 2308 65 80 U+4EAC 191 2206 51 101 U+305F 2064 2895 60 60 U+307B 197 856 47 63 U+3046 675 2322 30 89 U+3053 132 857 36 44 U+308A 2083 1770 41 68 U+306F 1372 2115 46 93 U+3057 1411 3006 22 84 U+3057 1891 1050 18 90 U+306B 1344 1895 29 52 U+4E5F 2046 1903 110 70 U+306A 130 2267 36 64 U+3068 210 992 36 50 U+3057 1749 915 28 95 U+306F 287 3314 48 27 U+8FBA 1879 1857 83 115 U+3044 2057 1437 70 54 U+3089 2091 1205 47 77 U+306B 372 3392 26 49 U+3068 1949 1152 33 41 U+3088 505 797 37 70 U+6CC9 136 3376 91 69 U+3068 848 3456 47 45 U+306F 2070 1630 54 37 U+304B 1885 1209 29 49 U+3057 2090 2781 19 70 U+30CB 1418 1473 27 27 U+3057 1035 1210 26 124 seg_fp 150 3325 63 68 U+309D 140 905 23 48 U+3057 146 2323 18 86 U+305F 1016 1288 40 63 U+5982 2057 1945 66 51,brsk005-036
U+3066 586 2747 82 81 U+3066 591 1055 83 79 U+306E 943 935 77 69 U+3066 1115 1985 86 78 U+3066 936 1800 100 84 U+3066 1124 1132 78 74 U+3066 942 2543 90 82 U+3066 769 2295 95 87 U+3066 1463 2223 82 82 U+3066 1640 2124 79 88 U+306B 75 2173 98 78 U+3066 1281 3032 91 87 U+306E 1114 2237 77 70 U+3066 1299 2050 76 82 U+540C 244 1923 90 103 U+3066 587 3437 83 82 U+3066 1642 1193 75 70 U+8A5E 239 1605 99 106 U+938C 1639 927 102 94 U+3066 939 3217 79 71 U+6C5F 935 3085 93 88 U+3066 422 1512 89 88 U+3066 777 1389 68 83 U+3066 1804 2796 84 79 U+524D 759 2860 99 128 U+306E 1979 1126 80 74 U+4E91 774 917 71 77 U+4F50 588 903 96 88 U+8EFD 1103 971 109 98 U+3066 762 3053 94 83 U+3066 1826 1863 76 87 U+56FD 244 1054 94 117 U+306E 1981 2438 82 75 U+9678 1114 1818 97 115 U+5927 254 1712 82 82 U+3066 241 2223 90 85 U+3044 934 2062 94 69 U+308B 944 1298 106 76 U+7570 230 2460 92 113 U+9B3C 1472 858 100 110 U+306E 230 1227 92 71 U+6D25 1106 847 106 127 U+53F0 1284 2825 104 133 U+76F8 1805 2527 105 87 U+8AF8 70 1629 97 110 U+5185 938 2382 90 102 U+306B 948 1106 75 71 U+3066 1451 3134 95 77 U+56FD 1292 1112 86 87 U+5F8C 577 2587 110 113 U+3084 574 2882 91 79 U+3089 1127 2385 62 97 U+3066 78 3086 72 68 U+4E91 590 3086 77 72 U+3044 1294 913 79 57 U+53C8 1296 1577 94 80 U+9678 417 1240 98 97 U+4E91 939 2890 85 77 U+4ED9 1637 1847 107 84 U+53CA 1295 1202 83 88 U+6A21 1792 2626 111 107 U+306B 80 2784 93 82 U+5965 427 1329 76 124 U+306B 76 1079 82 88 U+3044 932 2762 88 70 U+4E91 1643 1763 75 75 U+4E5F 239 2567 102 75 U+9580 772 1126 88 87 U+5742 1442 3005 121 74 U+306B 1981 1959 89 90 U+4ED6 937 856 98 79 U+80A5 753 2776 125 89 U+4E91 1818 2444 79 73 U+306A 246 3241 62 81 U+4E91 1650 848 71 68 U+3044 594 1295 84 55 U+4E91 1126 1610 73 87 U+3044 600 1415 71 57 U+306B 243 974 88 79 U+524D 572 3266 104 103 U+3075 412 1168 89 72 U+3093 1799 3189 103 64 U+6771 1293 1035 98 86 U+25CB 1459 738 105 103 U+306A 84 2636 83 87 U+308F 1473 974 81 62 U+4E2D 74 974 86 115 U+8A9E 943 1384 97 101 U+3066 85 1883 78 85 U+8A9E 229 3136 104 104 U+25CB 1809 742 105 99 U+53F0 1644 1922 97 132 U+6708 1989 2263 70 95 U+3084 1986 2755 89 84 U+4E91 426 1893 72 78 U+3066 1472 1451 80 82 U+3054 1301 2299 80 68 U+6C5F 1472 1214 82 86 U+308C 1816 984 88 81 U+843D 1980 1350 95 116 U+53C8 631 1574 70 64 U+308F 1465 1704 81 58 U+3042 942 1961 84 99 U+65E5 1998 2347 52 86 U+8D8A 577 3180 108 107 U+3044 80 1403 67 62 U+308B 254 1506 71 94 U+56FD 71 1739 99 82 U+4EAC 1460 2052 92 112 U+308C 1799 3043 104 93 U+9B3C 1114 2119 92 115 U+304A 1118 1276 91 64 U+3075 588 1473 93 67 U+3082 254 2856 52 72 U+30FB 1475 2301 47 45 U+80A5 1284 1665 124 74 U+3044 243 2707 72 54 U+5E38 1118 1708 88 110 U+307C 1454 2676 111 74 U+3064 1462 2353 87 68 U+8EE2 227 3037 101 101 U+4E91 763 2674 81 84 U+4E91 774 1917 70 86 U+306D 928 3348 110 103 U+50D5 637 2120 66 77 U+304F 1981 1467 86 65 U+6709 65 824 82 107 U+8A9E 66 2517 103 112 U+4E91 947 2190 69 82 U+308B 101 1510 46 65 U+8FBA 1301 1501 73 72 U+3044 1639 2746 67 58 U+3044 581 2968 91 50 U+9B3C 1467 1589 100 103 U+30FB 1818 2879 53 50 U+4ED9 1280 2748 109 85 U+3068 260 2647 48 60 U+3075 1289 970 92 66 U+4EBA 1992 3428 97 82 U+25CB 939 740 105 96 U+30FB 781 2380 53 43 U+4E91 1121 2553 72 65 U+306E 1981 1288 78 61 U+3068 1314 858 42 60 U+4E0A 65 3206 88 66 U+3075 229 1425 101 76 U+5C11 246 2305 93 70 U+9577 768 1010 84 112 U+8FD1 938 2977 81 101 U+3054 1823 2302 95 61 U+3055 1990 2958 65 78 U+4E91 1288 3451 77 73 U+897F 1987 3277 86 72 U+757F 955 2275 74 105 U+307C 1454 3436 89 71 U+3084 1798 3320 89 65 U+3091 586 1195 94 87 U+4E91 1460 2827 82 75 U+7B54 955 1176 69 110 U+306E 1869 1408 60 60 U+3044 415 1756 85 61 U+306E 640 2201 54 61 U+3058 1805 3248 88 66 U+30FB 613 1143 49 49 U+308B 1990 1539 74 88 U+307B 1987 1638 87 66 U+3068 786 855 48 58 U+96F2 1819 1672 82 113 U+3093 1808 2234 105 82 U+547C 931 1015 96 90 U+9577 1300 1779 69 86 U+30FB 596 2828 47 47 U+306A 1988 1793 78 95 U+3075 1617 2806 102 71 U+30FB 1476 3211 44 41 U+308C 1624 2378 106 86 U+3072 636 2372 62 71 U+3080 1445 3264 97 81 U+307C 1827 1139 92 86 U+30FB 1656 2215 46 43 U+3068 609 3025 44 57 U+8D8A 584 2496 102 111 U+3088 1994 3047 51 86 U+306B 602 3370 39 71 U+306B 949 2475 49 71 U+3055 1129 2313 48 65 U+5404 227 2941 103 98 U+5927 1455 2916 91 87 U+30FB 1135 2064 47 41 U+308C 1640 1459 84 80 U+306B 605 2688 39 66 U+4E91 1469 1962 77 81 U+3068 1838 2371 45 69 U+6771 947 1651 86 92 U+3044 755 3300 91 43 U+77F3 1979 891 83 86 U+30FB 1308 2132 45 45 U+4E91 1299 2510 83 74 U+8FBA 777 1202 69 123 U+30FB 783 3137 47 42 U+305F 646 2262 39 60 U+30FB 1299 3117 46 44 U+3069 2011 1701 56 92 U+9B3C 1270 3163 106 118 U+6238 1472 1294 67 93 U+305F 1482 1756 51 59 U+5009 1642 1026 91 105 U+3068 961 2128 46 61 U+30FB 1142 1208 43 41 U+3075 751 3453 88 69 U+30FB 960 2621 50 49 U+30FB 963 1894 50 42 U+4E5F 1793 1410 64 61 U+30FB 954 3295 45 44 U+3064 775 1630 76 77 U+5D0E 1284 1864 124 126 U+306B 259 1858 48 64 U+30FB 435 1601 44 38 U+3068 1820 3464 44 64 U+3044 246 1803 82 54 U+306B 1829 1788 48 76 U+3068 969 2823 33 66 U+3079 230 3371 100 52 U+306F 80 1584 75 41 U+3044 421 1117 69 47 U+7389 1992 1204 78 82 U+5DDE 74 2948 91 89 U+51FA 1296 1302 91 80 U+3031 1305 3278 71 120 U+3091 631 1652 67 72 U+3068 775 2607 52 65 U+4E0A 1996 3365 71 55 U+571F 608 841 46 49 U+8F29 74 2051 85 121 U+51FA 1819 1603 100 66 U+3068 445 1815 41 73 U+305F 262 1354 43 70 U+3092 769 2436 87 100 U+3054 1132 1480 69 57 U+30FB 1489 1532 46 43 U+306A 1988 984 74 87 U+3068 1134 2480 40 72 U+3075 66 2369 91 70 U+3046 1822 3383 32 79 U+3093 1646 1534 93 76 U+5150 1866 1322 71 77 U+306B 1475 3070 38 60 U+306F 1656 1269 62 35 U+304B 1981 2540 88 61 U+3068 1656 2676 38 70 U+305F 94 2295 50 70 U+4E5D 78 2882 87 62 U+306B 609 1000 35 57 U+306F 2009 2594 50 77 U+3068 1486 1893 43 67 U+3068 625 1344 38 70 U+306B 1137 1920 36 67 U+3042 777 1535 70 93 U+3053 94 2238 50 55 U+308B 93 2439 50 66 U+3068 783 1848 47 64 U+3058 1674 2525 41 90 U+3093 1826 1063 92 68 U+306B 97 1821 40 68 U+3064 638 1721 56 130 U+3044 943 3458 82 50 U+306B 782 2989 40 69 U+306B 1654 2066 45 57 U+3068 1306 3378 47 72 U+3068 1138 1545 50 62 U+304F 257 2071 45 73 U+306B 963 1744 40 59 U+5965 1286 2595 94 127 U+3078 66 1468 105 44 U+3059 2006 2848 43 107 U+30FB 792 1479 46 40 U+304B 1823 862 88 53 U+304B 1643 2265 85 61 U+306A 420 1662 76 90 U+304F 1120 1338 76 64 U+96F2 1290 1386 77 109 U+306F 77 3167 68 36 U+304B 1808 2937 85 49 U+306B 1484 1378 39 74 U+5974 630 2059 79 59 U+304F 1835 911 67 71 U+304F 262 2376 36 86 U+306B 1311 2960 40 73 U+304F 1807 2983 78 57 U+307E 88 3346 47 76 U+306A 764 3197 74 93 U+3055 1995 1890 46 65 U+3082 645 1893 46 67 U+3064 567 2008 50 98 U+30FB 1835 1940 41 44 U+85A9 765 1999 90 154 U+3068 1671 1678 33 83 U+3056 91 3273 70 68 U+305F 1484 1033 53 56 U+3054 2004 1072 67 49 U+307E 1468 2477 51 93 U+3068 1482 2748 33 77 U+306B 1141 1071 37 57 U+3053 255 1298 52 54 U+306B 799 1326 34 67 U+306F 954 2672 46 86 U+304B 1651 2471 49 61 U+3068 1320 2367 37 87 U+30FB 1662 1309 43 42 U+306B 444 1455 35 57 U+3075 1791 1257 55 59 U+3075 559 2380 61 54 U+307C 1648 1595 102 87 U+3059 2002 2044 42 94 U+3082 577 2173 39 59 U+3082 577 1814 38 63 U+308B 256 3324 47 50 U+306B 1660 1135 37 59 U+6469 765 2151 74 110 U+306B 1822 2734 45 64 U+3064 774 1699 73 159 U+3092 78 1182 90 97 U+306E 65 3457 87 53 U+304B 1819 2014 82 51 U+3078 1439 3392 107 46 U+306B 1318 1990 41 61 U+308A 1142 1404 44 83 U+3050 637 2323 71 48 U+306F 1876 1529 46 58 U+3068 442 1064 40 52 U+308C 1820 2138 61 99 U+305F 1875 1471 42 53 U+308B 2011 2200 44 64 U+306B 1471 2168 42 58 U+306B 97 3028 34 58 U+5C0F 1863 1267 72 48 U+308C 1789 1324 54 62 U+304B 1479 2420 35 58 U+308B 104 2721 41 60 U+305F 571 2303 34 69 U+306B 961 3157 34 64 U+3048 1462 2582 94 88 U+3078 230 2766 111 44 U+30FB 429 827 49 55 U+304B 1661 2624 38 48 U+304B 1636 1361 93 52 U+95A2 947 1534 86 116 U+3053 570 2249 37 51 U+4E0B 94 1967 60 97 U+3068 98 1336 37 68 U+3005 275 1165 29 66 U+3050 1986 2137 93 58 U+3044 759 3396 69 55 U+3064 422 925 75 131 U+308A 2018 2670 32 92 U+306B 791 2227 41 72 U+9B3C 1292 2180 92 116 U+3092 577 1624 52 89 U+6848 232 836 99 131 U+3057 257 3402 23 121 U+3057 1504 1093 17 105 U+3084 575 1948 64 59 U+304F 1637 2324 74 52 U+304B 1829 3137 29 48 U+3068 266 2790 35 71 U+306F 645 2441 41 29 U+3057 1496 1813 16 75 U+3068 577 2121 30 45 U+3068 788 3344 34 54 U+30FB 578 1896 31 30 U+304F 1832 2055 44 83 U+304C 99 937 59 32 U+304F 1658 1402 58 55 U+3075 636 1989 62 54 U+3084 417 885 87 47 U+30CE 1341 1739 35 37 U+3057 289 2011 21 77 U+309D 1322 2458 29 48 seg_fp 651 1830 36 62 U+3057 275 2145 16 81 U+30FB 582 1579 29 28 U+304B 1475 3339 28 49 U+3044 640 1961 44 30 U+309D 789 2540 29 62 U+309D 104 1291 24 45 U+30CE 1360 2710 32 34 U+3068 587 1753 22 62 U+309D 588 1710 15 38,brsk005-040
U+90CE 581 3205 161 207 U+90FD 699 1575 167 175 U+5E02 846 2942 151 125 U+4E8C 1818 1129 160 72 U+6C38 1231 1104 165 119 U+66F8 695 1767 176 199 U+6708 1234 1851 113 158 U+5584 590 2872 145 180 U+9808 865 2473 148 136 U+672A 1244 1524 122 133 U+6B63 1228 1709 146 95 U+540C 591 2447 130 144 U+5B89 1222 928 161 125 U+5C4B 839 2774 160 131 U+4E09 1616 1135 153 92 U+547C 112 1112 129 118 U+4E59 1260 1389 110 88 U+6C5F 697 1426 159 107 U+523B 1683 1681 177 186 U+8FD1 1683 1477 210 177 U+7269 105 776 124 100 U+539F 854 2634 150 111 U+79F0 113 1007 125 103 U+56DB 1230 1268 128 68 U+4E94 600 3082 105 100 U+4E94 101 1455 113 84 U+985E 97 886 125 109 U+5175 879 3087 123 150 U+5DFB 107 1230 127 121 U+7BC7 1610 1243 140 189 U+4E4B 128 1361 65 79 U+6797 687 1993 203 234 U+885B 868 3251 165 154 U+7D42 129 1578 109 82 U+7BC7 1817 1240 151 190,brsk005-042
U+5409 330 1003 59 79 U+59C9 539 842 83 84 U+306E 445 935 47 39 U+7D50 427 854 72 74 U+963F 328 940 64 68 U+304C 564 791 58 49 U+9AEA 420 770 82 87 U+5973 420 709 77 51 U+548C 527 649 89 63 U+4E4B 546 705 79 57 U+4E00 547 770 71 17,hnsd001-009
U+306E 1228 918 63 62 U+306A 651 1396 64 90 U+306E 1233 1317 57 58 U+306A 650 1664 68 82 U+306A 653 2286 64 93 U+306E 1425 493 59 60 U+305D 650 1014 62 88 U+308C 1032 359 68 123 U+306B 1052 2280 50 76 U+304A 648 2405 75 62 U+306E 1610 607 65 66 U+3067 1029 844 70 97 U+306A 635 658 76 84 U+3089 1619 826 34 85 U+306A 1604 1601 69 89 U+58F2 829 1012 84 173 U+3031 1428 909 55 167 U+3070 1041 583 75 100 U+3084 445 2077 85 73 U+3066 260 1702 52 124 U+5B85 1227 1195 72 113 U+3064 1028 955 75 106 U+306F 1601 2064 58 55 U+3066 1401 2415 69 82 U+5F80 232 1585 98 115 U+304A 1033 1691 82 74 U+4EEE 1214 1082 94 110 U+3055 1223 2551 58 84 U+624B 1228 1503 66 118 U+3082 1621 527 47 84 U+4F55 445 2167 85 102 U+3042 1423 1103 69 89 U+308A 1613 2430 40 81 U+306D 229 832 108 103 U+304B 1615 2363 34 69 U+3093 641 1570 94 82 U+8272 1424 367 66 116 U+3044 839 733 76 85 U+3059 463 2349 75 84 U+3082 1232 645 51 80 U+3042 833 1300 83 93 U+3086 242 1008 89 88 U+3082 1614 1899 47 85 U+8349 263 1388 59 116 U+306D 619 367 101 112 U+3060 1606 680 87 74 U+7C73 1588 2127 81 124 U+3070 1597 2254 62 85 U+3093 449 1238 102 77 U+3053 453 376 70 66 U+306D 1217 740 73 115 U+30E8 1246 998 44 48 U+306D 1022 1280 76 94 U+3084 1214 2403 79 70 U+3046 665 1108 36 90 U+5341 1034 2419 76 78 U+5E74 1030 2512 77 131 U+306B 287 2381 43 63 U+6D45 246 1261 103 123 U+3044 1603 366 76 72 U+3051 834 1471 82 95 U+3066 461 841 41 110 U+3082 848 1653 56 82 U+3089 1048 1169 37 97 U+3084 833 2139 83 58 U+3092 427 2268 106 65 U+30A2 1608 1263 56 74 U+305D 458 651 63 81 U+5F15 1214 1400 83 106 U+3044 1411 2517 67 82 U+5546 837 891 75 122 U+307F 642 2147 91 88 U+306B 1215 2235 80 68 U+5546 1224 358 64 125 U+307B 1039 2119 82 88 U+76F4 1416 574 75 118 U+304A 445 974 81 75 U+6210 254 2469 104 103 U+5B89 1586 1711 105 93 U+58F2 1222 480 76 166 U+3072 639 1306 81 86 U+306E 1600 1984 70 77 U+3060 1421 759 78 90 U+304A 450 1341 86 62 U+3089 1054 1764 54 99 U+3084 1595 1180 78 77 U+304C 849 1193 64 65 U+306D 1401 1625 93 100 U+304B 1046 1587 48 66 U+3070 453 1050 68 87 U+308B 1052 490 37 74 U+306D 1578 1350 103 114 U+3078 241 1513 95 52 U+305D 1426 1937 68 91 U+304A 1230 2017 81 82 U+3044 639 1226 78 71 U+306F 1420 701 64 53 U+3051 1424 1512 68 118 U+8001 834 1826 95 109 U+3082 1238 1924 50 68 U+304B 1233 2494 38 63 U+30A2 852 2204 50 66 U+308B 474 2434 44 51 U+30E8 658 750 46 45 U+304B 1434 2114 38 69 U+3057 847 2300 69 122 U+30A2 1053 1870 46 63 U+30A2 484 1631 40 53 U+8AF8 1582 2546 102 102 U+306F 1602 1534 68 62 U+304D 250 664 71 102 U+308A 274 1985 55 103 U+306E 461 2507 65 58 U+308A 459 1975 63 102 U+304C 1434 1189 64 65 U+308F 844 377 45 98 U+3075 1595 438 86 87 U+3044 1597 926 80 78 U+3055 650 1504 58 69 U+3093 1035 2200 91 64 U+3078 1020 1382 98 59 U+30A4 1617 1805 42 63 U+304B 1025 686 80 77 U+3079 244 1176 94 70 U+3078 631 483 100 50 U+3072 1221 2323 76 76 U+3068 857 631 46 85 U+304C 279 2085 70 61 U+56F0 639 1767 83 94 U+3057 1056 1418 16 137 U+308B 1436 1254 33 70 U+30E2 1032 1956 54 62 U+3055 464 1170 52 69 U+30DE 470 1580 65 46 U+305F 837 2475 60 80 U+308B 666 1868 34 68 U+30E8 465 561 45 50 U+3070 316 363 59 72 U+8A00 1410 2302 70 97 U+3044 1420 1434 70 61 U+307E 1041 1067 52 102 U+304B 1620 752 39 64 U+3081 456 1407 65 92 U+30A6 1029 2023 57 81 U+3093 1410 844 98 73 U+3062 1610 1087 61 92 U+306B 1241 1644 45 87 U+3051 257 1819 82 109 U+3046 1436 2030 38 87 U+3078 1228 861 78 44 U+3075 237 1098 86 77 U+3051 461 1860 64 117 U+3069 845 1566 75 85 U+3064 246 2301 89 83 U+308F 473 1710 45 84 U+3078 1413 1733 94 49 U+308F 641 552 49 100 U+304B 718 816 59 46 U+308B 849 1390 46 64 U+4E8B 656 1966 57 109 U+3088 273 2150 55 129 U+3060 464 2568 62 69 U+5A46 817 1939 102 112 U+3058 871 2050 49 90 U+3078 240 941 93 59 U+30F3 677 2239 65 38 U+306A 660 2533 63 72 U+30A6 1450 1830 42 69 U+3093 723 955 64 42 U+3068 1431 2197 46 98 U+3078 830 579 90 48 U+3068 461 446 52 99 U+306F 642 2083 69 58 U+304C 843 2567 67 65 U+51FA 1230 1731 83 86 U+3078 437 1511 102 46 U+30F3 681 2486 46 31 U+304B 472 1799 51 63 U+308A 1040 763 49 102 U+3078 1591 1475 88 48 U+3052 839 478 94 104 U+30DE 280 514 56 37 U+3078 254 1929 89 47 U+305F 281 2577 52 57 U+3066 1233 1818 78 109 U+3057 484 744 16 91 U+3057 1446 1325 15 122 U+3055 723 904 41 54 U+309D 869 821 23 49 U+5BA2 1234 2099 66 137 U+304B 860 2422 33 52 U+309D 338 435 20 33 U+30A2 290 564 39 41 U+30CE 862 1740 53 68 U+304F 1621 996 38 86 seg_fp 285 781 20 29 U+309D 1431 2591 37 50 seg_fp 738 857 20 27 seg_fp 296 544 30 33,hnsd001-017
U+304C 814 530 72 67 U+306E 616 925 64 57 U+3066 1563 1023 67 82 U+306F 1001 1781 70 49 U+3044 808 1258 77 79 U+3042 1565 1832 72 83 U+304C 1393 1794 65 63 U+306E 436 2429 63 62 U+3066 1200 659 48 97 U+7528 1562 1637 72 102 U+3072 423 329 80 78 U+3082 1005 328 50 90 U+3042 431 621 70 103 U+304B 1205 2283 38 59 U+8349 817 2185 60 115 U+304C 1573 1748 69 57 U+4F55 603 805 87 102 U+3080 1553 766 96 99 U+308D 1382 2193 70 83 U+3066 1394 656 47 109 U+3067 1186 2497 82 81 U+307E 1381 310 57 110 U+716E 1177 1909 86 153 U+30C8 1036 1248 33 78 U+3067 1384 423 72 92 U+306B 1578 667 54 72 U+308C 814 405 69 109 U+307E 1386 769 55 98 U+3082 434 2184 59 71 U+304A 802 328 89 76 U+3068 434 415 57 93 U+885B 1001 1659 79 112 U+304B 441 2511 43 58 U+3070 802 2511 102 69 U+3082 823 1176 44 83 U+306A 1009 1930 65 80 U+6625 1560 310 76 154 U+3081 1188 2183 69 88 U+6DCB 797 633 102 110 U+5F80 1369 538 95 115 U+663C 222 2064 100 127 U+6D45 799 2083 93 96 U+306F 1649 1129 39 62 U+3066 999 1460 66 85 U+306F 807 988 65 59 U+308A 440 508 52 89 U+306A 1002 2439 66 83 U+3067 1188 437 82 75 U+307E 1008 953 52 86 U+3064 222 696 80 98 U+523B 1363 1999 91 110 U+5C45 1180 532 84 122 U+3067 611 1120 74 83 U+3046 1392 1703 47 81 U+3044 810 1919 68 57 U+3042 233 2380 77 94 U+79C1 1548 1260 91 127 U+304C 630 2130 66 54 U+3044 612 455 67 55 U+9060 612 313 71 136 U+3067 1368 2384 71 90 U+3060 1197 870 78 78 U+304B 1574 2172 37 59 U+304D 994 2091 74 90 U+3059 1381 1129 81 90 U+5E30 1173 1331 93 91 U+306F 1563 1388 70 56 U+805E 986 1343 93 113 U+6D45 1544 2344 91 117 U+3046 1020 1832 41 101 U+306F 237 2001 82 46 U+4EBA 1169 327 105 102 U+307E 1380 2284 48 93 U+3065 996 2014 94 78 U+7528 611 1002 70 110 U+306F 293 317 55 66 U+5973 594 2041 111 67 U+308B 1656 1189 34 46 U+308A 1403 934 36 92 U+3046 1020 1131 36 108 U+3068 817 2307 54 73 U+3044 807 2391 69 70 U+6708 231 1691 82 114 U+3044 1386 868 68 66 U+305B 998 1038 63 92 U+307E 1394 1026 47 101 U+7236 1553 549 98 115 U+6DCB 1374 1319 102 108 U+307E 238 1891 74 92 U+308A 251 2269 41 97 U+3042 434 2265 79 83 U+4E8B 816 1536 55 117 U+5175 987 1551 92 108 U+308A 1018 862 45 90 U+591C 608 2224 93 118 U+307E 1199 1123 50 97 U+306B 1015 2526 48 57 U+3061 626 2498 64 87 U+30C8 1606 1545 32 65 U+307E 1565 1990 47 89 U+304D 420 821 85 92 U+306A 816 1817 68 97 U+306F 1573 470 60 56 U+304B 1398 1539 43 63 U+304A 1183 1833 84 76 U+306E 814 910 62 76 U+304C 821 1994 60 53 U+620C 1387 1882 81 104 U+3044 1002 794 74 66 U+3089 1576 2231 29 94 U+3059 1565 2081 70 91 U+308D 613 683 66 87 U+3072 1568 927 65 96 U+304C 248 1513 70 60 U+306E 621 2353 62 73 U+304A 1378 1240 85 75 U+9BA8 1163 2370 101 120 U+4E9B 799 1066 87 105 U+308C 230 794 73 108 U+30F1 244 599 71 47 U+308A 1575 1913 43 88 U+3054 1393 2125 67 61 U+30A4 259 487 39 59 U+8CB7 998 436 89 136 U+3088 1205 1658 44 88 U+3044 805 840 77 59 U+3044 235 1168 72 55 U+306F 429 917 64 52 U+3044 1192 1059 71 68 U+306B 1208 1514 44 82 U+8349 1563 2451 53 129 U+306C 605 1649 83 76 U+3055 1198 972 49 86 U+306F 1185 1593 74 67 U+3044 1191 1749 71 71 U+3089 1396 1603 54 98 U+304B 1578 863 43 65 U+3055 237 1823 62 67 U+307E 1016 690 45 102 U+3044 429 982 75 84 U+3086 615 1235 73 52 U+304F 627 1286 40 81 U+3057 611 1481 79 86 U+3067 429 2098 74 74 U+305B 230 1331 71 90 U+3088 254 2195 41 76 U+3067 804 1655 83 80 U+4E00 1369 2534 87 18 U+9023 412 1964 90 122 U+3057 431 1453 70 111 U+306F 804 1745 68 53 U+308A 1212 1425 40 91 U+308B 254 2518 37 64 U+3064 995 2186 68 71 U+3044 612 1972 70 49 U+3068 615 529 63 76 U+306E 432 1350 64 71 U+3093 227 1423 95 84 U+304A 218 1611 93 69 U+3082 447 1261 37 87 U+8AB0 413 1716 87 120 U+3057 1220 1213 19 109 U+3056 238 1074 92 86 U+308B 445 725 41 95 U+3068 826 1343 39 83 U+3082 235 907 58 69 U+3057 1414 1427 13 103 U+308B 309 384 33 44 U+308B 451 2345 41 57 U+3078 802 2465 84 40 U+3075 794 1424 85 93 U+30C1 1579 1484 61 59 U+308F 618 1818 56 88 U+5175 1080 2305 40 77 U+304B 253 2475 38 46 U+304F 1195 777 73 89 U+304C 624 1743 44 60 U+3089 635 1567 27 85 U+3054 247 1008 75 62 U+305E 434 1848 68 98 U+307F 636 2426 36 75 U+304B 621 1909 51 57 U+3057 1213 2060 20 123 U+304B 630 1383 39 52 U+3066 1022 580 34 93 U+30FD 272 562 17 21 U+307E 234 1249 58 78 U+3053 622 613 43 73 U+3057 825 743 31 96 U+3089 446 1073 32 92 U+306C 423 1167 75 72 seg_fp 1579 1460 48 41 U+309D 1028 2257 19 28 U+3057 457 1605 18 97 U+304B 445 1552 43 58,hnsd001-025
U+3082 1147 1296 55 95 U+306E 753 2235 67 60 U+98DF 1125 2359 106 128 U+6C17 746 531 87 119 U+3081 755 1519 71 75 U+305D 363 691 70 101 U+3093 933 859 115 103 U+3082 956 1672 47 83 U+98DF 355 1013 87 161 U+624B 1508 2482 73 99 U+3092 947 1288 81 94 U+304C 753 660 70 62 U+4E0D 932 319 85 111 U+98E2 927 1158 111 116 U+306E 1144 2500 64 71 U+3067 1322 920 71 92 U+306A 948 667 75 105 U+306E 1139 2302 78 50 U+3080 1324 2308 82 84 U+304C 1152 1672 69 64 U+3082 1527 1399 51 83 U+308C 1128 1576 101 89 U+7D66 557 1493 106 116 U+3042 544 313 85 99 U+306B 1332 1737 60 70 U+306E 1694 2511 64 61 U+304B 576 862 45 53 U+3068 1708 1140 54 98 U+55B0 1126 1761 94 123 U+4EBA 1128 2200 108 95 U+308C 1519 1722 69 111 U+304D 1696 429 93 106 U+308A 1705 1054 47 85 U+671D 1113 518 90 112 U+306B 1527 965 54 77 U+3066 1697 861 67 85 U+3044 553 784 81 62 U+3084 353 578 86 88 U+75C5 1124 1970 96 131 U+3051 1701 968 65 89 U+304D 1515 717 84 97 U+660E 1512 1506 80 86 U+6B8B 744 2310 98 110 U+3082 742 407 73 98 U+3042 1513 314 80 95 U+306F 553 606 68 60 U+3057 1697 309 75 118 U+3082 1329 2505 50 73 U+50C5 1309 1040 95 127 U+3080 1140 2105 83 84 U+4EBA 1312 2413 99 87 U+3086 1313 1637 86 78 U+3076 932 1601 101 66 U+591C 1511 1261 89 138 U+306A 562 686 62 95 U+5C45 360 1384 80 117 U+304A 1135 1410 87 77 U+304B 962 971 42 58 U+307E 1138 317 49 82 U+5F8C 1685 1949 85 124 U+3064 748 748 77 69 U+308A 1340 1262 43 90 U+3057 942 1407 80 100 U+4ED5 1323 1829 86 99 U+3044 1695 1555 72 87 U+306F 946 2410 63 47 U+3070 1133 871 79 77 U+3044 347 433 82 63 U+89AA 936 1776 91 117 U+65E2 1499 840 108 102 U+75C5 1311 2169 93 133 U+304D 1506 2372 65 94 U+306E 952 1504 60 96 U+3068 958 1036 48 96 U+306B 1696 2198 51 74 U+304B 1319 1185 77 78 U+305D 1527 1064 56 109 U+304C 582 2492 69 61 U+306A 351 316 72 113 U+7C73 572 2362 70 118 U+3084 1508 501 76 89 U+3046 584 1359 40 104 U+3044 1702 1262 71 97 U+304A 360 2319 88 61 U+3044 366 1839 83 63 U+3092 1133 766 75 103 U+3066 1135 1208 67 73 U+9909 1106 642 110 125 U+3057 563 2047 77 94 U+3082 752 2494 66 77 U+304B 372 517 44 64 U+306E 1519 1174 66 87 U+305D 378 1979 67 79 U+3051 1520 1622 75 105 U+885B 935 2294 91 103 U+6C42 1305 1384 105 98 U+306F 378 1663 63 60 U+592B 932 2454 81 110 U+304B 382 1908 50 67 U+8853 1307 323 90 125 U+306A 1323 450 62 92 U+3055 1515 610 57 105 U+3067 365 915 71 90 U+3068 749 317 53 89 U+306B 382 1286 52 72 U+3081 1325 1479 56 96 U+306C 1685 1854 81 86 U+3070 1142 1882 93 74 U+3089 962 772 39 92 U+306B 946 561 57 81 U+3067 372 1568 79 88 U+306B 1709 1459 45 80 U+3084 559 1282 82 77 U+306F 574 1185 51 94 U+306A 1326 739 66 96 U+3081 947 2079 64 97 U+304A 752 1269 87 74 U+308C 1697 1738 55 111 U+308A 770 2402 39 88 U+7C73 1509 1962 80 136 U+305A 381 1177 72 103 U+306A 377 1733 73 99 U+305A 752 878 83 95 U+8CB7 1509 2196 77 123 U+306F 373 2498 70 65 U+7CA5 738 2124 99 93 U+304B 752 2041 54 69 U+308C 369 794 64 110 U+3059 1138 957 67 102 U+3065 1129 396 86 87 U+304C 582 1682 65 65 U+5175 816 1000 42 78 U+3069 1529 1832 59 104 U+306F 1700 1645 49 91 U+30B5 569 943 73 62 U+3068 1332 647 54 87 U+3092 1515 2102 67 89 U+3067 550 498 81 100 U+5FC3 1679 2398 88 83 U+306E 1141 1491 62 84 U+4E8B 1706 528 57 118 U+3081 1137 1115 71 92 U+305F 946 1994 59 81 U+8DB3 940 427 72 125 U+306C 747 1959 83 72 U+3092 749 1708 83 84 U+5175 948 2181 58 118 U+5A18 1666 2288 95 106 U+305F 573 1611 57 68 U+306A 383 2134 66 87 U+6094 1672 2083 92 101 U+308C 382 2380 65 113 U+306E 952 1899 63 70 U+306F 755 1342 65 93 U+308B 572 411 37 81 U+308B 764 1435 52 67 U+304F 749 1809 75 75 U+30B3 763 1134 59 36 U+3057 592 2192 19 147 U+3044 565 1860 79 70 U+3088 586 1771 48 83 U+3092 1695 650 79 95 U+3066 1327 2012 58 79 U+3075 1690 1357 83 100 U+3093 371 2060 92 66 U+304F 1332 530 51 94 U+305F 1329 1929 60 73 U+30EC 773 1184 37 47 U+3079 1498 2320 87 47 U+3031 584 1013 61 146 U+304B 1330 1579 45 57 U+308A 387 2222 37 91 U+30A2 581 1005 59 51 U+308B 389 1497 40 67 U+304B 580 2139 49 51 U+3057 1727 752 22 111 U+306F 748 1899 73 59 U+304B 765 816 39 65 U+3068 1529 406 45 93 U+308A 1343 837 30 93 U+30A2 586 1946 49 50 U+3057 778 1612 17 89 U+30FD 589 1994 28 30 U+309D 1351 2093 31 45 U+309D 1170 1058 31 57,hnsd001-033
U+4F73 1310 1932 73 76 U+5947 1389 2194 77 85 U+5076 1380 2291 83 71 U+5C0F 964 1842 62 61 U+4EBA 1310 2010 91 57 U+5929 1471 1817 70 61 U+306B 1506 2286 51 52 U+7687 1473 1719 66 88 U+6190 1467 1873 84 88 U+3092 1471 1962 80 55 U+624D 1506 2137 54 70 U+305F 1386 1759 41 53 U+308C 1380 1814 51 62 U+516D 959 1953 68 62 U+3066 1388 1877 30 59 U+3059 1320 2339 56 62 U+5B50 1500 2215 65 67 seg_fp 486 1912 51 50,hnsd001-040
U+3070 514 2557 73 63 U+306E 333 1795 67 64 U+306E 513 970 65 59 U+306E 903 2114 68 52 U+4ECA 1465 372 87 117 U+306F 345 2307 51 80 U+306E 1469 752 65 58 U+3082 334 1152 46 86 U+306E 1468 1499 60 65 U+306E 1452 2471 70 60 U+306E 1088 2045 64 56 U+304A 1454 2553 73 64 U+5973 1247 1467 114 72 U+304D 334 1409 59 105 U+3072 702 382 77 77 U+6216 1074 1851 102 116 U+5C0F 328 2127 79 72 U+305F 327 1273 74 80 U+516D 324 2213 81 79 U+7D19 323 1538 101 115 U+3066 1280 815 50 117 U+306E 1267 2545 56 60 U+5C0F 191 559 66 54 U+5B64 676 674 103 96 U+6D41 1460 1118 95 105 U+3066 902 839 52 123 U+3042 513 1508 69 78 U+6765 121 2326 84 123 U+3082 1099 1329 46 86 U+308C 1472 1222 66 102 U+304C 143 2005 69 51 U+4EE3 318 2012 95 118 U+9262 897 1996 89 109 U+9AEA 1255 1551 89 123 U+306B 713 916 52 66 U+540D 320 1018 73 114 U+5B85 127 1207 76 110 U+706F 686 797 102 104 U+624B 335 1886 68 114 U+884C 1458 625 77 103 U+306B 333 704 52 76 U+306E 1085 1416 69 65 U+8868 1453 1937 82 122 U+7434 1458 1353 91 137 U+5165 485 1687 112 74 U+308C 1086 2288 74 96 U+5929 310 385 98 107 U+9593 312 503 91 98 U+7D50 1266 1695 77 105 U+7269 690 1408 93 99 U+5C45 499 369 80 122 U+723E 324 2538 82 86 U+3068 524 2308 58 79 U+753A 310 609 94 91 U+308A 523 1581 45 76 U+305A 897 1470 81 99 U+5409 1276 372 66 120 U+59C9 1432 2360 104 98 U+5BFE 694 2505 85 116 U+59C9 1242 2056 106 101 U+3072 704 1304 76 80 U+304C 1480 1037 57 48 U+3066 713 2359 43 128 U+88CF 487 751 102 113 U+3072 509 1312 80 95 U+5F1F 1269 2161 63 104 U+5915 1069 2122 75 100 U+3044 894 963 73 85 U+304B 885 1245 86 74 U+306A 709 1874 67 89 U+3052 703 1780 91 95 U+306F 1277 501 70 67 U+6D3B 1262 1133 89 95 U+9762 697 2035 86 98 U+306F 509 1979 66 67 U+3042 1088 1500 65 79 U+308C 502 2488 98 72 U+30A4 154 720 44 78 U+6D41 1454 515 104 100 U+3073 699 1613 85 88 U+304A 125 835 90 76 U+3075 1260 2295 78 81 U+3059 899 2375 69 87 U+7530 1464 935 77 85 U+6765 499 1759 82 135 U+30F2 147 663 54 66 U+51FA 892 746 88 90 U+308A 911 2529 41 91 U+306B 1093 649 52 73 U+306E 1274 1033 68 75 U+306B 1286 729 50 84 U+5BE1 1272 573 87 136 U+3089 899 1376 49 84 U+3089 1096 462 43 86 U+5B50 507 1199 86 88 U+8AB0 502 2077 87 126 U+548C 1063 2401 105 83 U+672D 1444 2068 98 83 U+696D 1262 1236 92 143 U+304D 509 1409 88 97 U+3051 1456 2235 75 87 U+30C1 154 1488 53 76 U+65E5 1090 927 54 78 U+5C71 1464 833 87 98 U+706B 900 1891 71 104 U+4E4B 1080 2489 78 70 U+3066 143 2209 45 93 U+306F 1275 1385 65 66 U+3093 115 1107 108 88 U+308A 714 544 49 103 U+306F 896 2467 67 60 U+3080 697 1161 84 87 U+3068 1472 1826 60 95 U+306B 139 1338 53 75 U+5409 127 913 68 114 U+306E 1080 841 73 71 U+898B 516 2402 69 86 U+53E3 509 890 64 55 U+5C4B 322 1657 85 132 U+304F 1069 379 90 83 U+969C 496 1061 97 131 U+304B 1445 2163 78 68 U+305D 1280 944 62 83 U+6307 1444 1593 88 99 U+9001 1068 1117 101 119 U+306E 324 907 83 89 U+306B 910 2292 59 72 U+305D 1090 748 69 91 U+3060 894 1149 76 80 U+3052 129 1850 102 102 U+6240 498 576 82 97 U+3092 1087 1005 74 92 U+308A 1094 1745 46 97 U+3088 138 2547 53 76 U+65E5 1100 1957 42 63 U+5357 1467 1696 65 113 U+305F 134 2453 58 71 U+6709 144 2087 51 117 U+5074 882 2189 96 103 U+3051 1083 1651 77 96 U+308B 524 486 44 66 U+53E4 885 525 91 96 U+7A3D 881 375 110 138 U+304A 126 1662 92 71 U+3065 1266 1916 90 70 U+3050 1081 2212 85 75 U+304A 897 1603 82 77 U+308B 1100 1245 38 64 U+306B 715 2266 41 92 U+5409 897 1687 69 115 U+3055 700 1004 66 68 U+839E 333 2401 77 136 U+307E 909 1046 41 99 U+308F 715 1507 39 102 U+3078 501 683 90 52 U+3078 117 1952 98 42 U+306D 113 1735 98 113 U+306B 908 624 50 85 U+305F 1269 2379 55 58 U+308A 1263 2440 52 94 U+6301 693 2141 92 107 U+304B 130 1414 60 57 U+304B 722 1249 37 48 U+305E 518 2206 72 93 U+308A 1095 1576 45 77 U+3055 134 1034 61 76 U+306F 899 1810 58 64 U+308B 529 1900 32 73 U+306F 1083 2593 65 39 U+308B 718 1964 39 52 U+305D 334 801 58 104 U+3068 711 459 57 84 U+304B 1285 1987 36 42 U+30C8 176 1553 32 70 U+304B 347 1346 43 67 U+3078 889 1323 86 49 U+308F 1284 1827 36 91 U+3057 729 1068 22 88 U+4E00 1075 2568 88 15 U+3057 729 1707 16 76 U+303B 156 379 46 54 U+3057 1113 557 17 86 U+303B 146 442 31 57 seg_fp 215 386 58 71 seg_fp 221 442 56 53,hnsd002-002
U+306E 1296 339 80 77 U+3082 1110 1266 53 86 U+304A 719 1160 79 61 U+4ECA 1465 1584 105 107 U+304A 1293 518 75 69 U+306E 522 2531 78 60 U+3067 909 338 87 84 U+306E 1492 894 71 65 U+306E 1109 863 67 59 U+3044 1100 795 81 64 U+5E2B 515 569 98 111 U+305F 1279 1704 71 85 U+306E 720 1617 68 55 U+306F 339 2272 69 48 U+304A 521 1757 76 72 U+3066 141 583 75 78 U+308C 913 769 84 105 U+3089 1114 333 63 98 U+5F1F 1483 756 82 125 U+5FC3 134 332 103 92 U+306A 529 1993 68 83 U+3051 141 1219 82 98 U+304B 716 2528 52 69 U+306B 537 1667 52 73 U+6765 134 1983 92 118 U+308C 329 2196 97 72 U+5409 1546 2083 54 71 U+3093 1471 1499 100 83 U+3082 1107 1503 59 76 U+306E 344 1893 70 63 U+3066 527 1096 59 115 U+306B 920 1711 59 71 U+306E 530 484 68 66 U+3091 724 333 84 101 U+30B5 1130 2363 59 60 U+30A6 1319 416 49 84 U+5E2B 703 1235 103 109 U+306E 728 437 74 71 U+7434 519 332 96 145 U+7D66 1274 1456 115 110 U+4E4B 1490 1092 71 94 U+3068 153 2178 58 78 U+3044 715 812 76 67 U+3046 1115 434 51 79 U+3052 714 1822 96 93 U+304B 1469 1691 89 66 U+3060 907 1205 87 82 U+3066 1492 641 57 115 U+304B 349 693 50 70 U+3067 527 799 70 89 U+3092 339 1408 76 77 U+3067 1284 1362 79 87 U+4E16 323 1316 93 85 U+3093 710 1526 104 78 U+898B 137 2265 76 96 U+9F3B 1085 1368 92 132 U+305F 1274 2524 65 73 U+306A 528 2227 70 83 U+3042 1103 1604 82 76 U+3053 530 2465 71 53 U+306F 916 551 73 63 U+3072 521 1911 78 81 U+3082 733 950 57 84 U+3067 713 1912 86 76 U+3042 915 618 83 91 U+308F 413 1968 35 66 U+76EE 1102 1161 70 107 U+305F 1460 2519 70 75 U+306E 1359 877 61 49 U+3066 343 849 55 122 U+306C 137 2102 86 74 U+304C 153 1921 67 59 U+76EE 731 513 63 104 U+3082 540 1826 40 82 U+3044 335 1760 74 59 U+548C 1466 982 104 110 U+3093 1098 1003 99 78 U+305D 341 2115 63 80 U+76EE 913 437 75 107 U+308F 352 2321 42 79 U+6642 131 1694 96 94 U+3082 355 1809 51 87 U+305B 1090 1919 79 79 U+3046 1112 2508 46 92 U+30DB 538 1389 66 65 U+5F15 1481 338 83 112 U+3060 141 1607 82 78 U+304B 715 2329 58 60 U+65E9 1461 2254 84 124 U+304B 1116 1092 46 49 U+304A 716 1691 86 68 U+306E 1180 587 54 47 U+65AF 702 2404 85 107 U+304A 1284 1064 91 66 U+3055 527 2081 61 79 U+305F 524 2321 64 76 U+304B 1453 2381 90 68 U+306E 403 2033 52 46 U+3069 341 551 93 63 U+307E 155 1515 46 94 U+59C9 1461 1314 107 119 U+3046 362 615 39 78 U+3069 1101 2426 90 78 U+306F 337 485 70 57 U+306E 720 1032 74 72 U+308F 1189 523 36 64 U+3093 516 2156 103 66 U+5DE6 1098 2180 74 92 U+3044 910 987 77 63 U+3075 708 878 83 77 U+3093 1085 1994 119 72 U+306F 724 725 65 63 U+98EF 1281 603 103 104 U+308C 1096 1733 84 98 U+30A6 936 1861 53 76 U+304D 1290 1264 68 93 U+3059 133 2511 90 81 U+69D8 1082 2269 102 95 U+3075 1263 2155 95 70 U+307E 1294 1570 55 79 U+7BC0 135 1780 88 146 U+306F 347 983 56 84 U+3060 1104 931 88 78 U+901A 509 911 93 111 U+3069 151 1416 69 87 U+4ECA 707 1996 103 111 U+4EC7 510 1568 110 96 U+3070 910 2082 82 65 U+3046 728 2246 47 82 U+3064 1262 2436 83 89 U+308A 1483 1801 56 77 U+306A 917 892 67 84 U+30E2 932 1799 52 59 U+305B 333 1586 78 92 U+3069 710 2175 97 70 U+3055 1486 1429 63 71 U+3084 336 1069 80 69 U+308C 145 1315 72 99 U+3061 1501 454 64 88 U+5320 710 1338 84 108 U+3064 529 1030 69 66 U+304A 904 2476 89 57 U+308B 161 1138 38 68 U+3044 142 679 73 67 seg_fp 1103 636 70 66 U+7B48 909 1059 82 139 U+5320 516 680 84 112 U+304C 156 437 68 61 U+30F2 939 1307 52 67 U+307B 903 1562 88 83 U+304B 893 2163 96 62 U+3031 148 792 84 144 U+3051 1274 2073 84 82 U+304F 353 1134 46 89 U+307E 148 2426 55 85 U+3055 1284 1896 67 73 U+305F 1469 2006 69 75 U+3064 1454 2452 86 72 U+306F 711 2111 75 61 U+3082 339 2519 61 74 U+51FA 342 1241 78 71 U+3059 146 1023 65 113 U+3084 1283 1126 86 65 U+305E 1281 1976 92 85 U+3093 907 1640 100 61 U+3051 149 499 75 86 U+307E 1109 1834 56 85 U+307E 1482 1876 55 71 U+3068 153 913 58 102 U+305F 341 2401 63 57 U+3086 515 1217 79 69 seg_fp 1106 704 70 90 U+308F 1372 806 34 70 U+601D 904 1948 84 89 U+5409 1167 2077 46 77 U+3068 730 623 59 95 U+305F 342 1679 63 73 U+304C 1507 540 66 55 U+30DB 930 1369 74 69 U+306A 911 2224 82 86 U+3044 899 2401 81 69 U+304B 932 710 47 61 U+304B 1109 1680 49 56 U+3078 128 2374 101 41 U+30CB 546 1503 53 30 U+5409 1354 1803 49 63 U+30CF 1304 946 64 43 U+3078 1480 594 94 42 U+3055 720 1451 64 79 U+3055 349 1496 55 78 U+3046 358 329 36 108 U+3078 1469 1761 91 38 U+4E00 1471 1203 103 20 U+30F3 549 1456 48 40 U+30A4 1316 981 34 53 U+304B 1288 2367 38 64 U+30F2 1510 2182 41 40 U+309E 545 2400 60 54 U+304B 728 1760 47 64 U+5BD2 1281 2217 70 142 U+308D 142 754 67 85 U+3057 1321 1644 21 72 U+306F 1296 719 63 56 U+304F 535 1269 48 97 U+3078 337 437 80 42 U+307E 914 2525 62 79 U+3057 362 771 25 76 U+309D 754 1106 27 39 U+30FD 955 1510 21 28 U+3057 1325 1181 15 68 U+3078 904 2045 93 32 U+30FD 1523 2222 23 47 U+3057 939 2308 19 87 U+3057 1512 1945 19 64 U+3057 376 2454 17 56 U+30FD 947 1434 27 27 U+30FD 951 1486 24 21 U+30FD 945 1461 30 24,hnsd002-022
U+4ECA 634 1166 104 123 U+3082 855 499 53 88 U+3082 1426 993 59 87 U+306E 470 1605 74 67 U+306E 1236 1691 72 64 U+4ECA 1597 1155 90 127 U+5973 1007 1080 126 77 U+304C 647 542 77 65 U+3082 259 506 62 80 U+3066 1412 2480 80 82 U+306A 855 2218 79 75 U+5C0F 454 1683 100 70 U+80F8 624 611 105 110 U+4E0D 1045 2117 80 98 U+3066 250 749 81 84 U+3082 474 864 48 89 U+306A 860 2497 77 79 U+3066 263 1373 84 82 U+3092 263 2335 97 53 U+514E 1222 780 94 136 U+4F55 842 1612 87 91 U+3092 251 1224 94 66 U+3084 1028 1402 84 82 U+3082 1254 2219 48 88 U+308A 269 901 53 98 U+3061 1232 1488 76 83 U+3082 854 1706 58 73 U+968E 239 391 94 114 U+308B 297 1540 39 73 U+4E8C 250 315 88 54 U+3042 648 819 86 96 U+76EE 1047 1924 68 96 U+307E 1227 1396 86 87 U+306E 1232 2500 77 69 U+306A 1426 1197 76 79 U+5C4B 459 1490 98 99 U+6765 1219 1847 94 126 U+304C 1054 2031 70 67 U+3046 854 401 46 99 U+59C9 1585 898 102 110 U+5973 438 1066 114 78 U+6765 647 1654 93 120 U+306E 1236 2312 72 73 U+30A2 1062 1493 54 72 U+65E6 278 2158 86 81 U+306A 653 1061 82 82 U+3067 1056 2457 74 123 U+3044 269 1895 84 71 U+3093 840 2151 110 70 U+6D6A 450 650 93 123 U+3093 837 1209 117 81 U+7269 1597 1293 89 89 U+306F 1040 1014 73 59 U+90A3 259 2251 98 75 U+3042 850 1792 73 83 U+3059 1420 1585 80 99 U+304A 1212 319 94 71 U+81EA 1052 2226 64 122 U+306A 1431 2016 75 80 U+306E 458 951 72 73 U+6C7A 1390 2290 112 109 U+56F2 1405 317 84 100 U+305D 1609 322 65 91 U+91D1 649 2222 102 100 U+4E16 250 1016 101 89 U+305B 840 1128 84 83 U+5150 452 1145 103 95 U+306B 660 728 56 71 U+3070 281 2530 89 54 U+3068 1614 792 58 91 U+3084 445 321 84 60 U+308B 1255 2127 37 72 U+306A 851 1989 79 77 U+4E16 1404 692 106 84 U+4EBA 441 772 105 101 U+308C 1234 1274 75 102 U+7ACB 1604 1616 76 103 U+4F55 650 2401 87 88 U+8A71 256 1108 92 110 U+3046 1618 708 48 91 U+30E8 890 2297 48 46 U+3057 1422 1097 78 94 U+3067 649 1379 78 89 U+516D 463 1765 79 82 U+3066 466 2272 79 75 U+3042 1426 1862 80 90 U+305D 284 2056 78 84 U+307E 1610 2203 56 78 U+30A2 1052 666 52 77 U+308F 1050 1176 53 92 U+304A 1037 763 84 81 U+308F 649 319 53 91 U+4ED5 829 606 103 94 U+3064 267 1967 87 86 U+3055 855 2085 64 71 U+51FA 1233 1779 84 69 U+305D 1242 2406 62 93 U+305D 1611 611 67 94 U+8A71 1408 784 96 118 U+305F 1036 1271 74 63 U+8CB8 240 613 101 132 U+3066 667 1777 44 109 U+3067 1419 907 86 78 U+306A 1229 543 71 89 U+3068 279 2397 67 60 U+305B 1227 647 75 73 U+3084 264 1468 90 71 U+307E 659 1287 56 89 U+3078 1219 1640 109 51 U+3046 1418 1488 65 109 U+30A2 1608 2441 60 72 U+308C 260 2457 110 70 U+3084 247 834 101 68 U+3067 1604 1531 81 84 U+5F7C 1218 1086 96 112 U+3082 1432 505 49 81 U+3055 1429 1285 64 74 U+306F 1604 536 69 52 U+306E 1413 583 73 62 U+30A6 1432 1763 72 89 U+5150 266 1637 90 102 U+305F 644 411 67 57 U+3068 479 1991 59 75 U+307F 849 2360 85 87 U+7D19 456 1380 114 112 U+3068 1037 317 69 79 U+3053 1242 1202 58 67 U+3089 462 382 47 99 U+304C 287 1815 74 59 U+3093 1597 1072 99 73 U+3084 1027 589 83 73 U+3069 842 310 80 87 U+307E 1046 845 57 101 U+3075 446 555 84 80 U+304B 1242 927 48 60 U+3072 1410 423 86 87 U+3084 1407 1416 95 74 U+305F 1232 1973 66 80 U+308C 1597 417 78 113 U+30CA 872 1405 52 48 U+306B 1048 506 48 84 U+3093 462 1911 105 77 U+306F 844 841 74 63 U+306F 1599 2367 69 53 U+3031 875 1451 70 149 U+304D 1030 405 85 95 U+3093 1419 1943 110 65 U+6CA2 648 2319 99 81 U+3031 487 2451 78 129 U+5EA6 471 2359 95 111 U+308B 1433 1358 49 59 U+5409 922 1309 50 81 U+306F 1420 2222 74 57 U+3060 273 1745 91 73 U+5C45 648 1894 83 118 U+307B 1044 1741 84 79 U+30A2 472 1254 64 70 U+3089 1611 2039 47 85 U+3055 1608 1008 55 69 U+308A 1046 1818 61 105 U+3068 675 2495 55 84 U+61C7 454 2080 100 120 U+6709 854 909 63 111 U+3093 836 1870 113 60 U+7531 1046 2355 74 94 U+805E 1589 1724 90 94 U+304A 1596 2135 86 67 U+304B 1616 1391 42 59 U+30E2 1449 1702 50 57 U+3052 1607 1450 92 81 U+6B64 1033 1580 95 75 U+307E 856 1026 46 97 U+3088 1234 393 49 69 U+3044 454 483 69 71 U+30CE 1609 2500 53 60 U+305F 663 2017 58 71 U+3055 478 1848 54 66 U+304C 1248 1575 69 63 U+306E 661 2106 67 56 U+304F 1242 980 43 94 U+3078 1219 734 94 45 U+306F 645 990 78 66 U+307E 1614 1818 55 84 U+3053 663 1485 61 72 U+306F 661 2174 72 55 U+308B 668 918 43 72 U+305F 848 757 67 70 U+304B 864 697 43 59 U+3057 1075 1327 18 80 U+305F 1605 1965 69 69 U+304C 1249 2064 65 67 U+3078 1587 2311 97 44 U+3058 879 1914 50 77 U+30F3 883 2448 73 35 U+3078 1026 959 95 42 U+3078 642 1615 105 40 U+3057 1436 2392 28 88 U+3068 1053 1650 53 84 U+3057 676 466 15 68 U+3057 1264 456 18 85 U+4E8B 1426 2106 102 103 U+309D 492 1024 27 32 U+30CB 870 1453 52 34 U+309D 1456 641 24 33 U+3057 306 1289 23 80 U+3057 501 2203 17 63 U+3057 1637 1896 24 68 seg_fp 682 1559 35 50,hnsd002-023
U+306E 267 1065 68 67 U+3082 846 1359 55 76 U+306E 1034 2520 70 59 U+306A 1411 606 86 88 U+304A 1214 2333 77 70 U+3066 448 1080 64 68 U+3044 1410 787 79 75 U+3082 266 530 57 86 U+3066 68 1630 73 65 U+3092 451 1979 85 60 U+304A 258 332 80 81 U+3082 1413 2165 53 73 U+3051 271 2180 79 104 U+306B 1019 2065 90 76 U+304C 659 1597 71 61 U+304A 1025 937 88 71 U+306E 1212 2240 74 63 U+5409 1030 1008 65 109 U+5016 437 1558 98 115 U+306B 455 335 49 80 U+306A 841 1004 76 88 U+3081 1401 2516 68 66 U+5F85 636 1663 91 126 U+3092 261 2045 85 69 U+3066 273 1626 45 107 U+304A 1208 325 87 75 U+306F 1217 1360 69 60 U+5927 1026 2405 89 101 U+304A 648 1224 79 69 U+3044 447 852 75 74 U+306B 1040 1420 59 83 U+5FC3 1392 1825 99 79 U+3044 1404 329 81 63 U+508D 250 1146 89 119 U+50E5 429 1435 104 115 U+308C 436 1000 103 83 U+3060 648 1937 83 78 U+8A6E 1390 1405 110 119 U+3089 858 1093 39 76 U+3081 269 1548 69 78 U+304B 1021 642 83 61 U+306A 849 2495 76 89 U+5F37 1212 1151 83 119 U+3066 1418 1064 48 118 U+305D 1027 327 64 93 U+306A 77 2157 70 86 U+3092 1034 1630 74 89 U+793C 1204 847 101 93 U+306B 82 1389 50 76 U+7ACB 252 622 85 116 U+307B 1213 1582 87 82 U+304B 829 1950 101 74 U+5409 258 411 69 116 U+3046 1212 1663 57 86 U+53E3 278 2530 67 67 U+30C8 468 758 36 91 U+3044 450 1767 78 58 U+5F97 1399 1282 87 128 U+304A 645 831 84 81 U+306A 849 2204 71 90 U+304D 840 321 68 100 U+304B 53 1490 102 71 U+3075 1209 1086 84 66 U+306B 278 1860 54 70 U+304D 1408 512 86 93 U+968E 249 855 96 107 U+304A 442 429 84 74 U+305A 1402 2079 89 84 U+9152 1018 1518 91 107 U+304A 66 1164 80 72 U+30A2 1046 851 50 64 U+306A 645 510 78 86 U+3093 627 1144 118 76 U+5F37 895 711 68 81 U+306B 271 2423 85 80 U+3044 1219 1014 69 71 U+305B 53 421 82 84 U+3042 1220 611 78 92 U+3059 1030 1312 72 104 U+307E 79 1235 48 96 U+3092 1213 945 85 64 U+3072 833 515 82 87 U+7D0D 1390 2412 86 103 U+5409 893 1473 46 77 U+306A 1036 1967 68 95 U+3068 85 2250 54 88 U+308A 1411 2316 52 92 U+306F 1215 544 69 59 U+65B9 1394 1532 83 107 U+3067 841 1288 84 69 U+308A 82 932 41 93 U+544A 457 2057 68 106 U+887F 250 1746 110 114 U+98EF 823 1193 100 93 U+306A 1410 1908 66 91 U+306F 448 1368 67 62 U+3055 843 605 62 77 U+624B 652 2508 71 90 U+3066 467 2165 41 97 U+308A 456 595 55 83 U+3066 270 738 36 110 U+30A4 1051 1893 45 75 U+6625 1208 398 71 140 U+3068 1401 2251 71 69 U+3093 635 435 101 73 U+6625 437 1229 81 130 U+30C8 1456 697 34 72 U+3093 842 2394 96 98 U+307E 450 1898 77 78 U+3068 74 2018 85 65 U+5409 1077 1743 44 74 U+5C0F 48 518 105 81 U+8033 278 2281 74 134 U+3046 647 2098 57 100 U+3070 1023 535 72 87 U+516D 1214 1271 75 84 U+306A 1214 2072 76 96 U+3089 665 2018 54 80 U+3081 1217 2423 65 87 U+624B 277 1938 61 117 U+3061 1220 1484 68 89 U+3081 80 2512 68 88 U+305D 843 844 66 87 U+308A 1032 704 57 90 U+3080 1027 1210 87 98 U+305D 645 336 59 101 U+5B50 272 958 69 92 U+306F 1031 2320 64 58 U+6625 644 913 66 153 U+3078 1208 2517 98 56 U+3089 647 595 55 94 U+3068 468 1663 46 85 U+304A 1027 1138 86 69 U+306F 1411 864 65 87 U+8DE1 440 2359 107 82 U+304A 842 1883 84 67 U+30A6 831 1786 53 90 U+308A 469 2506 49 88 U+3059 77 2364 68 107 U+3088 476 2442 37 67 U+3031 670 2244 68 145 U+308C 1021 422 72 108 U+52DD 632 2400 102 111 U+306F 449 928 58 70 U+4E86 1421 1184 47 102 U+90A3 51 1820 106 101 U+308B 672 1866 35 71 U+3088 78 337 42 83 U+306B 53 745 91 79 U+306A 66 843 79 91 U+306D 73 1558 85 73 U+30E8 472 676 45 47 U+3093 836 925 101 73 U+5F37 1274 1955 64 84 U+3072 840 2107 78 91 U+3093 1204 2161 106 66 U+30A6 662 727 52 90 U+3073 260 1367 95 91 U+3066 643 1785 70 79 U+3046 1233 1411 38 83 U+3093 652 1513 93 70 U+3092 67 1925 89 89 U+30CF 1037 1864 71 41 U+305F 1407 392 68 65 U+65E6 62 1714 89 96 U+3068 277 1457 52 72 U+58F0 57 602 87 107 U+306A 1413 1654 61 83 U+30CE 652 678 55 61 U+7ACB 460 2259 68 95 U+3055 854 2320 54 77 U+30E2 835 1734 50 51 U+3064 1220 707 76 70 U+30B5 1048 789 58 65 U+304F 1413 1717 61 98 U+3089 850 423 44 93 U+723A 639 1295 99 138 U+3089 1423 2003 33 76 U+308C 1413 952 69 106 U+9152 1017 2214 91 97 U+308A 93 2084 42 76 U+3068 471 1829 42 70 U+304B 283 2125 40 54 U+304A 452 1165 76 68 U+307E 857 2015 39 85 U+3078 432 548 99 41 U+3055 653 1073 56 72 U+30CA 862 1584 48 59 U+307F 1233 1858 32 80 U+3078 57 1336 101 46 U+30CB 857 1675 57 31 U+309E 1425 459 66 52 U+30B5 671 2193 58 52 seg_fp 656 1439 59 79 U+7B11 1208 1751 105 112 U+30A2 861 1634 47 46 U+304B 462 500 37 48 U+3088 284 1282 37 79 U+5409 130 1038 51 75 U+5FA1 1036 2149 63 64 U+304F 1237 771 40 63 U+30A2 668 2240 47 57 U+309D 104 2467 30 47 seg_fp 52 706 74 44,hnsd003-008
U+8179 607 295 109 125 U+3092 435 866 75 71 U+306E 1019 807 72 58 U+3060 1404 1796 66 80 U+3084 1203 1634 69 85 U+306A 833 840 70 90 U+306A 1402 2048 58 74 U+3066 1029 1762 46 95 U+304C 640 425 63 60 U+304B 1000 731 108 70 U+306E 1014 666 75 58 U+3092 1393 708 78 74 U+306E 255 2280 65 62 U+3082 1218 2237 50 70 U+4ECA 1564 2253 100 94 U+3067 240 679 83 75 U+4EBA 808 2009 115 96 U+306A 1020 1115 60 83 U+3066 1023 434 43 102 U+8A00 1019 1648 69 108 U+3092 820 1384 76 88 U+5B89 1378 303 110 94 U+3044 1013 963 76 74 U+3066 1590 1338 40 111 U+8F9B 1201 938 78 136 U+3067 1392 1127 84 77 U+62B1 1182 1074 115 106 U+3057 1208 1177 68 113 U+8CB7 1395 789 82 121 U+3066 833 613 46 100 U+5B89 220 767 116 84 U+5449 792 716 110 118 U+3082 454 707 50 79 U+6765 1004 295 90 138 U+3082 252 294 56 83 U+5C45 430 510 83 126 U+304C 1596 630 66 63 U+5916 637 1694 78 123 U+304A 1010 1294 85 70 U+6C17 1409 1004 78 125 U+8584 447 2192 73 134 U+90CE 1393 573 74 131 U+3064 1571 789 84 101 U+3089 842 2450 40 97 U+306E 830 2107 68 71 U+5C45 1564 1474 90 113 U+304C 1224 2484 69 64 U+306F 449 1804 64 53 U+306A 827 2300 70 87 U+3044 820 1160 75 75 U+4F55 1001 543 98 94 U+3092 233 1141 88 79 U+306F 1397 1497 60 50 U+82E5 1207 2117 78 119 U+3044 1578 714 80 77 U+3067 1579 974 74 88 U+305B 820 937 71 92 U+306D 1567 2052 85 78 U+3060 248 449 81 82 U+7537 638 1912 74 109 U+3061 632 898 70 82 U+3075 811 1235 89 72 U+4EBA 612 1458 120 79 U+60C5 441 2336 90 133 U+4E8B 835 2180 66 107 U+6298 1384 1221 90 109 U+8A00 439 301 65 116 U+30A2 1236 1734 48 54 U+5929 232 558 95 114 U+3084 819 1852 77 72 U+306E 446 787 61 59 U+3067 239 1968 88 81 U+3064 1576 524 84 105 U+3060 251 1475 86 74 U+3053 633 733 62 91 U+3042 626 1290 83 84 U+3060 1585 362 77 78 U+306E 823 1312 75 68 U+90CE 237 1016 75 127 U+306A 444 948 74 106 U+30A2 626 1198 72 85 U+3084 818 288 88 70 U+3044 439 1518 75 67 U+306E 1582 307 70 59 U+9060 1004 2208 104 117 U+7537 445 1314 68 112 U+5973 217 940 119 61 U+3082 461 1651 48 79 U+306E 637 1375 69 69 U+5F15 1569 1069 78 105 U+308B 1044 2476 39 67 U+3082 1408 2135 56 74 U+7ACB 623 508 77 109 U+306E 448 1729 64 67 U+306A 463 2474 68 80 U+3084 617 1125 87 73 U+3068 1030 873 47 77 U+6240 1572 1679 92 89 U+306E 1394 2206 72 54 U+305B 1014 2022 74 73 U+306B 650 1820 50 78 U+5973 1368 493 116 74 U+306A 1208 1815 76 88 U+306D 1196 1983 80 84 U+304D 1028 1866 55 82 U+3075 430 1585 89 70 U+307B 435 1128 95 83 U+30A4 1415 397 43 73 U+6DEB 1375 1581 96 99 U+3044 1577 464 76 60 U+306D 1183 1294 106 97 U+5916 237 2184 106 87 U+3084 1389 1893 88 61 U+304C 1593 1771 60 60 U+8A00 251 1851 65 111 U+3060 1393 2253 83 59 U+3066 637 625 43 97 U+306E 244 379 67 72 U+3064 1571 1846 80 60 U+622F 1383 1683 96 109 U+5150 1209 2399 82 86 U+307E 1586 1903 51 84 U+305F 1585 1587 61 85 U+308A 1206 1536 68 98 U+306F 1213 622 72 52 U+3075 234 1722 92 77 U+3046 654 2365 37 119 U+3081 1012 1366 76 83 U+3056 1029 2349 88 69 U+3044 252 1649 64 68 U+3046 845 360 38 106 U+30A4 257 856 40 72 U+304D 827 1759 66 92 U+307E 1584 2353 53 77 U+3066 1037 2097 36 96 U+304B 1035 2419 45 59 U+3067 1566 2429 86 69 U+30E2 286 2055 46 54 U+3084 624 2303 85 62 U+3078 810 1036 101 52 U+3075 1004 1037 87 74 U+306B 628 2479 87 72 U+3066 435 420 66 76 U+3069 457 1213 67 86 U+306F 1579 2501 73 48 U+3089 1226 1905 40 73 U+3078 1009 1457 96 50 U+305F 828 1584 54 68 U+3075 1388 1330 88 82 U+304C 1407 2310 70 46 U+3068 455 1431 47 86 U+30A2 832 1927 61 77 U+3046 1415 1955 39 95 U+306B 839 460 45 75 U+4E8B 256 2345 67 103 U+805E 813 1485 80 102 U+307D 454 1996 70 85 U+3088 652 1536 37 68 U+305F 1412 913 47 75 U+3078 1558 2133 104 42 U+3064 1575 1275 80 64 U+30C8 860 1075 29 71 U+304C 840 2390 74 60 U+308C 1214 377 69 106 U+308A 649 1599 42 87 U+3092 257 2449 82 90 U+30E2 1416 2378 47 45 U+3088 1036 1499 43 70 U+3089 655 980 35 69 U+3069 464 2079 58 93 U+3089 1040 1201 28 76 U+307E 1594 884 41 84 U+3068 1227 838 46 85 U+3064 623 825 80 78 U+3051 1204 1455 75 82 U+4F59 443 1859 85 132 U+8CB7 248 1225 81 130 U+6C17 254 1355 78 95 U+304F 1031 1562 45 75 U+3053 1221 308 45 69 U+3064 1208 778 79 60 U+3078 1198 2075 86 37 U+308B 461 639 35 61 U+3078 1199 1397 87 37 U+4E00 233 1819 95 17 U+304B 1028 1952 46 67 U+30A6 295 2108 51 89 U+308B 462 1055 35 72 U+306D 617 2129 95 103 U+30A6 1426 2425 50 59 U+3058 655 1056 52 73 U+306E 635 2039 62 71 U+3068 261 1552 46 91 U+30A2 1249 2311 48 49 U+3089 1595 1991 39 64 U+3061 1221 685 61 92 U+30A2 1627 2215 46 52 U+3089 1226 549 34 78 U+3068 836 1663 48 93 U+30DE 1615 2177 60 33 U+3078 627 2240 91 47 U+304B 1572 1176 85 76 U+304B 1232 486 37 63 U+3057 1408 1404 37 90 U+3031 1390 2416 38 144 U+30CE 1258 2341 36 35 U+3057 856 530 31 81 U+309D 1623 1237 24 28,hnsd003-011
U+306E 1239 1047 65 63 U+5016 271 871 93 137 U+306E 858 951 75 64 U+541F 461 1429 92 107 U+304A 666 2273 71 54 U+7236 469 1809 92 103 U+5C0F 1217 2380 96 67 U+5C0F 655 727 90 85 U+50E5 265 744 103 121 U+304C 101 1187 59 58 U+306E 474 1545 60 56 U+3066 1436 1573 42 97 U+3092 274 670 78 60 U+671D 1220 826 88 102 U+3092 79 1729 91 77 U+306E 483 1909 61 54 U+885B 464 2088 98 98 U+5FC3 1039 644 84 83 U+7B46 86 576 71 140 U+306A 863 1025 67 100 U+306B 679 1077 47 74 U+3082 1434 1069 61 83 U+3068 488 2531 55 93 U+6C88 457 1328 96 102 U+306E 1047 2146 75 59 U+3082 1067 1923 43 80 U+4E8B 663 1562 71 137 U+4E8B 1063 2505 54 102 U+4ED4 850 763 88 84 U+3066 668 1968 52 101 U+306E 84 1440 76 49 U+306B 659 1816 91 70 U+3082 1059 1227 41 84 U+66F8 93 1818 59 80 U+8A31 1038 743 87 106 U+3044 661 1703 78 53 U+304A 1051 1871 76 55 U+3061 474 1696 67 97 U+3031 486 2407 59 131 U+306D 263 384 96 108 U+5175 454 1980 90 108 U+304C 1237 2549 75 62 U+6B21 84 1511 88 88 U+304A 1430 610 83 72 U+5409 88 1071 68 102 U+514E 855 2412 88 115 U+5378 297 1639 74 107 U+9817 1040 1336 86 112 U+7D30 847 868 95 79 U+3072 1412 2122 87 91 U+7B2C 83 1601 82 128 U+3032 1436 1798 80 141 U+307E 1428 2485 46 75 U+306F 93 2153 59 52 U+888B 275 1010 92 136 U+3042 95 1909 74 90 U+8EAB 667 955 66 106 U+4E16 1224 671 99 74 U+8C8C 1230 938 79 104 U+306E 1240 1247 67 64 U+5409 1047 1108 64 117 U+3082 872 1759 48 82 U+3059 479 2259 64 103 U+6CE3 1418 904 96 108 U+306F 1417 2566 69 57 U+308A 291 1524 63 97 U+306F 474 2202 65 52 U+304D 1233 1700 74 82 U+4F55 853 582 87 95 U+82B1 1227 1123 84 117 U+306E 672 2183 59 54 U+516D 1220 2463 86 76 U+304B 875 1127 39 64 U+3082 1066 2065 45 83 U+5EFB 1416 2226 80 81 U+308B 297 594 33 69 U+5DE6 464 1034 79 91 U+3053 1055 2346 68 95 U+3044 663 511 73 69 U+3084 855 2542 79 76 U+304B 1419 1388 91 64 U+675F 289 2371 75 111 U+3084 1039 376 86 75 U+304A 1044 1028 81 76 U+3082 1245 1791 49 72 U+307B 1238 485 77 83 U+3084 854 1353 79 81 U+306B 1243 2290 52 67 U+3084 468 586 69 64 U+304C 675 898 71 51 U+3080 270 494 88 95 U+53F3 463 762 78 105 U+544A 469 382 64 122 U+3070 661 1409 92 56 U+9732 1238 1314 77 132 U+3066 1441 493 46 108 U+3072 85 2067 79 85 U+306F 1244 751 60 53 U+306B 1438 1296 57 75 U+3069 1249 567 66 90 U+3093 470 503 84 78 U+5484 70 1275 111 72 U+5BB6 1430 1166 78 125 U+6068 75 2216 107 107 U+306F 1431 824 64 57 U+3044 861 1636 69 61 U+516D 661 818 83 73 U+6238 265 1154 76 122 U+308A 294 1328 54 101 U+3075 852 1696 85 71 U+3059 1242 374 63 105 U+307E 480 1213 57 80 U+307E 471 936 72 84 U+306E 1233 1861 74 60 U+304B 655 380 87 67 U+306A 1241 1600 59 99 U+3059 293 1977 67 97 U+308F 676 1248 43 95 U+5927 655 1482 92 82 U+6625 1426 680 68 134 U+80F8 649 2083 92 97 U+306E 861 1840 64 57 U+306A 80 389 73 105 U+7B65 293 2228 67 130 U+308A 1445 1498 46 75 U+51F6 1045 1547 78 110 U+305B 855 2064 75 91 U+3092 672 2534 76 81 U+3066 98 885 39 76 U+306B 872 390 51 88 U+3072 666 2440 74 94 U+3070 1420 2398 86 64 U+3068 1245 1917 58 85 U+3089 1074 2253 29 70 U+308B 106 494 32 75 U+304B 1424 374 91 71 U+3082 681 2344 47 91 U+306A 1051 861 58 67 U+308A 108 806 41 78 U+304B 877 677 43 62 U+308B 1074 1470 32 53 U+3044 1235 2030 64 53 U+306E 1057 2438 63 64 U+601D 1425 2030 71 90 U+3068 104 734 46 72 U+305B 1415 2310 81 85 U+3046 1063 452 40 84 U+304B 1071 2202 37 52 U+3048 1228 2195 81 93 U+3084 464 2362 80 64 U+3088 309 1256 30 71 U+5150 1048 1659 78 97 U+3075 1042 1997 85 68 U+30FE 689 664 47 54 U+3055 1431 1684 60 76 U+307E 1416 1764 74 74 U+304D 868 2296 56 95 U+3055 476 868 53 67 U+306F 668 583 62 77 U+304A 89 998 84 70 U+305A 863 1263 79 94 U+3068 486 651 43 93 U+3082 872 471 47 87 U+305F 289 1831 62 71 U+3070 1230 2138 87 62 U+3059 1048 535 67 100 U+6216 80 2411 93 86 U+3068 1061 1761 51 93 U+3055 671 1167 61 72 U+3068 300 1451 50 64 U+306F 861 1565 64 53 U+898B 864 1953 65 102 U+306F 1247 1458 48 79 U+3055 473 1129 58 81 U+77ED 278 2484 95 97 U+3068 1440 1929 44 88 U+3068 875 1470 46 84 U+308B 107 2000 34 64 U+3086 858 2210 77 53 U+3046 485 1622 41 78 U+3078 853 2164 84 37 U+304B 690 1754 33 62 U+304B 1255 1539 36 62 U+307F 110 2330 25 74 U+308A 292 2121 67 95 U+3078 1419 1458 89 38 U+308B 307 1903 35 58 U+3089 874 1189 31 80 U+3057 124 1364 15 69 U+3078 1221 2088 94 45 U+304F 1063 927 47 75 U+309E 323 2077 50 41 U+3057 313 1755 20 73 U+303B 1453 1015 30 55 U+309D 892 1896 22 41 U+3057 700 1901 12 64 U+3089 677 1341 40 71 U+304F 683 439 41 70 seg_fp 114 2532 45 81 U+304F 1456 443 35 52 U+3072 89 2496 69 55 seg_fp 876 2262 35 45 U+304B 315 2589 34 31,hnsd003-018
U+306E 1414 2554 67 66 U+306E 1059 774 68 60 U+306E 1441 936 66 54 U+306E 865 1220 63 60 U+306E 665 2466 68 54 U+68D2 1422 698 98 116 U+6625 1048 468 74 138 U+4ECA 83 843 92 97 U+304C 681 984 72 57 U+306F 286 1602 67 44 U+885B 282 1493 89 101 U+3082 470 2245 60 62 U+9AEA 1391 2196 101 123 U+3044 1439 405 81 69 U+3042 1253 672 78 79 U+304A 660 2559 75 62 U+524D 1431 1006 77 120 U+305F 671 913 66 71 U+3031 1264 780 70 147 U+5FEB 71 1581 115 112 U+5175 266 1394 89 102 U+306F 1050 2202 61 41 U+307B 287 1665 78 76 U+3082 97 2469 46 97 U+4E45 457 971 106 89 U+3064 462 2408 79 85 U+306A 89 1040 77 93 U+3031 323 2210 58 119 U+306B 1233 1448 82 73 U+306F 1055 967 66 40 U+306F 1424 1644 70 55 U+6C17 471 1378 87 100 U+3044 1051 1367 72 63 U+3067 469 2174 78 63 U+3059 82 1996 82 73 U+4ECA 847 2532 91 93 U+304C 1252 1295 62 50 U+305F 469 1830 67 79 U+304A 1046 2485 75 63 U+3073 1411 2109 84 80 U+306A 1230 2302 62 77 U+723A 461 388 91 149 U+304D 1036 2559 84 75 U+3044 472 1121 68 64 U+5B85 1059 845 76 111 U+306F 861 922 67 61 U+308A 1244 1783 45 74 U+3046 313 644 34 85 U+5782 1430 1127 83 130 U+3092 1042 2377 68 91 U+4F55 849 1478 83 92 U+30A4 889 528 44 66 U+7E1E 1429 822 88 109 U+3046 305 1740 39 84 U+3067 847 1833 77 79 U+5409 135 2088 52 68 U+3068 1431 1908 58 80 U+6625 858 693 69 138 U+305D 472 1994 61 72 U+3066 1043 1913 69 73 U+304C 484 1910 63 58 U+30C8 326 733 31 61 U+308A 1435 1831 48 73 U+3072 284 888 75 86 U+3051 1431 1334 68 71 U+3059 94 730 70 92 U+6709 290 2318 68 92 U+3057 1242 925 78 79 U+5175 1223 1086 88 105 U+3093 468 610 95 66 U+5175 353 2035 45 68 U+5175 931 388 44 67 U+3050 1418 1693 91 70 U+672C 1050 2261 74 113 U+3070 285 1314 80 71 U+3061 677 389 72 93 U+305E 864 1572 76 88 U+5973 827 1292 123 65 U+3093 1044 691 105 70 U+885B 1041 2084 87 101 U+554F 1040 1729 93 90 U+3068 483 1489 58 88 U+75C5 456 1262 93 114 U+9580 1224 1363 92 90 U+885B 1234 1187 73 103 U+5150 864 1368 75 91 U+304A 864 620 85 76 U+4F59 76 1279 90 128 U+307E 1229 1699 77 86 U+5FEB 272 461 99 104 U+3067 1051 1133 70 86 U+304A 283 387 83 74 U+30CF 883 498 71 36 U+30A2 694 1738 45 58 U+305F 284 2473 66 64 U+3042 287 1074 81 81 U+97F3 1254 397 54 115 U+5175 1029 1992 94 94 U+3044 289 818 71 69 U+7D50 1406 2001 88 106 U+304B 879 2310 36 45 U+307F 299 1947 40 65 U+3046 300 2537 39 93 U+308C 1056 1807 59 96 U+65E5 104 957 42 65 U+805E 456 1593 87 95 U+307E 104 631 51 98 U+3054 98 1708 81 55 U+5FA1 474 1200 67 67 U+305D 90 2205 66 88 U+306F 87 2412 70 55 U+306F 688 1695 54 37 U+308C 473 2068 66 99 U+3061 863 1056 73 90 U+308C 1449 472 59 114 U+3044 1216 2473 74 54 U+3068 682 614 58 81 U+307B 81 1408 84 79 U+304B 685 1588 35 43 U+306B 1456 594 49 88 U+307E 484 1690 46 81 U+308C 85 2294 72 110 U+30E4 688 1239 49 53 U+3069 98 1488 61 78 U+304A 665 1313 82 63 U+3054 870 1924 80 58 U+3093 656 2107 97 61 U+3064 667 540 81 74 U+30A2 1239 2547 46 47 U+3056 91 1766 87 74 U+307E 678 773 53 74 U+304F 1257 1000 60 79 U+304C 659 2175 75 64 U+3054 99 391 76 69 U+304A 673 1826 83 64 U+7B11 281 1839 92 104 U+304A 1050 389 86 76 U+307E 669 1891 53 86 U+304C 1444 1268 67 65 U+3089 882 1144 36 75 U+306F 85 1228 66 55 U+5B88 674 1491 50 81 U+51FA 669 705 92 74 U+5409 730 1059 50 78 U+3059 848 2223 81 78 U+3055 1061 624 57 69 U+307E 1066 1435 40 85 U+3055 1229 2401 52 68 U+30F2 695 1176 47 64 U+5409 1292 1858 41 75 U+7ACB 1230 1530 69 96 U+3055 670 2039 56 69 U+307E 94 1921 47 77 U+308A 97 1840 50 92 U+304C 305 2422 62 52 U+30C8 1084 1643 36 67 U+3075 71 2569 93 71 U+308B 1443 1766 36 68 U+3053 869 989 51 64 U+3031 499 849 66 126 U+99C4 1398 2440 94 95 U+3056 866 1984 75 70 U+5150 658 2354 80 94 U+5FA1 1230 2107 65 62 U+308C 292 1202 50 113 U+3056 95 460 77 81 U+3078 467 746 86 44 U+5929 1417 1431 87 101 U+306F 470 2563 65 55 U+305F 860 2396 55 70 U+307E 866 2140 43 81 U+3088 310 568 41 75 U+30CF 308 2147 58 29 U+3055 479 543 56 68 U+3059 1046 1521 73 72 U+30C1 1256 1985 49 53 U+3081 1223 2169 69 72 U+3068 480 2481 47 80 U+3078 1231 614 106 49 U+3078 649 1640 90 39 U+30A2 688 2246 43 45 U+3069 97 1136 69 83 U+3064 292 975 58 55 U+308A 110 539 41 86 U+3061 476 2334 66 79 U+3088 694 474 40 62 U+3055 1251 518 61 78 U+7A93 1425 1522 73 122 U+30CE 682 2285 50 41 U+3053 1063 1024 52 59 U+308A 870 2055 45 88 U+304B 482 689 45 52 U+3056 1056 1289 79 77 U+5FA1 865 1672 72 70 U+3089 1265 749 40 80 U+30A4 315 2177 33 41 U+3054 1063 1229 74 55 U+3068 872 832 50 85 U+3093 1219 2235 69 61 U+309E 883 2471 37 39 U+3078 650 1988 96 43 U+304B 302 1150 44 61 U+7528 855 1739 66 93 U+4E0B 1419 2343 73 93 U+304B 1067 1595 41 48 U+30E4 487 807 53 46 U+3057 508 1770 15 57 U+3057 704 846 19 68 U+3068 1240 1627 51 66 U+7559 668 1379 69 107 U+30CE 1248 2592 35 34 U+30C8 1275 2030 24 55 U+309D 310 1032 21 32 U+30EC 492 845 43 51 U+3057 496 1052 19 67 seg_fp 1258 1955 37 37 U+309D 1084 1089 24 39,hnsd003-020
U+5C0F 642 459 95 86 U+306E 855 867 78 68 U+306E 83 835 64 69 U+306E 871 2642 65 56 U+6614 85 709 80 118 U+305B 461 1588 72 86 U+5973 53 466 116 82 U+3066 469 2636 68 67 U+3072 1051 2567 84 76 U+3066 1048 997 50 112 U+3066 1433 766 50 96 U+306E 666 1182 67 66 U+306E 664 1954 73 62 U+3072 476 2312 80 86 U+3055 1065 2642 56 75 U+3082 864 1116 54 75 U+6C17 287 1450 74 119 U+3092 86 1398 70 88 U+6BD2 261 1658 110 127 U+306E 867 2390 73 64 U+306E 284 1369 71 69 U+306A 103 2547 66 97 U+308C 471 2564 95 80 U+304F 676 2625 50 86 U+3082 470 1503 57 78 U+3066 860 1978 61 77 U+304B 1407 2549 86 60 U+306B 1415 1874 87 70 U+885B 1224 1163 89 105 U+30A2 297 2601 71 78 U+304C 491 1951 56 52 U+5168 650 2511 109 113 U+7ACB 282 1143 64 114 U+8352 1418 1615 106 121 U+3044 665 2109 74 64 U+8EAB 1022 611 86 106 U+501F 645 1008 99 113 U+304A 668 2266 84 59 U+304C 1241 1270 63 51 U+3093 274 1859 103 78 U+3053 1041 458 71 88 U+8EAB 1216 2250 80 113 U+306E 79 1109 74 64 U+3072 857 778 83 86 U+3072 656 2173 83 77 U+3067 661 1648 73 90 U+5FC3 463 2027 93 82 U+3052 1234 607 90 117 U+91DD 649 1411 89 106 U+3044 92 2049 78 67 U+304A 1417 2315 88 70 U+3089 314 2492 38 79 U+3084 470 2401 85 63 U+5175 1215 1055 97 111 U+306B 461 1420 81 72 U+305F 1052 2192 63 70 U+8CC3 649 1268 82 129 U+4E0D 1232 1339 76 92 U+53BB 297 2236 54 93 U+3082 1244 1824 51 68 U+305F 670 2383 64 63 U+304A 1054 2081 80 63 U+3061 861 1017 68 100 U+304D 850 561 78 86 U+75C5 841 646 99 134 U+3067 659 924 69 81 U+305D 465 467 74 101 U+677F 1418 1356 89 95 U+3031 877 2483 69 149 U+5F8C 1223 450 98 114 U+7236 275 759 83 101 U+3068 677 2019 53 84 U+3088 482 1675 46 73 U+306E 277 547 67 79 U+306B 1053 724 45 71 U+9762 89 2333 94 110 U+306B 294 1058 44 72 U+4E2D 468 2110 74 104 U+5927 850 1404 87 91 U+306E 292 1587 60 69 U+7DDA 653 1517 78 129 U+3089 1442 1736 57 82 U+3072 655 666 87 82 U+305B 286 1793 70 74 U+306E 1046 544 61 70 U+89AA 265 639 91 113 U+5947 76 1686 92 125 U+4F55 450 1213 103 102 U+306E 1432 1063 64 61 U+304A 1045 1116 79 67 U+306F 1419 2484 62 55 U+306B 104 1957 44 80 U+82E6 1220 2040 77 122 U+3089 488 2464 47 87 U+5730 70 1305 109 105 U+305F 667 1120 65 61 U+3082 1056 1533 45 78 U+6B64 1044 2335 97 78 U+53D6 670 1741 58 114 U+3092 1219 840 100 66 U+3092 1047 1844 79 87 U+8E0F 1413 1949 85 105 U+3044 1421 1466 77 58 U+6B21 1413 974 102 89 U+304C 103 2257 68 52 U+610F 77 1174 74 133 U+8C8C 1229 1539 72 117 U+3075 1422 458 92 90 U+305D 872 2301 62 87 U+731C 1217 1427 91 123 U+5973 440 1771 125 73 U+5409 1424 2380 64 101 U+3061 1432 2065 58 70 U+7C73 854 1204 71 123 U+5FC3 1043 1755 90 82 U+3066 1238 1742 62 76 U+3066 1242 2621 39 109 U+3089 1440 2136 33 80 U+304C 1055 1400 73 54 U+5F79 266 943 100 111 U+3081 1043 1319 70 84 U+30C4 701 2321 39 49 U+304B 1060 2265 42 56 U+3092 1232 2366 69 72 U+3070 294 1936 75 78 U+51FA 1055 1938 79 61 U+305A 279 1266 80 100 U+3046 873 943 38 78 U+898B 1238 732 67 105 U+306F 666 753 58 60 U+8DEF 1420 864 86 112 U+3069 1066 2483 68 70 U+305F 467 1064 62 75 U+3055 1052 1472 61 61 U+3053 281 465 63 75 U+3093 277 2002 103 75 U+305F 667 1857 65 74 U+3065 654 546 103 72 U+308B 1254 976 36 67 U+307B 1056 2417 83 69 U+304B 478 1140 42 52 U+6625 1042 1184 66 132 U+76EE 99 2438 63 107 U+306B 1242 2165 55 75 U+3089 1449 615 39 77 U+3044 99 2658 77 53 U+306F 84 646 60 51 U+601D 477 2238 69 77 U+306F 465 740 68 59 U+9E97 75 1808 95 151 U+6B66 83 905 90 116 U+3044 1048 1674 72 58 U+5BB6 861 1492 72 133 U+58EB 81 1013 72 78 U+8CA7 1233 1895 69 142 U+306B 78 559 82 86 U+306F 289 2180 65 53 U+3075 83 2118 83 80 U+51FA 90 1497 81 66 U+304C 686 2448 67 53 U+8A71 853 1796 86 106 U+3067 461 660 77 75 U+305F 99 2197 58 63 U+308B 1442 2655 33 64 U+304F 1426 548 77 62 U+3055 1242 1667 53 72 U+304F 854 2057 87 69 U+304C 291 865 59 46 U+304B 1031 800 89 71 U+5150 464 1845 80 91 U+3068 1434 1520 51 87 U+304B 461 927 78 66 U+8150 1405 1213 97 141 U+4E16 843 1696 101 94 U+3064 459 998 78 65 U+3081 1231 2545 69 75 U+306F 857 1333 60 53 U+306A 297 2346 61 87 U+3057 111 1562 19 100 U+304C 876 1622 57 50 U+305B 1233 2447 67 84 U+304C 310 2430 62 61 U+65E5 877 2458 46 63 U+308B 876 2232 43 56 U+3057 1445 2220 17 90 U+308C 467 1309 71 106 U+3078 1409 2610 94 40 U+3057 868 463 26 93 U+3046 472 571 42 95 U+304B 669 615 44 56 U+3055 300 2088 51 81 U+3057 1069 921 19 78 U+30C4 1079 2138 43 43 U+304B 1443 1821 36 51 U+3053 668 816 59 60 U+304F 1249 904 53 66 U+3057 1454 692 21 72 U+308C 862 2129 63 103 U+3057 1083 1998 13 78 U+304F 1063 836 53 94 U+571F 1437 1138 58 74 U+304B 1248 567 38 52 U+30CE 312 2651 47 52 U+306A 469 815 67 106 U+3057 887 1897 19 81 U+309D 689 882 32 39 U+3057 1077 1599 19 72,hnsd003-028
U+5C0F 1421 1552 92 71 U+306E 483 2002 67 57 U+306E 1448 1281 67 60 U+306E 680 1139 65 55 U+3070 1062 1600 88 53 U+306E 1435 1957 69 49 U+5341 97 398 77 86 U+3082 308 1540 55 76 U+306B 295 1240 82 70 U+304C 1444 1738 65 50 U+885B 671 1745 88 107 U+3051 478 1211 75 81 U+3082 1435 2267 49 66 U+306E 481 2153 70 63 U+306E 303 764 69 51 U+5074 658 1213 93 110 U+7269 1054 1053 92 91 U+306B 93 1043 86 76 U+3058 1267 2090 45 103 U+3082 1458 855 48 80 U+308C 1047 1527 98 78 U+306E 299 1897 68 56 U+3042 487 400 72 85 U+304A 1058 1161 84 67 U+30A4 698 834 40 89 U+3084 864 1479 75 73 U+304D 1260 874 54 101 U+3082 111 864 56 96 U+3084 278 2564 82 76 U+305D 1458 594 62 89 U+7236 667 1035 91 98 U+30CF 693 802 63 33 U+58F0 662 1929 91 118 U+624B 1254 985 57 120 U+306A 489 1122 52 88 U+5175 652 1646 101 105 U+5973 1417 1371 110 58 U+3061 874 1883 64 81 U+3066 687 663 46 118 U+3081 673 2300 69 64 U+5341 289 2403 84 85 U+306C 865 1637 82 74 U+304B 1228 1597 86 72 U+306B 859 1798 82 72 U+306E 1230 2570 69 66 U+305B 91 1403 73 72 U+304B 1053 1406 76 67 U+6765 866 1359 72 119 U+4ECA 666 2539 82 97 U+3070 1242 1510 85 67 U+3044 294 633 72 51 U+3072 1056 1307 77 82 U+304C 489 2568 72 73 U+305D 483 2076 62 73 U+306F 95 1336 68 54 U+65B9 1427 1803 72 105 U+3067 99 569 72 87 U+3072 291 397 91 82 U+308C 668 1497 88 80 U+5175 1042 1663 89 105 U+308C 461 2481 103 84 U+6B6F 1441 1152 86 111 U+5150 1439 1450 85 84 U+306E 105 1652 68 69 U+3082 1249 2373 43 63 U+723E 1055 2041 74 85 U+306E 104 780 67 71 U+3044 673 404 85 73 U+3044 470 1704 82 59 U+3070 686 1586 77 47 U+306F 1062 1875 63 37 U+4E94 282 2497 90 62 U+3067 1252 504 74 83 U+6625 1446 396 68 133 U+306F 100 1988 65 56 U+4E26 99 660 73 116 U+3044 864 2373 69 58 U+308C 101 2118 69 93 U+306C 102 1476 71 76 U+516D 1423 1647 90 78 U+3068 877 2108 50 64 U+308C 484 1290 66 93 U+3057 1446 950 77 110 U+305D 308 1631 54 81 U+306A 1249 1225 74 84 U+6765 93 1210 80 122 U+304A 476 2414 80 66 U+3089 1463 1065 40 83 U+75C5 291 829 90 110 U+304F 1055 575 83 63 U+885B 1050 1762 90 98 U+5C4A 1238 602 91 136 U+3082 108 2445 49 59 U+306F 680 1871 62 49 U+904E 1238 2200 76 81 U+624B 301 1956 59 112 U+3072 1060 816 79 60 U+306F 688 476 54 79 U+3053 312 699 52 51 U+516D 98 488 75 80 U+3056 108 1839 83 79 U+3053 876 1177 59 95 U+3055 310 480 54 69 U+304F 466 1751 95 77 U+5FD7 99 1737 82 98 U+3064 865 985 75 96 U+308C 1454 686 69 95 U+805E 861 2190 77 108 U+5B8C 1056 1920 83 112 U+3051 1250 1324 76 93 U+3031 1078 678 60 118 U+305F 883 555 62 62 U+7A4D 1219 2449 96 110 U+3081 479 653 76 72 U+306A 299 2188 68 88 U+6587 1405 2026 98 112 U+3078 1420 1917 104 38 U+3051 294 1381 78 79 U+305D 681 2222 57 73 U+5E30 853 396 97 90 U+308A 1264 393 57 107 U+3092 671 2053 83 75 U+305F 1421 2459 64 61 U+4FBF 1233 1115 103 101 U+305F 301 1808 59 68 U+305F 1063 397 64 79 U+306E 103 960 71 81 U+305F 872 2303 57 64 U+3042 1236 1960 74 79 U+3031 305 2289 73 124 U+3066 482 728 73 75 U+3044 93 2321 77 50 U+3072 666 2136 76 85 U+304A 865 1569 82 62 U+3088 1077 640 42 68 U+305D 109 1570 59 79 U+308C 1252 1410 59 100 U+306B 489 2331 57 73 U+306A 307 1071 63 91 U+3068 692 931 51 87 U+305F 490 581 59 65 U+306F 476 1040 69 49 U+306A 303 1714 72 92 U+3084 1235 1668 77 67 U+66F8 1415 2356 72 100 U+3064 859 2034 75 63 U+3064 294 1317 83 62 U+304C 880 2522 67 47 U+51FA 100 1142 78 65 U+308C 685 556 60 103 U+308A 1075 951 50 90 U+3061 882 828 62 94 U+3082 1071 1224 50 83 U+3093 293 1157 93 75 U+306D 1065 485 73 78 U+3057 98 2218 71 98 U+304B 1229 1737 83 63 U+3068 1060 2133 61 79 U+3068 884 1079 53 83 U+8FB1 88 2512 74 135 U+3079 1243 820 99 51 U+6C17 305 941 86 110 U+3089 513 485 28 83 U+3070 1416 2531 89 79 U+3069 495 1386 66 90 U+304A 1054 2415 81 79 U+3044 485 813 72 61 U+3068 106 2370 53 72 U+3067 481 952 81 84 U+306F 1453 539 64 53 U+3064 873 491 74 64 U+3078 1049 1478 84 48 U+3046 118 2043 34 81 U+3075 474 875 84 78 U+3057 506 1910 22 76 U+304B 893 618 45 43 U+306F 1055 2498 56 73 U+30C4 319 2112 50 31 U+3055 1434 2143 54 71 U+30C8 906 2594 30 59 U+3068 1250 1847 38 92 U+3093 1232 2031 85 63 U+3078 1409 2219 96 45 U+306F 677 1448 67 49 U+3088 880 1971 39 62 U+3088 889 916 42 66 U+304B 1433 2609 41 49 U+5175 1127 2234 47 62 seg_fp 294 1501 73 40 U+308B 1066 2572 38 70 U+3078 866 1317 86 37 U+3068 1080 873 44 77 U+30DE 905 690 44 40 U+3089 505 1830 31 68 U+4E2D 475 2235 76 85 U+3068 1459 782 51 73 U+8CA7 481 1481 80 144 U+4E00 284 2082 82 17 U+5175 744 2381 40 73 U+3059 689 1339 49 98 U+304F 1266 732 45 84 U+304B 311 2273 40 53 U+3057 1268 2293 12 66 U+30FD 1110 2356 20 30 seg_fp 323 1458 26 42 U+3057 131 1915 19 70 U+3057 886 1719 27 77 U+30DE 871 751 57 49 U+30F2 1097 2313 35 36 U+304F 1259 1783 39 72 U+3057 325 553 21 74 U+3057 496 1629 28 74 U+309D 905 1269 25 37,hnsd003-032
U+3044 1262 597 74 61 U+306E 522 657 63 64 U+3082 522 2373 49 84 U+91D1 511 2115 101 97 U+306E 1446 1604 71 60 U+91D1 509 418 96 122 U+306E 1085 1001 64 57 U+306E 146 787 75 55 U+5408 323 589 96 92 U+91D1 329 2015 92 108 U+3082 1458 415 52 83 U+3092 1251 519 89 63 U+3082 1089 1761 51 77 U+306C 332 1009 84 67 U+793C 1251 417 101 96 U+306E 899 1294 69 64 U+3067 139 960 80 87 U+306B 693 1051 86 82 U+3051 897 1692 78 77 U+3082 1083 2047 55 75 U+624B 1077 1072 67 108 U+51E6 877 1204 101 89 U+306F 710 814 65 53 U+306E 341 2127 65 65 U+3044 893 964 67 56 U+524D 1434 1674 85 130 U+306C 512 1987 85 69 U+3067 1072 622 71 83 U+3082 147 1446 59 82 U+5B85 1445 1488 79 105 U+307B 1436 2163 77 84 U+307E 1080 535 48 88 U+3089 1091 1236 39 78 U+306E 1265 1145 67 68 U+4E2D 142 854 73 102 U+5927 1257 877 83 94 U+3076 696 1264 88 77 U+9593 882 1368 94 111 U+660E 124 2239 100 102 U+306F 896 1473 66 55 U+307E 709 409 58 94 U+304A 882 422 89 71 U+306E 1448 1349 73 63 U+306E 515 1447 78 56 U+306B 885 2465 83 79 U+3082 714 1345 54 72 U+5927 1444 1085 77 93 U+7C73 1067 1640 81 121 U+5C4B 1254 973 88 98 U+3075 879 1020 84 65 U+7B48 319 2467 107 105 U+306F 520 2068 63 45 U+305F 1253 1980 66 71 U+624B 709 2325 67 106 U+3067 1416 2565 84 70 U+3084 343 2332 73 55 U+3057 1454 516 68 96 U+3059 1442 716 88 85 U+9055 1230 1864 108 106 U+50AC 878 1970 100 104 U+304A 702 1660 77 72 U+304B 131 1538 96 66 U+7537 519 1325 62 105 U+523B 1424 981 99 103 U+6B53 696 1135 94 131 U+3092 1442 1801 78 80 U+306B 1424 2324 88 74 U+92AD 509 540 103 126 U+5484 123 2471 112 66 U+304C 1270 1213 67 61 U+307C 891 492 83 83 U+3070 146 1233 72 81 U+3075 1248 656 90 72 U+3044 143 2179 71 50 U+5C4B 1442 1176 93 90 U+306A 147 432 61 95 U+306A 522 1825 59 91 U+306A 154 2100 67 76 U+3059 522 1011 67 98 U+3046 347 2386 49 79 U+70B9 136 1107 88 97 U+30A4 1266 1283 48 65 U+3092 897 2186 80 79 U+3066 153 1707 68 68 U+5C45 138 1777 76 109 U+3086 335 869 69 69 U+3082 904 623 52 73 U+5973 1046 714 117 74 U+3044 898 813 70 56 U+304B 1088 1180 42 54 U+3089 1268 2055 51 68 U+308C 893 1764 74 94 U+5408 1056 2271 109 111 U+304C 1459 1411 65 63 U+306F 1255 1691 68 60 U+8ACB 1068 1328 85 116 U+3092 513 932 92 83 U+308C 1451 612 67 99 U+304C 353 793 57 63 U+308B 906 1613 48 59 U+7236 142 608 76 92 U+308F 907 1527 44 86 U+306A 902 709 63 102 U+5FA1 1086 901 71 80 U+306E 702 1414 65 62 U+3082 1256 2447 51 66 U+3066 342 2199 55 63 U+9063 1069 2465 74 101 U+70B9 336 681 76 107 U+304B 132 1316 86 64 U+306F 149 2043 68 57 U+308C 881 2325 103 79 U+30A2 724 1913 51 63 U+9762 512 823 85 109 U+304A 509 2472 79 74 U+6708 1064 418 83 119 U+304D 337 2267 88 73 U+3067 514 1610 90 77 U+5E97 1250 2202 74 117 U+305D 1264 1496 61 94 U+6728 1069 1952 79 93 U+3046 1268 2123 36 80 U+308D 702 974 76 60 U+307E 711 2438 51 75 U+5B50 146 699 75 85 U+9593 1260 1754 61 107 U+5176 894 1090 68 113 U+306F 706 2582 64 51 U+305B 335 1688 70 79 U+5148 1444 885 88 94 U+304B 347 1254 42 58 U+3068 720 565 48 81 U+4FC3 886 2077 88 106 U+6625 697 1731 73 118 U+901A 1418 1904 102 103 U+3068 1459 790 55 78 U+304C 351 2583 64 57 U+5150 1069 790 79 107 U+3089 1265 794 53 80 U+306F 336 522 59 55 U+3069 530 2234 75 58 U+8DE1 1235 2540 95 78 U+306F 337 1628 67 63 U+306B 154 2393 58 73 U+5DE5 510 743 77 71 U+3031 1284 1366 59 141 U+3078 504 1774 96 45 U+3053 715 872 56 56 U+3066 1091 2384 37 83 U+3082 342 1435 50 84 U+624B 523 1507 50 104 U+308C 1258 1583 61 102 U+3064 1428 2012 80 78 U+3075 510 2295 80 69 U+308A 160 1377 42 69 U+3069 713 1988 74 71 U+304B 346 940 41 73 U+3044 336 1861 63 46 U+307E 348 1086 43 92 U+3051 1077 2203 76 64 U+8CC3 1248 2322 71 120 U+3057 339 1527 70 96 U+3044 139 528 69 57 U+306B 347 425 47 91 U+771F 1085 1844 54 109 U+3046 1088 2134 44 72 U+3069 1460 1278 61 67 U+307E 348 1770 44 87 U+3055 339 1180 53 73 U+3068 909 868 54 77 U+308B 908 2395 49 63 U+305F 1440 2090 55 66 U+3068 1274 1077 46 66 U+547C 1422 2409 91 91 U+76D7 324 1321 82 115 U+305F 1073 2568 57 60 U+3055 903 2262 55 63 U+30A6 716 1571 51 83 U+305D 515 1187 49 84 U+4E00 125 1075 97 17 U+30E4 1264 1354 63 46 U+3068 1092 1439 42 70 U+308A 1078 1520 65 99 U+308B 165 1882 38 50 U+3078 495 1278 109 43 U+3089 530 1913 36 77 U+308B 532 1114 35 69 U+3055 525 1693 55 75 U+3078 881 574 88 39 U+305F 1261 728 61 63 U+5B9F 711 665 64 145 U+308C 502 2556 96 80 U+3066 712 2206 47 103 U+30DE 723 1863 52 45 U+3057 367 1910 12 94 U+3068 1447 2244 43 79 U+8FBC 1431 2497 69 67 U+3078 695 2522 87 52 U+3068 908 1856 48 93 U+3057 746 492 16 75 U+309D 741 1471 20 39 U+3057 170 2550 17 104 U+3084 888 2543 73 41 seg_fp 170 1596 42 44 U+3057 172 1631 16 76 U+30CE 729 1524 41 45 U+303B 170 2337 26 52 seg_fp 738 931 23 30 U+3046 721 2062 38 62 seg_fp 905 2580 39 42 seg_fp 717 2131 30 72,hnsd003-034
U+3092 1258 615 84 65 U+5C0F 96 1652 99 74 U+306B 303 2578 91 68 U+3082 1073 1266 60 75 U+3092 290 1536 100 57 U+306E 1262 1427 74 56 U+304D 501 2551 62 92 U+306C 1073 749 88 71 U+5FC3 878 1052 90 84 U+3092 879 1145 78 66 seg_fp 1047 1155 111 102 U+5E74 1448 2118 62 142 U+306A 889 961 67 79 U+306E 1073 953 72 62 U+306E 688 2316 73 51 U+304B 873 1225 94 66 U+3061 1465 786 64 102 U+3066 1454 1095 70 77 U+3046 1276 2192 39 87 U+4EBA 1055 1697 106 88 U+3066 894 745 46 104 U+9593 305 2490 92 94 U+306A 498 399 74 94 U+3067 1253 1784 75 78 U+3044 494 1382 66 60 U+8A2A 682 389 84 133 U+3046 1476 702 39 92 U+5148 309 1734 89 108 U+306A 893 1681 64 85 U+3092 1058 2582 89 55 U+306A 1260 1925 70 79 U+308C 1069 666 114 87 U+3066 111 676 74 72 U+306B 1444 2264 73 80 U+3066 499 1815 60 73 U+308C 1455 1479 63 103 U+304C 109 1825 89 59 U+3082 1087 476 50 83 U+5C0F 1057 2439 89 66 U+306C 310 2019 84 69 U+5FC3 678 2225 98 72 U+305B 491 1209 72 82 U+306C 877 1904 76 75 U+5FC3 1254 526 94 76 U+3042 1258 2024 77 85 U+306A 1447 2529 65 76 U+306B 1068 1452 83 74 U+3042 114 1041 71 80 U+3066 315 789 49 110 U+8B5A 676 528 96 126 U+3046 704 2569 45 75 U+304C 1270 1868 67 59 U+3089 1276 2109 54 85 U+3072 1254 1695 79 79 U+3066 1448 1707 64 69 U+8EAB 1059 832 76 108 U+3044 690 1730 69 63 U+5408 679 661 107 108 U+306A 882 1292 73 93 U+304A 307 1951 85 67 U+304B 700 2155 44 53 U+5175 369 1617 44 62 U+5FFD 1456 394 74 122 U+7D66 1268 1009 57 78 U+306A 495 583 72 96 U+3069 313 556 86 72 U+5FC3 880 2319 85 78 U+5927 874 402 95 96 U+306B 879 610 82 80 U+3044 112 1899 82 60 U+3059 696 863 62 100 U+8A08 1245 1582 91 112 U+5B89 1422 1797 115 88 U+3084 488 1527 72 82 U+3092 493 1101 84 88 U+5409 312 1274 62 106 U+306A 1075 1869 60 91 U+523B 291 1845 96 93 U+5929 1255 1187 83 104 U+306E 311 2435 76 54 U+306F 109 1590 75 56 U+304A 498 1903 78 68 U+3044 1074 1640 70 52 U+3082 116 2218 61 73 U+306D 93 565 104 106 U+304C 321 2165 73 66 U+3065 118 479 96 88 U+304B 481 515 94 68 U+4E8B 884 493 68 115 U+516D 103 1745 84 72 U+308C 1436 2439 90 74 U+5973 85 2400 114 69 U+304A 882 1834 74 66 U+304C 898 2048 64 61 U+305F 107 401 89 92 U+5B5D 1261 399 80 123 U+5409 688 1465 68 111 U+3057 1076 572 68 93 U+306A 1077 1542 71 94 U+6765 101 758 87 130 U+305E 502 1459 75 67 U+307E 509 2144 42 84 U+4E16 1062 1359 89 89 U+60AA 686 2377 76 111 U+306B 1460 624 86 75 U+308A 115 1959 66 98 U+3091 108 1335 79 96 U+307E 320 971 48 86 U+4ED6 873 861 87 96 U+9053 1241 1290 105 124 U+304A 308 1196 82 74 U+3086 110 1251 77 84 U+305D 694 2493 65 72 U+3089 1091 2089 39 81 U+3064 104 1124 81 62 U+6CB9 489 885 91 107 U+305D 1460 1396 59 82 U+5B9F 116 1440 67 139 U+99ED 487 2441 92 107 U+305A 881 1466 88 94 U+65AD 497 996 72 110 U+516D 1062 2513 79 56 U+305F 1075 2174 70 81 U+3089 120 2554 54 93 U+305F 1453 2040 58 72 U+307E 508 1295 49 84 U+5973 654 1869 115 68 U+3092 1064 406 81 69 U+65E5 896 2125 51 74 U+3055 317 1387 55 70 U+6301 863 1572 102 110 U+305A 495 769 81 96 U+306F 361 396 46 61 U+6190 1248 689 99 128 U+308B 703 962 48 61 U+3051 115 2148 69 71 U+3044 690 1134 67 75 U+308F 127 2063 40 85 U+3075 681 1794 82 76 U+304A 1252 2295 89 66 U+30E8 907 1771 44 47 U+3046 313 635 53 88 U+304A 688 1396 73 67 U+304A 311 902 86 68 U+6625 493 1975 60 116 U+306F 689 1946 64 45 U+3064 1070 1962 73 63 U+3075 1250 1089 87 84 U+3089 897 1387 43 83 U+5175 1517 1190 36 69 U+304B 127 2493 41 61 U+3069 687 2000 92 71 U+3066 108 893 77 79 U+5835 1428 1888 104 86 U+3075 674 1212 92 78 U+9803 881 2203 80 110 U+308C 1266 814 62 110 U+3092 690 773 84 96 U+307F 1283 926 36 77 U+307E 1459 2362 36 74 U+805E 489 1705 78 109 U+5B88 324 2349 50 78 U+3078 1063 1106 87 37 U+805E 1440 1600 81 103 U+306F 492 2098 66 47 U+308B 367 458 40 43 U+304F 901 2563 41 78 U+3068 1088 1777 44 81 U+304A 1263 1501 79 76 U+5730 1446 518 98 101 U+3084 884 2410 73 61 U+3093 306 1456 66 68 U+5176 1083 2315 49 124 U+3059 897 2475 54 91 U+7B11 1456 891 92 120 U+308C 1261 2361 47 102 U+306F 1249 2472 67 55 U+305F 115 1184 62 63 U+304B 698 1661 51 56 U+30F2 1483 1301 51 51 U+305F 1077 2025 64 62 U+3089 506 680 39 91 U+3068 707 1040 43 88 U+308B 1458 2602 43 56 U+306F 310 1119 64 53 U+30C8 536 1624 29 65 U+7559 318 2240 70 106 U+3068 699 1579 53 79 U+309E 146 974 43 49 U+3057 339 2096 19 60 seg_fp 1245 2538 72 53 U+30A2 692 1280 57 75 U+3031 513 2292 66 132 U+3046 1078 1016 47 92 U+309E 1104 2259 44 46 U+30A2 114 2305 72 62 U+3057 915 1979 19 70 U+3046 689 2076 59 73 U+30FD 1501 1353 21 31 seg_fp 1250 2591 73 51 U+3078 300 1063 87 43 U+3059 503 2231 67 88 U+307F 1479 1012 30 77 U+30CE 126 2342 54 50 U+3057 331 711 26 81 U+3057 915 668 19 73 U+3057 1474 1968 23 73 seg_fp 350 1685 63 45,hnsd003-038
U+60C5 1256 436 151 219 U+306E 282 932 67 97 U+67F3 481 1591 178 189 U+3059 255 1829 114 160 U+3031 1565 814 80 239 U+304B 1522 2094 127 119 U+672C 1285 643 135 159 U+76F8 1504 1726 154 172 U+5411 1000 440 151 166 U+306F 1052 615 53 137 U+5DDD 495 1355 144 219 U+306B 525 445 81 138 U+306C 1531 2390 126 112 U+77E2 1273 833 132 224 U+3082 1556 1354 85 124 U+897F 1499 689 145 146 U+70B9 513 1779 146 185 U+306A 1038 1532 79 148 U+4F59 200 447 213 206 U+305F 1558 1611 58 108 U+9577 227 1034 149 203 U+3068 1060 1832 33 122 U+306F 1567 2193 60 121 U+308C 1534 1185 94 162 U+307E 1546 1483 67 129 U+308A 1314 2109 56 140 U+305A 505 950 135 146 U+4F3C 1262 1325 170 129 U+3057 1073 1678 34 164 U+6B4C 742 1748 170 173 U+77E5 744 707 146 183 U+8A69 739 1517 165 232 U+67F3 481 2003 182 211 U+53CA 480 620 162 173 U+6771 1497 433 168 214 U+306F 776 607 95 81 U+5473 1011 1368 137 133 U+3070 534 807 85 133 U+308B 284 1695 95 135 U+5F7C 482 1137 180 198 U+3042 1033 2339 93 193 U+5F35 1266 1072 171 209 U+308B 1046 2536 91 114 U+4FF3 744 2133 181 142 U+306A 248 1548 137 143 U+4EBA 1507 2528 204 122 U+7BC7 220 665 163 252 U+6A3D 498 2193 157 170 U+5475 1013 2116 157 161 U+3089 795 890 67 169 U+306D 758 1056 141 190 U+9023 742 1923 162 194 U+305F 1290 1460 106 144 U+306E 1291 2283 117 141 U+5C1A 254 2182 163 193 U+8DA3 1276 2467 160 183 U+3084 251 1217 128 191 U+3082 1536 1907 108 187 U+306F 822 2274 53 119 U+3053 1545 1061 74 117 U+308A 1310 1610 70 121 U+3082 792 1361 127 143 U+308A 1086 2277 49 96 U+3089 1572 2316 57 75 U+304B 795 437 50 175 U+65BC 1007 1950 151 158 U+3089 302 1984 57 150 U+3069 823 1246 74 106 U+305D 270 2382 133 151 U+3044 794 2402 97 116 U+767E 500 2360 159 125 U+305F 1319 1946 54 168 U+5BC4 1304 1808 115 125 seg_fp 1322 1722 46 97 U+304B 293 1399 43 141 U+3075 794 2517 115 114 U+898B 1015 757 139 194 U+308B 1030 963 96 167 U+6709 554 2501 63 145 U+306E 296 2553 84 102 seg_fp 1610 247 70 52 U+306B 1049 1126 54 246 seg_fp 1319 806 97 38 seg_fp 1613 306 68 48 seg_fp 1044 963 57 49,hnsd004-003
U+306E 1269 877 53 62 U+672C 189 904 118 176 U+306E 995 1433 70 71 U+308C 1257 1470 69 127 U+306B 1521 804 70 106 U+306B 216 2346 86 83 U+8DB3 180 1210 147 179 U+66FF 1212 1288 144 179 U+3066 218 609 64 145 U+518A 666 611 205 221 U+3067 174 1087 126 103 U+306E 1000 656 70 101 U+7802 933 432 176 215 U+3066 1497 2246 104 79 U+7947 704 1227 169 172 U+91C8 674 1413 194 230 U+6CC1 1482 2092 127 140 U+5947 1485 1264 139 256 U+5C0F 691 436 169 149 U+6FEF 451 2507 152 152 U+53E4 440 1697 134 155 U+305F 481 1973 62 90 U+5E38 693 2170 141 207 U+65B0 1451 948 189 309 U+53E3 189 2185 137 114 U+795E 690 998 171 234 U+6D17 444 2352 162 138 U+5B66 413 1282 158 236 U+7CCA 151 2459 222 191 U+56FD 176 1810 160 174 U+3092 1497 1519 135 134 U+6559 744 1641 110 151 U+3057 224 446 48 159 U+6D5C 1212 2129 158 205 U+3064 1488 1873 131 193 U+306E 1268 2349 68 95 U+771F 1221 2450 123 186 U+6708 1234 1859 101 168 U+306C 973 1103 133 151 U+7570 149 1633 179 169 U+65E5 198 773 102 132 U+79FB 1196 958 162 230 U+3081 995 2228 88 163 U+7121 715 2024 141 158 U+5E74 1200 1682 148 181 U+629C 700 2503 192 148 U+5F35 182 1981 152 170 U+8033 422 1041 146 256 U+4EBA 1468 2355 156 156 U+614B 1202 641 169 210 U+6240 431 2087 155 144 U+306D 176 1406 139 127 U+308B 1271 1599 39 79 U+306F 495 2215 56 121 U+96C6 950 2008 149 217 U+3073 458 1867 127 105 U+5207 708 2380 153 135 U+8DA3 1467 409 165 254 U+3070 207 1528 109 79 U+6587 416 441 200 239 U+306B 755 803 39 78 U+4E16 1184 414 188 207 U+304D 998 1776 122 230 U+308B 982 2485 126 166 U+604B 694 1791 176 228 U+8A00 994 1268 78 145 U+8449 974 1505 126 184 U+5C3D 928 763 183 207 U+308A 1252 1173 67 115 U+554F 446 1521 156 156 U+5411 1493 657 129 139 U+305B 992 990 68 102 U+305F 1007 2389 65 98 U+7AE0 422 665 130 251 U+3084 1234 1996 109 126 U+304B 951 1702 178 124 U+7A7F 1480 1660 145 208 U+60C5 1475 2510 154 136 U+3082 729 879 74 107 seg_fp 455 838 87 200,hnsd004-004
U+304A 156 2259 73 52 U+91D1 1404 1698 77 78 U+6CA2 1411 1782 57 59 U+304C 176 1986 48 47 U+5175 1406 1847 65 90 U+306B 251 890 38 46 U+304D 165 2383 63 70 U+304A 1325 2135 79 77 U+51E6 152 2043 78 95 U+3081 245 810 49 60 U+885B 1407 1933 60 72 U+52DD 145 1903 83 81 U+305F 165 2313 47 63 U+3080 240 633 58 80 U+5973 1395 2053 73 48 U+5150 1411 2113 65 61 U+3059 246 719 46 84 U+5973 151 2138 80 38 U+9B3C 150 1808 80 94 U+64EC 226 956 83 77 U+304C 1424 2003 34 44 U+306F 1343 2213 38 74 U+85E4 229 519 79 109 U+308B 1344 2289 34 57 U+3059 250 1038 51 64,hnsd004-007
U+884C 1393 705 79 85 U+306E 1409 620 46 45 U+306B 1421 907 46 46 U+516D 1491 1776 83 70 U+5217 1399 809 71 77 U+3084 115 1695 83 89 U+5F37 1495 1684 84 85 U+306B 176 913 49 51 U+308D 1498 1875 45 44 U+308A 270 1556 31 78 U+795E 117 1797 86 102 U+9B8E 151 828 87 87 U+7BAA 152 687 79 138 seg_fp 1659 783 81 70 U+3059 138 1509 48 104 U+8E0A 234 1477 84 84 U+3080 127 1604 72 95 seg_fp 1683 958 37 100 seg_fp 1689 876 43 82 U+64EC 149 978 88 82 U+5C71 1501 1463 67 64 U+64EC 1395 997 83 71 U+5974 1386 536 89 64 U+304F 1510 1924 26 59 U+8F3F 110 1898 84 83 U+3059 179 1066 54 73 seg_fp 1666 1090 68 41 U+306E 134 1998 44 38 seg_fp 1668 1156 68 26 U+755D 1482 1372 86 70 U+74E2 132 612 106 85 U+3059 1423 1098 54 78 U+3054 1538 1874 50 36 U+3046 1545 1910 26 56 seg_fp 1755 805 71 66 seg_fp 1494 1546 77 98 seg_fp 254 1386 56 31 seg_fp 1667 1198 67 51 seg_fp 1743 1121 49 36,hnsd004-008
U+306E 1384 1644 53 48 U+898B 1375 1698 76 86 U+6307 1610 584 87 82 U+308F 1642 921 43 66 U+982D 1369 1378 79 78 U+7ACB 1375 1789 82 70 U+5357 1623 660 66 99 U+72D7 1370 1558 83 78 U+3084 1427 746 70 122 U+99C4 511 1033 75 67 U+591C 1427 652 67 100 U+5EA7 1371 1262 82 82 U+306E 1635 1003 50 47 U+306E 649 895 47 68 U+9AD8 532 830 47 97 U+6765 1311 746 49 80 U+7434 1617 490 80 89 U+5E74 437 1380 64 114 U+53E4 440 1305 57 72 U+5F80 1304 658 69 92 U+8DB3 535 934 40 99 U+3057 1606 761 47 55 U+3093 1604 817 60 67 U+3068 1668 815 26 56 U+3053 1662 778 36 36 U+306E 1247 790 46 41,hnsd004-010
U+304A 239 844 93 70 U+3082 1577 1238 51 87 U+3066 250 2133 72 84 U+306E 1194 1499 74 74 U+304C 1197 1041 71 65 U+3064 801 1618 92 101 U+3067 1372 421 86 86 U+5409 1195 1208 70 108 U+306E 1387 1741 69 62 U+306B 429 459 88 80 U+307E 1387 313 56 102 U+541F 1005 2217 102 95 U+307B 820 1887 80 91 U+3067 238 754 84 79 U+3067 1379 2522 80 72 U+306E 823 855 63 62 U+5973 983 1868 110 66 U+30C6 1028 662 63 63 U+5C0F 428 1036 91 79 U+30CF 1010 623 84 46 U+5FC3 1001 1944 94 67 U+80F8 804 741 101 112 U+5C0F 434 1859 93 82 U+306E 1196 1806 69 68 U+306A 1197 2216 69 103 U+723A 1374 1406 97 158 U+5C45 1374 1117 86 127 U+58F0 429 310 75 143 U+3059 252 2464 76 114 U+306B 1018 2035 53 69 U+3093 442 2094 87 76 U+3044 1185 466 81 66 U+304D 813 407 88 96 U+3068 258 1425 49 84 U+3044 1192 970 74 57 U+3066 238 1935 84 74 U+3086 817 1102 76 98 U+3066 1397 991 40 111 U+306B 257 1029 58 74 U+304A 1193 1121 92 89 U+898B 1576 1348 66 114 U+304C 455 2173 65 65 U+304C 1396 1322 72 68 U+308C 1186 777 76 97 U+304C 1577 2034 58 59 U+3064 802 1298 95 110 U+76EE 249 917 70 108 U+623B 811 1401 100 126 U+3093 1192 1402 104 81 U+6765 1185 2407 86 127 U+304A 1010 2445 86 65 U+3046 1028 851 39 88 U+306F 1194 2538 71 52 U+3093 431 1299 101 78 U+5C45 245 2215 81 129 U+304B 232 1112 96 75 U+3089 1023 1411 53 110 U+304A 439 1494 82 74 U+3059 825 1715 59 107 U+516D 442 1944 74 81 U+3050 616 315 95 78 U+304C 1200 1870 83 61 U+660E 603 754 97 99 U+5F85 239 2017 98 119 U+99C6 618 2162 91 90 U+308F 1580 2127 43 91 U+306B 832 2066 55 75 U+8A00 1196 1586 71 121 U+3066 628 857 50 119 U+304F 1383 516 75 88 U+3057 1005 321 73 109 U+3089 1195 2321 54 82 U+6C88 1002 2127 102 81 U+3061 245 322 77 89 U+308F 639 1903 45 82 U+65E5 1580 2516 43 77 U+3089 1030 1152 39 91 U+3061 823 1001 66 95 U+547C 1366 2417 107 100 U+6765 1187 321 73 145 U+3046 1028 1525 36 91 U+8868 228 627 90 123 U+306E 822 2351 69 62 U+601D 1569 937 78 88 U+3064 1556 1026 96 104 U+3078 999 2392 103 46 U+771F 1195 1955 72 127 U+3068 647 2062 46 80 U+5F80 1552 1630 103 124 U+3055 450 2031 60 65 U+7ACB 619 978 84 108 U+3055 1017 2321 53 65 U+308B 634 1165 45 72 U+4EBA 241 1662 92 75 U+304D 1391 2244 59 88 U+3068 1026 1626 48 86 U+307E 264 2345 52 116 U+984D 596 1395 110 124 U+7C8B 1367 1818 102 131 U+304C 270 1754 53 60 U+3066 1569 1131 67 104 U+3044 249 1533 71 60 U+3064 234 472 85 74 U+305F 1199 1711 66 83 U+306B 458 1760 54 76 U+305E 1567 525 81 99 U+308A 454 642 44 91 U+306A 449 2392 78 81 U+601D 1380 822 76 94 U+307E 1014 433 54 101 U+5728 240 1829 83 103 U+308B 838 658 36 68 U+50E7 425 1110 93 109 U+3067 1374 2340 79 85 U+306F 1199 622 61 71 U+3055 642 1726 52 78 U+306F 513 715 48 67 U+306F 1566 1850 69 66 U+5B9F 1196 2084 79 138 U+3055 1394 1569 56 77 U+306A 446 562 55 77 U+304A 444 2248 85 71 U+3031 1394 639 69 160 U+5C4B 818 2238 83 102 U+6F5C 808 2416 96 89 U+3075 240 1595 86 71 U+3068 629 667 60 72 U+308B 835 1818 41 54 U+89D2 627 1246 72 140 U+3069 1014 768 75 79 U+3055 1208 1333 59 70 U+3044 997 539 79 62 U+3064 813 321 80 90 U+308A 828 1527 52 91 U+308C 636 1591 58 117 U+4E16 424 1674 96 84 U+51E6 995 1745 95 129 U+3061 1013 2509 79 88 U+305F 1386 1246 72 77 U+3093 1382 1644 98 80 U+3069 828 1979 64 78 U+3088 1024 1258 44 78 U+3066 1564 1756 72 85 U+306A 1392 1949 70 88 U+3066 1559 728 74 83 U+9593 1571 1929 62 104 U+3088 651 2256 39 72 U+898B 445 1573 70 101 U+3064 1380 923 80 70 U+51FA 450 2318 82 59 U+3068 255 543 55 80 U+4E16 1552 1464 106 91 U+304B 1016 1334 46 73 U+3068 1209 533 42 84 U+3068 1590 319 57 64 U+51FA 619 1093 88 74 U+7D19 815 2155 106 101 U+3078 1561 1561 92 58 U+308B 1571 2219 52 58 U+30E2 445 838 68 45 U+3044 626 1994 73 62 U+3057 1028 956 37 101 U+308F 622 402 54 96 U+3046 832 918 44 92 U+3044 630 1819 76 66 U+304D 825 1203 53 91 U+3066 628 2397 62 74 U+5C0F 626 2497 83 79 U+3046 1209 690 40 94 U+3031 630 520 64 145 U+6238 811 2503 74 88 U+3070 1389 2150 70 90 U+3046 1584 445 48 83 U+4ECA 1559 2412 107 98 U+3088 258 410 42 61 U+305F 1010 1059 68 89 U+3044 245 1349 69 58 U+3053 635 1531 45 60 U+3055 446 1222 52 83 U+3068 1580 816 54 105 U+3055 1394 2056 61 83 U+3031 462 887 70 127 U+308A 263 1210 45 61 U+305F 257 1276 51 64 U+308B 522 780 36 45 U+517C 814 495 86 157 U+3064 634 2330 71 61 U+30A2 451 1385 59 74 U+3089 469 2472 42 69 U+3057 1594 632 22 95 U+3068 1575 2344 56 68 U+3088 1396 607 47 82 U+306D 471 2539 65 48 U+30B7 457 880 49 54 U+3057 1596 2278 23 71 seg_fp 1595 396 30 51 U+3057 1223 872 17 97 seg_fp 273 1171 41 39 seg_fp 1427 2031 64 57,hnsd004-013
U+723A 1572 1491 115 162 U+3031 469 460 85 162 U+5165 427 789 133 75 U+306A 478 1844 66 84 U+306B 1611 343 59 79 U+60B6 245 345 100 106 U+3066 1236 1916 46 91 U+4EBA 635 2423 120 85 U+3082 661 913 53 92 U+3082 481 1750 59 90 U+5148 1597 2496 87 97 U+3092 1579 1851 95 77 U+3084 638 1331 87 98 U+4EBA 643 1453 102 90 U+306A 469 973 71 79 U+5BD0 452 651 98 132 U+308C 1237 2184 57 105 U+3082 671 2513 51 77 U+307E 1420 1450 61 96 U+5FC3 1415 1860 88 94 U+306E 1228 2384 71 77 U+3070 474 872 64 97 U+3064 462 1381 85 96 U+3055 1234 2300 62 81 U+5F97 1214 659 97 119 U+3084 291 2475 65 103 U+305A 1229 910 86 108 U+3046 1420 1637 53 135 U+308A 1044 1083 54 105 U+6D3B 1402 1216 91 111 U+7406 1211 1557 93 112 U+3051 650 618 77 102 U+3064 1422 1975 73 70 U+3070 283 1915 78 66 U+7ACB 1220 780 81 123 U+306A 1229 1044 69 94 U+8A5E 1013 461 101 121 U+3070 668 2010 77 73 U+304A 1403 1779 91 82 U+6E21 655 1668 91 132 U+80F4 1407 2206 106 93 U+305F 1589 450 88 86 U+306B 495 2177 44 74 U+65AF 623 471 103 122 U+8062 248 947 98 117 U+306A 661 1809 73 91 U+8A9E 1214 2481 100 110 U+304D 1230 1236 59 98 U+304A 1582 1239 94 69 U+6B32 1398 2301 95 122 U+304A 483 2278 79 87 U+4F55 1405 622 99 91 U+898B 274 1692 80 115 U+751F 1417 1326 60 111 U+975E 1590 1951 87 111 U+3051 1029 989 86 97 U+306B 1405 1101 100 84 U+3092 264 826 88 101 U+306B 1593 2405 75 68 U+3048 258 453 72 91 U+306A 666 2256 75 95 U+3082 1606 1305 49 102 U+516B 824 800 127 57 U+306E 1411 835 73 91 U+8FBA 670 2166 76 69 U+305B 1219 1699 84 90 U+308A 1043 875 53 105 U+5FC3 258 723 95 96 U+6642 463 2044 102 130 U+306A 284 1368 69 102 U+6709 626 351 102 121 U+3042 1233 2018 73 102 U+3055 1602 1652 59 95 U+8AB0 451 1079 92 120 U+3068 290 1057 42 88 U+305B 1407 1544 82 91 U+307B 272 1475 87 71 U+4FBF 1586 860 99 146 U+3084 1416 2103 77 85 U+306F 1228 2126 72 65 U+6BD4 634 1031 114 90 U+308A 1610 748 48 97 U+306F 1222 1461 76 60 U+4EBA 455 1659 105 87 U+3057 302 1564 27 117 U+60C5 267 2235 95 130 U+308A 272 1250 75 93 U+304A 456 346 87 74 U+3082 1042 584 51 96 U+3068 1614 1119 48 97 U+3052 1219 1140 103 100 U+307E 1593 1744 75 96 U+3072 1590 607 85 65 U+3070 291 2146 75 63 U+306F 654 1238 58 95 U+305F 1417 748 61 88 U+3091 1220 433 87 105 U+306E 1599 2221 73 81 U+3075 1582 1401 83 73 U+5B9A 657 1544 73 120 U+306F 489 2367 57 89 U+306A 1025 705 74 113 U+3082 1231 541 62 82 U+3081 1217 1788 88 101 U+601D 286 2004 71 82 U+306C 255 546 98 81 U+3068 285 1161 49 81 U+3053 1239 356 38 80 U+308C 667 1904 63 100 U+56DE 842 876 86 78 U+304D 470 1207 67 107 U+308C 281 1800 58 107 U+306A 290 2374 57 107 U+3066 1405 452 63 81 U+696D 1571 2068 103 148 U+306F 669 1116 43 116 U+308C 655 712 57 111 U+306E 465 425 61 67 U+3060 1409 359 95 87 U+306F 488 2525 64 58 U+3088 1442 2044 42 66 U+308A 1605 1008 61 110 U+3084 1407 2421 74 74 U+3068 1425 2492 47 91 U+306B 1044 355 57 105 U+308B 497 2456 46 65 U+3057 496 1930 24 92 U+308B 686 2350 38 64 U+308B 284 625 47 62 U+56DB 654 2103 93 44 U+5203 1585 2317 82 83 U+304B 1054 818 33 62 U+3057 1249 1352 22 103 U+3069 660 822 68 91 U+304F 467 1477 80 79 U+7B2C 831 619 98 154 U+309E 1641 531 45 33 U+3078 287 2086 81 54 U+309D 496 1319 20 40 U+307F 1430 992 39 102 U+309D 1451 532 19 52 U+3068 1609 671 48 79 U+308B 493 1563 36 68 seg_fp 1433 924 35 72,hnsd004-031
U+5206 1472 1056 108 108 U+4E8B 148 2024 69 165 U+306E 1300 1000 66 54 U+3031 161 2377 87 197 U+3066 1288 1758 41 104 U+3092 718 1365 82 85 U+304C 1491 1513 65 47 U+3042 1307 363 67 102 U+7236 1473 1409 96 98 U+4E8C 1288 779 86 53 U+306A 1297 657 77 90 U+306E 732 1176 60 71 U+5C01 707 1964 100 113 U+306B 745 2535 50 78 U+306F 155 1623 63 136 U+540D 694 880 97 122 U+304A 1098 1650 86 59 U+5C01 1091 1445 92 120 U+3060 148 2188 103 140 U+3072 525 1029 82 83 U+3046 1499 442 53 91 U+5175 895 1632 103 123 U+4E0B 515 1780 98 85 U+307E 928 793 48 95 U+6D99 719 2441 83 97 U+306E 917 1536 63 81 U+306C 517 846 89 97 U+5C0F 911 1256 93 103 U+59CB 511 1134 95 104 U+3042 1287 1566 72 97 U+3066 521 1494 66 70 U+3092 1471 1800 79 100 U+3092 1272 2006 82 80 U+65B9 716 1250 81 118 U+3066 722 1088 57 66 U+304F 739 1844 35 103 U+306B 1096 1230 85 88 U+3068 931 1866 46 91 U+6545 1472 733 102 121 U+305F 1487 640 61 70 U+885B 914 1757 79 100 U+4E00 911 1006 85 21 U+4E0A 915 372 78 108 U+308A 545 1300 43 88 U+3082 540 435 51 101 U+304A 717 665 86 59 U+898B 1466 1925 79 108 U+516D 908 1359 84 95 U+305D 733 1531 67 88 U+304A 722 367 86 80 U+3052 1278 1661 93 97 U+308A 725 2317 60 96 U+308A 1286 1435 68 110 U+6625 1098 1726 66 136 U+305B 1456 2218 84 88 U+3066 145 1499 73 124 U+304D 1104 433 65 107 U+7C21 1283 1197 86 122 U+3066 913 688 59 82 U+3092 1098 943 79 89 U+308C 1108 807 58 130 U+3066 1101 631 59 83 U+3092 527 738 88 97 U+6625 718 447 66 131 U+884C 1276 2380 68 131 U+885B 1098 2169 86 121 U+3069 1495 365 72 73 U+304D 913 2045 78 93 U+304C 1498 1184 67 55 U+304F 524 367 72 71 U+305F 918 890 63 74 U+306F 724 1683 64 56 U+898B 1107 1046 67 101 U+508D 1457 1593 106 115 U+6211 128 1751 124 155 U+3052 1292 554 94 102 U+3069 925 1455 67 78 U+306E 1109 2559 66 54 U+6D99 1278 1895 88 107 U+306E 725 728 67 74 U+308B 542 527 46 73 U+706F 1262 2506 100 101 U+3053 1113 735 44 75 U+773C 510 620 101 115 U+308A 1124 2373 38 93 U+5BB9 1452 2391 103 127 U+306F 920 1181 69 62 U+66F8 917 485 63 117 U+308B 930 2202 48 70 U+3070 1468 2306 73 56 U+5C01 905 1069 87 108 U+7B49 149 1887 78 133 U+5C01 1286 860 91 118 U+307E 1476 2036 55 103 U+3088 1126 2299 32 75 U+907A 899 2268 93 121 U+3072 1284 2269 57 80 U+305B 515 1878 90 69 U+624B 1295 1078 67 120 U+308A 1488 1708 47 96 U+3050 526 945 83 76 U+3055 154 1388 57 101 U+306E 1106 1964 63 69 U+3042 728 998 74 88 U+4E00 1095 1374 80 17 U+3093 132 2325 113 80 U+306F 720 586 68 59 U+306F 1465 2145 72 68 U+304A 701 2079 96 80 U+3044 733 1472 63 60 U+3070 526 1945 88 62 U+304C 736 800 62 57 U+305F 1482 1237 67 66 U+306F 1106 1572 65 44 U+5175 1111 2076 49 97 U+3068 1295 1345 55 78 U+308A 932 2533 39 78 U+305F 919 2139 60 63 U+304D 724 2224 62 96 U+304B 931 1989 43 56 U+3069 1110 1868 70 93 U+3088 551 1596 39 84 U+305F 1110 539 58 79 U+305E 1499 862 77 77 U+6B8B 132 1062 120 143 U+66F8 912 2391 66 74 U+3088 551 1236 42 63 U+306A 916 2468 71 66 U+7B46 152 733 76 181 U+304C 737 1620 69 63 U+308B 1115 1150 49 68 U+306C 1276 2103 87 74 U+3050 1285 2184 70 79 U+304B 1114 353 41 79 U+5B50 1473 2519 66 70 U+306B 928 602 45 82 U+3057 757 1736 19 105 U+304F 1503 1298 37 94 U+308A 1310 464 47 88 U+3068 1497 943 50 93 U+3057 556 1398 15 91 U+307F 549 1686 30 87 U+3057 1510 528 31 109 U+3068 1127 2464 30 57 seg_fp 161 913 53 64 U+5019 169 1276 60 71 U+3057 212 1182 23 101 U+3057 755 2139 19 78 seg_fp 277 1113 52 57 seg_fp 166 974 26 87 U+4E00 132 659 119 22 seg_fp 280 874 39 70 seg_fp 276 1069 56 61 seg_fp 263 748 60 124 U+7533 145 929 67 138,hnsd004-032
U+3092 483 1040 86 67 U+3070 1441 819 87 87 U+306B 1054 1852 81 72 U+306E 309 2332 65 52 U+306B 1050 2155 83 70 U+6016 853 509 113 131 U+306E 112 1645 70 58 U+3067 863 1183 84 87 U+6065 657 604 127 100 U+3066 495 437 53 132 U+3082 1071 1940 48 70 U+3082 495 718 59 79 U+308D 884 633 66 97 U+308C 303 548 73 96 U+6C17 315 1084 76 114 U+8EAB 1039 2029 85 117 U+306B 314 1230 53 77 U+3060 681 1870 78 85 U+82E5 482 589 84 128 U+6238 1416 1138 90 112 U+306B 1425 2333 80 57 U+8EAB 462 914 95 117 U+60AA 1052 1621 82 116 U+306F 873 2385 61 46 U+3070 1244 2203 80 66 U+97F3 104 1731 68 135 U+8CEA 668 431 98 142 U+554F 1234 1905 91 94 U+3082 1266 1051 49 87 U+308C 109 1209 67 114 U+305D 488 2256 71 64 U+4EBA 286 1667 112 97 U+306B 1065 796 80 82 U+3082 1453 1670 51 81 U+3082 115 1868 53 90 U+3044 1064 624 74 78 U+308A 894 394 47 93 U+5BB9 1421 2117 85 114 U+3082 688 1980 56 81 U+3070 1062 2482 71 80 U+3061 490 2088 64 87 U+308C 682 988 62 98 U+3082 488 2505 49 81 U+601D 875 1964 80 82 U+304F 117 2309 39 77 U+3042 114 1114 74 99 U+6025 872 962 81 142 U+3044 102 1970 86 74 U+308C 671 2499 96 85 U+306C 476 1911 95 77 U+3081 102 2107 77 84 U+6196 279 659 110 116 U+4EBA 1422 1577 118 92 U+8997 1421 320 116 120 U+80F8 280 2227 109 95 U+5FEB 86 327 115 121 U+3070 298 992 78 77 U+6028 467 1132 109 131 U+306D 288 2145 93 73 U+304C 690 1165 63 58 U+6614 863 2452 71 120 U+3042 665 2320 96 89 U+3068 1078 506 57 97 U+9580 1435 935 90 116 U+306C 481 1530 86 83 U+6027 657 325 110 105 U+96EA 114 1350 66 151 U+3092 1435 1257 88 74 U+6094 662 1256 118 105 U+304F 890 851 41 98 U+305D 112 1004 68 87 U+306F 485 1359 68 62 U+3068 315 1559 51 83 U+5982 1213 2292 106 69 U+304B 502 1624 44 58 U+885B 865 2271 92 95 U+3051 1243 2029 76 85 U+306F 495 331 65 104 U+306B 1259 1803 51 71 U+6B64 476 820 97 94 U+306A 1075 325 65 93 U+4E0D 1423 2398 88 75 U+3061 309 2491 63 95 U+306B 669 1578 91 87 U+3080 1053 2377 85 84 U+5F97 1057 1502 81 91 U+805E 1058 1069 82 124 U+5ABD 1034 1745 110 87 U+3057 304 1956 76 98 U+4EBA 1227 1704 111 90 U+3068 1268 1273 48 93 U+5BB6 877 1284 75 134 U+5BE9 1414 2472 106 107 U+3092 1431 1780 97 77 U+8D8A 1234 731 109 116 U+304D 1458 444 57 117 U+306C 100 699 93 80 U+5F8C 476 2329 98 88 U+304B 898 325 35 71 U+3053 497 2184 49 63 U+305D 310 1851 62 86 U+6298 99 800 80 121 U+5F15 1251 616 76 109 U+305B 478 1448 86 80 U+898B 1460 587 63 112 U+308C 1451 706 62 109 U+3066 1432 1417 71 74 U+6B7B 656 1701 93 96 U+3089 680 881 56 100 U+306E 1257 1137 68 67 U+5B50 107 2509 87 82 U+8E0F 88 1506 105 119 U+308B 1440 2036 46 58 U+304B 701 2149 38 64 U+308A 1076 956 47 101 U+3057 1063 2258 59 114 U+304D 305 794 57 106 U+305F 1255 856 70 89 U+969C 90 2394 100 110 U+305F 880 1517 63 87 U+8EFD 282 320 102 114 U+3075 1054 702 88 90 U+308C 1247 2108 61 93 U+305F 681 1090 61 72 U+305F 1451 1335 56 74 U+3070 876 2109 70 58 U+3056 1431 1954 92 82 U+308A 880 1843 51 103 U+306F 1259 527 74 56 U+5175 882 2172 50 95 U+53E3 1461 1054 53 59 U+308B 1274 946 39 76 U+77E5 474 1719 96 109 U+306A 1253 1527 65 90 U+5074 1225 1407 105 109 U+3068 693 2214 48 87 U+306B 884 1420 50 83 U+3051 304 440 81 115 U+304D 685 2409 59 86 U+5B50 1435 2233 65 75 U+3044 872 1108 72 82 U+3055 1268 323 62 88 U+308B 317 1460 47 72 U+308A 1086 412 43 94 U+3081 686 796 65 81 U+3053 316 1770 51 78 U+751F 494 2416 59 79 U+3088 129 453 46 86 U+3053 117 923 59 76 U+304B 291 1343 91 85 U+3088 1083 885 36 68 U+3057 132 2204 22 91 U+3046 318 2399 41 97 U+4E86 1065 1384 55 118 U+3057 909 736 15 101 U+306E 678 2061 61 62 U+3066 1265 413 61 103 U+3078 1049 1312 98 52 U+304B 127 537 36 81 U+3046 490 2001 49 102 U+3061 881 1613 63 105 U+6B64 1225 2363 92 72 U+3089 315 2054 38 94 U+3089 125 618 44 88 U+304B 1270 1199 45 51 U+3093 672 1791 94 72 U+304B 866 1716 81 73 U+3051 302 901 73 100 U+3055 690 1489 60 80 U+308B 1259 1615 51 63 U+304B 121 2047 45 70 U+3055 1072 1206 53 86 U+3089 1452 1869 41 87 U+3057 713 1380 22 100 U+3089 499 1830 35 91 U+3078 866 1795 87 42 U+3057 716 718 17 79 U+3078 870 2052 87 44 U+309D 1475 1491 26 61 U+307F 506 1268 33 83 U+303B 1257 2500 28 58 U+303B 1271 2439 29 55 U+309D 340 1413 41 45,hnsd005-004
U+3082 1591 1785 56 93 U+306E 825 514 75 88 U+3082 251 301 73 99 U+3082 1030 1777 54 95 U+3082 276 1470 60 91 U+306E 1210 303 74 82 U+3082 838 602 55 93 U+3089 852 947 54 117 U+4EF6 1387 1794 111 122 U+306E 1022 749 74 77 U+304C 265 1138 69 67 U+65E5 1410 1147 61 82 U+3082 652 2002 56 94 U+3060 1406 1616 74 78 U+3082 1219 874 56 78 U+306F 1409 1918 63 55 U+3042 1583 1915 85 105 U+6211 819 1626 98 122 U+3066 1394 2234 82 75 U+5B50 243 564 92 98 U+304C 464 2224 80 60 U+308A 1599 1352 50 94 U+307E 1598 1261 54 90 U+4F55 1206 2347 84 94 U+3067 1583 301 77 82 U+5916 1386 1240 111 116 U+3089 835 1282 54 90 U+6625 1015 387 73 161 U+307E 469 1991 54 93 U+3066 638 1923 73 70 U+4E8B 1030 840 59 134 U+304C 255 674 71 72 U+3088 1039 1484 49 79 U+3084 1203 1697 86 82 U+30A2 446 498 65 84 U+307E 1596 647 54 102 U+30A6 661 356 53 75 U+3067 1580 1714 91 69 U+3046 1029 1374 52 110 U+308D 450 1435 81 95 U+308A 1206 1274 74 106 U+3069 1407 1983 90 71 U+5DE6 1585 1464 74 127 U+6765 619 549 93 148 U+76F8 1209 627 80 117 U+3044 642 2130 80 77 U+304F 1394 2313 88 79 U+308C 1027 1664 76 105 U+306D 1195 1876 101 115 U+3072 259 1597 92 71 U+3066 827 1994 74 68 U+306F 837 1554 63 55 U+305D 1404 292 68 96 U+304B 443 774 64 66 U+308B 654 703 37 75 U+6043 1384 1385 105 116 U+7B11 832 814 89 123 U+3062 1224 1607 74 99 U+305B 444 2083 95 73 U+5C45 822 2093 84 122 U+3046 1408 2058 57 89 U+304B 847 1216 41 67 U+3044 1211 1528 77 62 U+3044 1575 584 83 62 U+3059 841 301 63 121 U+3093 1384 911 122 85 U+30B3 1050 1888 50 49 U+30E8 1613 830 50 54 U+30A6 1052 1939 55 80 U+3044 449 1106 84 71 U+7A1A 239 1238 102 125 U+306A 1211 503 81 87 U+306D 429 596 103 113 U+307E 1225 1160 51 107 U+3046 1421 391 43 98 U+3078 1196 2513 110 51 U+3068 1414 484 58 93 U+51FA 625 464 92 84 U+304A 1013 305 93 78 U+3093 1007 646 105 88 U+5F37 298 769 65 88 U+3042 1585 1092 85 98 U+3073 1026 2117 82 83 U+69D8 1570 1595 107 106 U+3058 447 301 88 97 U+30A2 1211 1783 66 79 U+3093 448 2151 114 65 U+6162 815 1772 100 99 U+3078 437 719 100 57 U+3060 1212 393 86 103 U+805E 244 2198 102 105 U+6642 633 2289 98 115 U+50AC 1015 2315 98 128 U+3055 271 1670 59 75 U+53EF 827 716 95 107 U+304A 1012 1591 99 72 U+5F37 1635 933 70 90 U+3066 280 2436 37 131 U+3084 447 1608 84 74 U+308C 835 2368 72 103 U+5B50 250 1034 91 94 U+308B 850 425 42 77 U+5409 1402 693 72 123 U+5973 234 1400 123 53 U+30E2 652 296 58 56 U+3067 268 2085 73 80 U+3044 455 1926 76 69 U+5409 1268 2133 47 75 U+3056 1587 481 80 94 U+3093 1396 1500 90 101 U+3069 847 2474 65 92 U+3093 645 2476 111 86 U+5F37 1063 1142 64 89 U+3042 1210 993 82 89 U+304B 1221 2043 47 58 U+308C 1391 2396 87 92 U+3084 434 403 86 91 U+4FC3 1021 2449 97 109 U+8AC7 1189 749 99 123 U+306D 624 1231 97 120 U+9577 1195 1401 99 121 U+6765 631 1082 83 144 U+3031 1048 2157 75 134 U+30A2 1430 1007 54 56 U+5B9F 832 1397 76 146 U+3082 279 1926 61 82 U+305D 1592 2271 64 86 U+3059 1573 752 96 81 U+5409 498 869 48 75 U+30A2 275 430 50 56 U+3044 823 1153 79 60 U+30A2 465 1683 54 84 U+305F 1036 2041 59 78 U+62F6 629 1700 95 117 U+3076 643 2403 89 82 U+6328 631 1580 96 112 U+3093 1573 1182 132 68 U+4E00 1399 1741 90 17 U+98FD 241 2332 113 89 U+30A2 278 908 50 49 U+3054 1595 406 83 72 U+3093 1207 1074 96 72 U+3044 260 1845 74 52 U+3053 456 1332 77 99 U+305D 1027 1275 63 96 U+3046 475 2469 40 102 U+3078 1201 1995 107 41 U+304A 1401 607 90 83 U+3054 472 1775 75 61 U+3055 1033 560 55 89 U+308C 1579 2357 72 115 U+3078 624 1359 102 46 U+3081 1582 2094 68 90 U+51FA 635 992 87 91 U+3078 1570 2198 101 49 U+304B 1226 2459 43 53 U+306E 269 2010 72 73 U+3068 647 797 54 102 U+3069 457 1250 69 75 U+308B 1607 2015 32 77 U+30CE 279 951 46 57 U+306F 1582 2490 75 61 U+30A2 1239 2246 50 54 U+3068 654 1404 49 90 U+3069 472 2393 74 69 U+3055 1409 824 57 89 U+30CD 495 2284 52 70 U+3058 468 1531 61 90 U+3056 471 1839 74 82 U+304B 645 1497 54 65 U+30CE 1429 1044 47 53 U+3078 1003 1051 93 40 U+304B 1032 973 49 70 U+30A2 486 990 44 43 U+308B 1409 2486 57 60 U+304B 650 898 45 62 U+3057 856 1890 20 99 U+3051 840 2281 67 91 U+30CE 279 470 42 54 U+3057 666 1820 24 100 U+3057 291 1743 19 99 U+309D 486 1175 24 47 U+3057 854 1062 23 91 U+308B 854 2218 41 67 U+30CE 1246 2287 41 38 U+309D 682 2206 20 50 U+3057 1432 2146 16 84 U+30FD 494 1033 19 30,hnsd005-009
U+3082 1313 326 55 96 U+3032 1480 1883 90 164 U+306F 731 2014 65 50 U+3031 936 622 74 180 U+306E 154 1878 69 57 U+306A 1120 506 75 87 U+306E 738 805 61 53 U+3066 543 491 52 120 U+306E 352 2502 64 59 U+304F 1507 797 39 107 U+306A 538 1301 76 111 U+5374 1462 1453 110 116 U+30C8 393 930 37 78 U+3066 1491 1577 40 128 U+6613 1498 659 71 141 U+3082 1315 989 50 94 U+306B 549 1426 46 66 U+5FC3 1503 557 82 87 U+3061 739 1176 64 106 U+304C 361 859 69 57 U+5C4F 329 2266 103 135 U+305F 716 2313 84 82 U+30B5 556 1003 61 59 U+3066 345 2190 72 68 U+8A00 155 2150 62 110 U+3082 364 1484 48 95 U+306E 1297 1082 69 83 U+3089 1498 1815 44 103 U+306F 1289 2474 44 99 U+3060 1300 1173 76 69 U+3044 1303 454 78 78 U+7537 351 324 70 133 U+3092 721 1081 94 80 U+3046 1313 1865 35 83 U+622F 305 1232 137 141 U+5409 1145 867 44 70 U+3064 133 2049 92 101 U+4EBA 1260 2378 109 88 U+3068 1497 1333 55 89 U+5F37 1087 2260 96 117 U+4F55 908 1127 99 114 U+3084 714 2174 75 106 U+3084 135 1365 91 94 U+3080 727 1663 84 96 U+3084 531 2231 77 70 U+305D 355 1039 60 96 U+4E8B 1473 2471 59 108 U+9F3B 710 635 105 151 U+4EBA 512 1523 112 97 U+3089 1299 1336 49 90 U+306E 349 1134 71 68 U+3080 154 1964 82 86 U+307E 1512 328 48 106 U+305D 1487 1722 63 92 U+304B 134 1484 107 82 U+3044 1104 1861 74 65 U+3044 152 648 78 69 U+308D 357 546 70 90 U+3092 532 1632 86 92 U+4F59 325 1615 110 106 U+306D 539 398 80 88 U+5C45 1097 1453 86 116 U+5409 955 1495 49 82 U+5F37 963 848 67 83 U+308A 1514 428 48 105 U+5F37 712 1796 94 120 U+7269 530 2052 85 84 U+3066 1109 2148 49 97 U+306F 726 2085 59 92 U+904E 1488 1141 70 107 U+5176 1469 2243 54 118 U+3058 174 1759 69 102 U+30C8 1152 1775 37 70 U+3081 345 742 81 96 U+3069 935 462 67 92 U+304B 1316 1265 38 68 U+3067 1292 1567 74 91 U+3067 905 1881 82 84 U+592B 1282 1436 94 121 U+305D 1291 2186 59 95 U+30A2 538 2313 60 56 U+308C 531 881 82 118 U+30C9 950 979 51 69 U+3082 164 2399 49 110 U+308C 351 1366 63 113 U+306E 1289 2281 61 72 U+308A 739 2477 38 80 U+306A 1498 936 67 108 U+5F37 718 329 88 118 U+3058 540 1748 89 104 U+3055 733 889 56 94 U+662F 915 1759 75 118 U+30A2 1296 2086 60 68 U+3060 1295 1682 82 78 U+3064 144 2295 76 100 U+3093 523 1200 97 80 U+304B 553 328 42 74 U+98A8 344 2405 110 84 U+3059 536 1945 61 98 U+5909 152 858 79 139 U+306B 933 1354 52 84 U+307E 731 2389 44 88 U+304D 722 987 76 89 U+3089 1308 1764 49 101 U+3057 1467 2067 77 91 U+4EBA 1098 620 107 104 U+3093 1107 405 101 85 U+306B 147 543 87 74 U+30B3 939 1634 46 47 U+306F 1116 2466 44 103 U+5F37 574 655 73 90 U+30C8 950 2495 36 69 U+5176 1125 1116 43 118 U+3068 736 1438 58 86 U+80F8 918 324 96 113 U+3069 1123 323 71 84 U+307E 163 1088 40 99 U+3044 911 2135 76 54 U+306B 1125 1347 50 85 U+6458 706 1540 108 116 U+308A 167 720 57 107 U+305E 156 1282 89 83 U+3054 927 1971 53 79 U+3053 546 811 54 70 U+308F 166 1567 42 107 U+304D 934 556 56 110 U+30CE 1309 1954 44 51 U+3044 140 1193 83 70 U+3084 341 2077 87 57 U+304F 361 1957 45 96 U+308A 1506 1040 43 100 U+3088 925 2396 47 67 U+308B 177 2509 30 74 U+3061 158 445 67 99 U+3059 903 2295 91 78 U+30EC 924 1042 68 53 U+516D 720 1915 76 74 U+3053 358 463 66 72 U+3078 522 2515 100 60 U+306A 348 1870 61 94 U+69D8 1449 2365 109 93 U+307E 924 2199 46 91 U+305D 540 1113 58 92 U+51E6 1090 1240 103 103 U+3089 152 1674 51 82 U+3046 164 323 48 136 U+51E6 907 1244 99 103 U+30EC 935 1688 47 38 U+306D 524 2397 73 103 U+3056 920 2055 81 76 U+30BD 1127 987 45 53 U+308C 1300 633 66 139 U+306F 1108 1931 57 88 U+304C 745 554 69 53 U+308C 1105 2028 68 117 U+3059 1101 1676 89 95 U+516D 1102 2388 75 78 U+30EC 1126 1039 48 39 U+3044 720 1360 81 62 U+306D 1274 784 110 125 U+516D 726 452 80 100 U+308B 161 994 52 73 U+3058 557 2142 42 100 U+3060 1114 729 69 87 U+307E 1123 1573 45 93 U+306F 1308 536 50 94 U+3078 1282 916 99 70 U+5FF5 350 1725 77 137 U+3088 751 1282 37 75 U+30DE 1306 2040 48 42 U+304C 363 2133 68 61 U+3057 380 636 22 107 U+304F 1482 2147 55 88 U+308B 1501 1246 47 75 U+3089 547 1854 33 95,hnsd005-018
U+304A 873 1878 83 67 U+306E 1068 1739 73 58 U+3070 494 1650 83 64 U+306E 697 1834 68 67 U+4EE3 1247 962 114 107 U+4EF2 1041 1502 114 116 U+306E 504 760 64 60 U+7E41 1251 323 109 145 U+3082 331 1052 48 87 U+306E 1070 1909 70 69 U+3082 319 2016 58 94 U+6298 479 2165 107 122 U+5148 1256 835 97 115 U+3082 1085 1077 55 78 U+662F 694 1474 72 116 U+3066 694 626 71 80 U+618E 290 1815 100 118 U+4E0A 684 1735 102 71 U+66AE 1244 1910 81 128 U+7E21 486 1746 97 143 U+3082 1470 422 54 101 U+65B9 315 917 78 118 U+601D 310 2125 78 70 U+660C 1266 485 80 118 U+304F 314 1932 68 86 U+3042 1076 1183 78 89 U+6E3E 1065 821 98 127 U+3042 505 864 83 105 U+3051 695 1013 90 94 U+306B 1273 1068 56 76 U+306F 308 2217 83 61 U+3044 111 2087 83 74 U+6CBB 1238 2292 97 100 U+5A3C 859 2353 96 86 U+5929 681 1626 100 100 U+696D 1426 1026 116 146 U+306B 683 1180 90 86 U+306B 897 1518 55 66 U+3051 1241 2161 85 74 U+306E 132 730 67 73 U+5C0F 115 1600 89 88 U+8CCE 858 1973 106 107 U+51FA 1447 1284 92 73 U+8FB0 877 332 101 124 U+4EBA 1064 1816 96 78 U+306B 510 2285 58 79 U+306F 1257 1651 69 55 U+3079 480 1049 113 65 U+5BB6 1082 953 82 118 U+9593 1061 1626 92 107 U+3073 691 913 97 80 U+8CD1 1231 1511 115 133 U+3053 318 2394 65 108 U+307E 327 541 55 110 U+9280 120 612 82 116 U+3066 1266 721 64 94 U+3064 107 2161 92 103 U+91D1 115 494 103 117 U+3044 880 1620 74 59 U+697C 858 1375 117 123 U+3082 512 1281 49 94 U+305F 506 325 63 93 U+3051 311 1598 88 104 U+3070 1429 1968 83 65 U+306B 313 697 84 79 U+5DF3 895 461 82 88 U+306B 681 2414 87 79 U+308C 485 2490 103 93 U+672C 888 909 74 122 U+3042 707 727 67 96 U+6DF1 100 2406 104 105 U+305A 320 2277 71 100 U+754C 672 2126 108 119 U+307E 709 1289 47 96 U+3051 489 2064 86 88 U+304A 1248 1163 93 62 U+3064 315 1526 76 78 U+3092 1453 333 92 88 U+306A 899 576 71 88 U+7CBE 1440 1365 93 124 U+304D 123 1456 60 119 U+306A 125 1794 65 97 U+306F 1095 330 44 118 U+3092 1438 1178 93 79 U+516D 119 1688 77 98 U+99B4 297 1171 102 109 U+3070 114 2008 82 65 U+5BB6 1458 887 81 114 U+304D 115 2514 65 79 U+653E 101 984 110 115 U+305A 1247 1400 99 89 U+5B9A 1075 475 74 118 U+6539 1444 546 111 89 U+304F 1264 1795 39 98 U+308B 1097 704 38 83 U+308A 1436 1694 80 106 U+3066 327 1697 36 94 U+306B 334 1417 49 92 U+306B 1078 2286 61 82 U+306F 1430 2190 73 60 U+85E4 866 750 114 154 U+3053 696 2260 60 57 U+305A 1078 1369 85 96 U+308B 1264 2230 44 60 U+5207 106 841 101 83 U+5225 666 1937 98 99 U+3066 1473 748 43 101 U+3075 492 2391 75 97 U+76F8 304 815 94 102 U+901A 315 332 78 115 U+308A 891 1743 44 102 U+308C 125 1099 64 118 U+305B 1059 2499 90 88 U+3088 139 1376 46 83 U+3072 1060 2186 93 94 U+305F 700 1386 52 67 U+3081 1462 660 75 86 U+3092 690 337 96 80 U+3052 696 518 87 111 U+307E 1447 2242 44 97 U+4EFB 1056 2402 85 94 U+3042 702 425 75 98 U+5993 861 2476 98 80 U+4E16 669 2041 100 79 U+601D 501 1402 70 82 U+697D 500 620 77 125 U+305F 1450 1603 62 76 U+5A2F 473 498 122 116 U+307E 1086 595 52 104 U+3044 885 1205 73 73 U+3055 1071 1999 62 86 U+3075 871 1284 87 68 U+306B 142 334 48 70 U+67D3 311 1281 84 132 U+308C 122 1894 61 103 U+904E 693 2491 63 97 U+3068 331 2502 53 74 U+305F 881 1680 57 65 U+3031 1437 2395 90 183 U+306D 499 1560 72 77 U+306B 515 1893 48 83 U+308B 524 968 41 73 U+3078 108 1312 95 66 U+3075 301 445 95 97 U+306F 496 1490 74 64 U+5BB6 1432 2057 76 131 U+3044 880 2159 59 61 U+3057 537 1099 16 100 U+3068 512 1207 52 72 U+3057 145 2264 20 94 U+3068 895 2080 37 82 U+3064 494 1982 74 79 U+305D 707 821 55 87 U+3089 1089 1273 33 99 U+308B 529 414 35 59 U+308B 712 1102 49 70 U+305D 1072 2087 66 94 U+3057 1274 2052 20 101 U+308C 689 2317 54 94 U+304B 134 2355 42 49 U+3055 126 1224 60 77 U+3057 1479 1500 25 104 U+306F 129 416 60 59 U+308B 914 662 45 65 U+3057 1472 1812 20 98 U+304B 903 1137 49 68 U+3068 895 1042 72 96 U+3068 1271 1221 54 97 U+3057 1288 1699 18 91 U+308B 888 2266 50 57 U+304B 1452 1912 43 61 U+3078 873 2223 75 41 U+30EC 144 919 65 41 U+3057 1296 607 19 109 U+885B 1242 2463 81 111 seg_fp 1265 2390 29 74 U+3059 1434 2348 65 90 seg_fp 1268 1320 36 91 seg_fp 340 650 31 47,hnsd005-024
U+7D19 754 2328 71 75 U+6CBB 764 2447 66 75,hnsd005-031
U+4E2D 101 1516 96 118 U+5FD7 93 608 107 131 U+3066 1251 1814 48 100 U+5EFC 78 488 121 100 U+4453 96 884 104 155 U+3055 1442 1155 50 67 U+3044 1427 495 81 58 U+5DFB 90 1301 112 117 U+69D8 849 473 107 115 U+7DE8 99 1155 105 129 U+305F 1103 1142 46 60 U+306F 1057 539 68 63 U+7336 859 1555 100 103 U+304F 692 1490 37 102 U+676F 654 1624 104 121 U+305B 1042 965 94 87 U+82B1 78 341 124 131 U+4ECA 1408 1297 116 101 U+5176 869 334 56 136 U+3078 1423 1102 97 52 U+4E8C 85 1072 121 54 U+3066 669 1093 88 85 U+308B 893 1342 45 73 U+5F97 664 879 99 132 U+306A 887 591 63 84 U+308C 677 453 75 110 U+3081 685 1859 84 76 U+3084 1045 850 93 98 U+305B 1237 511 88 74 U+3093 1046 1046 103 83 U+4E4B 101 1437 97 77 U+3053 1055 334 75 112 U+5165 1413 1773 95 70 U+307E 895 2023 52 80 U+306A 1244 901 78 96 U+6CCA 1234 689 94 105 U+3055 1436 650 61 93 U+3068 888 1428 57 95 U+3057 683 1189 78 93 U+3066 1441 2123 37 92 U+3089 1449 1838 56 100 U+3081 883 2484 72 89 U+7533 890 1928 47 92 U+3044 1066 2344 82 60 U+305B 860 2105 91 75 U+591C 1415 1401 90 121 U+304D 1071 2018 69 84 U+6CBB 1300 1458 67 67 U+3078 1423 1723 89 39 U+6E80 97 761 109 112 U+304A 1062 1877 87 67 U+7559 881 2372 71 109 U+4E86 680 758 52 130 U+3046 1248 1649 53 101 U+306A 1246 1341 82 92 U+3092 1062 1757 83 95 U+3060 1064 2101 86 70 U+3069 1249 1571 82 74 U+304A 1232 603 104 86 U+306F 677 678 67 62 U+308A 707 2283 48 89 U+306A 1436 810 77 93 U+3066 683 568 58 102 U+3093 882 2180 96 65 U+3089 701 1397 42 91 U+307E 1444 552 56 100 U+3053 886 699 52 69 U+306B 1261 792 48 82 U+3093 1421 1214 96 73 U+304A 871 1010 90 73 U+304F 1074 1550 46 87 U+3054 1445 325 75 74 U+3057 867 1166 87 99 U+3089 692 337 58 121 U+304D 1105 1204 57 59 U+3044 1055 781 69 70 U+306A 1251 2136 80 88 U+3068 1254 326 64 92 U+3064 1066 1946 78 71 U+306D 1059 2429 80 87 U+89A7 1423 2284 93 115 U+304A 1426 925 94 70 U+307E 1246 1086 54 88 U+7D42 149 1637 93 96 U+3068 1068 447 52 83 U+3057 1429 1949 67 92 U+3089 692 2018 55 101 U+30C8 927 2255 35 71 U+3092 683 1756 78 93 U+5E30 854 1747 109 87 U+6240 1242 2239 88 83 U+3092 869 883 85 98 U+3084 862 1269 95 74 U+3070 687 1286 79 104 U+5F80 1234 2387 97 104 U+3064 865 1084 90 58 U+5DF3 1425 1632 86 75 U+306B 695 1007 45 84 U+307E 1445 996 51 101 U+30E8 1102 2183 37 38 U+3056 1059 691 86 87 U+3051 680 2203 89 83 U+3056 1443 406 87 84 U+3055 1236 1181 71 98 U+3050 690 1940 84 71 U+8FB0 1424 1529 88 97 U+618E 1055 2244 88 95 U+5618 1039 1658 101 95 U+304A 874 1668 84 74 U+30F2 1083 1315 46 66 U+5176 1253 1937 45 105 U+3078 1238 2331 99 38 U+305F 1256 2496 59 75 U+3078 1061 2523 88 38 U+3088 1078 1489 44 69 U+308A 1248 998 53 91 U+3046 1250 422 54 101 U+5FA1 1425 2230 78 56 U+30DB 1075 1375 66 60 U+69D8 1226 2044 103 90 U+3054 1068 626 88 65 U+30A2 1258 1281 54 60 U+3068 882 771 49 104 U+3057 1457 2492 19 105 U+3057 1267 1744 24 75 U+3057 904 1836 24 90 U+3064 1414 2041 90 86 U+3057 710 2110 24 89 U+307E 1444 2401 41 56 U+30A2 1446 749 68 62 U+30FD 1103 1441 16 32 seg_fp 1448 2437 38 58,hnsd005-040
U+306E 583 1152 78 72 U+5206 208 1745 94 94 U+6765 1337 1114 88 125 U+306B 210 1865 81 63 U+8CCE 942 402 116 129 U+305F 632 1247 50 58 U+3066 1146 1240 75 81 U+304C 1358 1032 64 63 U+306B 399 2490 90 68 U+3067 391 1243 80 89 U+304A 1147 1358 87 57 U+3082 215 911 60 95 U+306F 584 869 70 58 U+6CBB 827 1551 53 67 U+306E 776 2503 64 62 U+3072 211 2015 80 63 U+3044 401 982 77 59 U+3092 1133 1074 93 74 U+516B 558 411 107 77 U+3046 1364 1318 43 95 U+304C 1535 2116 59 58 U+305F 402 1670 71 75 U+79C1 1137 321 98 120 U+3089 219 1227 51 106 U+304D 629 1311 67 58 U+4ECA 395 1831 91 122 U+3068 409 855 53 89 U+306E 1153 762 72 80 U+523B 759 2054 91 97 U+3055 1157 2165 55 72 U+3044 1507 2053 81 55 U+3068 971 702 62 86 U+30CD 1532 889 77 78 U+3093 579 2387 100 93 U+304A 579 2122 83 60 U+3067 961 2322 80 80 U+306B 789 1846 53 68 U+304B 1362 742 44 73 U+3066 205 2204 79 71 U+65B9 573 1933 85 105 U+3075 386 1040 100 87 U+307E 596 1787 50 96 U+3066 1341 1722 69 77 U+3044 213 1952 80 65 U+306F 774 1474 69 57 U+304A 962 321 84 81 U+65E6 1337 637 86 96 U+306E 583 799 70 63 U+3082 978 1832 55 78 U+3068 1354 1416 58 99 U+6BDB 1511 1722 93 105 U+30B5 1353 1803 67 61 U+3060 204 1081 85 81 U+4F55 1332 2487 98 97 U+306E 204 1002 81 77 U+4F59 942 816 115 105 U+306A 780 594 73 84 U+5B50 214 1654 81 84 U+306E 1341 556 75 60 U+3044 584 642 80 67 U+3064 1327 1605 97 115 U+306D 378 425 103 98 U+30CA 1560 1092 48 48 U+3046 419 750 37 102 U+304A 1338 2193 86 65 U+304A 959 1146 95 70 U+306A 1157 1572 77 89 U+76BF 568 314 93 75 U+304C 977 1550 70 66 U+5148 779 1934 89 107 U+8CCE 570 2197 103 105 U+6CBB 1604 991 57 55 U+8A71 1137 950 90 124 U+3084 1336 1242 87 74 U+3075 569 709 92 90 U+305D 210 1341 75 86 U+4F55 573 958 98 102 U+308A 581 1522 77 94 U+55A7 755 687 93 127 U+982D 1504 1839 93 104 U+6B7B 373 318 102 105 U+3093 1311 2418 125 68 U+305F 1155 1813 56 85 U+304C 425 1743 63 67 U+30CD 605 2044 63 67 U+306E 778 318 73 91 U+65E5 980 2503 48 74 U+306A 1518 1948 75 100 U+3060 964 1959 81 91 U+306A 771 2264 82 83 U+4E2D 400 1120 75 125 U+3093 1138 2231 113 67 U+3046 795 488 43 107 U+305B 1522 708 81 88 U+4E16 1142 852 90 93 U+308C 207 690 75 110 U+3055 971 534 60 91 U+307E 1358 405 52 100 U+3089 952 2107 77 115 U+65E6 1145 537 94 110 U+304A 1151 1969 88 71 U+3093 955 615 103 79 U+306F 408 2318 66 84 U+3067 201 1550 92 88 U+90A3 1132 657 91 94 U+30A2 1564 1148 48 51 U+306E 957 1285 84 82 U+601D 1340 1522 85 83 U+3042 402 1343 82 81 U+4ECA 954 2415 97 85 U+69D8 1510 1396 100 108 U+5C3B 1328 915 106 102 U+306F 1543 331 56 88 U+307E 1164 2037 52 83 U+6B7B 386 552 88 105 U+304D 1375 1950 53 53 U+305F 969 1214 65 70 U+5629 763 820 89 123 U+5176 1531 1265 62 128 U+3060 588 1062 79 71 U+306B 1163 445 58 76 U+3081 1521 2379 75 99 U+30E4 1356 2110 66 49 U+3084 763 404 91 82 U+306F 1148 1669 76 89 U+3060 1514 2289 88 82 U+306F 783 2156 52 106 U+3046 1549 801 41 91 U+3092 209 2485 78 86 U+592B 950 2209 96 101 U+898B 201 314 64 120 U+304A 1343 319 94 87 U+308C 209 1430 82 115 U+3064 201 2085 81 56 U+307E 413 1950 51 98 U+307E 1537 608 55 106 U+306F 1340 2351 62 74 U+3093 1137 1486 110 78 U+305F 1377 1883 42 66 U+3078 1135 1912 98 52 U+306F 1524 1645 71 65 U+6765 772 1116 85 148 U+307E 414 2204 61 95 U+3078 1156 2124 88 58 U+304C 787 948 66 70 U+3089 221 575 62 117 U+305F 407 2045 59 67 U+306A 400 661 81 84 U+308A 958 1024 77 114 U+3093 958 1904 98 66 U+3055 589 2320 67 73 U+305F 203 808 67 79 U+3066 1535 2479 38 98 U+304A 405 2134 82 72 U+3042 588 1413 90 104 U+3093 397 2396 89 74 U+307E 405 1494 60 98 U+3051 213 2140 66 66 U+307F 976 1462 51 87 U+30CB 1535 1202 65 31 U+304B 223 1166 43 62 U+307E 1352 2255 49 92 U+3055 1525 2202 56 83 U+307E 973 923 53 103 U+3084 1516 413 91 76 U+904E 967 1646 72 96 U+304B 192 440 93 78 U+3078 1342 510 89 38 U+3053 1154 2302 62 59 U+55A7 190 2280 97 112 U+30A2 608 1713 40 67 U+3084 574 1613 81 92 U+305D 1153 2363 69 86 U+3057 1561 500 21 104 U+3057 801 2366 24 120 U+3068 603 2471 64 94 U+51FA 775 1038 85 74 U+3078 193 522 102 57 U+308A 420 1421 44 78 U+304B 986 2049 41 58 U+3078 573 1888 101 41 U+304F 1157 1411 66 77 U+304B 601 564 49 54 U+3068 593 495 57 69 U+30F2 1365 2055 45 40 U+3093 775 1747 89 78 U+3059 782 1382 66 83 U+30A2 1163 2469 54 48 U+307B 778 1686 77 60 U+307E 784 1268 48 107 U+30C4 1176 1760 52 47 U+308B 979 1744 50 51 U+3057 989 1364 32 99 U+5629 211 2389 75 93 U+3089 1367 821 24 77 U+30CE 1181 2509 32 35 U+3057 438 1588 20 77 U+3057 1185 1144 25 91 seg_fp 1540 1515 51 122,hnsd006-009
U+3066 769 2506 91 77 U+3084 396 1194 89 100 U+3093 580 676 104 90 U+306E 392 969 75 60 U+3042 987 591 75 101 U+306E 1190 773 66 65 U+3070 784 1947 85 57 U+30B5 208 2255 74 73 U+58F0 1518 2364 79 133 U+3082 986 2506 59 74 U+306E 1356 673 61 61 U+6CE3 778 1550 87 103 U+3082 1366 1939 46 77 U+6E08 207 1603 99 116 U+304B 604 782 46 58 U+6CBB 262 2042 60 59 U+306E 795 1143 64 55 U+3068 603 860 58 87 U+4EBA 384 865 113 89 U+306E 602 2304 60 51 U+304C 989 1462 55 55 U+3070 208 849 90 60 U+3051 584 572 84 92 U+306A 1165 418 73 87 U+3066 805 874 49 118 U+514E 393 1051 88 124 U+3067 1342 1629 75 86 U+6D99 781 1015 81 113 U+6065 382 1981 118 120 U+3093 215 1832 99 99 U+308C 600 1906 72 107 U+3092 1525 2513 87 84 U+9053 200 342 85 116 U+3066 408 453 46 125 U+628A 765 2418 110 84 U+304B 1515 2140 85 68 U+6D99 1514 1125 89 103 U+304F 1363 2136 36 95 U+3066 1159 1699 64 74 U+7A81 571 341 107 116 U+304B 404 1331 94 73 U+8EAB 1164 649 73 103 U+3081 793 1856 60 74 U+6CBB 976 1115 83 119 U+63A8 1149 1317 101 118 U+306F 782 2345 64 38 U+3070 403 785 73 66 U+306E 589 483 68 96 U+3064 977 965 79 118 U+306E 424 2501 63 62 U+9152 589 2049 90 100 U+306A 220 926 68 102 U+697C 575 2169 102 119 U+4EBA 199 2340 121 78 U+3076 1335 563 87 87 U+7406 187 493 99 103 U+30B3 227 2163 58 45 U+304B 775 1230 99 80 U+308A 992 2192 40 87 U+308C 202 721 75 110 U+9CE5 1375 859 51 134 U+304A 1333 2232 88 73 U+308A 1544 2255 41 87 U+885B 773 2215 88 108 U+3031 1547 720 79 157 U+5C45 1521 332 78 132 U+91CF 1148 1451 94 117 U+6562 1157 976 93 108 U+3092 221 1468 82 101 U+66DD 400 2192 107 143 U+304D 1526 2053 81 68 U+9A12 381 605 119 112 U+305D 1168 2139 56 72 U+306E 1355 454 57 108 U+3057 1345 343 75 112 U+308B 1554 1453 35 81 U+3044 1146 2233 83 64 U+628A 953 2103 112 76 U+3092 972 1691 80 101 U+3051 600 1278 81 105 U+3068 233 1925 51 94 U+305A 1529 468 79 104 U+3044 415 1606 75 77 U+6E9C 1520 1009 88 112 U+308C 596 1377 65 102 U+306B 608 1169 54 75 U+601D 583 971 82 87 U+6CBB 778 2036 85 101 U+306F 988 797 84 59 U+4F0F 783 758 119 113 U+304B 1550 1555 41 59 U+3057 782 1672 72 108 U+5E73 781 610 87 142 U+6642 1367 760 78 97 U+3066 415 1860 65 89 U+3066 218 1220 45 98 U+601D 1521 595 81 100 U+3092 413 2093 83 90 U+3081 210 1124 74 96 U+679C 1169 858 100 109 U+306F 1353 2477 53 106 U+7269 959 2317 92 92 U+885B 982 1331 82 109 U+3042 1358 1443 76 97 U+8882 959 1552 109 126 U+3069 607 1482 67 93 U+8840 1340 1733 99 102 U+3057 976 1810 75 100 U+308C 996 855 60 103 U+3057 1567 868 20 98 U+305A 781 504 87 93 U+3082 1353 2300 50 95 U+304B 1171 342 43 76 U+7230 595 1604 76 135 U+9854 954 335 94 139 U+30EC 228 2213 72 38 U+3069 1170 2481 62 103 U+3053 610 1831 50 69 U+3060 219 1030 69 90 U+3072 1338 2397 79 79 U+3072 587 1070 84 94 U+306F 1155 2299 61 102 U+3057 1183 531 27 112 U+5BB6 591 2384 87 129 U+3089 1004 692 36 74 U+3064 785 1785 76 71 U+3044 776 329 79 75 U+5410 1335 2048 91 62 U+3080 1524 1350 88 101 U+3055 219 1754 64 83 U+308F 1537 1933 44 113 U+306F 1351 1358 66 65 U+304F 1544 1775 46 121 U+3072 414 1687 76 76 U+306A 219 629 60 86 U+3053 1174 2069 53 62 U+306B 993 479 55 92 U+3053 225 1340 54 68 U+306F 786 402 48 95 U+3092 973 2412 71 81 U+306A 1181 1100 59 95 U+308C 1359 1125 55 116 U+3068 1175 1777 50 97 U+304E 799 1311 76 100 U+3055 1175 1200 52 87 U+306F 597 1756 71 62 U+3092 1355 1842 79 90 U+3068 423 1468 57 105 U+306B 599 2519 71 63 U+3059 427 2345 48 131 U+306D 1162 2409 72 71 U+306B 1174 1978 51 72 U+305F 1533 1616 63 69 U+3072 1532 699 73 75 U+53E3 1170 1902 61 73 U+305D 1369 1028 43 96 U+308A 804 1410 43 79 U+304C 411 724 60 75 U+3068 990 1970 48 91 U+306B 1362 1242 51 110 U+3078 1515 2213 90 41 U+3068 1533 1264 52 75 U+51FA 416 1767 78 89 U+5175 793 2138 34 83 U+306A 1530 1690 58 72 U+3057 422 346 22 101 U+5175 998 1236 37 99 U+304B 992 1910 46 59 U+304C 231 2410 56 59 U+3057 1197 1588 15 104 U+304F 435 1386 47 88 U+3089 1359 1543 39 99 U+805E 204 2471 80 100 U+309D 231 1414 41 64 seg_fp 1556 1749 33 48,hnsd006-027
U+306E 1518 1617 55 62 U+6C17 1517 1466 89 126 U+3067 1499 1834 84 87 U+6C17 1140 325 85 130 U+3044 960 2083 64 59 U+3082 199 1027 54 89 U+6CE3 1500 1955 87 102 U+3082 1144 2241 59 83 U+5206 547 575 106 118 U+5FC3 369 325 101 90 U+306E 1512 2065 66 67 U+30C8 977 2005 37 62 U+3082 963 2217 56 71 U+3051 756 1932 72 81 U+5C0F 953 2305 80 56 U+3082 778 2373 54 81 U+3066 372 838 74 74 U+3066 948 1076 63 85 U+3066 187 948 69 72 U+5206 1121 1688 104 95 U+306A 577 1640 71 75 U+304C 397 437 67 58 U+3092 1502 331 83 93 U+3075 932 2141 109 83 U+7B11 1138 1090 85 113 U+3082 197 544 55 101 U+3064 369 713 90 110 U+3082 1329 2125 56 86 U+6068 182 1498 94 104 U+3031 213 1302 61 141 U+306F 819 2025 55 70 U+5F10 1133 1599 91 89 U+624B 1144 2055 63 116 U+3068 1148 1810 56 78 U+304C 1338 1342 69 56 U+5206 949 1341 80 118 U+4E94 1129 1412 93 86 U+5426 387 934 86 116 U+3066 1315 515 70 86 U+3075 1125 1971 96 85 U+3082 1149 887 53 94 U+306A 405 2253 72 77 U+306E 1506 680 77 77 U+304B 556 1238 102 67 U+304C 217 2406 61 45 U+306A 402 1506 63 78 U+304A 192 1885 86 79 U+305F 577 1962 61 86 U+3082 404 2148 55 90 U+3044 1147 1901 62 67 U+6253 395 2491 90 66 U+3066 1135 2486 63 69 U+3067 949 2491 85 75 U+3092 748 1224 99 80 U+308C 184 321 75 113 U+77E5 1318 1429 92 99 U+3044 949 1186 80 69 U+3042 761 328 81 99 U+304F 1338 2485 39 90 U+30A2 588 485 53 57 U+3068 401 1156 65 90 U+3044 563 902 87 65 U+304A 568 2189 86 65 U+3075 748 1683 93 79 U+6CE3 1317 621 78 112 U+3084 937 514 86 85 U+306F 389 1604 75 89 U+3055 958 910 60 78 U+306B 566 325 77 78 U+307E 208 2140 54 91 U+53EF 1135 1005 87 85 U+3064 1318 1529 85 104 U+304A 184 2491 87 74 U+308C 1492 1265 86 107 U+3082 964 804 58 91 U+662F 383 1937 81 115 U+602A 1301 2381 106 84 U+79C1 747 2471 107 91 U+8A00 761 937 64 122 U+3093 184 2323 124 68 U+3072 955 1258 79 85 U+304B 369 528 105 76 U+58F0 949 2379 70 114 U+3042 947 325 80 104 U+305D 1507 1174 64 90 U+76EE 1511 2473 60 95 U+3046 761 2258 69 114 U+306E 581 2500 67 71 U+4E21 1128 1494 91 99 U+8C8C 747 1558 88 115 U+7B48 931 1727 103 125 U+975E 380 2060 92 90 U+3066 778 1434 43 99 U+30A2 967 1924 59 59 U+3057 1331 973 73 110 U+4F55 932 707 105 97 U+3072 562 1552 94 84 U+307E 587 2251 50 92 U+305F 1509 567 68 90 U+4F46 1486 2220 104 87 U+306E 1328 735 67 76 U+3089 1511 1059 50 96 U+3069 1143 481 80 84 U+3055 1512 987 67 71 U+9023 1292 2013 110 111 U+3070 570 1115 74 92 U+305B 206 2243 66 86 U+3084 556 399 87 80 U+304C 1523 1376 69 65 U+3060 1500 757 91 71 U+3064 1130 2400 83 86 U+308C 1133 672 65 106 U+4E8B 575 981 65 134 U+308A 1340 1900 44 99 U+901A 1321 1794 84 101 U+6BD2 1491 1690 98 137 U+7ACB 1508 448 75 118 U+306D 1131 1232 76 104 U+306F 577 1736 59 87 U+3066 1323 1637 71 75 U+306D 938 1541 92 121 U+9762 1497 2382 94 90 U+3042 1329 2226 72 76 U+3055 197 1137 64 95 U+3072 387 1416 79 85 U+3089 1154 568 41 94 U+517C 764 709 86 145 U+5207 1123 2180 96 63 U+4ECA 1516 855 87 134 U+805E 748 1320 90 113 U+308A 970 430 40 102 U+30A2 1330 886 59 56 U+3042 762 1849 77 83 U+3066 192 441 69 100 U+3072 194 2058 81 84 U+306F 199 1804 71 63 U+308C 167 849 101 104 U+306A 1326 330 70 95 U+3092 757 608 90 95 U+3082 209 1961 54 95 U+3060 384 1054 87 81 U+3089 583 711 57 101 U+304A 389 1262 81 73 U+3044 569 1483 80 65 U+305F 770 427 56 73 U+306A 572 816 68 85 U+308A 1341 2300 43 82 U+3084 1127 2330 92 71 U+64F2 158 665 114 114 U+8449 767 1064 74 153 U+3078 937 1671 99 50 U+306D 1319 1179 79 98 U+308B 577 1821 56 58 U+3060 949 1852 92 70 U+304B 1340 811 44 73 U+304A 560 1392 89 71 U+308A 764 1760 56 99 U+308A 777 501 44 109 U+3044 394 1337 65 74 U+308B 1342 1706 45 70 U+306F 944 1476 79 60 U+308F 394 608 45 103 U+3084 378 1770 83 82 U+3093 572 2424 107 55 U+3078 1130 1343 92 47 U+3069 776 2181 78 78 U+3057 421 2355 21 110 U+308B 829 2094 45 43 U+30A2 403 1859 53 63 U+30CD 588 1893 61 61 U+308A 408 1695 41 98 U+307F 217 1603 34 93 U+304B 1526 2130 40 64 U+3078 1314 1283 101 40 U+3089 1345 1083 36 99 U+30A2 963 607 56 59 U+3057 1518 2310 37 72 U+3078 557 2136 86 36 U+3089 208 1235 33 107 U+3068 218 1700 42 92 U+308B 776 854 49 69 U+306F 581 2348 60 76 U+3068 584 2048 48 82 U+308A 581 1307 55 91 U+3057 977 986 21 94 U+304F 1340 412 52 95 U+304B 206 780 43 67 U+3066 1137 794 69 88 seg_fp 1157 781 32 57,hnsd006-029
U+7B46 873 1576 136 207 U+5FC3 711 601 124 123 U+3046 1495 1019 47 134 U+4EC0 1273 1624 118 159 U+306F 1477 2408 79 50 U+8001 907 1422 112 142 U+5C0F 246 1454 114 102 U+4F5C 1267 1249 134 126 U+3082 746 741 66 107 U+4EE3 1280 1779 126 155 U+8981 677 1232 162 165 U+7528 704 1419 107 164 U+4E8B 729 1685 83 163 U+5200 1482 2307 60 90 U+5A7F 1262 2083 133 139 U+5F15 1267 2226 117 127 U+3066 921 1885 53 128 U+306E 719 1855 87 78 U+4E8B 911 602 104 211 U+3084 1457 903 110 103 U+4E14 1463 1944 95 114 U+306E 1112 608 77 107 U+983C 1445 1603 136 157 U+308B 1503 804 41 106 U+90CE 1268 714 140 166 U+306E 1298 1142 79 89 U+5B97 1297 982 94 162 U+3069 290 1756 51 100 U+8868 1087 953 122 188 U+3057 1139 1139 27 182 U+304B 709 2024 113 87 U+306F 909 2019 91 80 U+624B 1296 2331 80 134 U+77ED 1452 2171 114 134 U+305A 908 2344 122 102 U+7D66 1485 588 74 132 U+54C1 1287 1971 110 101 U+8CB4 1096 1311 97 180 U+4E94 1267 596 135 120 U+5EA6 1100 2302 100 141 U+8B72 1078 1713 119 176 U+516D 261 1610 98 86 U+3069 937 1298 70 109 U+9593 744 1090 64 122 U+6025 717 845 111 176 U+5FC3 1084 719 121 121 U+306F 1467 721 101 85 U+306B 929 1052 67 80 U+6B64 1452 2060 120 110 U+306B 930 1782 55 102 U+6570 873 805 159 152 U+306E 278 1855 66 94 U+6B63 1286 875 109 106 U+5175 404 1918 149 173 U+6BBF 1079 1496 135 144 U+3092 1107 845 106 119 U+7336 1076 2064 127 150 U+885B 424 2186 123 165 U+307F 742 1929 55 93 U+62D9 1280 1407 129 119 U+4ED8 730 2194 93 168 U+5019 1485 1834 60 74 U+3078 905 1233 112 62 U+4E0A 649 2329 85 83 U+751F 1464 1159 103 202 U+3044 735 2107 89 80 U+3078 259 1963 120 48 U+4E4B 752 1565 37 116 U+306B 1509 1751 66 84 U+5019 939 1148 45 74 U+308A 1145 1888 48 102 U+4EE5 637 2249 93 80 U+3069 940 2164 66 81 U+7533 1130 2180 53 124 U+8005 1306 1513 73 100 U+524D 1420 1356 160 151 U+3089 945 2261 52 87 U+303B 962 962 34 88 U+4E4B 1494 1504 40 100 U+4E4B 1324 1874 31 95 U+304B 940 2105 58 57 U+7533 1124 1991 44 68 U+3078 1148 1628 57 99 U+5019 781 1021 33 62,hnsd006-035
U+4ECA 1057 321 106 139 U+306E 502 667 65 73 U+91D1 640 2105 126 101 U+3082 504 310 61 104 U+306B 1233 2082 66 64 U+305F 91 2121 75 79 U+306E 1068 463 75 62 U+306E 1252 1358 63 55 U+306F 1431 1226 66 48 U+3066 103 1768 55 103 U+304A 1055 1293 82 69 U+6C17 316 313 90 142 U+306F 466 2491 71 57 U+306E 1063 840 79 79 U+5168 836 2010 125 121 U+3066 308 1153 58 126 U+624B 494 747 83 121 U+3068 118 1348 66 86 U+3082 1070 1362 50 98 U+3068 880 1361 55 99 U+3066 1205 2419 85 74 U+3059 857 1479 91 101 U+3065 299 463 110 89 U+306A 118 1240 70 93 U+3044 877 919 81 72 U+5029 1401 1589 106 139 U+3089 884 1163 66 111 U+306F 1228 1780 69 44 U+7ACB 120 522 81 106 U+3092 1057 1179 90 108 U+3044 303 811 84 75 U+306F 859 1953 74 49 U+307C 471 2241 90 76 U+5BB9 1043 936 116 136 U+8A00 688 324 79 112 U+306B 684 1736 58 73 U+723A 1027 1928 112 150 U+6CE3 93 1656 94 112 U+306A 309 1597 76 86 U+65B9 1218 1233 98 115 U+3093 102 725 114 97 U+3042 1451 424 85 89 U+52AA 459 1707 117 119 U+72EC 84 1457 111 106 U+606F 1245 326 98 140 U+305B 872 482 87 95 U+3092 1209 2252 92 68 U+3046 888 1272 50 93 U+885B 1432 1088 104 127 U+8179 96 392 115 130 U+5DE6 83 2446 94 119 U+3067 94 1564 86 85 U+6CBB 155 2209 72 64 U+304A 874 589 98 82 U+3044 860 1785 78 75 U+304B 1227 2500 46 65 U+53BB 1221 2326 63 85 U+305F 668 2012 65 84 U+3066 1415 2337 41 116 U+3089 671 1122 69 101 U+3068 1459 329 69 92 U+306A 1252 905 80 110 U+308B 711 746 41 78 U+3067 280 2132 92 85 U+308F 678 1828 58 83 U+3055 1241 1587 52 82 U+306A 678 1015 91 109 U+3089 1258 1013 48 95 U+30A2 1240 1838 69 52 U+304A 667 1226 103 71 U+3068 703 458 56 93 U+306F 486 1636 64 66 U+3068 1430 1712 59 97 U+3070 1057 1503 83 76 U+5206 638 2477 115 83 U+4E0D 289 1922 89 93 U+304C 874 2380 62 75 U+3093 1241 818 104 74 U+305F 307 974 69 73 U+5176 1248 1114 59 116 U+306A 471 2075 83 97 U+306F 483 962 78 70 U+3055 122 647 70 87 U+304A 1049 1600 93 75 U+3076 862 1073 106 88 U+304A 480 426 103 75 U+305D 690 845 66 100 U+307E 496 500 65 113 U+3057 1283 470 26 120 U+3055 1060 2070 50 75 U+3042 888 325 82 90 U+3092 1421 1484 91 99 U+304C 690 1400 75 59 U+307E 1231 1668 72 92 U+3068 325 712 56 96 U+306F 1073 540 63 91 U+306B 135 314 51 78 U+723A 1226 1431 98 155 U+3092 872 797 96 107 U+507D 825 2453 114 103 U+3061 1414 1908 73 93 U+304A 841 2202 105 80 U+304B 1397 1999 102 76 U+3093 668 940 118 76 U+3044 305 639 86 73 U+4E16 1202 2160 118 86 U+305F 112 888 72 80 U+6669 1212 1949 114 122 U+4F59 277 1294 108 111 U+8179 1027 2336 96 129 U+3051 1443 591 82 90 U+3046 298 2439 49 122 U+6B4E 1382 2463 104 109 U+308C 1420 1359 72 119 U+3092 291 1807 92 100 U+306B 501 874 53 84 U+308C 671 1293 88 106 U+30A4 503 1203 43 63 U+6CBB 1430 878 91 121 U+3053 1438 1294 59 65 U+3075 847 1859 95 88 U+5176 478 1282 64 124 U+548C 658 1490 119 105 U+308A 318 1497 47 97 U+4F55 284 1707 94 107 U+306E 285 2298 79 68 U+5C45 90 1870 91 109 U+69D8 460 1408 110 103 U+3078 481 619 114 54 U+30CF 485 1172 77 36 U+3093 460 2164 121 67 U+3068 1054 2234 59 90 U+307E 311 1404 53 91 U+306A 1075 631 74 91 U+305D 295 2219 58 77 U+3046 1417 1811 56 118 U+3075 295 884 94 91 U+305A 459 1988 105 91 U+306E 657 2215 90 55 U+305D 1260 737 62 87 U+8DB3 300 2013 56 115 U+307E 1063 1672 54 90 U+307E 1037 2146 79 89 U+898B 688 574 84 110 U+308A 1462 507 57 90 U+3088 328 548 47 89 U+308C 880 672 75 121 U+5409 856 2283 73 102 U+308B 883 1576 46 70 U+3070 1437 792 88 79 U+4E94 651 2272 101 78 U+3057 499 1822 22 98 U+4E8C 656 2429 86 51 U+898B 1409 2227 74 105 U+30A2 134 2380 44 55 U+307E 106 1977 61 72 U+3092 1041 2473 93 90 U+30CF 124 2303 63 39 U+306F 886 416 75 68 U+3068 1060 1821 59 85 U+305F 879 992 65 71 U+3078 1403 2079 88 46 U+5B50 1071 1079 65 97 U+3078 671 688 112 61 U+3044 96 1161 112 78 U+6CBB 1318 607 61 78 U+4E8B 113 978 76 117 U+4E21 648 2339 93 76 U+3084 273 2362 97 66 U+306F 549 1026 54 67 U+3068 312 1054 64 95 U+308B 558 1095 39 49 U+3057 1099 729 19 110 U+3078 1033 1769 102 47 U+3057 1429 2114 27 110 U+3057 132 2043 22 77 U+3078 1044 1465 99 43 U+30CE 1260 1885 39 38 U+7537 468 2345 76 119 U+4E00 654 1693 106 21 U+5175 1444 994 50 99 U+304B 116 1090 54 70 U+308C 1446 681 70 104 U+3057 140 800 32 94 U+304F 872 2121 52 86 seg_fp 482 1921 68 80 U+305F 663 1910 75 47 U+3068 867 1651 70 110 U+4E4B 694 1594 44 92 U+30FD 148 2344 26 30 U+3057 702 1950 20 63,hnsd006-036
U+306E 336 821 76 56 U+306E 907 1908 75 58 U+306E 136 937 78 75 U+8AA0 313 350 109 141 U+306E 1473 658 70 71 U+306E 528 2429 68 63 U+4E2D 709 990 77 111 U+3082 540 2522 54 80 U+306A 147 2275 81 81 U+4ECA 505 834 100 104 U+3031 1114 1705 59 189 U+3082 1476 1070 58 98 U+306A 720 1273 73 88 U+4F55 1076 2071 95 108 U+306B 345 504 63 79 U+6C17 334 689 95 113 U+306E 905 523 80 66 U+304A 912 2006 71 54 U+6765 1263 1069 99 152 U+304A 328 599 88 65 U+304C 921 1348 65 54 U+3044 704 922 85 46 U+3092 708 1488 85 97 U+3082 152 1754 55 87 U+3082 1097 2179 63 77 U+3060 137 1044 79 71 U+7D04 127 1441 95 106 U+9B54 505 2015 85 117 U+305F 155 1966 61 73 U+3084 140 361 77 86 U+306A 144 637 63 116 U+3066 507 1792 88 81 U+6BD2 302 895 120 135 U+623F 120 1279 90 144 U+3042 909 888 78 88 U+5FC3 333 2511 94 76 U+4E8C 894 1428 90 52 U+968E 893 1501 93 106 U+6CBB 382 1211 62 82 U+3057 145 1858 74 103 U+306B 922 1625 45 67 U+30B5 1110 553 60 68 U+898B 714 1593 68 101 U+3092 700 2380 90 56 U+306A 1472 1287 77 91 U+3066 1283 1223 47 108 U+3046 1288 2135 38 91 U+3067 1277 967 78 98 U+9053 1447 1490 102 129 U+53C2 1090 1255 85 128 U+3089 531 1586 37 96 U+30A2 152 2196 59 65 U+3067 356 2359 65 113 U+3068 726 702 58 84 U+90AA 511 1890 97 121 U+306B 1105 480 56 67 U+304B 1285 2238 45 62 U+3082 1279 1580 62 84 U+5973 115 1196 127 76 U+3093 894 1255 99 86 U+6B64 1455 1393 96 95 U+76F8 1260 1693 88 100 U+3092 520 2141 87 75 U+304C 147 1115 74 58 U+305A 1098 356 77 119 U+3064 700 1698 93 102 U+8179 688 2281 124 87 U+4E8C 1084 716 85 52 U+3093 706 1183 117 78 U+3044 906 369 69 72 U+3084 139 2129 83 67 U+305F 141 837 61 81 U+79C1 501 1166 97 111 U+3058 907 607 86 110 U+8FD1 1251 352 106 122 U+3089 1292 2299 34 66 U+306F 911 2278 67 45 U+7518 703 800 95 101 U+305F 336 2162 72 68 U+30A2 360 1391 46 56 U+3084 321 1725 88 78 U+59AC 1072 2386 110 107 U+30A2 923 795 53 71 U+3044 1269 485 85 69 U+305B 904 1180 73 80 U+308A 1489 552 45 95 U+51FA 512 1710 91 76 U+56F3 321 1967 94 99 U+30E8 351 1125 52 43 U+308B 1485 983 38 71 U+3042 340 1516 76 94 U+30CB 331 1454 70 33 U+6765 1459 835 86 149 U+3084 1260 2069 86 64 U+307E 911 1065 69 99 U+3084 894 712 94 77 U+6A2A 504 1381 96 133 U+30A2 1109 623 48 61 U+306B 1297 758 52 73 U+306D 494 667 109 104 U+3067 136 1680 81 75 U+30CA 363 1333 54 65 U+3055 1469 365 64 86 U+3092 1102 2495 84 91 U+3093 698 616 109 81 U+308A 1107 1384 50 91 U+305F 716 1933 67 72 U+968E 1077 793 100 112 U+3089 533 456 63 106 U+5AC9 1062 2271 127 116 U+305D 147 2486 74 106 U+3064 130 760 85 75 U+675F 141 1549 75 127 U+51FA 1466 743 83 87 U+3055 524 971 63 84 U+3059 1091 1571 64 103 U+4E0D 331 1885 88 80 U+5A18 895 2083 87 109 U+4E8B 348 2250 64 111 U+307E 1098 1470 55 102 U+3051 1271 1983 83 92 U+304B 537 1515 36 71 U+30A2 341 1807 59 63 U+6240 709 1376 86 108 U+308F 1482 452 47 105 U+3059 144 450 62 105 U+3075 891 446 99 84 U+305E 717 2196 82 84 U+3053 720 1124 59 64 U+3046 531 561 45 108 U+304A 687 356 119 80 U+79C1 1076 1890 94 103 U+72EC 1256 856 99 105 U+3060 336 1034 75 79 U+304C 1107 1994 63 52 U+30E8 1101 1686 55 52 U+3060 518 357 84 94 seg_fp 1142 993 40 53 U+3066 897 2519 81 75 U+3064 713 1864 80 70 U+3089 538 1061 36 91 U+8AC7 1255 1803 96 113 U+3089 718 2009 60 84 U+308A 339 1615 74 108 U+308A 915 977 56 102 U+51FA 909 1812 87 76 U+304B 736 1802 35 59 U+308F 1471 1647 48 98 U+3064 1274 1920 73 64 U+3051 1456 2062 87 89 U+304D 1468 1951 60 104 seg_fp 1139 1048 44 52 U+307E 723 434 54 100 U+3046 1298 1416 39 98 U+304A 902 1715 81 93 U+3055 719 2109 66 82 U+3068 1273 1511 72 65 U+3061 1280 657 74 109 U+3069 1282 1340 90 75 U+3078 1087 918 87 44 U+7D30 1438 2317 111 89 U+304C 535 1283 60 48 U+5B50 1457 2224 82 84 U+306F 719 539 55 78 U+304F 151 552 46 76 U+3092 1458 1848 88 96 U+3057 363 2075 31 85 U+3046 1292 557 46 108 U+304A 713 2455 80 59 U+6CE3 1257 2499 103 93 U+5FA1 911 2198 75 68 U+3051 1462 1753 82 71 U+3082 1472 2392 42 55 U+3057 176 2369 24 107 U+3078 540 780 71 42 U+30CF 1110 1139 60 44 U+5B9A 912 2334 56 102 U+3059 514 2228 92 110 U+3057 1450 2467 102 121 U+3081 901 2440 72 78 U+3058 171 2045 42 86 U+308B 525 2335 59 70 U+307F 1486 1186 37 95 U+30A4 1115 1168 41 71 U+7ACB 724 2511 50 84 U+30E2 1292 2411 50 64 U+3070 1461 2154 71 63 U+30A6 1293 2467 48 46,hnsd006-038
U+3082 1166 1365 54 83 U+3082 1545 1798 59 88 U+30A2 1533 1295 76 74 U+306E 214 1598 65 53 U+306E 1164 846 64 60 U+3090 773 973 79 78 U+6C17 1162 1226 90 128 U+3032 981 1733 80 187 U+3082 229 1137 41 94 U+306E 1175 2033 62 56 U+3082 984 1224 55 90 U+4F59 771 1535 98 119 U+306A 222 2096 78 75 U+3051 215 2185 85 85 U+306E 414 2098 66 51 U+304B 1367 1737 52 63 U+3059 968 2438 95 86 U+307E 1169 918 54 110 U+6D44 582 340 87 135 U+305A 397 1452 105 86 U+5FC3 1142 763 103 67 U+3070 1356 2049 81 67 U+3082 426 2018 44 70 U+306B 773 617 90 76 U+3089 1174 494 41 88 U+30C8 1195 581 44 75 U+3067 1529 1721 109 75 U+306E 1366 2244 55 63 U+4E8C 779 719 76 46 U+8179 181 524 122 137 U+4EBA 569 2437 130 82 U+305D 1542 1527 63 77 U+3086 1160 1841 74 85 U+5973 1122 673 129 69 U+75F4 1143 2215 113 111 U+4E8B 1343 768 74 158 U+4EBA 385 1182 121 91 U+306E 221 1772 60 56 U+5BDF 972 338 76 130 U+3092 975 2373 81 55 U+3072 593 2208 80 81 U+3057 401 1256 84 101 U+80F8 196 1489 97 99 U+706B 198 1666 103 103 U+306B 794 1738 64 74 U+3081 1338 328 78 82 U+30A2 1541 495 56 61 U+305B 204 1998 84 82 U+4E0D 965 1003 87 106 U+3082 1537 1009 57 92 U+308A 1169 1123 48 96 U+306E 1349 1035 70 78 U+8179 1339 2133 103 107 U+306E 599 2507 74 61 U+4E8C 599 2387 74 44 U+611A 1162 2101 80 117 U+3073 408 1867 91 69 U+304D 596 1364 64 98 U+3084 393 334 91 69 U+6094 173 322 131 107 U+308A 988 1513 46 99 U+3091 1157 1925 97 99 U+3082 1543 2195 53 93 U+306F 1339 606 77 57 U+3060 1154 332 94 92 U+308B 804 2225 46 57 U+3059 405 506 65 105 U+3075 1522 2128 88 85 U+5BA5 985 1930 56 135 U+3070 965 926 92 72 U+3048 208 1231 88 92 U+305F 1356 1641 57 78 U+305D 1351 947 62 84 U+306F 778 1471 80 59 U+3055 980 1624 54 70 U+7B11 599 2102 83 103 U+304D 777 1366 82 104 U+3081 973 2068 75 79 U+304C 1176 1776 64 65 U+305F 214 1332 63 67 U+7537 1354 490 60 108 U+3064 590 2017 84 78 U+306A 412 2175 69 75 U+6C34 592 461 61 110 U+8DE1 568 1090 105 97 U+307E 984 1325 52 96 U+3066 392 720 86 71 U+3066 965 577 73 86 U+308A 1538 321 64 95 U+4F3A 566 1656 108 98 U+899A 582 612 75 138 U+3046 1549 843 37 103 U+3066 412 1099 56 86 U+7ACB 206 658 77 97 U+306E 1357 2517 68 67 U+308C 1158 1584 72 111 U+305E 1174 2340 84 84 U+306A 1527 1118 84 87 U+3064 209 1405 78 69 U+4FBF 952 1112 106 110 U+592B 1344 1117 87 127 U+8DE1 1520 572 96 97 U+675F 572 759 96 134 U+3069 1535 761 87 81 U+601D 1356 1904 76 86 U+5951 400 1544 85 130 U+304C 799 2531 71 47 U+306F 1167 2510 77 65 U+60DA 1130 1475 113 105 U+6CBB 783 2292 89 88 U+3081 401 2324 89 67 U+6298 768 345 88 116 U+308B 792 1115 42 73 U+8A33 963 2267 105 100 U+3070 220 2374 73 73 U+308A 603 1263 49 106 U+304B 400 951 88 68 U+308C 1353 1532 68 106 U+304C 1355 408 65 60 U+3084 208 1836 93 80 U+304B 800 460 40 64 U+308C 228 2272 58 93 U+3084 1537 414 67 73 U+308C 781 2137 73 91 U+3068 1368 1797 59 92 U+3044 1530 2071 74 51 U+3070 592 1813 80 64 U+3046 424 401 39 109 U+306E 1532 2282 69 74 U+5927 1344 678 79 87 U+3069 795 2075 78 59 U+3064 592 2292 77 56 U+968E 769 788 88 107 U+308F 1174 1029 37 95 U+308C 407 1359 77 92 U+8A00 979 2160 59 105 U+3082 1366 2449 49 71 U+3068 229 1050 47 76 U+304A 782 1202 86 78 U+3053 410 794 49 63 U+3089 1553 1209 35 82 U+6CE3 583 1901 109 113 U+5973 1505 1905 122 68 U+898B 975 686 61 115 U+308A 592 1539 56 102 U+305F 778 1051 67 66 U+3064 1351 2376 78 74 U+99C6 203 2475 122 92 U+308B 1603 1434 37 43 U+885B 787 2423 95 95 U+3067 1523 672 86 85 U+308B 1003 2520 38 58 U+3089 798 523 37 100 U+306D 410 1018 76 80 U+308A 425 1672 44 68 U+306F 1592 1363 51 73 U+3088 607 1189 42 74 U+305F 781 1282 76 82 U+305F 1363 2307 51 64 U+306B 770 897 77 62 U+308C 1533 1608 68 107 U+8D6B 189 942 115 97 U+7D50 387 1764 96 101 U+305F 1155 1698 63 81 U+3055 414 626 49 86 U+304B 1173 424 40 69 U+3092 1352 1258 88 104 U+3070 414 2516 89 52 U+3055 980 1429 55 84 U+3068 1545 1969 62 88 U+308C 968 806 75 107 U+308B 243 1913 24 84 U+305F 599 1460 52 78 U+308A 808 1656 39 83 U+59CB 1524 2491 97 82 U+3068 1180 2426 52 77 U+3068 1534 940 66 67 U+3057 228 755 24 110 U+3068 1357 1373 62 66 U+3078 1343 1996 92 47 U+3057 232 437 19 91 U+304F 589 960 64 117 U+3089 433 2254 32 73 U+9593 793 1980 52 68 U+624B 788 1826 63 152 U+3078 406 2474 88 37 U+601D 408 2398 79 74 U+307E 971 1698 70 73 U+3089 1375 1449 34 88 U+3057 431 1931 25 76 U+79C1 1516 2407 94 92 U+3057 990 481 24 71 U+3068 219 863 48 70 seg_fp 544 901 120 63 U+3078 581 1761 99 40 U+306F 1531 2355 75 58 U+305D 413 860 64 67 U+5175 802 2373 46 60,hnsd006-039
U+306E 1032 1531 55 61 U+677E 1381 1132 92 95 U+4E0A 654 1286 53 75 U+306E 1386 1252 87 69 U+571F 270 1087 64 74 U+304A 1391 1662 87 95 U+632F 1370 1523 107 126 U+308A 663 1159 46 98 U+84EC 1009 608 103 146 U+306E 1013 1782 82 77 U+3084 1378 990 90 91 U+3084 639 1491 73 96 U+83B1 1010 772 105 139 U+3084 1024 918 81 109 U+4F5C 634 1050 92 107 U+84EC 236 594 116 174 U+82B1 1005 1646 86 110 U+624B 654 1379 51 115 U+3055 1041 1897 40 84 U+306B 1035 1144 63 65 U+308D 1409 1937 55 67 U+9EC4 1028 1255 62 136 U+91D1 1021 1400 66 99 U+7B46 1378 1376 77 140 U+3084 246 955 96 99 U+4453 1384 833 91 142 U+83B1 246 777 102 171 U+677E 636 1634 87 87 U+306E 655 1825 49 52 U+7BB8 252 1175 94 141 U+7B20 1395 2347 80 82 U+677E 1024 1049 96 87 U+306F 261 1750 71 102 seg_fp 287 2296 41 34 U+5CF6 643 600 78 174 U+5802 1027 2358 79 69 U+9DB4 635 2240 85 99 U+5EB5 1090 2192 76 81 U+7389 1020 2255 80 49 U+5EB5 1474 2251 78 73 U+306B 664 965 43 54 U+3082 1426 1777 35 69 U+5BCC 275 2245 59 48 U+5973 639 2362 91 48 U+7AF9 718 2205 54 68 seg_fp 637 789 111 88 U+304D 1415 2003 43 72 U+3075 259 1490 85 89 U+3057 298 1851 28 130 U+3057 1439 1841 21 89 U+5B5D 1404 2237 66 90 seg_fp 248 1598 100 48 U+82B1 1476 2173 78 79 U+304F 1042 1983 34 92 seg_fp 272 1636 60 113 seg_fp 1419 771 22 50 U+795D 250 1365 109 113 U+6817 1092 2106 74 76 U+6728 343 2206 70 58 seg_fp 281 2004 60 71 U+59DA 1465 2096 84 72 U+5CF6 1401 614 62 154 seg_fp 660 867 59 67 seg_fp 667 1714 62 52 seg_fp 1407 1369 49 45 seg_fp 1435 1745 18 32 U+82E5 711 2100 61 63 U+3081 262 2061 97 62 seg_fp 1397 610 80 45 U+9234 338 2106 65 65 seg_fp 286 481 30 38 U+632F 630 1961 102 113 seg_fp 1461 2050 84 43,hnsd007-003
U+306B 843 1214 73 75 U+306A 1420 522 64 88 U+3082 470 1555 52 90 U+3082 469 1221 53 83 U+306E 459 335 67 55 U+306F 267 1602 71 48 U+8003 1017 502 97 141 U+306B 1584 2191 71 73 U+306E 841 1629 61 67 U+3067 461 1150 83 61 U+3082 275 1301 52 88 U+3051 1218 2360 74 63 U+77E2 1593 1438 64 123 U+306B 1418 937 69 84 U+306F 1226 497 57 44 U+4E09 460 1336 75 72 U+306A 1607 720 63 80 U+3084 1024 1046 83 72 U+3066 840 446 70 78 U+3082 848 1911 45 100 U+3082 1234 1204 45 79 U+307E 1413 2508 52 80 U+3067 454 1496 90 63 U+3066 1604 2381 37 105 U+305B 1213 338 76 78 U+306A 856 754 69 75 U+3066 834 2239 67 64 U+91CF 448 553 87 125 U+30B5 293 2079 45 68 U+901A 1593 2002 69 88 U+5668 457 415 72 118 U+4EBA 456 1067 97 79 U+3066 475 2099 42 101 U+3092 452 1746 83 57 U+5B9F 1421 806 62 127 U+3092 835 2420 80 55 U+3044 1222 1141 69 56 U+4E8C 458 1014 78 47 U+5F80 1571 2289 87 84 U+306A 1423 1800 63 78 U+7537 846 2315 59 95 U+4ECA 1573 1667 93 132 U+3044 653 918 59 72 U+306E 1596 1945 59 64 U+4EBA 453 1414 91 83 U+306B 657 420 49 85 U+3044 847 929 62 66 U+3093 1213 414 104 78 U+304B 1242 990 37 69 U+3084 1404 1225 78 95 U+3084 1030 1566 73 65 U+5973 438 1681 112 50 U+30A2 1403 2154 66 111 U+308A 1599 2092 48 90 U+60C5 1209 1412 83 109 U+3042 1413 339 70 93 U+306A 1230 1062 57 76 U+7A0B 829 1512 90 98 U+3044 1414 714 62 66 U+3084 643 1506 75 60 U+3080 466 2393 84 74 U+3046 653 693 48 119 U+306E 651 1076 61 65 U+3044 267 329 77 60 U+304B 288 2442 37 63 U+5F35 1582 1566 82 103 U+89A7 840 619 76 129 U+3042 271 1671 74 81 U+3093 259 1999 93 76 U+5AC9 1013 1229 98 122 U+3052 1410 435 92 91 U+69D8 1585 611 95 105 U+3092 1225 815 69 80 U+304B 1399 2260 88 67 U+3084 1220 915 77 73 U+305D 278 2173 58 68 U+3042 1039 1903 73 79 U+5F53 267 671 79 117 U+7406 1022 1741 79 85 U+898B 1036 857 73 108 U+3067 458 892 76 83 U+7531 646 329 67 91 U+306F 646 1142 64 51 U+30A2 1050 1123 53 78 U+3044 1221 1714 66 60 U+3042 657 1637 69 82 U+3067 1586 1858 65 71 U+3093 1028 2207 87 91 U+8A00 838 330 70 107 U+3093 646 1959 85 76 U+3075 634 990 85 80 U+307E 1040 2052 52 88 U+306F 1035 1838 65 57 U+50CD 827 1712 94 98 U+79C1 1405 1039 82 99 U+3060 1224 1914 76 75 U+306B 1402 1996 81 92 U+304C 1233 1526 64 62 U+69D8 1397 1697 92 101 U+3067 266 1042 72 74 U+306F 851 837 46 88 U+30A6 1402 1469 57 107 U+81EA 854 2485 41 96 U+308A 1055 964 37 89 U+4ED5 634 538 87 83 U+3072 1406 2417 71 91 U+304A 1587 2510 81 64 U+697D 458 2220 87 113 U+65B9 827 1108 91 91 U+3084 1409 2089 73 60 U+3046 287 1214 34 88 U+7537 650 2111 59 99 U+306E 467 2478 66 59 U+3059 1219 2268 81 76 U+30E2 1411 1411 48 54 U+3088 1047 341 41 69 U+3068 664 814 40 82 U+5AC9 1208 579 95 122 U+3068 1605 1334 47 86 U+6B21 456 703 83 87 U+8A00 1217 2093 61 86 U+3066 1033 769 56 74 U+304B 1238 1773 34 57 U+7406 632 1323 83 89 U+306F 1662 344 51 55 U+59AC 1207 707 90 101 U+7121 645 1209 78 108 U+3092 1038 1465 69 83 U+305B 645 1891 72 72 U+30A2 245 594 61 85 U+5176 1411 1582 55 114 U+306A 1232 1610 58 100 U+6B64 829 1033 85 73 U+304F 1050 402 36 75 U+3068 1047 2505 48 79 U+307E 658 1798 48 92 U+305A 1608 1241 67 91 U+306F 1228 1338 55 59 U+308C 1223 2419 56 88 U+3069 286 1137 68 72 U+5FA1 851 552 63 66 U+305B 1028 2138 70 72 U+3053 468 1819 58 76 U+304B 665 2040 35 48 U+306F 1422 622 40 89 U+306F 266 391 69 75 U+304D 1424 1134 48 88 U+307E 270 1828 55 94 U+81EA 664 2402 39 101 U+59AC 1018 1356 89 104 U+30C4 842 2186 64 65 U+306E 1230 1282 55 55 U+307E 1418 2328 45 87 U+306A 849 2026 68 87 U+305D 849 1306 57 90 U+304D 847 1811 55 100 U+3092 1597 931 76 103 U+30A2 637 1566 68 78 U+308B 1672 396 37 44 U+305C 1031 2399 70 100 U+88AB 1599 1046 54 88 U+4EF0 1591 1140 76 97 U+3089 845 1396 62 96 U+3089 283 2500 43 90 U+307E 1229 2181 48 80 U+30A2 1439 1328 51 57 U+3089 1245 1829 23 71 U+308A 269 796 67 109 U+304F 1057 1626 36 90 U+305B 259 1923 74 78 U+3084 646 619 76 69 U+308C 276 2240 55 108 U+3089 478 1957 50 87 U+308A 662 1718 48 93 U+305F 659 2345 53 50 U+3081 272 904 61 69 U+3060 272 2349 79 79 U+30DE 255 542 66 47 U+3069 1235 2508 66 82 U+308A 1050 1980 44 76 U+4ED5 254 1411 90 78 U+3068 1233 1992 45 88 U+3078 450 2050 92 44 U+306A 1036 2309 56 82 U+65B9 256 1487 82 98 U+5176 1606 477 45 130 U+5DF1 652 2511 76 68 U+307E 662 2258 41 87 U+307E 1585 1785 62 71 U+304C 1052 647 68 57 U+309E 304 467 39 47 U+306F 654 2227 56 43 U+3058 675 1414 50 97 U+7B2C 461 792 66 116 U+308A 283 1751 41 82 U+3078 1022 709 90 46 U+3078 255 986 91 45 U+304F 860 2095 44 79 U+306F 464 2536 66 42 U+3057 497 2339 15 66 U+3057 505 1891 20 62,hnsd007-019
U+304B 325 1788 56 46 U+6CBB 327 1886 53 74 seg_fp 345 1840 15 35,hnsd007-039
U+3051 1487 2113 62 68 U+306E 1489 1636 62 61 U+4ECA 1287 1240 91 125 U+3084 347 516 89 78 U+304C 556 1723 58 61 U+3082 166 1228 53 88 U+3044 1304 831 69 57 U+3066 1106 1650 73 79 U+3082 364 1903 55 82 U+3066 918 1248 78 81 U+3066 551 1039 41 100 U+3093 1461 2449 97 80 U+3082 750 763 44 87 U+6765 722 860 85 124 U+308A 169 2233 49 110 U+3067 918 306 87 82 U+59C9 1465 2268 91 109 U+52FF 346 1054 86 112 U+304C 1493 2198 57 55 U+306F 1476 2521 62 45 U+3042 162 1330 82 103 U+3082 1119 1954 50 94 U+3092 1492 305 94 73 U+3068 172 304 52 75 U+3078 1285 2205 84 41 U+8A00 1114 939 69 109 U+4F55 1301 309 84 98 U+306B 722 1530 89 81 U+306B 342 1818 91 85 U+3066 1520 502 31 100 U+305F 543 2510 69 62 U+306E 352 2506 76 68 U+3060 1491 960 78 68 U+904E 523 921 92 114 U+306E 356 2189 69 69 U+5E2F 348 1988 89 132 U+5F3E 1491 377 88 121 U+5C4B 530 1150 101 109 U+7F6E 1112 1723 68 147 U+304D 540 1327 65 123 U+3060 350 2119 79 72 U+8179 1093 2464 103 100 U+304B 553 1453 40 60 U+5F80 1293 558 90 105 U+305F 1116 1042 63 92 U+3046 741 1285 45 108 U+4E8B 355 309 65 123 U+51E6 1289 408 99 90 U+305F 1119 299 59 87 U+3067 1102 1342 84 91 U+3066 522 2041 82 70 U+30A2 367 598 56 66 U+3082 1512 810 45 84 U+6687 529 1611 106 110 U+3066 936 1427 44 116 U+304B 749 308 43 67 U+5927 912 2480 95 89 U+3089 551 1510 42 85 U+5F53 147 2112 92 122 U+3078 1297 507 102 37 U+5449 131 954 103 108 U+3084 725 2198 76 74 U+51E6 1269 2090 91 99 U+5F80 1280 2267 83 107 U+81EA 360 1611 57 115 U+3089 1510 1077 34 81 U+706B 1490 1438 74 92 U+5C45 1490 620 78 112 U+3082 932 388 59 99 U+307E 1301 1686 51 87 U+3084 349 1447 78 77 U+306B 1499 1804 44 60 U+3042 359 669 77 92 U+3057 1107 444 82 92 U+3067 923 916 75 86 U+51FA 535 1813 85 90 U+3058 381 430 52 95 U+305F 542 1907 63 70 U+3089 749 1203 55 81 U+308C 156 1609 71 104 U+3060 160 2494 81 76 U+3066 156 865 60 78 U+7ACB 930 499 72 119 U+8AD6 330 1162 109 130 U+3060 737 1114 80 85 U+3046 747 1626 43 116 U+508D 1468 1697 87 109 U+3089 1293 1021 65 87 U+4EBA 523 307 103 97 U+9262 1478 1529 90 103 U+5F80 910 1560 92 97 U+3069 167 1711 69 91 U+4F55 1285 1983 75 106 U+671D 1283 1360 90 105 U+304B 942 2223 37 41 U+69D8 905 2123 102 90 U+3093 1105 785 100 74 U+6253 1101 1442 95 96 U+3051 160 1511 79 103 U+305F 1510 734 52 68 U+4E9B 1097 2341 92 96 U+51FA 1293 1465 88 81 U+51FA 915 1346 90 80 U+3081 155 2357 73 84 U+5C45 1460 1878 89 110 U+3060 1112 2114 81 80 U+305F 932 619 64 87 U+305B 723 1802 77 93 U+306D 716 2356 87 78 U+3064 530 2430 82 87 U+91D1 522 506 109 111 U+305F 728 981 67 69 U+81EA 546 2117 56 108 U+3078 706 2435 119 47 U+6368 1089 1538 92 105 U+304C 545 2306 68 52 U+3089 1106 2252 62 98 U+30CA 759 2488 38 52 U+30A2 754 2287 44 58 U+305F 165 1059 52 73 U+3078 335 899 115 50 U+3057 1488 1266 73 91 U+3093 1099 2043 114 75 U+305F 922 1817 64 68 U+501F 724 449 96 127 U+4E45 1479 1174 91 93 U+30A2 369 1526 45 75 U+3084 145 1955 87 70 U+305D 358 1292 61 88 U+5DF1 349 1725 88 80 U+305F 1113 1874 50 70 U+3051 1299 1593 72 99 U+3053 169 570 54 57 U+7121 922 1011 90 123 U+3092 547 411 79 80 U+5DF1 533 2217 93 80 U+304B 1315 961 46 64 U+8AA0 718 1424 105 103 U+8A00 925 1138 70 108 U+5409 979 1910 47 77 U+3055 1484 2381 52 70 U+5DE6 921 2026 71 101 U+7269 146 1145 102 84 U+30A2 164 2032 52 66 U+305F 742 376 62 76 U+3068 1129 859 37 72 U+305F 1289 1831 64 63 U+307E 930 2288 50 116 U+3064 727 1960 70 99 U+30A2 1325 1106 43 59 U+3072 540 820 77 98 U+308A 372 1375 37 85 U+4E9B 136 389 106 134 U+305F 1313 663 65 64 U+69D8 920 716 93 100 U+308C 162 708 54 100 U+304B 1121 2198 41 56 U+77E5 522 2364 98 75 U+3067 735 673 84 89 U+3061 734 2107 64 93 U+304C 1301 1896 66 53 U+3081 362 812 65 81 U+3093 1491 887 96 71 U+305D 161 1805 64 84 U+3075 1290 883 83 81 U+305B 1103 711 72 78 U+9063 542 708 59 107 U+3092 524 623 99 78 U+3078 711 1905 100 49 U+304B 1506 1027 38 52 U+308B 748 1737 39 65 U+307E 1295 2376 51 102 U+307E 1116 613 59 102 U+308A 172 1885 41 82 U+3057 1319 2472 21 110 U+3060 360 2432 75 69 U+3068 1325 727 42 84 U+305F 1478 1991 69 64 U+30A4 1333 1150 31 61 U+30C4 1513 2050 41 45 U+308B 175 1433 39 73 U+30C4 568 1983 39 58 U+308A 1127 1265 38 81 U+308A 1127 535 41 80 U+5B50 930 820 79 94 U+3078 142 2447 96 47 U+30F3 760 1047 66 51 U+30CB 749 2545 55 26 U+304B 1134 387 33 44 U+305F 925 2410 61 69 U+3084 916 1659 83 64 U+306B 753 582 51 89 U+304B 1306 1545 40 53 U+30C4 755 2052 44 39 U+3057 378 931 24 107 U+3078 142 819 98 41 U+3057 576 1261 19 89 U+308B 372 755 39 57 U+304F 1506 1352 46 67 U+3057 951 1724 25 93 U+304D 1123 1176 54 90 U+3057 196 624 25 83 U+3057 1315 1770 24 64 U+4E0A 343 2277 108 55 seg_fp 162 509 61 31 U+7740 351 2325 73 105 U+30C4 1133 1136 41 49,hnsd008-002
U+306E 285 501 60 61 U+306E 491 686 52 61 U+306E 286 1224 59 59 U+3082 1057 559 51 88 U+91DD 271 1545 88 113 U+306E 279 2384 70 54 U+304C 1607 1792 65 66 U+3072 1235 1966 73 82 U+3082 1427 1928 50 79 U+819D 270 1306 87 124 U+91D1 1408 2015 99 110 U+80A9 461 551 82 133 U+306B 276 1437 81 81 U+306E 848 2275 66 55 U+7FBD 463 2210 88 79 U+3066 469 462 71 80 U+91CD 282 868 68 116 U+3064 1221 2061 78 68 U+304D 852 1435 79 85 U+306B 1228 2493 83 70 U+306E 1404 2126 90 91 U+9ED2 277 588 72 110 U+3042 1601 1874 75 101 U+53EA 1604 1175 69 90 U+306E 1052 485 64 76 U+3051 1424 1425 72 92 U+6765 853 613 87 127 U+3066 851 738 71 83 U+306A 1610 451 76 90 U+3089 1059 1321 56 93 U+6C17 1062 963 63 129 U+4EBA 1403 1841 106 90 U+3082 867 823 50 86 U+7FBD 268 714 84 81 U+304C 1620 1093 59 64 U+7E1E 471 1372 78 110 U+308C 1603 1509 58 114 U+5206 1029 2171 100 93 U+3082 1604 2048 53 84 U+3066 1242 1738 46 101 U+306E 1481 547 48 45 U+3044 659 382 78 58 U+306E 1596 2133 65 70 U+622F 1590 1399 98 124 U+6298 462 2288 88 88 U+306E 668 2160 64 54 U+3081 269 2284 81 81 U+306B 849 1263 86 88 U+306E 1056 1109 60 79 U+305F 473 2105 65 81 U+8896 274 1108 83 99 U+9644 1033 2259 89 92 U+6BD2 1032 1192 104 120 U+5F15 650 2469 79 83 U+4ECA 1251 777 63 135 U+3066 673 1141 43 106 U+3044 1045 1511 72 63 U+30A2 1441 1024 48 72 U+3042 1418 2212 76 81 U+8A00 1233 587 69 100 U+3064 273 1835 77 73 U+3066 1236 692 66 72 U+6C5A 469 1901 78 109 U+30CE 1606 2264 58 65 U+30B3 1232 401 45 39 U+30C8 703 448 31 57 U+3093 1422 371 96 80 U+304B 460 308 102 55 U+3084 853 468 71 70 U+304C 858 2097 65 50 U+304B 1057 2426 37 64 U+5BB9 656 2225 105 104 U+7834 460 755 102 98 U+6DEB 1588 1282 91 115 U+3051 1236 2127 70 88 U+3060 1612 922 75 69 U+308C 1043 1683 67 99 U+3084 1210 2352 93 59 U+308B 299 2215 36 72 U+306B 1598 808 83 86 U+5DE6 1422 1104 67 122 U+308C 1422 1510 68 96 U+308C 481 852 64 99 U+69CB 1216 1838 96 128 U+5484 638 527 112 65 U+79C1 841 293 93 100 U+305F 1427 1334 56 77 U+308C 1608 995 65 99 U+307F 268 2131 94 88 U+3059 845 1587 71 82 U+304A 1035 1903 96 57 U+3070 858 2382 70 70 U+308C 845 2005 78 93 U+5C0F 278 1022 85 88 U+304B 852 921 91 65 U+30A2 1436 1720 50 69 U+4E8C 277 814 81 41 U+308C 479 2009 59 93 U+3068 1254 501 46 66 U+3055 1439 301 50 72 U+308F 1488 485 37 61 U+305D 1430 787 69 80 U+307E 1056 1956 53 87 U+30A6 1626 2312 44 67 U+5974 1587 1711 102 77 U+3051 1048 1596 67 91 U+3078 1213 2309 108 57 U+3042 1611 301 70 84 U+30A2 879 542 41 56 U+660E 646 1064 92 77 U+4F59 1040 665 92 109 U+3089 1060 2489 36 72 U+30E4 1258 292 61 61 U+30EC 1231 442 63 43 U+898B 480 1643 65 102 U+85CD 471 1047 84 152 U+306D 1210 2208 95 93 U+3084 1415 949 89 68 U+76EE 283 1660 63 97 U+3064 1238 931 70 102 U+304C 1060 2097 61 65 U+69D8 1415 1227 86 105 U+304A 851 1365 81 69 U+307E 1062 774 46 93 U+755D 642 1537 101 82 U+308A 1061 865 45 105 U+4E4B 1591 2480 80 102 U+305F 1241 1575 57 81 U+3092 659 978 75 74 U+5B9C 844 2165 84 101 U+308B 687 1436 31 69 U+305D 856 1934 59 70 U+306F 283 2049 75 60 U+6765 657 1307 81 129 U+5F37 656 1721 80 109 U+304B 1607 2204 36 52 U+3059 1052 289 59 106 U+308A 1447 867 38 92 U+308B 1617 1972 34 68 U+548C 1572 2392 96 95 U+307E 867 982 53 96 U+88FE 273 1929 89 112 U+306A 1243 1413 64 90 U+306F 855 1082 76 57 U+308B 1075 399 30 65 U+5FCD 276 290 79 110 U+3064 1235 1660 72 79 U+3080 472 2377 89 83 U+307E 859 1496 48 89 U+91CE 1603 561 50 90 U+3060 1047 2347 76 77 U+306F 658 2409 77 56 U+3069 1440 1606 54 89 U+306C 468 1811 77 79 U+306F 1412 2517 66 46 U+306A 1238 1228 64 81 U+3093 1606 377 84 67 U+5165 649 1254 89 66 U+3064 1232 1506 79 69 U+516D 659 1831 76 79 U+3069 1056 1783 62 96 U+3076 275 405 84 77 U+3060 290 1751 75 80 U+5C71 667 1622 77 82 U+30A2 1451 640 36 55 U+307E 1244 1029 49 101 U+3078 466 1584 84 52 U+3046 1238 2410 37 90 U+306B 675 2331 48 76 U+30EC 1273 353 70 35 U+30B5 863 2328 54 47 U+304B 680 2021 37 80 U+308B 1608 1620 46 71 U+30CE 1429 1769 56 57 U+308B 1427 2285 47 61 U+30A2 882 1840 50 42 U+3061 1412 2436 62 87 U+3089 1249 1130 42 86 U+30E8 882 1663 36 42 U+3055 483 1482 54 84 U+7530 477 1273 78 85 U+3048 477 368 71 93 U+305A 863 1147 76 105 U+9580 653 848 89 114 U+304F 1255 1282 49 119 U+3046 1419 2343 48 98 U+3057 686 595 23 91 U+3057 466 2462 79 91 U+3078 1039 2054 90 45 U+3078 647 804 101 41 U+534A 666 685 61 118 U+3031 846 2464 89 101 U+3057 889 390 15 87 U+3078 467 1757 77 47 U+5409 912 1724 49 80 U+3057 1067 1411 24 99 U+3057 677 290 30 91 U+30A4 1453 697 29 74 U+90CE 1616 679 57 126 U+4E0A 488 1193 59 85 U+30FD 899 1881 18 34 U+3080 661 1938 88 68 seg_fp 866 2445 63 49 U+3057 507 958 16 97 U+3057 697 2101 11 47,hnsd008-003
U+3066 747 373 88 72 U+5947 340 2012 101 127 U+306E 941 1849 60 58 U+59BE 533 567 107 106 U+5206 1478 1621 116 103 U+3092 751 661 83 61 U+3066 742 1149 73 84 U+3082 170 2334 55 71 U+306E 568 478 62 48 U+3092 164 1771 78 67 U+4EBA 547 377 106 83 U+3082 1314 1533 58 79 U+3046 756 1975 35 80 U+4F55 1302 1434 82 101 U+304C 1316 1851 57 50 U+30C6 1519 1523 59 60 U+306B 375 2275 52 63 U+308B 574 1130 33 74 U+4E8B 359 1871 71 136 U+3066 543 2382 70 75 U+3082 955 541 55 78 U+524D 922 1921 91 104 U+308C 345 2442 107 86 U+306E 372 1793 63 75 U+306B 161 2004 75 93 U+306E 1512 818 65 76 U+30A2 193 905 53 73 U+92AD 166 1642 92 110 U+3031 1514 1035 81 193 U+3066 355 2523 80 63 U+306D 1315 369 74 96 U+308B 1526 736 39 65 U+7537 1510 368 80 121 U+5DF1 167 1116 89 72 U+3067 939 1300 67 66 U+9E97 342 2145 95 114 U+3092 1111 1936 83 74 U+5973 724 578 115 67 U+4F55 368 492 83 110 U+304B 1340 522 42 60 U+3082 1321 935 62 68 U+306A 556 1020 75 100 U+306D 1128 1187 62 96 U+3046 554 1967 49 109 U+62BC 351 753 105 107 U+65AF 1129 556 71 137 U+30CF 1516 1484 61 40 U+723A 923 1551 101 129 U+306B 736 1700 82 77 U+3089 567 1873 46 93 U+306B 1297 2149 80 82 U+306B 943 891 77 73 U+304A 1299 1936 82 71 U+306B 189 729 62 85 U+81EA 182 1001 52 107 U+5225 347 2354 87 86 U+306B 1310 844 85 84 U+3046 965 450 42 90 U+898B 1120 2235 73 99 U+3068 757 2084 46 78 U+8CEA 153 1867 81 133 U+305D 382 1708 52 73 U+304C 190 1196 64 64 U+3068 388 368 48 86 U+308C 388 600 57 103 U+898B 540 2455 83 96 U+4F3C 1306 1037 102 80 U+3084 1129 1022 78 61 U+5DE6 544 2098 71 110 U+3078 922 2031 94 46 U+4E91 920 2487 76 104 U+6C17 559 1220 73 110 U+3084 180 814 75 84 U+306F 552 1341 66 64 U+3092 736 1476 91 69 U+306F 1504 894 72 50 U+3082 1491 2320 57 82 U+501F 166 1530 87 106 U+30A2 1148 1095 43 50 U+6CBB 1555 1350 64 69 U+3093 927 1755 97 82 U+3066 1114 2143 74 77 U+7406 357 1208 88 96 U+6E08 925 2095 98 99 U+5BD0 1499 608 91 122 U+59BE 719 1566 122 131 U+3062 1483 2437 92 68 U+5F7C 740 474 97 100 U+7406 1126 857 81 95 U+306D 358 1019 93 101 U+3069 959 374 72 76 U+306F 182 593 83 48 U+3068 1533 512 43 74 U+3066 162 2239 67 77 U+3084 1477 2502 79 57 U+81EA 1314 1644 55 104 U+5DF1 1303 1753 75 86 U+3064 723 2254 80 99 U+592B 951 638 83 99 U+3081 745 1330 78 79 U+3084 1110 2441 72 70 U+81EA 954 983 48 109 U+306B 569 907 54 73 U+5C45 1273 2449 100 99 U+3075 1122 754 83 78 U+304C 1137 1335 63 59 U+3042 1127 1742 67 86 U+7F6E 172 2123 64 110 U+304A 754 1261 71 66 U+306B 762 989 44 76 U+6368 1105 2030 93 110 U+3064 367 1634 77 74 U+305F 740 2354 51 72 U+69D8 534 2215 92 82 U+51E6 712 2444 102 84 U+4ED5 733 1811 94 88 U+304A 1323 626 73 70 U+3084 729 1904 86 71 U+5408 1304 1121 113 108 U+3061 1122 2363 59 78 U+3044 1132 695 61 61 U+304C 751 2529 58 46 U+5074 545 720 91 97 U+306D 1294 1236 95 108 U+3068 559 1591 61 85 U+4E91 1482 2250 71 70 U+60DA 1280 2248 96 94 U+3044 731 2192 73 64 U+308A 201 643 41 89 U+3078 350 1129 113 52 U+8A00 552 1696 60 89 U+3060 383 1304 76 74 U+5973 536 820 104 79 U+3081 1324 701 65 69 U+3078 158 1454 98 46 U+305A 939 2205 76 86 U+6BBA 926 1097 104 98 U+3078 1298 775 111 56 U+5426 1506 974 78 98 U+306D 543 1448 90 84 U+305F 184 1282 50 76 U+3044 366 1570 77 60 U+3089 1512 1731 56 98 U+4ED8 380 856 58 119 U+82E6 148 2516 92 86 U+3092 1490 2137 78 102 U+3055 1132 1547 56 68 U+3078 930 837 97 45 U+672C 765 745 69 83 U+3089 390 1453 37 80 U+308B 560 2552 44 52 U+306D 1483 1833 95 117 U+59BB 749 844 92 132 U+3068 936 2399 50 83 U+304B 164 507 92 59 U+3066 1294 2348 72 88 U+3058 1157 953 45 72 U+3078 722 1415 111 54 U+304B 1149 383 40 37 U+3078 1111 1288 97 39 U+308C 1129 1825 61 106 U+3078 1293 1360 103 46 U+3086 947 749 67 81 U+3078 1305 475 104 44 U+307E 951 1212 37 91 U+6625 1307 2009 48 139 U+30A2 1509 2558 47 39 U+30A2 1131 2535 34 52 U+898B 159 2421 78 99 U+3060 558 1786 75 86 U+5176 180 365 58 143 U+304B 389 1373 38 63 U+4ECA 1136 1420 67 127 U+7D19 1554 1278 73 78 U+3078 541 1542 97 47 U+3057 781 1058 22 94 U+3078 1478 1956 98 53 U+3057 569 2291 21 89 U+305F 962 1465 33 41 U+3057 968 1387 16 74 U+3068 197 1361 23 82 seg_fp 949 1686 41 72 U+308B 1304 2553 45 45 U+30B5 954 2304 62 35 seg_fp 1160 422 18 30 seg_fp 1137 486 47 34 U+3089 1151 1621 24 62 seg_fp 392 966 16 47 U+30F3 1517 2398 65 37 seg_fp 1503 2025 44 105,hnsd008-016
U+306F 721 1700 70 51 U+4ECA 1086 940 82 142 U+91D1 1445 2432 116 101 U+306A 1114 2492 57 75 U+3082 739 2498 52 80 U+308D 524 730 61 88 U+3066 1274 906 71 76 U+91D1 696 333 98 133 U+6642 1071 1068 104 105 U+3067 1269 1229 78 85 U+8276 1257 526 105 110 U+3082 732 2149 53 78 U+3066 347 1000 44 115 U+306F 1471 2287 65 46 U+3066 135 894 60 79 U+3082 149 1409 60 74 U+76F4 1270 1002 82 130 U+52DD 512 1324 98 100 U+75E9 712 1941 94 128 U+3066 725 2426 77 72 U+3055 1473 318 69 92 U+306F 520 573 67 46 U+3082 544 2512 52 75 U+3066 1283 1504 45 116 U+9B3C 498 1196 107 111 U+3084 523 1740 77 83 U+306B 698 470 94 87 U+6A4B 495 443 111 119 U+305D 1283 1333 61 76 U+6F22 324 524 86 119 U+307E 729 1761 57 99 U+5F31 1075 628 89 109 U+50E5 1455 629 103 124 U+826F 899 552 81 126 U+52FF 911 1937 74 98 U+8A00 527 1536 63 120 U+92AD 138 1000 92 113 U+5B98 1085 739 75 132 U+3051 714 1240 79 88 U+308C 709 1319 94 77 U+8AD6 883 2036 106 135 U+304A 515 647 82 80 U+306B 1275 1876 80 85 U+5C45 322 1124 89 109 U+3066 1477 517 40 105 U+3066 1277 2494 78 76 U+308A 1293 408 44 84 U+304B 527 825 45 53 U+5206 338 2353 106 97 U+81EA 727 1492 55 119 U+304C 133 1903 118 84 U+306B 328 731 81 82 U+3067 509 1097 83 76 U+304B 351 1308 46 59 U+306F 1089 874 66 58 U+306A 1093 495 69 99 U+3068 151 681 57 88 U+3093 1095 2398 106 84 U+3060 721 1146 71 76 U+3044 1092 1553 68 57 U+3061 525 1658 70 88 U+7D19 1463 1380 100 105 U+6CBB 1472 1480 77 111 U+3084 703 1010 89 60 U+8A00 140 774 62 115 U+4E94 135 1126 83 83 U+6734 1260 1142 108 90 U+304B 153 528 42 67 U+5DF1 717 1614 77 75 U+3082 1112 2191 58 92 U+3044 149 2137 73 67 U+679D 498 336 103 98 U+3044 150 2453 78 62 U+304F 1276 782 67 78 U+306D 531 2232 69 92 U+4EBA 884 336 109 106 U+306A 1472 988 75 106 U+3092 714 667 77 94 U+6587 129 1205 96 110 U+30A2 522 1832 63 75 U+5DDD 504 907 90 91 U+3042 1110 2304 69 93 U+3089 144 593 49 88 U+4E07 1282 1630 64 132 U+3069 736 1395 64 77 U+3042 1283 324 64 85 U+5016 1449 759 96 124 U+3078 337 2539 116 51 U+9650 342 2437 94 98 U+305F 346 1472 59 77 U+30A2 915 1335 56 66 U+3089 339 1366 59 96 U+67AF 707 2247 100 96 U+3069 1482 1269 75 91 U+3055 1480 1597 56 75 U+77E5 524 2040 85 94 U+305E 1105 1849 81 83 U+4E8B 1286 1767 50 113 U+307E 155 1984 57 85 U+751F 920 1479 56 108 U+3066 899 928 76 77 U+3084 903 1264 79 68 U+305F 722 1859 60 67 U+306E 534 2441 74 63 U+3057 1293 642 30 130 U+304F 704 770 87 61 U+58EB 321 647 82 81 U+66AE 898 1017 69 139 U+3068 542 1427 40 90 U+304F 1291 2018 46 90 U+3044 920 2388 61 50 U+5DE6 913 2173 71 104 U+76EE 716 568 59 96 U+3068 1484 1748 59 86 U+3066 729 2077 67 63 U+4F55 1093 1639 78 103 U+7121 132 1502 104 106 U+3081 1093 1225 68 63 U+3042 1085 327 69 89 U+5B89 884 1592 115 90 U+3093 1466 1670 105 79 U+3060 1475 882 78 84 U+4EBA 891 677 105 95 U+3065 1085 1284 99 75 U+5449 103 335 108 119 U+5F80 1270 2128 85 109 U+3092 902 448 89 88 U+3075 141 2515 97 76 U+3064 333 930 75 72 U+69D8 911 2278 90 90 U+69D8 1087 1746 95 99 U+3067 150 1314 76 91 U+3089 561 2133 26 78 U+308C 1473 412 58 102 U+8AB0 514 1922 92 115 U+4EBA 1461 1997 105 81 U+306F 1094 1172 60 47 U+3093 1080 410 96 84 U+3060 920 1838 76 81 U+3078 315 455 101 50 U+3068 927 2511 49 68 U+3078 321 1654 109 48 U+3046 734 1066 36 84 U+306B 902 769 63 76 U+306A 338 831 70 92 U+306D 312 338 93 105 U+308C 727 2341 62 85 U+4E07 328 2040 100 77 U+3092 149 2342 90 91 U+4E8B 152 2218 63 135 U+624B 345 1701 73 109 U+3075 910 2439 78 80 U+624B 1100 1949 67 106 U+305F 137 455 57 62 U+3082 548 2364 44 79 U+3089 1111 1359 43 88 U+308F 1292 2245 50 106 U+3088 1298 1966 40 57 U+5FC3 136 1609 94 79 U+4E07 315 2117 98 79 U+3044 1477 1856 59 58 U+3075 1462 1924 89 76 U+3064 1291 2423 59 69 U+4E00 897 1442 93 18 U+308B 1491 1095 34 75 U+597D 1456 2352 107 80 U+5185 516 1000 71 98 U+3078 526 2329 87 38 U+3089 930 1686 51 97 U+306F 1479 2088 59 51 U+3081 1103 2055 64 87 U+308B 733 933 40 61 U+3081 343 1808 68 73 U+308C 716 827 66 106 U+4E21 339 2203 89 93 U+3057 1303 1415 17 89 U+3078 1090 2146 92 46 U+3068 364 1552 31 95 U+3092 347 1950 79 82 U+308B 357 1232 43 62 U+3078 334 1891 98 45 U+306E 352 2279 71 69 U+7537 1477 2165 59 108 U+306F 1475 2535 68 39 U+305F 1290 2354 52 63 U+307B 1475 1175 77 66 U+3057 933 1160 27 110 U+5408 130 1705 115 162 U+3057 1115 1443 24 107 U+30C4 1294 862 46 54 U+3057 180 2062 17 77 seg_fp 932 1782 32 56 U+3057 944 828 25 89,hnsd008-018
U+306E 514 1921 64 57 U+3084 1444 1832 83 84 U+304C 716 1779 66 59 U+3066 139 1519 48 125 U+3092 110 2248 95 66 U+53EF 319 1227 90 100 U+3066 336 1111 40 105 U+3066 1092 1519 45 100 U+696D 1246 1309 103 133 U+9854 1458 675 89 127 U+3093 693 1693 101 95 U+30E8 1295 566 50 55 U+8179 111 1660 108 114 U+3082 518 1408 54 86 U+306E 131 992 69 74 U+3066 122 422 70 77 U+3066 694 739 86 74 U+3068 1460 2463 58 98 U+306A 325 1597 81 94 U+3092 1091 658 72 91 U+304C 1098 1857 60 63 U+6240 1072 545 96 110 U+3066 1075 1337 77 75 U+6F38 1073 783 92 115 U+308A 1286 1197 41 105 U+611B 324 1335 76 120 U+3044 1462 592 78 65 U+305F 1277 483 66 78 U+304B 716 587 45 58 U+308D 516 706 64 82 U+3093 311 2312 111 85 U+3042 907 301 68 94 U+306E 1093 455 61 64 U+3068 913 664 56 89 U+306D 1066 1230 99 109 U+308C 501 1250 111 81 U+304A 504 532 87 71 U+3067 504 1333 97 73 U+304C 716 1068 66 66 U+3093 498 1829 120 88 U+306A 1270 1650 75 95 U+8A00 1460 1080 69 101 U+305D 1276 647 63 82 U+82E6 1450 295 105 125 U+3061 713 419 73 85 U+3044 1262 1915 73 58 U+3082 336 949 46 96 U+3044 892 1291 79 62 U+3046 916 557 39 95 U+3042 513 1148 71 95 U+304B 911 1356 52 59 U+8A00 117 298 81 118 U+306A 903 1205 66 83 U+3089 1279 2029 37 83 U+3089 887 1413 67 97 U+5343 124 2023 71 104 U+5C45 879 1089 100 115 U+306B 510 430 82 84 U+7A2E 112 1079 100 121 U+5C0F 1241 2346 105 89 U+3084 1080 906 83 63 U+3089 343 1957 52 89 U+8AA0 484 312 118 115 U+8A71 110 2128 104 102 U+3044 499 2510 83 62 U+306B 883 2038 89 82 U+8AAC 112 861 107 114 U+4F59 1254 1008 97 102 U+3089 1270 896 50 98 U+3066 1466 994 61 71 U+304A 318 883 87 63 U+6625 1254 2437 84 120 U+8179 1248 1446 112 110 U+308C 1260 731 83 104 U+601D 1267 302 91 94 U+5C0F 691 1387 98 93 U+3064 893 857 88 74 U+3068 340 2489 48 81 U+79C1 1444 1649 92 104 U+5C45 1053 1936 97 112 U+5E30 691 824 102 84 U+3044 319 517 75 50 U+3055 1089 299 59 82 U+304F 1100 980 36 77 U+3067 701 1971 73 83 U+3092 1460 811 81 75 U+8A00 693 301 86 111 U+3064 122 1423 76 98 U+76EE 513 1991 68 104 U+3089 708 2350 61 75 U+304A 499 2258 88 66 U+3064 697 909 81 93 U+306A 121 1317 78 105 U+3044 511 897 69 52 U+308C 1463 1180 62 101 U+3067 1274 1560 69 80 U+30CD 715 2507 62 64 U+3068 140 1200 58 88 U+4F55 1442 2015 90 87 U+3044 130 1948 65 63 U+3089 904 998 50 87 U+308C 128 597 75 95 U+305F 706 1299 60 70 U+304B 1279 1973 40 59 U+306A 333 2236 62 88 U+304C 135 695 65 77 U+5F80 1061 1418 95 103 U+3093 312 1515 115 84 U+5973 292 594 112 51 U+3046 313 2044 72 112 U+307E 1281 1110 48 86 U+304A 1082 1627 81 75 U+3089 733 505 40 74 U+3064 1081 1147 76 83 U+304D 1457 1754 64 79 U+305F 516 1053 63 78 U+3064 319 1046 81 66 U+305F 1091 1064 66 78 U+6B64 1247 2140 95 80 U+3060 331 1867 79 87 U+3064 1265 396 86 91 U+307E 904 1724 60 102 U+304A 117 2346 94 65 U+8DE1 686 1880 105 87 U+601D 899 772 76 78 U+5973 500 980 96 69 U+305E 326 2401 83 84 U+3060 128 2497 78 77 U+30CD 347 2148 58 70 U+63B4 1055 2213 121 103 U+308C 888 1928 77 105 U+307E 522 1596 63 101 U+3046 698 2425 53 93 U+3093 1073 380 108 76 U+304A 502 1524 90 72 U+305F 899 932 70 63 U+305F 702 2275 57 70 U+3046 1470 2377 40 87 U+3092 885 2491 92 80 U+306A 1276 1821 65 90 U+4E00 119 1808 93 17 U+30A2 1469 1923 52 84 U+305F 710 1003 60 64 U+5927 699 1160 85 88 U+4ED8 1073 2388 75 98 U+304E 899 1825 73 100 U+306F 1457 1576 74 50 U+8276 307 317 96 101 U+6625 705 1482 65 138 U+5484 673 2062 120 73 U+304B 1280 839 47 60 U+3060 331 669 69 88 U+307E 1090 1700 60 94 U+306F 506 2182 69 62 U+3055 335 1703 57 85 U+305F 1462 1282 65 71 U+305D 514 609 68 90 U+69D8 1443 2113 103 85 U+6094 880 1528 107 102 U+305F 1081 2044 61 67 U+3052 894 390 103 117 U+3068 337 762 53 89 U+3084 886 496 92 60 U+304D 1462 1451 65 111 U+305D 141 508 58 83 U+3089 1082 2115 44 97 U+4E8B 898 2398 59 93 U+3068 1473 1362 46 86 U+3071 142 1853 59 88 U+306A 900 2301 66 90 U+3084 1440 2316 88 61 U+308B 343 1785 42 65 U+3055 712 1621 56 73 U+3055 519 1753 52 80 U+4ED5 1436 2227 99 83 U+9593 1263 2227 65 104 U+306B 524 2092 46 90 U+8272 886 2126 93 99 U+304C 338 1466 70 53 U+303B 1486 424 37 81 U+53E3 133 790 70 67 U+3057 1487 890 27 101 U+3078 1067 1803 101 49 U+307F 1098 2317 40 69 U+3068 521 2320 37 67 U+3078 496 1699 99 49 U+3057 536 796 17 98 U+3066 1074 2484 60 72 U+3089 1286 1746 35 78 U+3057 495 2388 93 109 U+3057 352 420 15 96 U+3057 722 651 32 88 U+3057 918 1630 26 97 U+3057 165 2405 18 89 U+304B 725 1250 35 48 seg_fp 706 2139 52 70 U+3031 896 2205 76 102 U+3057 1496 501 18 85 U+3057 735 2213 19 61,hnsd008-020
U+3042 1474 1909 69 80 U+306A 718 1286 69 88 U+306B 518 1337 82 82 U+3066 1460 334 76 77 U+304C 143 915 57 57 U+306E 1281 2186 64 66 U+3082 526 1014 52 76 U+3067 327 1496 73 93 U+5408 506 450 95 99 U+304C 1107 1524 60 60 U+304C 1482 1833 61 63 U+4E0B 328 1268 74 83 U+3082 919 1893 48 84 U+3059 320 890 87 107 U+306A 522 1436 73 100 U+3082 1482 648 46 98 U+3064 130 2015 84 101 U+9055 126 1887 99 126 U+5408 110 470 114 102 U+3089 1106 1328 55 91 U+5148 525 1998 77 106 U+3060 1465 799 75 83 U+4E8B 1099 1098 57 136 U+30E8 1298 1559 43 52 U+3092 686 352 91 64 U+3082 1107 1893 48 89 U+306A 349 2535 66 87 U+304C 731 2309 61 59 U+52B4 511 1220 78 112 U+306E 724 2576 69 58 U+306E 1095 1025 59 73 U+306B 1485 1265 49 82 U+81EA 138 685 47 125 U+3089 525 1690 48 108 U+3092 315 1161 90 70 U+3066 343 1724 45 112 U+3084 1271 1252 81 78 U+3059 700 1065 85 117 U+3067 123 579 69 85 U+81EA 520 802 58 115 U+3068 337 355 51 97 U+4F55 1085 1781 84 110 U+5C45 314 1851 94 122 U+3046 1114 1418 37 98 U+3093 1074 935 112 92 U+6CE8 123 1010 78 114 U+305F 956 819 45 57 U+52DD 946 1273 72 83 U+305D 1278 1114 66 74 U+3089 1468 2098 53 101 U+30A2 1298 1336 50 53 U+80F8 1449 1160 100 109 U+5484 301 470 121 68 U+9019 1264 345 90 106 U+592B 899 2519 102 93 U+30A2 728 1371 46 63 U+7D19 1074 625 98 116 U+306E 1273 714 65 70 U+3088 1293 1398 45 62 U+307B 340 2269 77 80 U+60C5 498 346 87 105 U+82E6 507 1104 84 116 U+305C 893 1093 91 98 U+3060 1276 780 76 62 U+5C48 1463 1637 93 105 U+30A2 1285 857 51 62 U+805E 322 1605 87 115 U+6CA2 1466 1737 85 92 U+30A2 1106 499 43 61 U+304A 902 1430 80 74 U+523B 506 2108 90 89 U+306A 343 2119 67 92 U+304C 918 1609 61 65 U+304C 727 1880 55 61 U+6765 1462 429 76 131 U+3093 511 2548 114 86 U+3044 714 1739 64 62 U+306A 905 997 70 102 U+3067 1278 1869 70 86 U+6B1D 1271 2265 87 141 U+5DF1 514 920 80 76 U+30A2 1286 1027 47 69 U+5B50 726 2491 69 75 U+3069 352 2346 63 75 U+3092 695 969 86 71 U+307E 1279 932 55 90 U+7406 114 355 89 99 U+3067 1271 2408 86 57 U+3075 702 1801 82 83 U+304B 163 2185 39 52 U+89AA 712 2379 92 108 U+304C 348 2034 63 61 U+3060 1100 1237 69 89 U+304D 951 879 58 61 U+5DF1 127 822 82 80 U+3089 138 1567 55 105 U+3089 140 2234 54 92 U+3089 524 2243 55 101 U+306F 524 1929 60 52 U+6CBB 1083 743 78 114 U+308B 541 1538 32 79 U+306E 711 593 57 61 U+306D 895 658 71 87 U+5408 895 2094 100 118 U+305F 150 2112 53 64 U+51E6 689 2222 114 80 U+308C 908 1504 66 101 U+7F6A 706 1461 84 114 U+3078 1266 666 96 41 U+306B 1094 2234 75 78 U+308B 733 1181 33 83 U+3031 1490 1481 51 152 U+5150 906 1699 78 104 U+3075 700 496 83 80 U+3092 327 783 77 101 U+5BB6 339 1370 72 121 U+308A 142 1677 65 102 U+306E 331 1088 65 73 U+4F3C 896 2000 98 92 U+3081 141 2429 68 72 U+30CE 1106 540 47 61 U+3078 886 1198 95 48 U+5B9F 523 1795 68 125 U+308B 1293 2546 46 63 U+3060 710 654 72 68 U+3067 509 556 73 81 U+308A 1293 1187 41 80 U+51F6 328 2425 96 108 U+305F 340 1974 60 60 U+6587 126 1124 89 114 U+3044 707 435 67 59 U+52B4 1089 2411 87 88 U+97F3 1467 2310 57 108 U+306F 149 2561 67 62 U+624B 148 2322 62 106 U+304B 534 1630 39 62 U+304B 1484 2039 40 60 U+306B 905 1807 71 83 U+5176 718 2111 47 109 U+82E6 1090 2315 82 94 U+3044 1471 1366 59 61 U+304B 542 2189 40 56 U+3090 1272 2474 77 72 U+7ACB 707 740 65 109 U+3060 723 1577 70 62 U+3093 1463 749 91 63 U+6709 897 347 70 107 U+69D8 1087 2122 91 108 U+8033 1448 2466 102 104 U+8DB3 1473 2206 68 98 U+308F 147 1462 48 106 U+5408 320 662 96 114 U+306E 1088 351 63 71 U+306D 1267 550 86 109 U+30B5 742 1952 53 66 U+308B 1482 567 41 67 U+308B 355 998 30 75 U+3068 158 1780 45 91 U+306D 905 2214 67 90 U+3055 540 2489 49 61 U+306F 1088 428 61 56 U+3081 1466 1015 68 81 U+305B 125 1241 74 84 U+5176 1105 2003 49 119 U+30A6 1106 1674 66 94 U+624B 1478 905 47 110 U+30E2 1113 1611 49 54 U+308B 353 2209 37 47 U+306F 912 2449 79 61 U+3055 1096 861 49 78 U+308B 1488 1983 37 52 U+624B 1287 1958 53 103 U+3078 1267 2138 92 42 U+30A4 539 687 39 75 U+805E 687 855 85 114 U+5165 1264 457 90 78 U+3078 1457 1102 87 45 U+7406 888 461 82 99 U+3068 728 1640 45 82 U+308D 1471 1433 62 77 U+3050 128 1392 94 69 U+30C4 544 649 40 43 U+306F 900 566 66 58 U+3078 118 1339 108 45 U+51E6 1257 1764 99 100 U+6CBB 522 2414 86 84 U+3078 898 2312 90 35 U+7D19 518 2338 102 84 U+3078 885 750 96 47 U+3059 1090 2505 79 80 U+30C6 741 2018 51 70 U+3057 1308 1456 18 90 U+3081 1280 2060 63 72 U+3057 356 553 20 105 U+3078 1458 2576 91 33 U+3078 127 2508 103 43 U+304C 1480 2417 64 49 U+3068 933 2365 27 79 U+5176 1281 1659 48 100 seg_fp 1121 2574 38 49,hnsd008-024
U+306E 464 1556 57 59 U+306B 1023 1398 79 59 U+51B7 829 552 96 111 U+3031 1228 1747 75 144 U+306E 845 460 63 56 U+5FC3 1582 793 93 71 U+3031 1583 2236 67 160 U+3082 274 1723 52 76 U+3092 1578 1018 83 64 U+3082 850 1102 45 85 U+306E 1030 441 65 69 U+3066 278 831 33 110 U+91CE 1210 1554 84 104 U+306B 1579 1965 67 65 U+7FA9 1410 1318 62 120 U+304C 1224 1147 53 54 U+3066 1032 1655 39 105 U+4F55 1213 1238 72 102 U+306E 647 2075 59 49 U+3067 641 1846 69 79 U+306E 460 416 60 50 U+3066 1211 2095 67 73 U+4EBA 632 410 101 88 U+3082 653 685 47 82 U+6839 1577 900 100 103 U+306E 836 2108 58 47 U+5E95 832 304 87 122 U+5927 638 309 79 88 U+81EA 278 1813 48 108 U+3066 826 1517 64 64 U+306E 459 1724 68 57 U+3082 468 1638 50 86 U+9B3C 1199 1659 90 115 U+305D 834 1347 66 70 U+306A 844 1007 57 75 U+8ACC 442 516 102 117 U+5426 1570 2067 80 102 U+3046 1046 2196 37 80 U+3067 448 754 77 70 U+3084 1018 1970 78 75 U+7D19 258 1333 85 122 U+660E 455 856 83 92 U+308A 1421 390 39 101 U+3060 840 1250 69 67 U+3070 1582 1324 79 56 U+3070 644 1180 71 89 U+6B64 641 984 91 72 U+5225 627 1586 85 90 U+65B9 1020 515 82 99 U+3084 827 2338 84 61 U+5DF1 272 1925 67 86 U+9053 642 1059 77 96 U+304B 1390 322 90 74 U+3093 262 1636 86 78 U+304F 276 371 40 89 U+3061 1033 1892 56 80 U+3064 1213 449 72 76 U+89AA 636 1934 83 116 U+6761 444 1422 94 115 U+304C 1041 632 47 52 U+308C 1407 1023 60 107 U+7537 1025 307 66 121 U+7A4D 1203 318 84 116 U+6CBB 267 1461 71 97 U+3082 1038 2272 44 64 U+3082 655 1679 46 91 U+4EBA 453 319 90 83 U+3066 1223 2466 38 93 U+308C 456 1235 71 100 U+5206 826 2010 81 94 U+80FD 245 1204 88 89 U+60AA 261 2127 80 102 U+3064 1207 1997 77 94 U+5C45 1394 814 85 121 U+4F55 1021 2346 78 95 U+3072 265 2483 83 81 U+306E 841 1184 62 66 U+304C 481 2151 41 48 U+306D 460 2018 64 86 U+3066 1399 629 67 90 U+306B 1227 1449 52 74 U+4F59 818 1613 91 91 U+601D 1208 1911 79 83 U+30A2 1046 2054 41 54 U+3084 641 2390 70 71 U+5F35 1020 1272 74 106 U+3044 1029 985 65 64 U+30C4 1229 2399 48 40 U+3057 650 518 62 93 U+5DE6 1029 734 64 121 U+308B 1614 685 27 76 U+52D8 260 491 82 123 U+3060 1034 2444 69 67 U+5F01 254 620 88 98 U+3084 1395 1615 80 76 U+3064 1019 1579 75 77 U+8A00 1407 520 60 107 U+7406 1397 1446 73 94 U+3067 835 2487 74 77 U+898B 1214 635 70 110 U+304F 466 2331 64 63 U+30A2 1419 1696 45 60 U+307E 1598 1414 42 86 U+3060 1581 2172 65 72 U+304C 288 2035 49 49 U+805E 829 1890 70 98 U+624B 1214 878 60 121 U+306A 1027 1483 71 92 U+3084 637 1409 81 69 U+4E3B 651 2483 57 92 U+3088 284 309 32 67 U+306D 1397 1156 67 100 U+3057 1588 513 78 97 U+8A00 644 2293 66 90 U+3088 1414 2428 38 67 U+69D8 1017 861 87 94 U+3084 1580 613 89 71 U+30A2 665 1481 44 52 U+308D 1213 752 68 92 U+898B 270 963 63 96 U+3084 840 837 74 62 U+3046 857 900 34 107 U+4E86 1040 1157 38 87 U+69D8 1203 1345 93 99 U+3066 836 683 66 72 U+524D 1218 1003 62 116 U+306D 827 2177 72 91 U+3056 1584 1578 79 71 U+3089 486 1128 32 79 U+306F 1407 733 55 51 U+3093 1575 1499 89 69 U+5C45 1192 2200 86 108 U+3068 1587 2391 50 78 U+3081 460 1044 71 84 U+306D 629 810 87 95 U+7121 1565 1753 92 108 U+3075 1022 1052 77 90 U+3081 1403 1907 58 75 U+3069 1039 2132 62 61 U+3093 639 1767 85 76 U+304C 283 1124 53 45 U+305F 270 1059 59 65 U+3066 1217 527 53 77 U+305F 1213 2311 59 71 U+3042 1404 1775 78 85 U+30A2 1426 2363 47 54 U+3055 276 1566 53 73 U+304B 1416 2039 35 46 U+3070 1580 2482 62 79 U+304F 1409 2488 36 77 U+3068 478 2482 50 80 U+304A 1582 1110 76 61 U+30A2 472 1933 44 81 U+601D 269 2387 69 92 U+3044 263 2237 77 44 U+3084 457 1888 70 41 U+307E 846 1707 40 83 U+7570 642 2163 80 126 U+8A00 454 645 70 84 U+3089 1603 1652 26 87 U+308A 847 1789 40 94 U+4E0B 1590 1868 47 82 U+308A 659 1324 42 93 U+3068 290 2296 30 89 U+3078 632 918 86 43 U+304B 659 1268 44 58 U+3057 287 736 22 91 U+3078 820 2279 100 43 U+3078 450 2111 99 34 U+304B 1046 2513 37 44 U+3082 1601 1175 39 86 U+898B 1029 1792 62 96 U+3089 482 953 39 96 U+4E0A 1388 2243 81 70 U+5176 1406 2132 46 110 U+3078 824 772 102 44 U+308A 484 2399 38 86 U+308B 475 1339 40 57 U+8A00 1586 318 72 96 U+3046 852 2397 37 97 U+3078 1392 1265 74 32 U+3078 1573 1269 91 42 U+7BE4 462 2209 76 100 U+308B 1424 1857 30 40 U+3058 480 1802 39 88 U+3089 1426 938 25 91 U+3078 1384 1999 98 32 U+304F 664 608 43 75 U+30C4 1617 433 37 25 U+3058 1433 1534 30 87 U+3057 863 1431 15 86 U+30DE 1424 2319 50 43,hnsd008-027
U+5C0F 1064 1284 87 76 U+3092 479 943 93 66 U+3082 314 669 46 83 U+6848 1227 1160 106 127 U+5C0F 101 993 91 75 U+306A 1073 837 73 90 U+306A 1451 904 74 91 U+3066 1085 2457 51 115 U+306A 1452 622 73 89 U+5408 95 538 113 105 U+3082 1267 2490 53 77 U+3059 1257 1473 76 81 U+839E 687 782 82 152 U+3084 686 2272 84 75 U+306B 127 1921 69 79 U+7B11 694 1832 85 117 U+3092 882 2359 83 60 U+6B64 117 1504 82 74 U+306E 505 1541 61 64 U+3067 1249 742 74 86 U+3089 140 2483 58 91 U+5FA1 95 346 78 67 U+3072 689 1254 79 86 U+6CBB 567 1749 59 70 U+3066 115 2106 75 64 U+723E 687 946 80 99 U+9E7F 1240 327 96 150 U+306A 1264 483 74 100 U+6CBB 1256 2207 78 104 U+306E 336 2532 67 62 U+3059 873 690 80 103 U+6CBB 892 2102 81 87 U+3082 1269 592 43 87 U+9854 874 2256 100 99 U+3066 683 688 71 80 U+3060 314 1196 69 73 U+306B 1082 2155 67 78 U+4F55 502 2487 83 86 U+304C 1464 2073 56 51 U+3044 885 938 60 62 U+308A 896 1892 50 99 U+3044 307 1011 72 53 U+69D8 295 1091 90 103 U+5BC4 105 1992 97 110 U+80FD 865 563 87 116 U+5206 1084 2030 64 112 U+3067 97 886 85 84 U+3089 1089 1155 36 93 U+52DD 346 1383 82 78 U+304A 478 539 86 82 U+8A00 1060 722 68 109 U+52DD 1488 1023 79 88 U+90A3 303 2070 94 90 U+308C 692 2487 95 98 U+59C9 1067 1800 91 102 U+3061 133 2168 62 87 U+3092 870 462 82 79 U+6848 1419 400 104 112 U+3046 319 583 39 83 U+7D19 889 1996 89 105 U+30A2 719 2347 46 62 U+5144 488 1033 85 109 U+3044 499 1400 62 54 U+3060 698 1578 80 82 U+3075 488 1454 89 82 U+30CD 335 1277 50 69 U+53EF 691 1734 90 98 U+3058 887 2424 87 84 U+3093 1069 1596 95 92 U+524D 492 626 83 103 U+3092 1255 1058 77 82 U+8A00 879 1532 69 96 U+306A 1079 2260 59 98 U+3089 494 411 42 105 U+306D 1443 1936 69 86 U+898B 686 575 71 108 U+308D 893 2509 71 71 U+901A 1066 500 72 105 U+3060 289 346 91 80 U+304A 1247 1729 95 77 U+53CA 1445 1749 82 90 U+3084 1253 1982 76 87 U+90FD 79 440 97 97 U+304A 302 785 88 60 U+30A2 1264 1634 62 77 U+6B21 102 668 86 98 U+5148 1241 854 86 112 U+305F 567 2113 38 59 U+3069 305 501 84 77 U+7D19 1253 2094 88 111 U+3093 301 1599 113 91 U+3058 1283 1292 53 119 U+7B2C 110 768 69 121 U+3084 1253 1400 75 70 U+304B 705 1659 43 58 U+7B11 687 1142 89 111 U+4E2D 873 340 76 111 U+3093 483 843 98 93 U+304C 882 853 65 72 U+3093 1248 2398 112 81 U+592B 685 2109 90 97 U+304D 566 2173 49 56 U+306A 322 1688 68 89 U+30A2 886 1258 64 78 U+3055 496 760 53 84 U+3068 128 1377 60 91 U+3070 1456 1845 66 88 U+65E6 315 1973 87 92 U+3093 105 1297 110 79 U+3064 1074 2363 66 97 U+306D 684 1970 85 95 U+308A 1081 605 41 102 U+305F 893 1631 56 67 U+304D 935 1149 49 70 U+6625 110 1081 61 130 U+304B 503 348 36 62 U+6240 125 1830 74 77 U+8A00 1452 1320 68 96 U+6625 1090 1376 59 135 U+3055 1455 730 51 85 U+59B9 1065 1909 87 111 U+69D8 497 1948 91 93 U+3093 1439 812 99 84 U+30C8 908 1444 32 69 U+99AC 1448 2468 58 110 U+3064 119 2309 81 71 U+308A 699 352 47 104 U+30B7 342 1913 61 48 U+30C6 1472 2200 41 53 U+30B5 1279 1573 62 64 U+306F 1457 1685 60 55 U+3093 682 1509 104 76 U+3067 1441 1513 97 74 U+307E 1456 1417 57 95 U+308B 1081 1015 43 75 U+304A 318 2171 81 69 U+3089 331 1770 39 86 U+304D 1258 1884 72 107 U+30E8 532 2037 45 48 U+3068 513 1302 46 81 U+3055 1271 2327 45 74 U+3068 1095 1677 41 90 U+306E 1255 682 60 68 U+30A4 897 1304 51 88 U+306E 899 2199 52 57 U+89AA 1432 2278 96 102 U+30E2 335 1863 57 50 U+306F 1453 2388 61 61 U+305F 933 1099 43 52 U+304B 873 1821 90 77 U+305D 324 1529 57 75 U+3078 678 2074 101 42 U+30B5 1474 2132 68 66 U+306A 697 1430 70 92 U+304B 1085 1089 35 67 U+5DE6 509 1859 62 93 U+30F2 544 2262 34 52 U+3055 1076 944 49 70 U+3088 145 2248 46 61 U+304A 1442 333 83 60 U+3078 310 2326 103 47 U+30A2 1078 349 52 79 U+304B 311 424 36 49 U+3070 898 1717 64 96 U+30CF 1454 1159 67 42 U+3055 117 1213 54 86 U+3081 324 2243 62 74 U+3068 698 1044 46 90 U+3092 125 1667 77 85 U+305F 1266 1807 57 72 U+5974 98 1592 104 70 U+3055 1090 1512 54 89 U+306B 1467 1594 44 83 U+3058 727 2204 42 81 U+3078 478 1676 112 50 U+304B 316 844 49 53 U+4E00 124 1788 79 16 U+30DB 498 2306 65 69 U+3078 1437 2029 98 38 U+3093 487 1224 120 91 U+3058 1474 510 44 108 U+308B 898 788 34 63 U+304B 509 1607 42 67 U+3068 700 455 49 97 U+3055 503 1153 57 74 U+3053 712 2423 43 62 U+3057 329 903 20 106 U+3093 318 2472 131 64 U+303B 1257 972 42 89 U+309D 899 997 31 56 U+30CE 1092 395 34 54 U+30FD 1491 1256 20 49 U+3055 341 2372 46 64 U+30FD 532 2419 16 35 U+30FD 1493 1197 13 30 U+30FD 1491 1228 14 30 U+30FD 525 2389 17 27 U+30FD 524 2369 17 27,hnsd008-034
U+4ECA 1006 335 81 116 U+3082 1209 621 56 92 U+306A 257 1793 68 82 U+3082 1026 833 50 90 U+3082 457 1489 62 84 U+3082 450 473 58 79 U+3082 632 324 53 91 U+3067 450 1419 88 57 U+3084 247 2096 83 71 U+7A4D 817 883 88 130 U+3089 1023 1986 48 94 U+306E 1396 1735 58 61 U+4E8B 252 1439 61 139 U+306A 831 1847 66 83 U+3046 841 328 38 116 U+3066 822 1623 68 78 U+3066 1011 754 72 70 U+5408 1373 1897 112 104 U+6CBB 1617 1728 61 71 U+306A 1204 1699 64 95 U+306E 826 771 64 86 U+3082 1399 1025 52 87 U+3084 256 2473 77 90 U+3092 817 1465 78 62 U+65AF 1193 1954 83 118 U+305B 444 840 73 86 U+7FCC 1010 1536 76 119 U+3066 1564 1017 79 92 U+304A 816 476 83 64 U+81EA 636 1047 52 110 U+3060 1019 1421 70 78 U+3070 1203 1875 74 67 U+5C45 812 1718 86 105 U+3044 1198 1005 74 59 U+6CBB 307 615 59 83 U+3060 1393 2218 67 70 U+6EDD 1383 1387 94 120 U+6CBB 692 1952 53 70 U+3084 1383 546 75 76 U+6025 1010 1287 76 132 U+306A 1580 1347 67 94 U+3042 248 328 79 81 U+3044 633 1258 61 53 U+305F 875 1945 43 58 U+3078 1549 1553 124 67 U+3066 1589 777 38 110 U+306A 448 739 78 87 U+306F 460 2124 52 91 U+3067 1387 951 77 71 U+7528 453 2412 70 84 U+3044 1387 1147 68 75 U+30A2 1588 1840 50 66 U+305A 642 1376 66 92 U+30C8 1243 2174 34 70 U+6CBB 1251 1379 67 83 U+4F55 1009 2107 84 104 U+305D 831 692 64 77 U+3093 419 395 109 82 U+3082 1397 2490 55 86 U+79C1 1383 331 86 104 U+30A2 276 2173 48 85 U+3093 818 2474 100 86 U+676F 1573 336 84 132 U+663C 1007 1676 82 122 U+5F80 612 445 90 122 U+30CA 644 928 59 57 U+30A2 1403 626 51 81 U+306F 1386 2006 71 54 U+304A 1393 1532 74 70 U+3046 641 1833 49 113 U+3089 261 511 40 99 U+6642 1382 840 88 104 U+5EA6 820 1319 81 130 U+3078 434 936 109 58 U+4F59 998 950 92 111 U+51E6 1003 2212 97 82 U+5449 1547 1217 108 129 U+652F 815 1209 77 108 U+30CA 1600 1604 42 72 U+304D 877 2005 56 58 U+4F55 628 2087 81 94 U+90FD 1376 1815 81 87 U+304A 1393 1312 77 73 U+8A00 1019 645 64 105 U+69D8 1561 2098 92 94 U+5DE6 1571 1996 63 100 U+69D8 438 1310 105 102 U+305D 254 948 56 73 U+3078 1009 2399 105 47 U+307E 1207 1063 61 110 U+3084 238 1092 83 76 U+3067 820 1104 75 83 U+306E 629 565 62 79 U+304C 465 1696 61 64 U+3093 239 1722 110 72 U+305B 1568 1455 75 90 U+904E 1012 1803 81 105 U+3068 1027 535 45 88 U+3089 654 1745 45 89 U+304B 1034 1912 46 75 U+30E8 261 1573 45 52 U+5F80 1011 2460 88 91 U+3031 283 819 51 127 U+3046 1555 2466 65 100 U+3067 1200 546 80 66 U+79C1 231 1958 102 85 U+308A 1038 1164 34 103 U+4F55 1191 338 83 109 U+52DD 671 787 78 89 U+3057 1563 2209 73 109 U+3093 1196 1613 105 79 U+65E5 1027 455 44 72 U+308A 271 2373 53 103 U+306E 252 1368 58 72 U+30CB 640 989 75 36 U+52DD 488 1064 83 85 U+3057 443 1782 75 91 U+30A2 260 1177 45 57 U+7FCC 436 2009 88 112 U+306F 1195 1297 68 54 U+5DF1 627 1156 76 78 U+305B 1548 2387 89 76 U+723A 808 2270 104 121 U+3081 827 541 67 80 U+307E 1029 1064 49 100 U+79C1 1361 2414 109 79 U+305B 1562 678 92 94 U+304D 1462 2341 53 46 U+305E 1029 2309 77 81 U+304A 438 574 90 80 U+306A 646 2183 62 101 U+3078 607 717 108 47 U+3068 1216 2072 50 80 U+30A4 1593 1890 37 63 U+3069 1402 2060 62 66 U+5B9C 630 1577 75 102 U+3059 1254 2283 59 95 U+3055 446 327 55 72 U+30CA 461 981 63 72 U+4F55 1383 733 73 120 U+3082 461 2498 56 72 U+304B 1168 2295 64 60 U+3078 813 629 103 50 U+308A 266 1020 36 88 U+304B 265 459 35 52 U+3046 1406 2131 38 91 U+304A 635 2374 83 69 U+3078 1166 2475 76 48 U+9063 1568 881 70 127 U+5E30 247 2274 93 96 U+305D 257 1648 58 76 U+3084 1558 2313 75 68 U+304B 652 1682 36 61 U+3059 1193 1174 76 123 U+305D 1207 1541 54 74 U+305F 1462 2293 45 46 U+6642 1197 445 93 99 U+5B9C 1203 729 73 104 U+4F55 449 1205 78 107 U+304A 821 2213 77 59 U+3089 268 1879 41 73 U+304A 1575 1136 79 71 U+7FCC 238 1254 78 110 U+3078 1386 1687 98 43 U+3081 1394 1601 65 79 U+3089 1207 1794 46 96 U+3057 1275 2444 17 102 U+3089 643 2286 67 88 U+3092 1578 479 79 91 U+51FA 442 658 81 77 U+3081 637 2443 70 68 U+3056 1211 916 69 85 U+30A2 272 798 42 61 U+308B 262 410 47 48 seg_fp 838 2397 44 81 U+3093 1168 2352 79 62 U+3055 1587 594 50 78 U+3054 1217 839 67 70 U+30A4 846 2138 44 52 U+3078 630 2516 118 53 U+5B9C 445 1586 73 105 U+3068 646 1470 57 94 U+3057 858 1523 23 96 U+3053 1258 2374 44 55 U+30DE 268 755 48 40 U+304C 1180 2421 57 54 U+3057 1411 448 23 102 U+304B 646 1311 36 65 U+304B 464 1873 41 57 U+30A2 840 2100 50 55 U+304B 635 644 42 73 U+8272 455 2225 75 100 U+3057 281 2033 19 69 U+308A 847 1016 34 94 U+3057 480 1927 17 77 U+3031 464 2283 71 129 U+309D 1416 1218 25 55 seg_fp 634 2037 86 22,hnsd008-035
U+306E 599 365 80 68 U+5341 1167 809 100 91 U+4E03 1153 925 116 61 U+767D 806 1609 79 107 U+5357 245 1758 81 137 U+3082 1012 1452 56 86 U+5408 411 1389 118 123 U+306E 244 1427 66 71 U+3066 1021 2014 41 110 U+9262 223 1138 97 118 U+306E 242 809 60 69 U+5BB6 605 569 90 139 U+56DE 1168 1011 101 90 U+4E0B 1537 1672 98 93 U+306E 257 2002 66 61 U+4E8C 603 1248 90 53 U+5FA1 201 351 118 125 U+4EAD 1358 1794 113 132 U+5F71 211 480 100 129 U+306F 994 693 70 48 U+9593 414 795 86 97 U+88CF 584 463 107 107 U+753A 796 1827 103 92 U+4EBA 989 2281 113 79 U+3042 810 959 78 90 U+306A 625 711 62 94 U+306E 435 1197 64 62 U+6C34 216 1025 98 95 U+3044 439 1672 69 72 U+91D1 1356 1957 133 106 U+6C34 1347 2106 147 82 U+3070 814 558 53 101 U+5BBF 971 557 103 124 U+3067 806 1136 71 81 U+9593 420 1080 96 104 U+7B2C 1555 1153 89 128 U+5DDD 793 1729 97 90 U+4E4B 1547 1582 117 76 U+5FD7 1535 799 113 119 U+5C3A 602 1126 98 101 U+3051 801 358 76 97 U+57A3 220 1644 110 96 U+3093 417 583 109 91 U+6771 1358 1125 113 114 U+4453 1542 1025 107 129 U+306E 228 606 73 71 U+8896 224 1531 101 108 U+4E09 1545 1295 106 68 U+9593 604 1328 93 87 U+82B1 1553 569 93 119 U+3042 622 1504 74 88 U+3066 988 1259 85 76 U+5929 234 1900 106 104 U+308F 1000 356 50 112 U+7B2C 1173 634 89 142 U+3057 1002 1064 73 97 U+5DFB 1541 1466 125 106 U+307E 818 1406 55 102 U+308C 434 2063 105 86 U+306F 627 2033 68 36 U+90FD 1349 1249 116 112 U+56FA 625 1929 77 87 U+304B 440 893 38 61 U+5C45 390 359 104 121 U+4E5D 605 1045 99 65 U+8429 226 1275 92 137 U+624B 233 903 62 120 U+306B 625 1414 67 81 U+305F 823 1510 50 72 U+90FD 421 1286 87 105 U+4E8C 418 716 84 57 U+306A 1013 2487 79 102 U+305A 615 1660 96 94 U+8E0F 991 1731 99 112 U+9053 998 1350 85 100 U+6570 609 2089 101 93 U+3051 1007 1942 79 77 U+3075 996 2212 90 75 U+677E 1344 1643 157 108 U+9023 1490 339 97 110 U+77F3 221 699 81 97 U+96EA 987 764 96 105 U+6B21 1370 2368 102 85 U+7DE8 1539 1360 107 106 U+9698 428 1852 97 114 U+8DEF 804 2497 99 99 U+5BC4 608 2192 106 131 U+3068 832 1912 42 79 U+308A 1012 968 47 94 U+7DE8 1360 2216 107 111 U+3068 1016 2133 64 75 U+3051 420 489 69 94 U+3066 620 1830 70 67 U+6E80 1545 916 105 111 U+5EFC 1535 704 114 84 U+304D 1007 1161 54 94 U+5EAD 435 2231 86 113 U+6839 235 2101 108 113 U+306E 637 2437 53 69 U+592B 801 668 89 111 U+304C 1012 467 57 58 U+3042 450 2436 77 71 U+3075 983 874 95 93 U+306B 247 2301 79 67 U+306A 1006 1541 69 91 U+3051 443 1973 73 93 U+8005 606 2336 105 99 U+308A 467 2510 47 84 U+7406 1485 468 108 79 U+308C 800 453 81 103 U+306F 815 1352 73 56 U+3053 819 1230 54 71 U+3069 454 2141 59 83 U+805E 808 2012 74 102 U+306B 805 786 70 95 U+308C 615 807 63 107 U+308F 1024 1842 41 96 U+3088 448 1516 44 60 U+3006 234 2221 85 88 U+3082 453 2354 54 73 U+305F 827 2174 53 64 U+862D 245 2485 87 130 U+304F 450 1568 41 92 U+3068 450 1744 50 97 U+3078 812 2122 84 49 U+3069 621 915 59 100 U+306F 807 888 64 60 U+7FFC 1621 436 81 112 U+4F4F 619 2500 100 117 U+3057 1035 2355 27 134 U+3089 827 1049 27 96 U+308B 833 2240 40 53 U+8449 228 2351 98 139 U+4E09 426 982 78 87 U+65B0 806 2417 85 84 U+3089 645 1595 25 75 U+3057 1038 1624 25 100 U+5176 811 2304 62 110 U+309D 841 1306 29 41 seg_fp 638 1752 30 92 U+6BD4 1616 349 89 63,hnsd009-001
U+306E 1226 1012 65 59 U+3082 281 1532 57 85 U+306E 850 1854 65 68 U+306E 465 2510 64 56 U+8CA7 277 334 77 149 U+306F 1219 1601 67 49 U+4EBA 1020 1913 110 78 U+306B 456 1146 80 76 U+3072 1231 503 74 92 U+306B 860 1397 66 67 U+5C0F 455 347 94 76 U+4E0D 463 942 78 87 U+306E 278 2241 66 57 U+5F15 846 1485 72 101 U+3082 90 2171 54 90 U+6614 262 2122 91 107 U+3066 271 1053 79 78 U+3082 849 2506 57 77 U+306B 86 1104 70 82 U+755C 850 354 72 146 U+304C 860 1927 63 48 U+4E0B 88 1010 57 87 U+308C 81 515 96 101 U+3042 467 1901 68 86 U+3061 1225 1489 62 109 U+304B 839 1603 84 63 U+306A 858 1183 71 95 U+8A6E 645 352 112 100 U+3070 94 597 75 72 U+9152 73 2271 87 97 U+306E 1040 2089 61 50 U+567A 646 2014 84 121 U+308C 274 1874 75 102 U+901A 1225 896 68 97 U+6839 1212 1664 95 112 U+306B 1399 1154 96 72 U+6075 264 1632 97 126 U+65B9 651 459 83 104 U+306F 655 577 70 44 U+3042 1423 350 79 87 U+8EAB 438 2384 93 101 U+FA55 1031 946 89 112 U+6216 651 876 99 100 U+7121 75 909 85 98 U+306A 465 1226 61 92 U+306D 656 645 75 96 U+3066 646 1906 78 78 U+304B 473 849 43 73 U+8A00 1407 1491 71 93 U+6765 1210 1186 88 126 U+4F55 456 646 82 99 U+3053 1234 1779 51 66 U+306B 1052 850 47 70 U+5E30 76 1300 95 83 U+306F 469 575 64 50 U+7121 1198 2487 102 82 U+6625 459 448 67 127 U+9022 1413 1235 74 135 U+544A 1407 1590 72 115 U+3066 1385 2515 100 58 U+4FBF 457 1037 97 105 U+307E 285 1767 51 115 U+306A 284 1274 72 92 U+3092 1020 2257 86 64 U+306A 1041 1633 68 96 U+878D 1214 751 98 122 U+3089 282 1430 48 95 U+3092 642 2247 93 66 U+308A 472 1314 50 103 U+3092 265 693 99 75 U+6DF1 456 1446 89 100 U+601D 274 2491 86 79 U+5F37 1470 1972 65 74 U+3082 80 1189 61 86 U+3093 1401 1071 116 85 U+306A 86 1918 64 84 U+88AB 1016 2343 101 88 U+306F 468 1828 59 63 U+3064 1030 2452 77 62 U+5409 1418 878 75 121 U+30C8 705 797 35 68 U+3046 1237 1403 38 90 U+3044 1035 1367 67 65 U+3059 1047 1163 56 102 U+5451 74 2458 83 104 U+308A 665 1229 49 102 U+6B4E 646 1693 94 108 U+5F97 86 800 74 93 U+3093 1408 706 108 83 U+3068 1427 1372 56 81 U+3055 92 1391 52 88 U+3068 92 2103 55 69 U+6012 641 1135 106 100 U+308C 470 2162 55 102 U+305F 1046 2515 57 63 U+8A00 1401 2341 70 92 U+3060 859 615 75 78 U+30A2 1062 1824 44 63 U+3042 668 1344 67 98 U+9593 1030 2002 83 94 U+5974 832 1302 122 73 U+3072 85 357 78 83 U+3046 850 2387 50 97 U+50C5 267 1145 93 120 U+3075 1024 1435 86 86 U+69D8 1031 1533 85 101 U+3089 1038 620 56 106 U+306F 661 1616 63 55 U+3064 844 1705 74 69 U+306F 667 1072 57 46 U+305D 1228 1864 55 76 U+305F 857 1773 57 67 U+308B 1239 1319 35 73 U+51E6 453 748 94 95 U+308A 304 958 39 90 U+5974 1009 1746 115 75 U+3067 825 2201 84 71 U+6C72 275 795 92 87 U+304F 91 1999 46 92 U+76F4 1040 729 68 115 U+3057 874 853 24 103 U+305C 1380 1880 118 87 U+30A2 1244 2404 42 43 U+3068 482 1638 42 87 U+3068 1051 1265 50 89 U+3072 661 1526 74 84 U+306A 1042 351 68 111 U+304E 1224 1944 71 91 U+305B 1407 624 85 81 U+3069 1416 2097 72 71 U+308C 83 1479 67 115 U+5176 856 968 52 115 U+3064 1027 468 88 74 U+304C 296 1370 65 60 U+307E 1429 524 51 100 U+3057 845 713 83 86 U+51FA 1223 1100 84 86 U+5207 433 1555 106 65 U+307E 1417 1708 53 109 U+3092 266 2403 100 72 U+3066 1226 603 62 76 U+4F55 72 1734 82 101 U+3072 660 993 81 75 U+3059 653 2144 74 103 U+51FA 1038 1077 81 81 U+3070 654 2512 81 64 U+306F 83 1843 69 53 U+3078 646 748 109 49 U+3057 303 1990 17 121 U+305F 1042 540 62 73 U+3084 78 445 83 71 U+308B 682 1442 39 73 U+69D8 840 1083 98 95 U+304D 664 2339 55 95 U+751F 863 499 60 110 U+6271 1205 2071 106 112 U+304D 669 1801 50 101 U+8CB0 1215 347 95 147 U+304A 1414 802 85 78 U+3078 1211 702 98 46 U+3051 658 2431 68 98 U+3089 480 1986 39 86 U+3056 475 2067 69 87 U+3066 1199 2261 91 65 U+305A 90 1601 74 101 U+3069 478 2268 49 90 U+4E86 95 688 45 112 seg_fp 1424 1007 53 67 U+544A 1395 2436 76 80 U+30B5 1238 2359 49 45 U+76AE 1038 2159 78 88 U+308A 1440 437 47 90 U+3055 284 592 58 93 U+30C4 114 2408 35 32 U+3069 861 2305 68 74 U+304B 872 797 40 48 U+306B 473 1746 49 86 U+305E 1410 2227 77 100 U+8096 847 2129 60 74 U+4E0D 846 2007 78 116 U+4E00 70 2380 99 18 U+3046 1423 2172 33 79 U+3068 306 878 36 82 U+3057 306 490 21 99 U+53D6 1223 2189 57 68 U+3059 1420 1804 53 88 seg_fp 878 1662 30 39,hnsd009-008
U+306B 508 553 84 68 U+4ECA 1082 561 86 127 U+304C 900 2171 71 60 U+3082 714 1382 56 72 U+5426 880 2261 90 98 U+30C8 362 899 38 65 U+3044 321 626 75 68 U+3093 1428 2445 116 82 U+5B85 1279 271 74 112 U+5927 508 1296 82 89 U+3061 1481 509 58 86 U+307E 949 319 49 55 U+3059 694 2200 80 83 U+547C 1450 1452 87 101 U+3082 513 2347 57 75 U+3089 1076 1777 57 105 U+3042 704 1476 79 94 U+306F 953 1061 44 58 U+306F 902 1597 62 58 U+304A 1261 1527 95 72 U+305C 493 736 105 80 U+3058 324 277 85 100 U+6025 326 992 80 126 U+306A 1262 2449 75 83 U+306B 1469 417 82 78 U+306B 1084 813 73 71 U+53E3 143 604 51 57 U+3093 504 462 108 86 U+5973 293 1610 120 54 U+6628 1266 518 95 87 U+306B 126 450 75 80 U+3059 323 1306 68 96 U+5C45 1056 2294 100 88 U+304A 1443 2163 80 54 U+3060 514 1577 74 67 U+3067 505 2291 86 60 U+4EBA 1066 1262 110 90 U+30A2 1284 1981 59 72 U+306A 132 1499 75 108 U+307E 571 1778 54 52 U+6709 1280 913 61 103 U+69D8 1061 1995 100 89 U+30A2 526 1204 43 74 U+567A 102 1058 102 108 U+5B88 133 2252 49 97 U+304F 146 1396 35 94 U+5B85 1084 693 69 104 U+6765 1073 1535 83 122 U+3068 710 2348 57 70 U+5F7C 882 817 103 99 U+4E08 494 1384 104 109 U+8584 696 1958 73 141 U+7D19 691 2421 112 108 U+30A2 531 1917 58 62 U+3044 1068 2447 79 59 U+4EBA 696 279 96 85 U+306A 891 2007 78 87 U+7ACB 1459 829 84 100 U+58EB 314 1784 82 59 U+3069 333 1504 62 84 U+9580 1443 1870 90 94 U+308C 320 1401 74 103 U+3066 1069 2156 72 70 U+4E8C 120 899 89 53 U+306F 1465 1075 67 63 U+3067 700 1305 90 68 U+30E4 1286 1458 61 51 U+3060 710 370 77 64 U+307E 715 909 50 86 U+567A 118 681 94 104 U+3084 500 1137 81 66 U+306F 1514 2028 41 68 U+3093 1249 1794 107 84 U+306D 323 753 70 84 U+6CBB 504 271 83 109 U+3068 339 1207 54 82 U+306A 894 2450 84 85 U+5DE6 1073 1893 74 104 U+306F 952 265 39 51 U+6D6E 688 1841 90 114 U+3044 887 2100 74 55 U+308C 329 2164 64 92 U+305F 1082 1659 58 62 U+5E8F 1465 267 81 150 U+5973 96 1839 118 55 U+306E 1461 1799 59 65 U+307E 329 2383 50 91 U+308A 1277 2344 41 105 U+7656 104 1999 100 133 U+3067 891 1915 71 83 U+3042 1263 2163 78 106 U+304B 1274 1878 50 52 U+8A00 505 642 68 93 U+306F 1143 266 43 59 U+306F 1080 2233 67 67 U+9577 121 1284 81 103 U+592B 492 1469 102 104 U+5DE6 700 1094 77 107 U+308A 524 1065 41 84 U+308B 716 2275 38 63 U+306F 1462 2218 42 76 U+304A 901 439 74 62 U+3055 1270 1731 57 68 U+308B 153 1607 34 70 U+98F2 482 2199 110 91 U+3078 888 983 97 57 U+7F6E 1083 1343 66 117 U+307E 899 1444 60 93 U+30F2 1302 1390 44 66 U+30A2 920 1258 45 44 U+5B9C 501 2430 76 89 U+306F 116 2462 79 67 U+305D 515 991 60 74 U+306A 1077 2379 72 68 U+3050 339 1119 69 85 U+30CA 917 1199 47 62 U+304B 1096 1726 38 50 U+306F 576 833 47 66 U+304A 898 1378 82 66 U+540C 320 1686 77 98 U+304A 888 1676 85 59 U+53E3 1465 1964 52 55 U+308A 697 994 75 109 U+304B 343 699 37 54 U+306F 128 1768 67 58 U+77E5 883 1742 91 94 U+306B 124 2380 75 79 U+3066 317 2261 71 69 U+3084 320 377 82 68 U+307E 1444 2293 68 77 U+5504 1437 1623 94 107 U+3092 700 2103 86 94 U+7559 123 2146 74 103 U+306A 330 537 75 84 U+30A2 337 450 54 74 U+3089 339 2084 55 83 U+3081 319 1992 75 94 U+3068 1481 738 54 82 U+69D8 693 1206 93 92 U+3088 1487 929 42 69 U+3066 1073 1470 69 60 U+306F 317 2340 77 68 U+306F 570 1716 41 61 U+304A 1083 911 85 66 U+3055 1453 2383 54 66 U+30A4 1107 403 40 65 U+3068 327 1876 68 65 U+5973 1421 1730 127 61 U+308B 1146 326 38 44 U+6625 1262 1601 65 117 U+306F 1278 690 65 56 U+308B 1520 2093 34 41 U+3064 1467 672 71 66 U+304C 1279 2282 57 62 U+30B5 1295 1922 52 62 U+30CB 892 1306 66 32 U+3042 713 751 75 91 U+3078 313 843 94 48 U+4E00 499 2007 90 20 U+3092 1083 1113 73 91 U+3068 1481 1361 42 75 U+306E 133 1694 63 72 U+30E8 532 1650 42 43 U+6D5C 1458 1247 77 114 U+305F 319 2473 60 60 U+3078 1263 460 100 50 U+30E8 731 442 40 48 U+53E3 140 974 49 42 U+30A6 1281 811 68 88 U+4E00 123 558 81 20 U+306F 899 737 65 56 U+308B 722 1574 38 75 U+306F 1340 1243 38 59 U+3093 702 836 94 81 U+308B 1478 995 40 72 U+308B 958 1117 36 39 U+5BA2 1084 976 68 136 U+3055 525 387 47 78 U+304A 1259 2077 88 79 U+3046 1279 1149 43 112 U+4E00 1077 1225 75 20 U+30E8 1109 2494 44 48 U+3057 152 1170 20 100 U+306E 133 1905 56 63 U+304B 916 917 40 62 U+30DE 533 1873 54 39 U+30E0 741 660 55 50 U+308B 1471 1551 41 59 U+5BA2 902 509 68 139 U+3044 696 1753 68 69 U+3077 508 2048 78 75 U+305F 1274 1079 53 64 U+307E 772 569 60 58 U+304B 1293 393 37 56 U+304F 525 2102 56 95 U+307E 1330 1303 51 48 U+304A 1458 1176 84 64 U+30E2 1293 751 54 52 U+307E 707 1650 54 98 U+3055 135 273 63 75 U+3088 1493 592 37 72 U+3057 156 779 23 108 U+3068 911 652 41 79 U+3089 136 356 49 96 U+308B 585 895 35 39 U+304C 1290 1024 69 55 U+65E5 1290 621 40 63 U+308A 915 1834 36 82 U+3078 883 1547 95 44 U+30F1 1085 493 62 46 U+306F 779 513 41 58 U+30A2 913 2379 47 71 U+3057 1102 2079 21 77 U+30FD 764 720 25 26 U+30FD 1123 470 24 30 U+309E 358 1951 48 40 seg_fp 147 1969 21 30,hnsd009-010
U+91D1 417 1050 97 106 U+3031 822 1535 69 168 U+5C0F 987 1634 82 69 U+306B 606 519 76 68 U+6765 993 1038 77 119 U+306E 1001 1862 58 55 U+5143 995 937 77 95 U+306E 1379 653 50 58 U+306E 238 930 56 56 U+3082 1382 1210 42 81 U+306F 1186 1447 53 42 U+306A 1003 2480 65 72 U+637B 983 509 96 105 U+306B 1181 2403 66 70 U+3082 1193 1786 43 74 U+3059 1550 2134 63 78 U+305F 419 705 80 81 U+3069 238 1331 66 61 U+5012 985 632 89 95 U+3066 994 401 68 75 U+304C 1555 501 70 68 U+596A 414 1854 86 128 U+5176 611 294 53 123 U+901A 1356 462 92 105 U+306A 238 1480 61 72 U+3064 1545 905 78 93 U+8EE2 216 2460 86 96 U+3082 1383 944 42 81 U+8155 1533 593 96 109 U+3059 226 292 72 105 U+306B 420 963 72 66 U+3067 993 2056 61 68 U+3066 226 2102 67 61 U+306E 1555 2285 52 53 U+3066 1177 463 65 67 U+9593 601 426 82 95 U+3070 417 1704 88 61 U+306E 1619 1385 40 46 U+3057 416 297 84 96 U+4E4B 621 995 39 100 U+548C 593 894 87 105 U+51E6 789 709 91 100 U+306E 1375 1022 56 64 U+308F 812 1252 57 81 U+3070 806 504 75 69 U+72C2 1165 774 87 90 U+5F37 1549 294 83 116 U+4E89 987 1946 80 100 U+306B 628 2250 47 53 U+53EB 786 1789 105 83 U+516D 1552 410 75 88 U+92AD 1368 1111 74 94 U+76F2 989 1729 73 114 U+304F 1183 540 64 68 U+308C 418 1616 92 89 U+3044 1373 1946 60 58 U+3042 430 1522 67 91 U+516D 1180 1359 66 69 U+5916 804 2241 73 99 U+306F 1374 1700 64 57 U+3060 1550 2339 68 62 U+5F37 599 601 80 115 U+3070 995 844 76 71 U+306F 1551 2514 60 53 U+3069 434 599 52 76 U+3057 1553 803 65 94 U+3086 1366 2105 72 70 U+306A 805 2394 52 73 U+3072 1183 870 63 72 U+4EFB 1179 2485 79 81 U+3072 421 2003 70 68 U+3046 249 1392 37 85 U+3066 1363 2337 68 61 U+305A 1180 2128 80 88 U+7740 226 688 69 110 U+3089 821 294 53 115 U+91D1 1371 1316 78 112 U+5F37 1182 1248 71 109 U+4F55 1552 1956 64 95 U+8182 1175 2215 73 124 U+306A 1386 1867 50 75 U+7269 1172 1872 83 77 U+3060 1560 1570 66 74 U+3066 811 1095 44 131 U+307E 811 2084 52 83 U+4F38 212 1899 85 105 U+306E 1377 373 55 70 U+5012 791 890 83 107 U+30A4 807 1400 37 71 U+3093 222 1249 108 86 U+306D 794 409 87 97 U+3059 606 1932 78 79 U+79C1 1541 2409 74 97 U+308F 1620 1329 36 58 U+63A2 589 1466 101 84 U+628A 209 592 104 74 U+3053 1383 307 43 63 U+8E74 212 2184 97 90 U+5176 819 600 42 105 U+3031 1562 1785 60 151 U+7532 999 1176 58 83 U+308C 1183 610 65 87 U+3092 1554 2048 67 90 U+3082 1381 1425 41 75 U+305F 1187 1510 61 66 U+308C 808 997 60 96 U+308C 1370 2471 55 90 U+3092 1561 704 70 87 U+308C 428 396 59 95 U+3068 244 1568 52 84 U+3070 231 2380 65 70 U+4F50 1166 288 88 99 U+3044 1187 2012 60 51 U+62BC 1530 1161 96 87 U+5C45 1363 1773 77 90 U+6575 988 2147 84 90 U+3092 1184 1139 71 99 U+3078 798 825 90 49 U+8A00 1190 1698 53 85 U+3092 230 481 72 88 U+304C 623 1147 54 58 U+4EBA 1356 856 98 108 U+308A 806 2004 55 76 U+30A2 813 1338 54 63 U+307E 1184 942 54 89 U+3068 821 1691 33 79 U+308A 1374 569 52 84 U+5EC3 1352 741 103 114 U+306D 418 490 84 82 U+30F1 249 1068 61 52 U+305B 983 754 82 84 U+3078 1538 1260 93 44 U+61D0 591 1234 92 112 U+304D 1001 2405 64 76 U+304F 1374 2409 53 63 U+304D 996 1523 76 86 U+308B 1388 2175 31 67 U+308C 434 1243 62 117 U+5F80 405 2255 86 96 U+306F 799 2341 61 51 U+3068 437 2073 35 77 U+516D 601 719 75 83 U+308C 232 2280 62 98 U+306F 1175 1032 67 58 U+308C 1554 1645 55 95 U+5F15 600 1748 77 99 U+3068 1565 1057 37 77 U+548C 213 820 93 96 U+6301 1367 1521 73 96 U+306A 1002 1423 59 93 U+80F4 594 2034 86 91 U+308B 1572 2211 25 66 U+5BFE 999 2243 70 97 U+3068 440 1763 38 71 U+529B 1190 2333 50 69 U+308A 419 2150 54 102 U+3051 1180 390 71 80 U+304B 444 887 34 74 U+3079 991 2347 93 49 U+3081 236 1182 54 69 U+305F 813 2170 47 64 U+304F 819 1869 39 74 U+3092 229 1783 73 96 U+306F 611 804 56 50 U+4E00 218 1014 83 15 U+5DFB 613 2127 63 108 U+306F 1185 1952 59 43 U+3053 440 1178 46 61 U+4E00 1180 1660 74 21 U+3066 1378 1625 53 68 U+30A2 1579 1468 42 46 U+304B 1572 992 31 45 U+30C8 1219 703 25 72 U+3092 609 1354 78 87 U+306F 610 2506 70 50 U+308B 1193 1087 35 52 U+3078 411 1458 86 46 U+3057 1013 299 26 97 U+5F15 828 1472 37 88 U+3057 837 2461 16 108 U+306F 1193 2061 37 70 U+4E00 596 1115 85 14 U+30A2 1401 2012 39 39 U+8DB3 235 1678 56 100 U+3055 433 1364 51 79 U+3066 614 1652 55 68 U+3068 436 2474 37 77 U+3057 1392 2241 21 95 U+309E 1210 1578 39 35 U+3093 420 2408 85 74 U+3060 1552 1737 71 76 U+308A 619 1568 45 84 U+30FD 1585 1513 25 37 U+308B 245 396 37 84 U+5BE1 602 2409 87 92 U+51FA 609 1855 74 68 U+3057 446 782 30 105 U+3088 822 1944 36 59 U+6590 990 1260 83 147 U+30FD 263 1125 39 38 U+591A 599 2315 78 106 U+3057 254 2008 21 92 U+30FD 1410 2053 21 30 seg_fp 445 2353 30 58,hnsd009-023
U+767D 383 324 64 99 U+3031 993 1374 53 160 U+306B 1159 2509 72 62 U+753A 363 540 95 79 U+767D 1159 1645 54 95 U+4ECA 1506 2090 92 122 U+3082 1530 2279 48 59 U+4EBA 1154 2404 93 79 U+306E 1150 680 57 64 U+5186 1338 1802 93 123 U+6CBB 1202 1170 50 66 U+30A6 596 375 37 79 U+5C0F 371 706 95 91 U+3060 964 1065 67 68 U+3066 1535 1774 36 115 U+306E 192 324 67 67 U+624B 1526 1115 54 120 U+5DDD 369 437 82 94 U+81EA 594 1543 46 111 U+306E 390 629 51 49 U+3092 962 2048 75 67 U+4EBA 755 1256 97 83 U+574A 1130 575 91 82 U+306B 1155 2109 74 71 U+306E 1340 584 56 63 U+306B 1513 2521 77 64 U+523B 1145 1535 72 98 U+4F55 563 754 81 108 U+4F7F 1153 2001 90 107 U+6765 1338 1018 64 124 U+4F55 400 2177 75 83 U+7FF0 190 1075 81 116 U+30A6 1178 1325 44 80 U+3061 958 321 62 84 U+53D7 189 1298 88 123 U+3084 383 1167 74 58 U+624B 191 956 70 109 U+4F55 384 1352 76 90 U+306B 1331 917 73 87 U+3066 1519 1575 65 67 U+3066 194 1683 76 62 U+3072 1518 2441 69 78 U+3044 1348 1414 60 67 U+3061 215 1762 61 85 U+7F6E 1523 995 58 120 U+306B 773 1604 68 76 U+306A 1343 2434 64 77 U+3072 1146 1047 80 91 U+3080 1148 919 73 82 U+304A 197 879 76 73 U+753A 1153 1842 81 85 U+3064 1321 400 77 94 U+306B 1160 835 42 53 U+3068 1361 1302 45 82 U+3089 1147 321 59 124 U+7559 1519 539 74 94 U+3082 970 910 44 91 U+306A 1356 1570 52 85 U+30A2 385 1231 59 95 U+3066 965 1751 61 63 U+3092 568 1094 76 74 U+3066 781 868 30 87 U+3064 950 467 73 92 U+6625 390 799 55 119 U+592B 1330 800 82 108 U+307E 198 680 58 90 U+9152 1142 470 80 102 U+5DDD 1150 1748 71 90 U+30A2 1350 1660 50 64 U+30A4 418 2072 40 65 U+6765 969 2226 69 107 U+7F6E 1528 1662 63 110 U+5973 1124 760 113 58 U+3068 1527 425 49 85 U+304B 781 1340 35 49 U+306D 1338 2166 67 76 U+306D 1327 1146 85 100 U+53D6 203 1424 68 103 U+304D 590 1995 57 89 U+3044 590 1844 55 48 U+7FF0 1507 1256 86 111 U+3089 1520 879 50 96 U+306B 779 662 43 73 U+304D 773 1515 67 88 U+304F 762 982 75 69 U+304A 182 420 78 81 U+884C 1504 324 77 100 U+307E 1528 1913 47 90 U+3092 204 1194 73 101 U+3084 971 1625 65 63 U+5148 1150 1423 69 109 U+304D 574 627 68 92 U+4F8D 175 498 87 103 U+5927 774 1422 64 89 U+3084 1326 322 77 76 U+3059 580 2183 77 83 U+3092 1526 1368 73 90 U+304B 1533 821 34 59 U+5F80 756 768 79 98 U+4E09 401 2346 70 62 U+82E6 771 1764 69 109 U+6240 385 1009 74 89 U+5F80 1155 2212 71 101 U+547C 964 2137 78 89 U+307E 209 1525 46 76 U+304A 568 489 79 66 U+4F7F 756 566 87 92 U+30C8 992 1520 32 65 U+307E 593 2093 45 84 U+305F 1345 492 42 75 U+3064 776 2062 66 63 U+8A00 400 1551 57 96 U+6BBD 548 978 106 109 U+52B4 776 1876 63 108 U+9022 962 641 53 135 U+4F59 398 2485 88 94 U+30A2 1353 720 34 57 U+304A 753 325 83 78 U+30B3 594 327 37 37 U+3075 1338 1478 72 85 U+304C 985 1687 47 64 U+305F 1526 2002 50 65 U+306B 594 1744 49 78 U+305F 1171 2317 46 63 U+7537 979 1939 48 96 U+3060 1526 736 58 77 U+8FCE 1510 2361 82 77 U+305E 582 863 62 87 U+5341 393 2414 83 71 U+3078 1149 1946 85 28 U+5FA1 780 1698 60 67 U+3060 776 1996 59 61 U+3093 956 994 98 71 U+7537 626 1196 43 79 U+7537 440 1927 47 68 U+65E5 1535 2199 35 62 U+3068 222 1975 48 76 U+304C 199 775 50 80 U+304B 395 922 43 75 U+3066 960 782 52 69 U+308B 991 2333 29 54 U+5176 972 1846 53 94 U+3064 206 1906 74 70 U+98F2 766 2359 88 90 U+8FD1 187 2064 99 91 U+308F 1360 1946 41 74 U+305F 399 1772 56 70 U+7531 588 1662 54 80 U+308C 772 1051 48 102 U+304C 1350 2510 56 62 U+3055 199 601 46 79 U+5F80 195 2404 97 89 U+3060 1340 648 65 60 U+306D 779 2445 65 86 U+3068 973 556 37 71 U+3068 404 1444 50 76 U+305F 580 1894 60 59 U+5B88 1526 637 46 93 U+8A00 1350 2342 50 88 U+307E 209 2236 51 74 U+305F 773 1156 45 63 U+3089 1367 2067 23 77 U+30F2 993 2486 48 45 U+3078 778 2539 85 32 U+3078 763 490 81 49 U+30CB 594 2540 51 31 U+305F 582 555 38 73 U+3088 227 1843 34 57 U+5973 993 1218 81 40 U+3084 388 1648 73 57 U+3031 604 1381 52 140 U+305F 782 2124 49 49 U+3081 772 403 55 75 U+30CF 983 1309 54 35 U+304B 421 2272 33 40 U+3078 1331 1255 80 36 U+3067 204 2314 72 71 U+6240 197 2157 86 65 U+3078 949 866 81 38 U+6CBB 637 2294 50 58 U+3078 1328 2249 92 35 U+3078 381 1859 92 41 U+304B 1367 2020 32 45 U+4E00 1339 1765 86 15 U+305F 216 2498 54 72 U+30A4 995 1342 28 63 U+3057 1552 1464 14 107 U+30DE 804 2184 49 37 U+304B 1160 999 36 51 U+3088 973 406 38 66 U+30D8 419 2045 62 31 U+30AD 606 2464 45 61 U+30D8 592 1317 61 39 U+3057 225 1599 20 85 U+30A2 807 2226 44 57 U+30CE 972 1137 43 50 U+3058 413 1097 36 75 U+30B3 1177 1280 40 43 U+30C4 810 2318 39 31 U+309E 608 1957 45 47 U+30FD 1012 2532 19 36 U+6CBB 1038 2387 48 59 U+30C8 623 2411 25 49 U+30A4 591 1356 58 60 U+3057 423 1704 21 68 U+4E00 779 2295 79 16 U+30C8 1394 2312 20 36,hnsd009-029
U+3082 886 349 55 83 U+306E 114 880 61 56 U+3082 692 669 55 87 U+8003 476 344 105 124 U+8272 881 1185 57 107 U+306E 311 524 58 48 U+306E 883 1308 55 63 U+306E 881 1114 55 57 U+304A 110 971 71 63 U+5168 295 1359 99 83 U+4F53 296 1462 94 90 U+3084 491 2193 67 75 U+5F80 1049 640 85 104 U+3044 109 1537 71 58 U+98A8 1063 2069 89 98 U+4F59 874 995 84 109 U+5C0F 483 2336 81 59 U+306A 694 1027 61 74 U+4F55 1056 353 80 103 U+3082 883 1781 58 73 U+3080 107 613 84 93 U+306A 1076 1984 52 75 U+307E 1250 2255 50 78 U+3067 876 1718 76 60 U+3059 1448 1507 54 87 U+3060 1069 2171 61 65 U+305D 1259 348 66 82 U+306B 682 1220 72 72 U+3072 307 1033 72 72 U+304D 307 1790 78 82 U+3031 516 916 50 149 U+305F 1249 1424 56 66 U+4E2D 876 2067 61 96 U+69D8 677 917 88 106 U+4EBA 675 1127 98 91 U+6C17 506 1317 69 119 U+3061 316 886 59 88 U+4ECA 1056 2490 93 97 U+3078 1059 571 89 34 U+51E6 1049 461 97 90 U+3044 1072 1504 53 59 U+3060 1250 1273 76 73 U+3067 1240 1997 71 69 U+304C 507 1455 52 60 U+90A3 477 1210 84 97 U+306A 882 1575 61 79 U+6CBB 729 346 56 68 U+4F8D 1059 1297 84 110 U+3067 101 1292 80 77 U+767D 886 1397 55 84 U+3067 1434 1894 63 64 U+3046 123 1752 43 100 U+3046 703 575 33 86 U+3089 1457 774 46 95 U+3046 1435 1246 61 106 U+901A 879 542 65 101 U+7B48 682 1739 74 128 U+307E 122 1588 50 82 U+3093 299 430 99 87 U+7537 165 2100 41 76 U+305F 497 1814 56 68 U+7533 898 454 43 86 U+3089 308 2505 51 91 U+3066 678 2509 84 70 U+5F53 1243 791 81 117 U+3089 1461 405 40 95 U+3044 1244 2199 67 57 U+592B 299 696 88 91 U+5E30 1433 520 96 82 U+304C 686 1936 66 62 U+305F 112 526 55 66 U+3056 1445 2029 60 70 U+3064 1431 605 90 93 U+3066 1062 1044 59 65 U+5927 106 351 78 92 U+63C9 474 1537 93 121 U+4F55 1058 1792 71 104 U+304B 100 451 84 78 U+30A4 895 1484 32 71 U+3044 307 2144 61 56 U+77E5 675 1325 83 93 U+30C8 717 2010 33 58 U+5176 689 796 49 117 U+4EBA 1239 914 95 78 U+305D 694 2378 49 72 U+5DE6 1248 1806 64 99 U+305B 104 1673 81 78 U+30CD 1262 1499 53 66 U+306F 1253 1001 65 56 U+7537 1121 2302 40 66 U+3044 310 1220 63 53 U+306E 1069 1210 53 91 U+9593 300 602 83 77 U+305D 1074 878 55 69 U+597D 95 2425 101 70 U+69D8 1058 1896 80 88 U+898B 875 2349 70 76 U+4E09 881 759 64 73 U+304B 1465 347 36 61 U+3068 1081 1394 45 78 U+306D 666 1572 91 97 U+307E 1439 2179 46 77 U+8846 872 2177 73 93 U+306A 1071 1644 58 71 U+7559 1251 1071 71 98 U+3056 117 1452 68 83 U+307E 1456 1069 48 89 U+308A 890 639 43 95 U+3055 315 354 50 79 U+3059 1428 2256 84 80 U+306B 320 796 50 67 U+99B4 91 1072 90 99 U+3059 878 2517 68 80 U+306A 310 1124 66 95 U+3093 873 1645 100 71 U+7537 1302 1588 44 66 U+305D 1072 1137 50 70 U+307E 889 2455 43 60 U+305F 1067 746 54 57 U+5BB6 877 1951 69 115 U+9063 1448 881 64 104 U+304B 121 2352 39 50 U+308C 1258 432 60 102 U+3084 1254 625 74 69 U+3075 297 2201 73 76 U+305F 549 680 42 59 U+3060 687 1870 70 65 U+30E8 328 1283 39 44 U+305B 1434 1163 74 80 U+67D3 101 1178 89 113 U+6328 1426 1677 85 105 U+304A 306 1582 75 60 U+30C4 1261 1355 53 58 U+65E6 483 1108 79 95 U+3068 892 2269 46 67 U+5B88 1259 1170 46 91 U+304B 1081 802 34 46 U+5FA1 879 1880 68 69 U+30DB 508 1904 57 62 U+308A 514 2123 33 80 U+69D8 1240 1905 85 87 U+3062 1259 543 67 89 U+3075 1062 1563 66 81 U+3054 122 1387 51 59 U+307E 120 2200 49 82 U+305F 1460 695 48 76 U+304C 323 975 56 55 U+305D 505 2060 47 63 U+62F6 1427 1790 82 98 U+3078 1054 2244 89 38 U+5FA1 1442 1614 66 62 U+3081 692 2451 51 57 U+7709 656 2107 86 104 U+30E8 133 1846 41 46 U+624D 875 908 65 79 U+304B 126 703 44 52 U+7533 1456 1424 39 88 U+3054 1256 2076 62 51 U+30CF 1268 2464 58 33 U+51FA 310 1893 71 71 U+3092 685 2212 72 83 U+308B 491 2515 70 67 U+30B5 500 853 58 48 U+3059 1240 2336 73 63 U+5DF1 691 1418 72 68 U+3057 138 760 20 106 U+308B 513 595 32 58 U+3072 686 2302 69 75 U+3056 1254 2129 63 66 U+30C6 1280 2499 40 42 U+3054 1446 1976 65 49 U+30A4 1267 1727 36 61 U+7537 110 2496 61 94 U+3060 315 1969 66 66 U+305F 312 2367 46 66 U+3084 295 1643 83 54 U+30A4 1093 2432 32 53 U+308A 1459 986 45 91 U+51FA 499 1664 67 69 U+30A2 1251 694 64 85 U+3068 319 2040 41 84 U+30CF 1084 2406 57 33 U+308A 1442 2100 47 91 U+3068 1458 1341 37 78 U+3069 696 496 57 74 U+5341 873 840 68 67 U+3078 673 1682 92 39 U+30DB 103 1921 62 64 U+304B 325 2459 32 46 U+30A2 517 2271 38 53 U+3078 856 2430 103 38 U+30A2 515 902 32 54 U+306F 683 1502 73 59 U+30D8 1262 1698 63 33 U+304D 544 745 64 62 seg_fp 118 2282 50 69 U+30CA 1213 2529 64 73 U+6CBB 1312 2390 52 69 U+304C 501 474 62 71 U+30E0 1421 2518 48 45 U+3057 1091 951 17 90 U+30A2 1080 1710 45 35 U+6CBB 1486 2362 47 61 U+3057 332 1695 21 93 U+3078 492 543 74 44 U+306F 502 2415 39 80 U+30FD 122 2043 18 25 U+3057 534 1728 19 85 U+30FD 122 1987 16 23 seg_fp 531 1975 15 65 U+30FD 1446 2563 27 30 seg_fp 123 2013 14 28 seg_fp 1467 2451 80 88,hnsd009-030
U+306B 380 1654 70 69 U+3058 956 2036 73 97 U+3044 1497 1426 72 56 U+306E 764 1934 56 67 U+3082 1153 2248 48 65 U+4ED6 373 1543 87 91 U+6CBB 236 1074 50 59 U+306F 370 499 54 49 U+3082 1512 1147 47 89 U+3067 740 332 68 79 U+3082 1339 2091 45 69 U+3092 958 1928 66 79 U+304C 549 334 67 73 U+6240 1317 1361 83 108 U+6CBB 793 623 51 70 U+306A 1511 770 56 92 U+3067 932 455 65 76 U+3066 1132 2056 68 56 U+306F 766 2380 63 48 U+4EBA 933 981 92 81 U+3044 1143 2326 64 55 U+65B9 1479 970 99 96 U+306A 199 1759 56 83 U+7537 1125 1164 78 111 U+597D 1127 1378 84 81 U+3042 949 1166 61 80 U+306B 195 2391 71 54 U+306F 951 1551 55 44 U+7A0B 1133 2141 78 92 U+306A 762 1219 56 87 U+3084 1506 2228 69 71 U+7D19 942 1718 84 99 U+5DE6 368 568 68 121 U+4ECA 775 2027 67 114 U+304A 1500 2378 78 60 U+3067 157 434 75 84 U+307E 1509 1500 51 92 U+3092 751 1695 77 67 U+304C 1156 2417 62 47 U+91D1 1146 1702 71 103 U+3084 549 776 66 72 U+3059 171 866 72 118 U+3042 380 1043 71 80 U+306F 1320 1478 68 51 U+3060 1318 760 72 66 U+3067 1494 1078 77 69 U+3093 1492 1664 104 85 U+304C 1129 464 58 85 U+6CBB 951 1821 70 102 U+3070 1123 756 76 75 U+773C 750 1337 90 106 U+304C 1151 1807 55 68 U+3068 969 2302 46 62 U+3060 755 915 72 81 U+3042 1142 1891 68 77 U+3066 1132 1625 67 58 U+3042 1130 559 67 87 U+4E8B 554 414 63 110 U+304F 1151 1462 31 83 U+304A 1493 896 86 73 U+3044 940 892 63 53 U+3042 392 2196 72 66 U+305D 1510 2081 53 78 U+305B 1495 1591 72 74 U+308A 1517 2164 43 72 U+9854 959 2478 67 90 U+304C 409 2129 50 54 U+30A2 1518 2305 51 65 U+304B 186 1527 57 71 U+308C 198 2129 66 86 U+30A2 381 953 51 82 U+308C 1321 952 62 101 U+60C5 551 1289 82 116 U+30CD 1159 1058 46 63 U+3064 1135 1967 70 85 U+8276 1319 2189 75 98 U+6A2A 949 2379 81 99 U+30C8 987 1613 30 62 U+30E8 193 989 39 48 U+3051 192 2048 71 85 U+4EBA 1315 1944 101 75 U+308D 963 2145 54 77 U+304B 558 520 42 79 U+3093 353 413 80 80 U+5B9F 1124 329 59 130 U+3093 186 1677 94 75 U+3044 400 2388 53 49 U+306E 766 2317 56 57 U+3082 950 1065 53 79 U+898B 1318 1168 69 96 U+307E 186 767 44 94 U+80FD 1124 860 76 120 U+3093 370 1380 88 76 U+3044 172 686 65 62 U+3067 1332 2024 70 59 U+306E 938 692 64 84 U+304A 1325 1552 80 67 U+30A2 571 860 44 69 U+7B11 755 1097 75 117 U+306A 943 792 65 97 U+53EF 748 1017 79 87 U+306F 1133 987 61 60 U+3068 1510 329 40 81 U+69D8 360 689 90 95 U+305C 564 1972 90 94 U+5DF1 768 2510 79 69 U+308A 570 1144 48 123 U+305B 367 1301 72 81 U+81EA 778 2419 44 92 U+5FA1 562 1599 76 83 U+5B9F 935 552 67 133 U+30E0 207 1192 47 42 U+5176 382 1744 52 107 U+3069 1329 1052 56 95 U+304D 1559 1971 44 52 U+306F 369 330 53 89 U+898B 746 430 69 109 U+3064 758 1530 64 78 U+304D 759 1608 68 89 U+3056 1510 1332 66 92 U+4F59 540 959 92 106 U+306A 394 1947 59 61 U+3066 1314 2495 84 76 U+5B9F 195 2285 66 103 U+304C 1148 1285 55 53 U+307E 953 1336 41 100 U+3084 371 889 74 60 U+69D8 166 1425 95 97 U+304B 378 1469 52 60 U+5BA3 566 1786 61 120 U+3046 1521 666 29 102 U+3044 1493 447 72 62 U+307E 388 1209 47 93 U+3093 750 842 95 76 U+307E 567 1064 49 80 U+69D8 1302 452 88 90 U+5DE6 186 1308 61 114 U+3078 556 1537 91 52 U+3051 1309 851 74 105 U+305F 1332 1265 48 73 U+3054 1513 1275 65 53 U+3059 770 1774 46 88 U+898B 928 328 73 126 U+308A 969 2223 37 76 U+69D8 378 1851 87 95 U+307E 1515 2437 42 73 U+5B9C 180 1946 82 100 U+3060 575 1910 66 63 U+308B 784 1867 29 61 U+304A 1307 575 91 67 U+305F 1562 1918 33 49 U+308A 390 1122 44 92 U+8A17 554 1688 88 110 U+306D 552 1412 88 112 U+3069 207 2216 62 72 U+304D 635 2135 49 56 U+305D 193 1611 50 67 U+69D8 188 2515 95 63 U+8A00 1319 649 56 112 U+308B 404 2254 43 49 U+306A 758 751 62 97 U+3084 1489 596 80 69 U+30CB 577 2355 57 32 U+4EBA 379 2045 109 80 U+305D 558 614 50 66 U+3075 1489 508 80 90 U+3054 185 539 62 51 U+308A 957 1243 44 109 U+308C 1130 642 57 112 U+30C4 784 1448 45 45 U+5DE6 1308 324 72 135 U+8A00 775 2145 47 85 U+305F 777 2232 46 75 U+5484 390 2495 91 66 U+30CA 607 2231 37 58 U+308A 569 684 38 99 U+3056 183 591 65 86 U+5DE6 204 2439 53 81 U+307E 580 2495 61 71 U+3089 188 1841 53 107 U+3068 413 2319 30 63 U+305F 635 2076 36 58 U+304B 1343 1616 40 56 U+30A2 610 2287 34 42 U+304A 566 2424 86 77 U+3058 392 790 47 66 U+90AA 1126 2485 81 74 U+30CF 1515 1759 58 34 U+308B 763 533 43 60 U+3078 1492 2519 104 48 U+30FD 224 1238 26 35 U+30C4 1149 1561 48 59 U+3057 188 339 15 88 U+304F 1326 2378 57 71 U+3057 1350 2282 22 93 U+30FD 1533 1853 20 26 seg_fp 413 2437 45 46 U+30A2 1351 1679 42 63 U+309D 1178 2379 23 30 U+306A 1337 1833 58 90 U+3064 1344 2451 42 50 U+30FD 1536 1795 17 30 U+3057 1344 1738 26 90 seg_fp 899 1444 109 84 seg_fp 1535 1828 17 28,hnsd009-031
U+306E 1501 1185 57 62 U+3092 164 1071 83 59 U+306E 757 2163 62 60 U+5408 1487 1505 98 101 U+306A 368 805 60 95 U+306E 1121 1036 64 61 U+53EF 349 480 92 88 U+3067 527 287 84 69 U+306B 1491 1410 74 69 U+98FD 1117 1935 98 87 U+3082 1124 782 46 83 U+6C17 178 936 75 120 U+307B 946 2272 77 72 U+98A8 1319 1836 79 96 U+4ECA 177 2143 96 111 U+304F 375 691 36 96 U+6C17 1500 1266 73 126 U+3031 362 291 52 147 U+4EBA 1489 1689 91 91 U+65AF 945 2448 78 86 U+3082 197 2066 50 70 U+305D 1499 409 59 74 U+3090 1306 1430 69 72 U+304C 1330 1050 53 47 U+306A 1134 513 55 83 U+81EA 1500 955 53 117 U+8276 531 392 91 106 U+611A 743 559 66 129 U+3067 183 2318 73 69 U+611B 361 577 62 106 U+30A2 1512 852 44 74 U+3066 375 2195 60 67 U+65B9 1299 727 89 87 U+3067 1304 446 65 75 U+306E 372 1225 60 62 U+306F 1132 1860 58 51 U+30B5 964 2181 51 59 U+3082 1499 2062 54 83 U+306E 1490 491 67 76 U+304C 1324 823 54 58 U+306E 1499 2469 64 71 U+4EBA 358 1375 97 74 U+306B 1129 2475 79 66 U+308B 381 894 38 63 U+306B 942 1642 60 71 U+3068 563 1331 49 79 U+306A 562 1658 52 84 U+9593 1489 587 83 105 U+304F 184 1873 50 71 U+306A 399 2466 58 72 U+7336 559 2450 88 89 U+610F 749 1969 66 111 U+3066 1325 1305 35 101 U+3089 934 1018 47 97 U+6C17 1322 912 77 124 U+3082 767 1867 45 87 U+5C45 1295 538 91 109 U+306B 1494 689 71 93 U+5730 740 2078 98 77 U+3044 932 491 64 64 U+306D 1107 891 90 98 U+9152 1490 1896 81 100 U+3068 751 449 51 90 U+3066 939 555 39 102 U+306B 961 2391 52 56 U+3084 1491 781 76 68 U+90AA 545 1862 97 96 U+6211 1479 1075 91 93 U+307E 1142 2027 47 86 U+7B48 939 2057 79 115 U+308A 577 1738 36 98 U+3093 1124 1780 93 74 U+3031 183 772 72 147 U+79C1 149 487 87 104 U+5176 1120 284 45 112 U+304F 755 1033 32 112 U+3044 160 388 68 65 U+773C 919 1533 98 106 U+3067 1110 710 81 70 U+898B 559 1960 76 119 U+5A18 1125 2375 91 96 U+8A00 380 2094 61 94 U+5B9C 1486 281 81 101 U+4E0D 185 2392 79 67 U+60C5 353 1460 84 98 U+308B 1329 1497 35 65 U+3089 761 836 47 93 U+98F2 1482 2161 91 101 U+305F 1498 1608 54 61 U+3068 1509 1778 50 88 U+5426 555 1439 73 111 U+304C 754 1597 61 61 U+30CD 1323 2081 52 62 U+3060 1327 1927 55 69 U+6CBB 1394 2147 49 62 U+3044 743 287 60 69 U+5B9F 549 702 64 132 U+60DA 910 281 95 112 U+60AA 929 1132 78 103 U+306A 184 1785 63 74 U+304C 382 1286 58 50 U+5C3D 177 1588 66 104 U+5974 1098 626 105 76 U+304A 1124 1501 85 59 U+3067 171 1263 65 73 U+306E 1139 2307 56 58 U+4F55 736 1705 82 91 U+306C 931 395 68 81 U+5B9F 178 1368 63 140 U+30D8 1139 1377 62 41 U+306B 565 1551 50 78 U+30A2 1331 1998 47 76 U+307E 1133 1560 59 86 U+3067 1134 2114 58 79 U+898B 942 1733 67 101 U+7A2E 153 690 95 107 U+306A 951 1902 59 81 U+3057 1305 277 76 96 U+3044 936 1243 63 68 U+307E 193 2250 47 69 U+306D 353 1655 90 96 U+304D 1192 1256 39 69 U+75F4 729 692 98 140 U+30B9 1142 1107 53 58 U+305C 364 1906 87 84 U+63C9 152 1153 95 105 U+89A7 386 2349 71 112 U+3093 940 2341 79 68 U+805E 738 1163 72 95 U+308F 768 2244 39 76 U+5B9F 185 2458 86 96 U+3044 941 1989 69 57 U+3068 387 1994 50 77 U+308B 1331 648 33 63 U+3042 1124 2216 79 91 U+69D8 1108 397 91 110 U+3044 371 1064 60 71 U+305B 733 1416 79 81 U+304C 177 594 52 55 U+3082 772 2425 45 76 U+306A 384 1822 55 79 U+304B 1327 2486 41 60 U+304D 1319 1127 53 92 U+3067 1494 1998 70 62 U+3075 357 1133 82 89 U+306B 580 2078 39 55 U+308C 547 1155 70 95 U+3068 581 2365 41 73 U+304F 566 589 28 77 U+306F 177 284 46 95 U+304B 951 963 33 55 U+3055 1141 1719 44 63 U+307E 1325 2317 46 93 U+3066 179 2003 63 60 U+4E8B 943 1329 54 120 U+30CA 1344 2220 39 47 U+3060 939 878 60 74 U+3075 1310 1745 74 85 U+3093 1304 369 86 67 U+5FA1 391 2291 59 56 U+304A 934 687 73 86 U+306F 175 1513 63 59 U+3075 737 354 70 94 U+3044 1321 1673 56 70 U+307E 745 1324 57 91 U+308C 566 2227 60 84 U+3044 757 2378 64 51 U+5728 926 773 71 103 U+3093 754 2470 107 83 U+3044 1303 1217 84 86 U+3055 574 2159 51 66 U+305F 1502 2386 52 81 U+3067 747 1798 77 68 U+306F 938 1454 62 56 U+3046 760 1501 36 97 U+304B 391 1563 27 52 U+3078 1110 995 87 35 U+3078 353 1761 102 43 U+308B 775 2319 38 55 U+30CB 1340 2269 48 30 U+3078 1114 1662 101 54 U+308B 583 2309 38 50 U+3067 1515 2266 56 72 U+3068 384 977 35 83 U+30F3 1159 1420 53 35 U+3055 1323 2412 48 75 U+3055 187 1695 46 80 U+308B 563 1249 43 57 U+3057 572 498 27 92 U+3055 560 1071 48 81 U+3057 767 932 23 97 U+3078 727 1274 95 40 U+3078 936 1848 79 45 U+305F 1193 1189 38 66 U+30C4 204 1952 39 52 U+3068 1334 1581 30 90 U+5C3D 539 952 75 115 U+3092 543 846 79 94,hnsd009-037
U+4E8B 1429 2129 73 156 U+306E 1406 2341 94 101 U+608C 639 2254 132 169 U+6728 1358 349 152 185 U+96E2 618 1178 152 173 U+3081 123 353 92 114 U+304B 1190 2371 50 93 U+5B5D 614 2036 147 179 U+3082 1181 2076 56 131 U+5225 617 1026 166 146 U+308A 917 2123 77 98 U+304C 408 2396 85 53 U+611F 350 358 149 189 U+5B98 1149 1159 105 197 U+61F2 610 363 173 188 U+6240 1375 1897 146 108 U+306E 1393 1775 113 110 U+770B 1117 963 133 193 U+4F5C 1386 2025 154 121 U+307E 908 362 86 156 U+308B 133 2149 105 112 U+60AA 618 593 150 151 U+308B 161 468 48 110 U+3070 900 1892 125 121 seg_fp 412 1087 40 92 U+306B 677 2436 52 173 U+306D 90 1850 159 153 U+7F6E 1145 1863 116 181 seg_fp 388 2255 84 131 U+5176 612 1350 148 183 seg_fp 905 1298 96 82 U+305F 147 2030 56 108 U+306F 906 1434 97 58 U+677E 337 1940 161 135 U+5076 1352 578 176 153 U+7D19 907 1177 117 125 U+66F8 1127 586 120 199 U+6B4E 335 604 166 165 U+7B46 326 1212 147 242 U+8A71 1376 1288 133 161 U+306B 92 1150 134 116 U+4FE1 611 1861 140 143 U+5916 643 1538 137 141 U+306E 350 1464 130 128 U+52E7 872 2260 150 194 U+3057 944 510 43 208 U+72C2 1383 1480 131 126 U+7AE0 898 1708 94 183 U+4E16 1356 1148 173 123 U+3082 1172 810 54 112 U+306E 1146 2205 120 114 U+5FE0 635 1690 111 167 U+6C17 1146 1526 148 171 U+4E09 123 2372 90 66 U+3089 1185 2475 73 135 seg_fp 116 986 114 155 U+304B 938 2043 34 74 U+54C0 633 786 128 171 U+4EAD 382 2074 93 201 U+8349 868 895 139 267 U+3092 1149 1701 88 147 U+5584 883 2498 121 122 U+9053 122 583 98 242 U+7B4B 1118 429 146 167 U+3066 887 752 90 106 U+5148 365 1590 117 141 U+3086 101 1629 129 197 U+53EA 353 1752 145 155 U+518A 113 2470 142 152 U+306B 1135 1381 122 102 U+65E5 140 869 66 104 U+3055 390 784 55 120 U+307E 1429 752 55 163 U+8A00 1416 1644 72 125 U+597D 370 2500 121 100 U+3067 1414 932 78 205 U+3059 382 890 72 192 U+3092 124 1358 90 204 U+6587 871 1548 177 151 U+5FC3 97 1311 139 83 U+3068 1433 2463 51 136 seg_fp 932 1534 40 64 seg_fp 1144 358 91 71 seg_fp 1445 1606 24 33 seg_fp 1043 2496 103 101 seg_fp 920 2473 65 79,hnsd010-004
U+3092 447 684 62 52 U+308C 588 579 67 58 U+8EAB 441 601 65 81 U+3082 950 661 49 79 U+5FC3 833 529 80 60 U+308F 606 649 32 62 U+3068 955 605 40 57 U+3051 736 688 51 55 U+3044 444 749 65 49 U+6D41 592 494 67 80 U+3068 1067 736 23 74 U+306E 552 829 73 73 U+306F 858 600 36 80 U+306B 438 883 61 57 U+3093 324 902 96 65 U+306B 954 744 32 118 U+3069 716 821 51 71 U+6E05 730 594 66 91 U+305B 354 820 70 79 U+305F 600 714 38 46 U+6C34 1061 660 49 72 U+5DDD 1043 556 85 85 U+308A 595 761 43 74 U+308C 740 738 42 82 seg_fp 456 801 35 84 seg_fp 469 796 19 26 seg_fp 905 573 40 36,hnsd010-009
U+306E 1271 654 56 47 U+306A 1183 932 58 65 U+3092 895 703 66 47 U+5C71 1354 2249 66 59 U+306A 904 756 52 55 U+4EBA 1260 581 93 61 U+3059 895 810 68 53 U+3066 985 941 61 55 U+308A 1200 998 34 65 U+3089 473 1023 35 71 U+755D 1343 2156 93 63 U+6B32 1085 658 79 73 U+6027 1253 712 95 75 U+3092 1086 864 66 52 U+60AA 893 629 77 71 U+5F37 1347 2330 72 70 U+306F 1281 793 44 69 U+306A 441 915 80 61 U+6D6E 656 572 92 104 U+5BB3 974 803 74 81 U+3092 826 1022 65 60 U+3044 829 838 59 58 U+3084 661 782 72 72 U+3068 912 863 37 60 U+5584 1170 837 86 90 U+304C 475 968 48 57 U+3042 455 770 63 71 U+79C1 1083 604 80 52 U+308A 476 843 30 74 U+3053 1103 738 43 39 U+306B 537 773 58 61 U+96F2 673 682 51 92 U+5FC3 530 693 73 72 U+308C 1096 774 54 86 U+6708 630 854 54 104 U+516D 1352 2423 65 58 U+3075 816 897 73 61 seg_fp 689 854 44 39 seg_fp 694 893 38 54 seg_fp 838 953 34 70 U+3057 1005 883 15 61 U+306F 640 956 36 70 seg_fp 651 1024 19 25 U+91D1 343 977 66 58 seg_fp 598 751 44 43,hnsd010-010
U+306E 1290 821 57 49 U+5409 1141 918 70 82 U+65BC 1128 823 103 72 U+7D50 1263 1018 81 80 U+9091 1284 734 71 84 U+9AEA 1260 922 88 101 U+8C4A 1269 572 101 103 U+5973 1268 879 97 47 U+5CF6 1267 673 101 66,hnsd010-011
U+306E 1012 2083 62 59 U+4ECA 233 2335 80 118 U+91DC 990 2257 94 123 U+3072 815 2307 75 63 U+304A 1380 2312 78 64 U+304A 1000 2168 81 67 U+5CB8 618 1259 82 122 U+3082 1006 740 46 76 U+91D1 414 494 97 126 U+4E4B 1197 528 63 99 U+305F 802 1315 67 87 U+3067 619 1391 72 73 U+308C 1004 997 74 96 U+304C 1013 1514 66 54 U+304A 614 965 80 53 U+843D 428 2245 83 131 U+3060 1380 1317 78 79 U+5927 1371 274 77 89 U+3060 1195 950 83 73 U+4EBA 611 1597 102 92 U+3066 634 2473 41 95 U+3066 1378 2222 67 81 U+3082 818 370 40 74 U+76EE 1200 1041 62 96 U+5800 413 1953 103 98 U+3092 1009 2404 59 72 U+3084 607 355 79 75 U+306E 237 1715 55 57 U+305F 1003 1101 67 80 U+3060 31 495 74 66 U+304C 51 1254 61 50 U+304C 1205 638 56 53 U+76F2 1003 1836 65 126 U+6240 212 899 96 125 U+3066 221 278 69 82 U+4EBA 29 1141 97 84 U+671D 228 2470 84 95 U+30CD 1208 718 52 64 U+306F 1377 1846 73 48 U+306A 1203 2010 63 75 U+548C 1178 418 88 97 U+304C 245 2240 59 57 U+5974 781 282 113 80 U+523B 209 1438 86 110 U+76EE 1014 1975 57 82 U+5B9F 1375 1531 67 142 U+30CD 249 379 54 75 U+3046 242 2067 38 85 U+9020 1353 367 101 117 U+30A2 1210 282 45 58 U+76D7 621 1486 74 89 U+5909 1373 816 72 142 U+3067 981 664 85 67 U+53D6 425 902 58 97 U+3082 1390 1170 48 76 U+306B 443 1845 43 68 U+6CB3 618 1171 81 82 U+5F37 1251 1508 64 69 U+304F 41 1661 64 65 U+6F70 43 2253 80 97 U+3089 1013 914 57 89 U+306F 617 661 67 37 U+3093 807 2085 96 84 U+591C 606 841 102 102 U+3066 64 2470 39 104 U+9022 1191 1221 75 138 U+76EE 1200 2094 68 98 U+3060 1380 1756 78 70 U+5409 1435 1415 46 67 U+4ED5 413 1269 88 85 U+6628 217 1117 86 79 U+3066 416 1188 64 74 U+80F4 608 2078 100 92 U+3078 419 2082 91 31 U+9022 1196 2274 64 133 U+FA55 420 2129 92 112 U+308C 421 1068 68 107 U+3082 1391 956 39 65 U+5409 856 1422 50 74 U+4EA5 224 1296 69 136 U+3057 38 1323 75 89 U+3092 40 2184 72 63 U+3066 30 773 55 70 U+65AF 24 276 78 125 U+306B 1191 2189 74 64 U+306B 1190 1134 73 70 U+5927 1366 731 79 79 U+30A2 626 440 49 59 U+8FD1 38 849 59 97 U+305F 416 395 56 85 U+7B11 808 2177 90 99 U+3054 824 2404 72 81 U+3089 1387 491 47 79 U+809D 27 2073 90 99 U+3066 614 1916 72 83 U+5176 410 1646 77 114 U+3042 806 458 68 84 U+305F 41 1841 58 75 U+591C 221 1199 79 95 U+6B8B 404 785 100 100 U+3058 639 274 42 95 U+5F37 807 1813 81 113 U+53D6 1014 2483 64 85 U+5C45 403 278 80 115 U+308C 40 1728 67 108 U+306B 241 591 52 71 U+4E0D 401 690 83 96 U+305F 1197 1364 63 67 U+8A00 40 664 44 98 U+3055 235 1025 54 72 U+307E 239 1550 46 94 U+307E 437 1352 44 91 U+3057 825 748 19 129 U+3044 613 588 72 53 U+306B 627 1698 56 72 U+6240 26 959 84 78 U+5EFB 997 477 77 78 U+6B7B 210 702 96 96 U+3060 228 2170 78 70 U+3066 42 1576 58 69 U+307E 633 1022 46 92 U+306F 1199 1453 56 35 U+3068 1019 1250 41 81 U+304B 1020 1761 41 55 U+306A 993 284 70 92 U+30CF 827 889 53 43 U+3078 608 1119 110 64 U+3089 990 377 54 95 U+3078 793 699 91 59 U+30A6 822 1711 50 79 U+30CD 642 712 46 57 U+306F 424 627 58 50 U+65E2 217 471 94 113 U+9022 615 1778 74 130 U+3044 1368 657 71 56 U+306B 616 2299 79 69 U+3089 50 1415 40 74 U+3046 821 1134 40 97 U+6628 602 769 91 75 U+3068 831 2496 45 74 U+3075 411 1441 85 74 U+805E 1382 2117 71 101 U+306D 1367 1020 79 92 U+5DFB 616 2179 64 119 U+308C 1389 2460 54 111 U+3081 799 618 68 75 U+306A 621 509 62 73 U+305D 239 1972 53 88 U+6301 605 2382 88 88 U+69D8 1188 1898 91 110 U+304B 1020 1182 45 62 U+516D 810 1929 67 73 U+3075 996 1434 83 65 U+30CD 1399 1897 50 62 U+601D 997 1351 85 81 U+308A 1017 553 45 98 U+6B63 1380 1677 76 77 U+3093 1370 1239 106 70 U+3060 227 1882 77 71 U+4F55 1201 1792 80 103 U+30E2 825 1651 48 56 U+30CE 1196 350 44 52 U+30A2 1404 2037 41 55 U+30E0 1219 1708 45 45 U+3078 222 1656 83 57 U+308C 426 2468 98 90 U+308B 815 539 48 60 U+3093 1185 852 113 87 U+3089 39 1983 46 91 U+306E 39 1061 73 56 U+306C 225 802 83 86 U+305F 1204 2412 54 72 U+3068 1196 797 54 57 U+3068 1003 834 62 73 U+4E8B 240 1774 46 105 U+3078 1365 1118 93 50 U+30CD 650 2005 38 65 U+30F1 837 1554 57 50 U+3068 40 570 39 86 U+3055 433 2386 52 79 U+5973 1185 2505 102 65 U+304F 1384 2398 58 62 U+304B 57 1935 33 48 U+3057 73 2363 20 107 U+30D5 1214 1653 49 44 U+307E 1016 1585 48 93 U+303B 48 402 25 76 U+3089 437 1001 37 68 U+3055 820 2015 52 71 U+3055 997 1678 69 82 U+4E0A 420 1763 76 69 U+3057 448 1512 18 118 U+3057 829 1221 20 95 U+3069 813 1056 73 61 U+30FD 832 990 23 56 U+30DE 1394 1990 58 41 U+3057 69 1493 14 81 U+30FD 866 1606 20 42 U+3057 1384 578 25 81 seg_fp 844 933 25 55,hnsd010-014
U+306A 867 860 65 78 U+4ECA 863 1740 69 117 U+306E 1070 1778 63 58 U+3082 502 1004 45 60 U+7528 1258 1368 68 88 U+4E4B 877 2147 65 102 U+306B 860 1658 70 64 U+8A00 873 1230 60 94 U+3082 1649 797 41 65 U+304B 476 2337 88 73 U+304A 863 1154 77 62 U+6C17 1641 1066 80 115 U+304C 884 2255 56 51 U+3084 1437 2349 77 83 U+3059 313 1009 71 98 U+30A2 1270 696 50 61 U+65B9 1622 701 87 87 U+304C 1268 1469 57 65 U+5F80 484 527 81 99 U+548C 856 2039 88 98 U+30A4 1656 1779 34 70 U+7528 1069 1664 64 87 U+622F 1622 2153 87 104 U+79C1 317 373 85 96 U+304B 1257 1710 79 72 U+306D 1438 2043 73 75 U+3089 1649 1383 55 86 U+304B 1631 1276 83 67 U+3082 1079 944 43 73 U+306B 1469 791 46 63 U+5408 677 571 101 99 U+306B 316 2075 71 67 U+305F 1463 261 56 84 U+3082 1074 2186 48 66 U+81EA 505 789 48 110 U+3042 1264 1555 69 78 U+4E45 1060 1040 85 89 U+4EBA 1060 2000 90 88 U+4F55 494 257 81 95 U+3031 1275 1219 55 136 U+30CF 506 1701 60 39 U+3057 484 2219 72 93 U+3078 310 1713 92 55 U+3089 1279 1782 35 89 U+30B5 1260 2469 62 65 U+306A 696 877 63 85 U+30A2 699 1273 52 67 U+79C1 1440 2152 82 88 U+7528 1074 267 62 102 U+61F8 695 459 55 100 U+6240 481 367 86 83 U+6240 1248 460 84 68 U+7528 1068 642 65 89 U+5F53 1453 872 74 99 U+30A2 1650 1486 49 54 U+79C1 1625 1872 82 86 U+582A 1443 1230 85 93 U+5DF1 497 916 70 77 U+5F80 315 807 69 98 U+6709 499 1834 50 107 U+5409 541 1564 45 65 U+3060 1064 1455 74 77 U+6B64 1632 626 75 74 U+5F80 681 760 80 117 U+304C 1079 744 55 56 U+3067 1638 988 60 72 U+3084 1252 614 76 73 U+5F37 731 1934 65 79 U+308C 1261 346 57 96 U+3088 879 362 52 65 U+304C 1082 381 55 51 U+307E 328 912 44 95 U+3078 491 479 89 34 U+5B9F 870 1524 56 131 U+304B 703 1676 36 63 U+306D 1066 1848 70 90 U+5FCD 1457 1332 64 82 U+3092 855 1068 74 74 U+3092 1633 2385 57 56 U+30B5 704 1822 53 78 U+30A6 904 454 37 54 U+50FB 1618 876 98 105 U+30B5 321 1423 53 69 U+3068 335 1875 36 64 U+30A4 510 1746 39 72 U+305D 1272 267 51 75 U+3075 303 2012 84 64 U+306A 692 1349 64 91 U+5409 1677 1569 52 69 U+5F80 304 1771 89 105 U+3082 1078 1304 43 79 U+3044 320 1956 62 56 U+591C 854 1869 78 100 U+30C4 1655 1725 48 46 U+3046 505 1449 44 96 U+5F97 308 2429 72 104 U+3044 1062 1232 68 57 U+5F37 1310 2251 60 64 U+4ED8 698 249 66 113 U+306A 681 1529 67 82 U+306E 1462 367 55 64 U+3066 693 370 55 67 U+306E 493 641 66 61 U+306B 685 671 77 68 U+3089 1457 560 45 75 U+8A00 1646 2449 53 98 U+6240 296 1609 87 94 U+30B5 337 2145 51 57 U+3031 888 523 28 90 U+30C8 334 2212 37 63 U+3044 681 1613 75 58 U+3060 489 704 76 71 U+306B 481 1253 73 63 U+3061 696 1096 57 101 U+5F37 368 1177 60 70 U+8AC7 1629 2274 72 105 U+4F55 314 1515 76 91 U+5148 1257 1885 70 105 U+8272 1266 1124 50 116 U+8A00 1646 266 52 121 U+4E8B 875 2329 51 137 U+308A 309 718 66 78 U+6C17 1465 649 67 117 U+30CA 344 252 50 54 U+306B 862 2480 72 64 U+4E00 482 1102 86 25 U+6709 1075 2263 49 97 U+30CB 337 322 60 29 U+3070 330 581 60 79 U+304C 507 1962 55 66 U+306B 1628 1178 80 73 U+8272 873 627 54 131 U+304F 694 969 61 72 U+3089 692 1737 46 72 U+307E 1268 937 46 97 U+6240 472 1175 81 78 U+5F80 475 1345 82 100 U+8A00 1456 1644 48 96 U+30D5 707 2082 46 43 U+3042 1075 443 62 77 U+3060 1451 1865 68 86 U+3068 1650 551 42 72 U+9593 1072 2093 54 82 U+304C 1636 2068 62 56 U+3075 1440 1742 77 70 U+30E0 713 2146 46 51 U+3089 1461 1122 39 93 U+5409 935 253 49 67 U+3060 876 1328 64 75 U+3093 1058 1382 97 72 U+306F 865 1975 60 47 U+306A 1254 778 70 87 U+6709 1080 820 45 101 U+3089 693 1438 43 81 U+30A2 1467 2466 42 70 U+3084 672 1191 80 70 U+3078 1062 1944 86 57 U+30F1 1081 576 62 45 U+3044 1253 871 72 59 U+3046 497 2106 40 91 U+3078 1251 2000 89 46 U+3078 1061 2438 81 56 U+306D 871 1399 64 84 U+5F80 1254 2061 74 102 U+30EC 1299 2416 48 38 U+305D 698 2211 48 83 U+30B3 343 1315 37 36 U+3060 1459 438 65 64 U+308B 1269 1629 48 54 U+305F 1256 1039 58 76 U+308A 703 2302 40 83 U+3058 1288 549 38 74 U+3068 1465 1552 31 77 U+3078 866 1484 86 64 U+308B 1647 480 42 56 U+3064 1454 985 69 59 U+304B 1475 501 30 59 U+3081 1068 2371 57 63 U+4E8B 871 956 53 110 U+30B9 1089 2498 51 47 U+304A 1449 1435 66 48 U+30F3 1471 1816 63 40 U+3084 673 2395 84 73 U+4E86 327 2305 37 93 U+30A2 1454 1959 52 67 U+30A2 706 2476 46 64 U+30B3 1294 2364 36 32 U+30C4 723 1044 39 50 U+3057 1474 2256 15 101 U+308C 1645 387 48 94 U+308B 1078 511 48 56 U+305F 489 2026 53 72 U+30F3 1104 1595 63 41 U+30EC 350 1377 51 30 U+305F 1451 1045 57 71 U+3057 1664 1968 13 91 U+3057 355 473 15 101 U+30D8 1083 1560 60 35 U+304B 341 657 30 59 U+30E8 1292 2166 33 50 U+30E8 350 1115 27 32 U+3057 1499 1474 16 68 U+303B 889 768 20 77 U+3057 1087 1141 16 90 U+3057 514 2424 16 108 seg_fp 1664 1340 36 42 seg_fp 1124 1518 36 33 seg_fp 466 2484 59 51,hnsd010-017
U+3082 1285 426 53 83 U+91D1 1076 1079 96 109 U+6E08 1082 369 92 122 U+306E 894 377 57 56 U+304C 1476 2301 64 53 U+3082 525 1051 54 85 U+3066 351 261 40 116 U+306E 1660 1253 65 56 U+867B 319 2014 107 95 U+3082 725 259 43 77 U+3082 522 1493 51 77 U+3082 729 2453 50 87 U+306E 892 2204 60 62 U+305F 1457 1894 89 91 U+4ED6 876 1990 97 91 U+5185 1090 252 73 103 U+3084 1265 1157 87 73 U+6CBB 880 260 84 94 U+8702 322 2105 106 111 U+308B 1660 335 60 74 U+4EBA 866 2099 112 100 U+9019 690 352 98 104 U+51FA 513 1584 80 71 U+3092 1470 499 71 69 U+3066 1280 349 68 67 U+3067 506 1426 80 65 U+6CBB 1646 2371 82 93 U+3066 359 1430 38 119 U+3092 1083 1199 71 69 U+8868 881 880 80 129 U+7D19 1643 2264 83 114 U+306E 1282 1619 59 68 U+3092 1276 1834 74 75 U+4F55 699 2078 92 95 U+3082 1093 1515 57 76 U+5E97 877 457 81 130 U+3066 1649 593 67 87 U+6C17 1664 1124 81 110 U+5949 1280 518 67 128 U+8AC7 1470 358 80 126 U+5176 1467 1085 67 104 U+899A 1460 2110 71 126 U+3046 525 2151 50 90 U+8A00 520 258 53 129 U+304B 331 1236 95 67 U+306B 1281 2231 66 69 U+6240 493 818 92 94 U+524D 1265 1043 84 106 U+3067 1481 1281 52 115 U+4F55 1074 632 92 111 U+61F8 892 1197 59 95 U+7E23 492 707 102 99 U+305A 340 2405 95 120 U+4ED5 1464 580 78 80 U+8033 885 2319 71 110 U+4EBA 1267 746 92 92 U+3057 712 1664 69 107 U+3078 1645 2481 101 42 U+5F80 875 659 84 103 U+5148 1464 1405 90 104 U+624B 1284 920 65 106 U+5408 870 1293 117 102 U+3046 1455 990 69 94 U+3067 710 2366 77 75 U+5973 1637 1574 93 70 U+5F35 504 392 78 100 U+3080 886 1020 82 82 U+3068 727 1976 36 87 U+3089 718 891 48 96 U+5BC4 1257 2309 110 105 U+3044 516 1850 73 67 U+5185 1278 1529 66 83 U+304B 1093 1449 53 68 U+304D 902 1104 52 84 U+304D 1094 2104 59 100 U+3060 1655 1659 72 69 U+6240 697 2192 85 69 U+306A 341 917 77 84 U+5BB6 1277 1421 73 108 U+3066 902 1396 36 112 U+6700 892 1849 61 115 U+5165 699 481 88 71 U+306E 1281 845 66 73 U+5C0F 1658 1322 77 60 U+524D 1265 1708 85 122 U+306A 1646 1476 77 90 U+3069 1661 273 70 62 U+3066 907 767 34 107 U+306B 1461 1688 73 71 U+3066 1645 2169 64 84 U+77E5 705 991 81 102 U+3078 1069 1907 107 60 U+69D8 502 1671 99 89 U+7D19 1085 2423 98 116 U+8A33 701 648 85 96 U+308C 1086 1701 65 107 U+305B 883 1704 69 93 U+517C 1277 1921 72 123 U+306D 1075 1819 78 90 U+8A00 1092 866 54 120 U+306D 703 1184 83 90 U+3059 1090 1341 67 101 U+8A00 1663 477 51 110 U+76F8 1463 262 84 93 U+61F8 1470 672 66 83 U+3068 353 589 53 83 U+306E 1472 1517 63 63 U+92AD 327 1021 104 95 U+306D 706 1849 79 85 U+3068 352 1937 48 68 U+60AA 351 1563 70 102 U+3078 1452 2058 99 53 U+77E5 505 591 92 104 U+3084 1450 1758 83 71 U+6B8A 1271 2125 92 106 U+304C 1088 1956 69 56 U+51E6 1458 1192 84 87 U+3068 1666 411 48 65 U+3078 707 1936 95 50 U+3057 1088 1599 71 100 U+8A00 1663 1017 64 105 U+76CA 334 779 72 135 U+3067 516 982 69 65 U+3044 1084 2025 76 81 U+3051 713 1328 70 92 U+516C 1278 668 62 73 U+982D 513 1261 80 106 U+3078 1449 2245 98 50 U+3089 727 1093 39 84 U+3078 703 1278 97 59 U+3089 1484 908 51 83 U+898B 892 1514 66 96 U+8EAB 1459 1577 67 109 U+308B 361 495 40 80 U+3060 711 753 70 78 U+8F9E 503 1137 92 114 U+30C4 1312 267 52 55 U+3089 527 2064 58 85 U+305F 712 560 49 74 U+306A 884 1620 63 73 U+304B 722 833 35 60 U+898B 344 396 62 97 U+4EA6 1273 1246 85 102 U+306A 1088 2220 66 94 U+3060 521 1974 71 87 U+3084 699 1509 88 84 U+3082 359 1138 43 75 U+304F 1480 2438 47 96 U+305F 1279 2413 65 57 U+7121 334 684 95 89 U+306A 1465 2376 63 82 U+307E 729 2280 43 82 U+3078 512 1375 96 33 U+304B 1669 1727 33 63 U+30A2 724 1598 45 73 U+3089 1657 1789 46 74 U+308A 1079 2305 73 129 U+3078 1648 865 87 47 U+3075 506 1920 89 68 U+3078 890 2490 100 44 U+3066 1088 990 66 82 U+5DE6 518 2246 68 96 U+3066 1292 2049 35 89 U+3060 1472 824 72 80 U+898B 1659 687 62 92 U+3068 1476 1986 45 62 U+69D8 511 2342 101 88 U+9707 1641 1872 79 129 U+3068 1106 486 38 72 U+3068 1093 741 49 60 U+30A2 1474 1834 52 63 U+306D 1655 779 64 82 U+306F 1276 1355 69 58 U+304B 1107 555 36 80 U+308B 1480 756 44 58 U+3055 1662 1389 54 83 U+308B 360 1663 48 64 U+308B 363 1861 33 64 U+3057 551 2423 15 105 U+51FA 1088 1277 75 63 U+308A 719 1420 45 91 U+304B 1098 800 42 67 U+3078 876 1804 96 53 U+30A2 1670 924 50 59 U+3089 1290 2472 46 69 U+3078 871 591 88 52 U+3064 348 1363 70 67 U+3089 725 1777 35 59 U+3089 365 2327 33 84 U+3068 531 1758 41 90 U+3066 523 512 60 66 U+304F 372 1724 27 68 U+3068 352 2232 48 84 U+3057 1670 2079 17 84 U+3059 341 1791 73 74 U+303B 1670 2003 27 75 U+3078 513 922 84 57 seg_fp 375 1302 39 66 seg_fp 1675 983 27 35,hnsd010-031
U+3046 668 854 45 93 U+3082 1234 714 49 79 U+4E2D 1035 1182 72 132 U+304A 831 316 81 64 U+30A6 676 1011 50 56 U+8A00 104 2313 61 120 U+4EBA 459 1512 101 100 U+91D1 81 1860 97 120 U+306E 866 2213 62 73 U+306B 478 1725 64 69 U+3082 1414 555 44 75 U+65B9 1215 1070 81 106 U+60AA 644 580 77 98 U+4E8B 492 2355 52 121 U+3082 671 1773 62 85 U+304A 1219 801 80 78 U+3061 266 405 63 115 U+80CC 1044 1056 67 127 U+5BC4 454 308 81 140 U+304A 458 1107 92 79 U+3060 1426 1918 71 83 U+304A 1032 795 77 64 U+308C 1411 723 57 95 U+5409 460 1198 74 118 U+304C 480 1329 57 59 U+306A 70 307 74 95 U+4E0D 466 1414 81 81 U+4EBA 262 1193 109 102 U+3084 1404 969 66 76 U+3082 493 2494 54 79 U+30C8 1054 1404 51 75 U+3092 1030 1318 70 74 U+591C 80 1525 76 97 U+9762 645 395 83 88 U+4ECA 86 1405 88 103 U+542B 802 1127 133 127 U+3082 677 1481 47 74 U+306B 1400 300 69 64 U+723E 1055 2414 67 81 U+3092 843 1032 75 81 U+898B 1436 2343 77 87 U+304C 104 1983 69 62 U+4F55 1221 314 82 87 U+30B5 1428 1440 61 68 U+308C 261 628 64 100 U+306D 664 2006 72 80 U+306B 852 1846 82 75 U+304C 1241 1524 63 56 U+3066 1055 2214 70 64 U+9854 660 2284 86 132 U+667A 853 1938 74 129 U+306A 77 722 65 85 U+5176 1041 1734 61 122 U+30DB 1421 1529 56 76 U+306F 1251 2308 64 45 U+7687 671 1095 55 130 U+5409 1039 883 62 99 U+662F 93 1634 71 104 U+4EBA 847 2419 105 108 U+305C 1228 1735 88 83 U+8A00 1041 402 52 121 U+5FD8 265 524 69 103 U+304B 467 2022 85 77 U+592B 1416 2228 100 111 U+8FF7 264 1295 101 114 U+60C5 830 907 92 118 U+7B97 1235 2045 81 134 U+59CB 267 1637 94 92 U+5409 838 399 60 125 U+3084 64 1051 86 89 U+5F37 451 643 88 113 U+306B 842 819 73 71 U+77E5 1403 635 81 96 U+305F 281 1901 62 89 U+30C8 1044 301 44 79 U+30CD 1448 2015 49 65 U+5165 83 2066 91 83 U+306A 1028 540 66 85 U+306A 855 1462 65 90 U+9762 470 1921 89 91 U+975E 86 1748 94 91 U+305C 840 1551 91 94 U+624B 1056 1855 52 111 U+306D 1432 2434 61 91 U+5409 900 1304 54 78 U+5DE5 642 312 87 53 U+6709 875 2300 42 103 U+6BB5 1232 2189 98 107 U+5DE6 1413 1251 70 102 U+6075 866 2072 71 130 U+304C 662 506 53 56 U+5F37 325 730 65 83 U+60C5 456 1602 92 120 U+3089 294 2326 62 102 U+308C 1224 880 56 106 U+304C 1245 1002 49 54 U+62BC 1038 2067 96 104 U+3061 69 407 67 93 U+307C 287 2430 85 65 U+69D8 1402 1353 92 87 U+667A 1226 1271 77 106 U+6210 1402 382 82 104 U+3089 1036 682 44 104 U+30CB 1420 1679 71 40 U+3068 1068 2502 42 79 U+308A 80 982 58 73 U+592B 77 866 80 123 U+3078 659 2088 108 53 U+3078 1402 920 87 62 U+3092 1038 1978 80 89 U+3068 114 2226 49 84 U+305F 108 2437 56 76 U+773C 833 603 83 98 U+3057 499 2209 27 135 U+5DE6 1423 1728 66 100 U+305F 271 1094 66 90 U+3060 1234 1955 79 80 U+3066 1220 642 65 60 U+3075 1398 487 79 66 U+3060 667 1922 77 76 U+305B 282 1466 65 93 U+3079 269 2270 102 50 U+3070 456 566 77 60 U+3042 1238 1593 66 72 U+5F37 1487 2080 59 77 U+3046 273 303 39 109 U+30F3 1437 1618 76 48 U+308C 457 455 56 107 U+5929 648 1237 105 80 U+306F 464 857 63 42 U+8A00 1225 513 59 113 U+3068 1238 424 35 77 U+6253 1040 1630 73 119 U+5143 849 704 62 114 U+3075 1235 2510 103 67 U+306B 458 1013 73 71 U+3075 1220 1894 96 78 U+5DE6 78 1139 64 93 U+3060 77 626 60 80 U+6075 1234 1382 75 128 U+308A 494 2101 46 92 U+308D 1257 2444 60 66 U+306E 671 1856 68 66 U+307E 283 995 44 99 U+306D 1405 826 70 90 U+516D 448 758 79 76 U+69D8 1410 1830 98 87 U+3064 270 1836 84 66 U+56AE 459 906 82 108 U+30C8 686 2162 49 74 U+7406 663 1668 78 88 U+304C 1228 1195 68 59 U+5F37 469 1809 82 109 U+3092 671 2463 90 105 U+304C 1030 978 80 65 U+304C 277 1550 77 77 U+306F 288 1425 58 41 U+69D8 74 1231 92 92 U+308B 1251 1661 45 61 U+308B 112 2135 51 67 U+307E 295 1739 42 92 U+6B64 855 1657 73 81 U+307E 662 1396 85 91 U+5409 1478 1123 37 59 U+304C 1043 623 61 58 U+30B9 1439 1058 42 42 U+3078 1048 2172 97 64 U+30F3 306 931 64 49 U+7121 661 1574 88 88 U+304B 671 701 41 53 U+839E 1049 2282 83 130 U+3069 1250 1826 76 69 U+30BF 283 2123 49 57 U+5B9C 1249 2358 72 86 U+3055 672 1323 48 71 U+3078 1430 2531 89 42 U+69D8 848 1745 90 97 U+30CE 683 954 37 41 U+3089 88 550 30 73 U+30C4 123 2521 54 57 U+3068 1059 1558 38 67 U+30D8 290 888 68 40 U+3089 670 785 49 69 seg_fp 872 2527 37 37 U+306F 847 523 51 53 U+30A2 94 808 45 59 U+3068 99 1318 37 81 U+304B 87 498 35 53 U+3046 290 2499 55 91 U+307F 874 1249 28 58 U+30A4 287 2050 42 62 U+30F3 1056 1487 80 56 U+30A2 315 1994 40 52 U+30FD 300 2196 20 71 seg_fp 676 754 19 30 U+30FD 318 2047 21 33 seg_fp 306 2178 15 36,hnsd010-032
U+306E 66 846 63 65 U+306E 240 389 68 62 U+3082 1416 1874 47 86 U+306E 69 1763 62 68 U+306E 1028 1262 52 61 U+524D 1202 372 81 114 U+5341 441 877 80 85 U+306F 1218 1466 65 47 U+3082 262 1351 50 81 U+4E8C 440 806 85 46 U+4EBA 234 269 107 99 U+3082 1032 1906 46 74 U+4EBA 51 732 94 101 U+5FC3 1208 2329 82 68 U+306D 251 1197 76 81 U+675F 819 274 70 114 U+89AA 233 473 95 103 U+5962 1385 1190 81 149 U+55B0 1394 1994 87 129 U+8F09 55 1380 87 131 U+3082 1417 2449 49 77 U+7DA2 1203 1601 89 108 U+304A 1207 272 82 77 U+306B 246 943 69 82 U+308C 1400 1425 64 88 U+306E 246 601 63 69 U+306E 827 534 67 64 U+4E2D 1210 2418 67 98 U+304A 1206 2010 90 61 U+5409 1214 2095 60 119 U+79C0 59 931 61 133 U+3061 1020 1694 70 86 U+5FF5 830 1930 80 133 U+3069 254 1287 75 58 U+6C17 1037 2237 76 121 U+8C8C 1212 572 62 108 U+308C 1211 1162 60 107 U+5962 1386 262 75 126 U+3042 252 1030 67 89 U+30C8 1236 1523 39 63 U+76EE 1016 373 61 105 U+5C45 1202 1050 76 113 U+306E 1205 504 64 63 U+7E46 1202 1722 91 106 U+304B 1212 1831 76 76 U+56DE 429 981 92 72 U+3089 1408 1340 51 85 U+304F 839 1130 33 107 U+3057 1023 1529 66 102 U+306B 248 1930 73 82 U+8A00 74 1943 57 104 U+306A 834 2367 61 86 U+305C 1399 864 70 76 U+6614 54 628 71 98 U+591C 636 1105 81 129 U+30CA 1414 1067 50 54 U+9154 812 806 86 113 U+3084 1382 468 77 81 U+9B92 812 407 96 118 U+9053 241 1821 77 112 U+308B 838 984 47 65 U+306B 822 1255 73 88 U+6795 813 2232 106 104 U+5F80 48 526 86 97 U+3066 842 1341 34 118 U+304C 1221 2252 60 51 U+611B 1024 1022 67 115 U+306B 640 850 76 72 U+306F 839 1665 62 43 U+306A 61 335 67 93 U+3093 632 1654 104 91 U+7761 629 519 103 108 U+3070 1216 1280 62 48 U+5343 68 1265 63 106 U+7B2C 436 655 76 120 U+683C 51 1834 88 108 U+4ED6 998 271 104 97 U+6CE5 818 607 82 107 U+5F37 821 1453 87 112 U+30CB 1401 1131 63 34 U+60F3 1013 1151 79 94 U+3092 637 1237 90 105 U+306A 74 2059 64 82 U+898B 1024 631 51 83 U+673D 59 1633 83 113 U+632F 1006 1793 88 97 U+4ED5 1390 638 75 88 U+306E 644 1024 73 72 U+5922 647 719 63 133 U+3092 256 1533 64 100 U+8996 1197 846 86 101 U+5C3D 1022 1344 60 107 U+305D 647 942 61 78 U+306B 67 2452 83 73 U+541F 52 1086 84 115 U+305B 1202 690 78 83 U+3078 1025 2479 75 54 U+53EA 829 1718 68 88 U+3072 243 2223 77 82 U+516D 819 1570 82 75 U+3079 66 2205 88 49 U+5982 822 1058 82 60 U+306A 829 2060 66 74 U+80FD 1203 1338 83 105 U+3066 1405 1781 65 94 U+308B 1031 1450 47 64 U+5409 1456 947 40 71 U+3068 69 433 40 82 U+95C7 253 830 68 109 U+304D 1028 871 50 90 U+3089 257 1121 48 78 U+304B 1031 485 34 59 U+306B 827 717 71 65 U+3066 1208 948 61 84 U+306D 1388 734 68 79 U+30A2 1403 556 48 67 U+308B 1036 717 35 71 U+4F59 825 1835 101 96 U+308B 75 2134 58 66 U+3089 823 2456 55 77 U+3066 1407 2380 56 68 U+304F 1414 1587 54 114 U+60DA 1005 1980 96 101 U+5FC3 244 672 80 94 U+305F 838 912 40 70 U+5B50 262 1447 66 94 U+660E 637 1340 85 84 U+601D 247 1657 74 84 U+73FE 60 2363 90 84 U+3088 1035 1627 39 65 U+4E0D 66 1532 72 93 U+308A 1403 392 38 77 U+4E00 632 475 88 19 U+3075 240 1747 82 62 U+304B 72 266 34 72 U+306E 650 652 66 60 U+3078 1198 780 93 53 U+3089 1039 541 28 73 U+3089 659 1545 50 114 U+306F 1029 2171 67 56 U+306F 251 771 69 52 U+3055 1038 2395 50 72 U+306C 239 2351 75 81 U+3068 1036 806 30 66 U+3066 1024 2083 53 81 U+3088 260 2129 41 87 U+306A 1407 1528 58 81 U+307E 252 2025 54 119 U+3057 90 2243 21 98 U+304F 844 2117 47 93 U+306A 1409 2137 59 89 U+3059 657 1426 48 114 U+308B 253 2442 50 76 U+30C4 1426 2323 52 60 U+308B 1229 1936 41 50 U+306F 64 1205 73 59 U+3078 1396 818 70 61 U+3079 648 266 84 51 seg_fp 1027 964 84 68 U+304F 1421 2215 41 107 U+30C4 1431 1718 41 55 U+3066 662 334 41 113 seg_fp 1257 1899 20 43,hnsd010-034
U+3082 871 2222 52 80 U+3082 1061 252 50 87 U+3082 1063 1279 47 77 U+3067 1062 2450 74 81 U+3082 322 1275 40 83 U+306E 1059 2230 66 65 U+306B 311 513 67 66 U+5C0F 1439 262 77 75 U+723A 847 251 84 135 U+6C17 1441 1426 79 127 U+306A 687 1990 62 97 U+723A 1426 2005 98 130 U+306F 486 662 71 46 U+5DF1 687 2331 79 84 U+5FC3 1243 2321 87 90 U+306E 1441 799 62 62 U+5F15 1619 1190 81 120 U+852D 1053 2301 84 137 U+8449 1059 2096 69 121 U+6B7B 1237 1891 98 101 U+306E 686 1566 57 63 U+304C 685 976 79 54 U+3082 858 486 52 76 U+623F 305 354 75 142 U+5FC3 683 1039 79 92 U+4E0D 683 1649 76 104 U+3092 478 1750 67 79 U+306B 303 1195 75 70 U+5C0F 478 1520 84 71 U+623F 1045 976 93 136 U+5C45 668 256 82 126 U+4EBA 668 1771 97 95 U+662F 486 1202 73 120 U+3066 1449 1884 44 119 U+306B 1432 2466 75 69 U+8569 1619 968 83 141 U+6625 479 1619 72 120 U+3092 1251 2446 66 72 U+5973 293 260 98 69 U+3044 1622 1894 66 58 U+304C 691 1148 65 66 U+306E 1443 1133 59 60 U+306B 1246 380 64 75 U+304B 507 1347 40 70 U+60C5 675 1883 91 109 U+3046 863 915 51 81 U+3082 701 2448 49 81 U+304B 471 455 99 72 U+306E 1630 2266 68 77 U+624B 1259 779 53 93 U+662F 866 1394 74 107 U+306E 1629 1591 62 60 U+5C0F 668 760 80 56 U+8349 1052 1975 77 115 U+3082 1257 1014 47 75 U+3082 1641 2184 48 81 U+6B7B 1432 2339 68 100 U+6625 674 834 60 121 U+7C21 1237 884 85 138 U+306D 483 717 71 82 U+3066 875 1272 35 107 U+969C 1428 1558 89 139 U+5F80 304 1378 89 112 U+81EA 688 2187 66 126 U+8A33 668 483 77 103 U+304A 491 2093 76 64 U+7236 1434 2157 98 82 U+3060 1630 1492 64 85 U+7236 845 397 92 90 U+3067 1049 1203 87 71 U+3059 312 593 69 94 U+3060 1256 1632 67 90 U+6625 1439 347 66 132 U+74E2 1608 848 105 108 U+3066 1632 430 39 91 U+9664 1428 1766 105 111 U+5176 675 1223 64 119 U+305B 316 1729 63 100 U+3042 1250 1098 64 82 U+5BDF 1047 348 70 135 U+7D42 1043 782 88 119 U+3068 868 1014 45 65 U+6094 1615 1721 92 92 U+306E 1256 2221 60 59 U+3068 335 1837 35 81 U+5973 1050 894 94 75 U+3084 1243 1571 86 53 U+4EA1 1250 2007 75 73 U+5DE6 326 2290 66 130 U+8A71 858 2091 85 110 U+3066 509 1939 30 118 U+4F55 1235 1289 91 105 U+306A 1062 1786 65 96 U+304C 1632 1660 66 62 U+3066 1065 572 39 99 U+308B 326 683 40 66 U+7A2E 842 1708 91 109 U+3084 1237 1392 87 80 U+3067 851 1619 74 93 U+4ECA 1622 546 72 122 U+3089 508 1416 29 78 U+307E 497 560 39 90 U+5C48 300 1095 76 89 U+306B 319 2179 69 81 U+3057 1057 1363 71 102 U+3068 880 1891 33 82 U+308A 1267 1177 40 92 U+4E16 848 1993 90 96 U+304C 1456 2260 44 55 U+907A 1058 1577 65 121 U+969B 1219 251 110 120 U+304B 1614 1319 89 61 U+304B 1247 1483 75 85 U+306B 1446 483 74 69 U+3067 1625 766 67 63 U+305F 675 388 51 80 U+306B 1054 1123 72 78 U+3068 1632 1963 48 57 U+3075 303 920 77 48 U+60DA 1426 580 97 119 U+4ED5 854 2331 80 93 U+60A6 832 569 93 96 U+306D 1617 266 71 93 U+7406 301 991 85 93 U+305F 1448 702 50 83 U+3089 1272 1788 25 79 U+901A 677 1348 78 108 U+8A00 496 954 53 118 U+304C 688 668 57 73 U+3068 1641 1112 40 70 U+306A 313 1650 72 91 U+306F 1446 884 43 64 U+305F 1440 1047 53 75 U+3066 505 1077 34 100 U+307E 868 1509 49 109 U+59CB 1048 679 86 99 U+6B62 479 1842 82 93 U+3066 887 2419 25 98 U+305F 1252 682 52 79 U+308A 703 1453 39 86 U+3092 485 2413 81 95 U+304B 1274 1721 30 69 U+306D 309 1516 79 76 U+306F 1439 1704 67 42 U+3044 317 854 64 62 U+306E 323 2098 62 79 U+3089 709 2097 23 66 U+3089 866 824 57 90 U+30E2 500 266 51 67 U+3068 496 884 54 67 U+907A 1251 454 66 137 U+601D 851 1097 85 83 U+8A00 1631 2078 61 111 U+30A6 496 336 47 97 U+3078 474 804 92 48 U+3081 499 2202 48 85 U+3060 859 730 68 91 U+307E 1628 665 56 101 U+305F 1064 1702 50 70 U+69D8 315 2422 89 99 U+3064 865 1192 57 74 U+3057 1650 1826 18 60 U+3089 1084 1890 24 91 U+3075 310 1998 79 79 U+5B9F 1625 2370 67 138 U+308C 1441 949 65 97 U+3068 332 769 49 65 U+3076 843 666 82 59 U+3078 487 2296 76 78 U+3060 679 587 75 80 U+3044 1440 1271 73 62 U+303B 886 1820 24 59 U+3075 1433 1344 77 68 U+306F 1635 2509 66 34 U+4EBA 1258 2113 52 91 U+3044 310 1941 72 55 U+3057 1276 589 20 96 U+3064 1628 1433 67 47 U+306F 1634 2026 52 51 U+309D 1464 1193 21 51 U+3078 321 1592 72 54 seg_fp 1083 1462 29 42 U+3057 1097 472 15 84 seg_fp 1068 1503 33 61 seg_fp 1649 2343 36 46 U+3078 1618 369 79 53 U+309D 1658 1377 32 58,hnsd010-041
U+306A 476 1475 63 90 U+3082 691 2458 51 96 U+3082 844 294 52 85 U+4E8B 1038 1157 60 128 U+4E2D 1414 515 71 112 U+306F 322 2486 43 77 U+306B 465 904 75 88 U+306E 675 2023 62 48 U+524D 825 624 83 124 U+524D 1022 856 82 115 U+306A 1619 1986 61 78 U+3082 850 2104 55 76 U+304A 834 553 76 55 U+3082 1049 978 44 73 U+4E8B 1236 861 53 138 U+306A 1042 1832 73 93 U+3081 839 1782 69 73 U+6EDD 1413 715 89 117 U+6EDD 826 1452 107 132 U+3084 824 1061 86 64 U+65E5 1436 429 44 74 U+4E07 1024 1053 78 100 U+3066 453 1142 85 90 U+3082 487 2210 59 98 U+5973 1018 2267 114 86 U+304C 864 2499 66 66 U+304C 677 1796 55 70 U+3066 1420 1038 52 71 U+304A 1028 784 91 58 U+3066 280 513 63 84 U+8A00 1426 2107 55 121 U+3084 1217 1872 90 73 U+662F 1425 1241 80 111 U+3067 468 2040 75 80 U+306E 834 379 65 77 U+5F97 1027 1301 90 102 U+304A 826 1353 91 78 U+30A2 290 1154 62 71 U+5F35 273 287 79 116 U+304C 858 1881 63 54 U+6CBB 1225 2028 84 90 U+5F80 1604 1867 81 103 U+6709 678 1884 51 107 U+306F 826 478 71 56 U+304C 1619 1259 59 48 U+304C 1235 1003 67 68 U+305B 466 1568 72 87 U+3053 469 620 60 77 U+304B 682 2119 43 60 U+305F 1041 2104 64 86 U+30A2 1241 1964 57 66 U+306E 833 2300 79 72 U+89E3 1028 403 84 124 U+56F0 650 635 80 113 U+6216 291 2378 96 93 U+305F 1416 2223 66 80 U+306E 1231 1407 71 72 U+79C1 463 2113 94 101 U+3068 1439 1362 45 77 U+5FC3 1026 1408 97 84 U+306B 294 2292 83 67 U+4E86 670 1554 43 117 U+305B 466 1379 75 86 U+6709 1236 1278 54 110 U+306A 282 1230 74 102 U+306A 464 705 69 102 U+3051 287 879 73 117 U+96A0 459 294 92 105 U+7269 830 2187 94 88 U+5F7C 1409 1111 93 110 U+5176 1226 536 55 120 U+306A 1222 764 77 89 U+60AA 652 287 76 117 U+3070 851 761 60 76 U+3064 1418 1452 83 109 U+8A00 1053 1706 51 124 U+8A00 1032 287 64 114 U+3066 1046 653 34 116 U+3089 285 1333 53 93 U+306D 1419 1761 75 91 U+592B 473 1712 85 100 U+308A 1254 1796 38 89 U+3093 1608 2148 103 83 U+3059 1053 1937 54 95 U+4F55 651 1158 81 106 U+30C8 310 1577 40 83 U+304C 1054 2187 63 66 U+304C 1436 846 51 49 U+3068 1061 2355 52 89 U+306D 1598 2240 82 87 U+6765 1413 912 71 108 U+5C24 1232 1615 81 93 U+805E 302 2025 62 89 U+3058 864 976 53 98 U+4E9B 663 2221 83 112 U+30C4 484 547 51 59 U+6B64 286 1668 81 67 U+7B2C 474 1923 72 108 U+3060 1041 1496 74 77 U+3084 257 1067 100 84 U+6467 819 2380 118 108 U+4E86 1616 299 41 95 U+308B 670 737 44 70 U+3066 1605 1438 69 70 U+80FD 1219 2471 99 101 U+30E8 690 809 41 44 U+3068 683 2363 52 64 U+6B64 1598 879 80 80 U+3055 1243 2275 46 79 U+3057 489 410 23 129 U+8A00 468 1005 56 128 U+3046 1437 2427 35 118 U+3058 871 1670 46 110 U+5F7C 1598 1580 92 124 U+3061 301 2200 64 95 U+305F 664 1461 63 89 U+305E 664 1262 73 94 U+9593 1612 962 50 102 U+5F35 654 1693 81 101 U+307E 674 1359 49 103 U+304A 1418 647 76 56 U+3055 1616 2073 48 79 U+3057 683 1028 19 108 U+8FCE 1589 1072 91 107 U+898B 292 609 65 104 U+304B 1240 380 37 57 U+3082 1623 1506 45 76 U+306B 1239 1190 49 84 U+6765 1601 1317 75 114 U+3044 1035 2452 77 57 U+306F 846 1588 46 84 U+80F8 1216 1074 89 116 U+3072 1602 1185 79 62 U+6B21 466 1817 87 103 U+3089 656 552 54 96 U+3092 1418 2020 77 83 U+3055 1422 2330 53 102 U+3075 1043 2510 81 60 U+305D 1235 1723 61 76 U+306D 828 1207 81 72 U+3078 834 1283 91 70 U+307E 1439 1562 45 110 U+3093 1236 2348 114 80 U+3060 1228 286 72 93 U+30A2 848 1133 58 62 U+308A 292 992 49 82 U+3089 1206 444 71 101 U+69D8 1212 659 95 108 U+306E 1615 2417 63 81 U+3075 1586 682 88 70 U+304B 676 483 34 71 U+306D 280 719 78 89 U+3078 1590 833 93 46 U+5148 1420 292 85 120 U+304B 1247 1499 35 49 U+8AC7 274 1833 94 107 U+5F35 1586 413 88 125 U+3057 659 863 72 93 U+3089 1424 1671 52 92 U+3046 313 2125 33 78 U+3078 451 1667 110 47 U+3044 651 406 80 77 U+3088 484 2303 48 66 U+885B 1233 2185 71 92 U+4E8B 1430 1900 58 122 U+9577 292 1743 64 86 U+306F 1041 1652 64 44 U+805E 465 1253 82 127 U+30C4 1069 2036 52 57 U+3078 1414 1861 95 44 U+3078 278 1547 95 31 U+30F1 1241 1548 77 49 U+3060 1610 743 60 78 U+3075 834 2021 81 79 U+304F 483 2366 45 93 seg_fp 855 887 42 53 U+51E6 1605 1708 84 92 U+3069 852 1946 67 66 U+306D 279 1445 83 97 U+306F 1619 2505 64 55 U+3078 268 822 113 44 U+3092 294 1942 70 76 U+3057 1055 528 20 126 U+3069 1611 614 68 63 U+304B 858 839 35 54 U+306F 1601 543 59 57 U+3057 308 404 23 106 U+4E86 484 2481 47 87 U+304C 1251 2428 56 29 U+5175 1245 2109 42 77 U+3068 1059 1571 33 76 U+304B 674 959 48 57 U+3078 1600 2334 87 48 U+3057 502 801 25 96 U+3078 1617 1806 84 46,hnsd010-047
U+306E 1266 818 61 58 U+4F55 1248 897 86 88 U+524D 1616 1368 92 126 U+3044 1441 1793 81 54 U+3046 1077 2331 45 123 U+306E 1641 1504 63 62 U+3066 316 1443 76 64 U+3082 338 1511 50 84 U+4F55 681 1800 85 95 U+306B 1439 2334 75 76 U+304A 1631 1582 73 54 U+306E 1645 1768 56 64 U+306E 1258 1010 72 64 U+8A00 1641 1659 62 96 U+305F 1243 2196 89 98 U+306B 1065 483 80 79 U+3082 702 1514 48 77 U+3082 701 558 51 89 U+3066 487 2217 61 89 U+3082 874 918 58 87 U+307E 334 405 48 106 U+308C 688 375 68 108 U+3066 1066 1298 74 99 U+5FC3 1448 1065 88 88 U+6EDD 1444 353 109 121 U+6CBB 859 1557 87 104 U+3067 493 685 73 82 U+304C 1068 2472 69 75 U+306E 1447 2143 66 75 U+3092 863 2133 71 73 U+59AC 1251 707 91 94 U+3084 1251 378 90 89 U+306A 1635 626 73 86 U+3061 1276 282 60 115 U+9732 1254 1465 89 142 U+6765 686 1381 82 120 U+65B9 1443 2222 75 102 U+304B 715 754 38 65 U+6669 480 1678 105 127 U+3093 851 1278 111 86 U+5C45 1060 587 82 108 U+3046 1085 781 38 109 U+306A 1641 1005 63 87 U+306F 1458 664 69 53 U+3046 1647 2431 42 110 U+3051 692 273 77 110 U+7F6E 1079 1143 63 151 U+304A 1063 1844 91 75 U+69D8 489 1068 94 96 U+3082 1265 1775 56 82 U+59C9 1634 277 93 124 U+3084 1045 712 102 73 U+304C 1458 1854 54 52 U+59B9 1628 397 93 109 U+304A 1450 278 88 73 U+4E0A 1066 1927 76 76 U+3093 1454 564 99 88 U+4F55 1626 902 92 96 U+901A 1632 1859 86 107 U+306E 503 484 76 72 U+308A 1651 1084 50 93 U+5206 1648 508 62 107 U+7D19 864 1438 102 123 U+3092 1061 1603 75 70 U+30A2 1274 484 55 70 U+592B 684 645 96 117 U+3092 315 2120 68 74 U+65B9 489 558 79 123 U+6065 303 1996 105 97 U+306B 860 1811 78 78 U+305B 1628 2339 77 90 U+3055 694 1040 66 85 U+306A 1257 1867 75 93 U+3066 858 2298 81 82 U+5BA4 1071 346 85 129 U+3093 853 1729 118 86 U+3066 1062 1762 67 84 U+306A 1068 2019 75 96 U+8A00 1268 1170 50 117 U+306A 862 512 79 83 U+79C1 1431 1915 90 110 U+304B 311 2209 98 68 U+304D 1445 2026 58 104 U+306B 323 1145 81 73 U+304B 705 2409 46 54 U+5AC9 1250 567 100 110 U+6765 319 1607 77 125 U+304B 512 1319 47 51 U+3082 1461 1165 53 84 U+69CB 846 1001 107 115 U+8107 1061 970 89 106 U+304A 1638 1272 79 80 U+5F8C 681 892 101 110 U+307E 1651 2242 41 93 U+304B 1271 2038 45 70 U+3061 1457 1248 68 105 U+306A 1446 1693 70 88 U+3044 320 1839 74 63 U+308A 707 1276 45 93 U+3060 1445 1352 72 93 U+3089 1242 2107 70 91 U+3059 683 1692 78 102 U+306A 319 1732 78 104 U+547C 313 1036 95 104 U+3044 685 2357 79 58 U+4ED5 1625 2154 86 84 U+305B 684 1604 73 89 U+4F55 1448 731 81 93 U+3044 1252 1968 80 61 U+307E 872 1112 57 91 U+306E 694 1916 67 65 U+304C 1086 900 43 52 U+3068 1270 1088 38 75 U+304D 499 376 63 96 U+308A 1656 705 51 103 U+306B 1626 2065 80 82 U+4F55 490 972 86 95 U+305D 500 865 65 103 U+308A 705 2093 57 98 U+3068 1650 1175 40 83 U+9063 321 1238 67 116 U+307B 1252 1624 83 81 U+3055 869 1662 58 69 U+3068 884 1351 38 82 U+4FDF 486 2313 94 125 U+3082 709 2197 47 70 U+6328 842 1901 99 113 U+305B 866 1201 72 81 U+5176 863 270 63 126 U+3064 310 1362 90 73 U+304A 1438 2427 75 66 U+3069 1259 1704 68 72 U+304B 1460 1445 46 59 U+305F 333 2417 57 106 U+3064 686 1129 83 65 U+306B 492 1595 78 78 U+3066 498 2448 67 88 U+77E5 1443 1511 80 100 U+3089 706 816 46 82 U+3069 703 494 62 62 U+3053 505 772 58 86 U+69D8 861 398 80 113 U+4FBF 680 1998 91 94 U+3055 1463 486 50 80 U+8A71 1050 1495 86 102 U+671D 486 1466 88 118 U+3089 1081 2211 54 120 U+4E8B 1270 1290 52 127 U+4E0A 1253 2479 76 72 U+3089 699 2463 46 76 U+5C45 315 278 79 120 U+30E4 340 916 63 47 U+3092 329 799 82 107 U+3078 1074 1088 87 53 U+3075 1440 990 91 66 U+62F6 849 2017 97 111 U+6B64 1248 2407 76 75 U+3068 1654 805 42 88 U+306A 691 2271 70 82 U+79C1 491 267 88 108 U+3071 697 1193 67 84 U+3044 1441 2499 73 54 U+306F 1259 1419 63 37 U+308A 1654 1967 47 101 U+306B 507 1806 44 83 U+306F 700 1008 64 54 U+306E 332 724 62 69 U+4E16 1054 1405 82 89 U+3044 1459 914 68 73 U+69D8 1440 822 103 93 U+4E00 1062 280 88 18 U+3068 512 1377 40 86 U+82E6 491 1892 79 126 U+3082 337 626 43 103 U+3089 1442 1612 61 90 U+52B4 492 2018 61 116 U+3078 1247 2368 91 37 U+3068 1275 2275 34 84 U+30EC 359 979 73 43 U+30CE 329 1905 60 62 U+4E9B 862 798 79 106 U+3055 1067 2118 58 80 U+7F6E 860 2385 72 103 U+305F 872 2488 60 64 U+3057 351 2310 21 114 U+3057 901 2218 20 76 U+4E8B 879 608 50 126 U+306F 867 742 77 57 U+304A 491 1182 80 60 U+3059 315 513 77 142 seg_fp 555 1235 15 87 U+3057 1096 1674 23 84 U+309D 358 2266 39 38 U+3057 526 2132 17 78,hnsd010-049
U+98DF 1033 903 94 125 U+306E 843 2170 65 53 U+3044 464 212 89 54 U+306A 849 214 75 95 U+3082 855 590 51 80 U+304C 1254 360 59 54 U+306B 834 903 79 81 U+3084 1599 1038 80 70 U+3082 1059 600 54 77 U+7FA9 851 1328 69 108 U+8001 1614 523 86 116 U+3084 281 903 88 80 U+3089 475 1793 53 89 U+3092 1048 2140 64 71 U+304A 660 2243 78 59 U+3082 1429 2429 45 78 U+5C0F 460 2033 84 67 U+6625 464 2121 52 132 U+3082 1244 1712 47 71 U+30C8 1459 397 33 79 U+3092 840 2429 62 66 U+5C0F 289 1239 84 72 U+623E 1412 617 92 142 U+97F3 459 1526 74 117 U+3090 1228 2221 69 73 U+5451 1427 1328 68 114 U+508D 446 2317 87 114 U+3092 1227 653 72 72 U+306E 845 1245 60 63 U+306A 1040 2302 81 84 U+305F 1615 751 59 87 U+3066 676 908 41 119 U+3067 1422 1446 77 82 U+3066 288 2318 57 64 U+304A 1231 449 73 70 U+3092 1427 1210 66 100 U+7406 656 502 88 96 U+8A00 1617 226 65 128 U+8336 1221 1575 87 123 U+6625 292 1321 61 118 U+5426 297 1003 71 136 U+8EAB 1616 856 63 105 U+306F 665 1360 68 52 U+7159 1422 967 83 94 U+62BC 1417 494 90 104 U+304D 476 677 51 110 U+4F55 1415 2275 75 92 U+306B 474 1956 61 65 U+5165 648 1054 108 71 U+304A 1229 1503 91 63 U+9006 280 1650 94 110 U+306D 1422 2188 70 70 U+304C 304 1461 66 45 U+5EA7 297 693 73 132 U+80F8 268 1535 104 104 U+7406 838 1447 75 90 U+306B 1413 2364 72 66 U+306A 1237 1144 71 100 U+7D50 649 2088 91 112 U+3066 1419 864 63 81 U+98EF 1037 489 88 99 U+7121 1231 224 82 111 U+6CB8 1223 1968 88 119 U+304A 1236 963 80 72 U+5FC3 1035 1851 77 82 U+74E6 665 211 80 106 U+306B 1042 1766 75 74 U+4ED5 1041 2223 75 82 U+3068 309 590 38 90 U+3084 268 1145 90 79 U+5C16 467 463 81 115 U+305F 1604 1804 56 90 U+5B50 847 2347 59 77 U+308A 314 481 40 101 U+304C 476 2262 69 50 U+30B5 1039 1460 63 69 U+843D 659 331 78 144 U+3042 673 719 67 89 U+6625 1479 1728 36 75 U+30CA 1072 353 45 60 U+5409 663 2350 64 132 U+5C45 1411 1545 77 110 U+683C 839 2241 81 99 U+30A2 1636 1126 41 62 U+30CA 1622 1410 51 69 U+5176 1038 1545 62 118 U+8352 456 1653 83 137 U+6298 834 1732 77 110 U+3092 474 912 67 78 U+8DE8 1596 1679 84 113 U+306A 1611 1206 59 84 U+304B 833 1545 88 80 U+306A 665 1780 69 89 U+6765 659 1127 80 132 U+306D 1430 216 67 101 U+673D 1605 652 79 101 U+51FA 1240 1056 71 85 U+8868 835 2016 72 124 U+3044 840 429 77 65 U+308B 494 1329 35 76 U+308A 477 1136 43 95 U+304B 304 1949 42 54 U+65B9 1601 2274 62 81 U+8349 1430 1077 62 135 U+7D66 1224 736 86 118 U+30CA 1249 1424 56 62 U+98EF 1231 541 79 89 U+30A2 1613 1895 51 75 U+9AEA 655 1943 77 143 U+30C8 875 320 29 87 U+3044 836 828 82 62 U+3075 829 494 91 87 U+30A2 1621 2043 52 71 U+3072 1036 2052 79 70 U+3051 670 812 69 97 U+306A 1422 2024 69 89 U+4E0A 452 1252 84 76 U+775C 458 1003 91 125 U+3055 298 401 54 82 U+4E92 846 690 61 135 U+307E 1059 696 34 98 U+3068 309 2017 36 72 U+30CB 1073 426 48 31 U+9063 1041 1948 71 99 U+52DD 1110 204 76 82 U+3078 1602 2371 66 32 U+5CF6 653 1564 90 104 U+69D8 1035 1666 82 99 U+773C 466 808 76 99 U+3068 675 604 44 103 U+308B 674 1867 48 63 U+304B 1245 2373 36 56 U+8C4A 664 1418 69 141 U+3055 1058 2395 40 51 U+3064 282 310 92 87 U+3069 485 591 76 82 U+8DB3 468 1412 67 114 U+3064 291 1869 77 62 U+3060 1040 799 90 84 U+3093 1421 1942 109 80 U+308B 1431 1651 52 63 U+3060 1619 417 79 86 U+3064 287 2196 69 82 U+308B 1252 2295 32 61 U+304B 859 1857 34 56 U+4E16 829 1016 83 86 U+305D 1429 1865 52 83 U+306D 1035 1197 68 88 U+3066 1225 864 57 66 U+308B 302 823 55 66 U+5176 1604 2134 51 131 U+3089 1239 2428 37 74 U+308B 667 1261 61 76 U+3055 1245 1251 42 84 U+305F 1048 1024 49 98 U+304B 485 1890 35 66 U+819D 270 2394 96 95 U+6751 649 1666 87 89 U+30B3 1067 1359 41 40 U+3057 297 1761 64 103 U+3066 1245 2091 27 101 U+3078 456 2460 84 34 U+3088 1244 1798 42 70 U+7F6E 1604 2424 66 78 U+3068 483 295 52 73 U+9593 844 1108 59 109 U+3068 296 2119 47 76 U+4E00 1617 1615 64 19 U+3078 1029 1298 106 49 U+30F3 1617 1481 78 42 U+308B 851 1658 49 58 U+3058 1641 969 32 74 U+3078 1423 325 79 50 U+3044 1225 1336 82 81 U+304F 1241 1863 40 90 U+30CE 1628 1538 40 42 U+30F3 1641 357 61 52 U+3093 1051 2445 75 52 U+3089 843 1913 44 84 U+30DE 1626 1984 49 51 U+309E 493 367 44 83 U+304F 1058 1124 34 75 U+3069 300 209 85 92 U+3057 1643 1282 20 113 U+30EC 1077 1420 53 28 U+3089 1445 2115 20 74 U+3057 1451 757 19 105 seg_fp 1415 1809 73 28 U+309D 885 1616 19 51,hnsd011-007
U+3031 1245 776 51 126 U+306E 307 1414 67 66 U+304A 671 1774 80 61 U+306E 1433 992 62 57 U+3082 323 2114 50 80 U+3084 296 2314 89 100 U+304A 839 1253 80 63 U+306E 306 989 67 68 U+5C0F 1049 1042 75 61 U+306D 1229 2019 74 79 U+524D 297 1825 91 109 U+306E 1432 462 68 57 U+304A 835 2292 88 68 U+5408 1039 1450 96 93 U+305B 292 607 88 84 U+3066 1603 1725 69 89 U+50E5 1222 266 104 112 U+306B 1418 2049 82 71 U+8A00 857 1330 56 105 U+304A 849 760 74 60 U+5922 1051 2025 66 115 U+30A2 874 410 50 60 U+3060 1242 501 71 80 U+3086 1036 1630 82 69 U+3067 1418 1391 81 80 U+304A 467 1144 94 72 U+5BFE 1420 1560 91 108 U+306A 677 660 66 104 U+3084 1608 814 80 71 U+5409 854 832 65 105 U+524D 470 1240 85 122 U+3067 669 1504 64 76 U+567A 1414 1759 87 94 U+4F55 291 1306 91 90 U+77E5 1608 1281 83 87 U+8A34 1610 1621 87 103 U+65B9 659 1392 84 102 U+3066 851 2198 59 78 U+606F 1416 848 85 125 U+5016 1230 380 88 121 U+524D 1603 1884 81 112 U+9055 296 2196 90 120 U+3082 492 820 50 81 U+306A 1422 2399 75 87 U+306E 855 1443 61 65 U+5408 1411 1956 100 94 U+305F 1425 2299 56 94 U+30B5 850 523 74 83 U+898B 1047 2143 82 86 U+306B 1234 1781 80 73 U+304A 1607 1816 79 67 U+8A00 1626 549 57 103 U+4E8B 313 1492 59 131 U+3066 670 586 69 75 U+3092 846 1175 75 70 U+306E 1413 1673 77 82 U+304B 314 445 47 58 U+8FD4 289 779 87 105 U+306B 1227 2471 84 63 U+4F55 290 259 84 95 U+653E 844 2006 77 103 U+6068 1603 274 99 103 U+65B9 1606 1996 75 94 U+306E 1617 2101 66 66 U+6B64 669 1303 78 88 U+3060 303 352 73 79 U+3067 310 2050 78 65 U+306E 487 1375 67 75 U+4ED5 1428 275 82 90 U+3066 1606 2459 65 75 U+51FA 308 519 77 70 U+3075 475 440 87 78 U+3044 670 950 80 64 U+8A00 490 599 52 101 U+3066 480 2458 64 69 U+306B 1043 1951 85 70 U+3089 1249 2367 43 99 U+3042 1434 1058 62 73 U+3055 855 944 51 62 U+308C 853 2441 63 91 U+304C 493 1069 53 59 U+9022 674 2026 75 126 U+6240 1599 662 88 77 U+6B62 1431 375 74 75 U+65B9 472 1465 79 94 U+5922 1051 1830 70 117 U+30A2 1251 595 57 59 U+4E8B 486 704 65 115 U+304A 297 1757 94 72 U+3068 319 1060 49 83 U+9996 1618 2186 62 126 U+3042 486 905 68 88 U+307E 1058 769 48 94 U+3031 1252 1070 61 130 U+306B 1615 1196 72 76 U+305B 1046 915 67 67 U+307E 1067 261 50 87 U+6625 1054 1108 57 119 U+3066 1056 509 53 78 U+30A2 856 682 57 71 U+63FA 1040 586 83 88 U+51FA 1231 1863 79 69 U+3093 844 1000 87 69 U+9E97 1235 1638 79 137 U+306D 1228 1308 75 88 U+306A 1428 2135 63 86 U+30C8 1267 2140 33 54 U+70B9 1041 1544 89 79 U+FA55 1045 686 87 96 U+3068 504 513 36 69 U+306E 307 693 65 65 U+304F 855 2374 56 64 U+4F55 831 1081 96 92 U+306B 1046 1371 80 70 U+524D 668 1850 78 101 U+3069 1442 770 62 75 U+5207 654 256 100 88 U+305B 294 895 77 86 U+30A2 324 2444 42 70 U+3059 1054 1752 55 73 U+3060 849 1508 73 77 U+3064 1422 2224 72 69 U+6C17 322 1943 73 110 U+308A 490 2167 46 94 U+3067 1216 1446 83 76 U+7E23 1603 1376 91 99 U+6068 475 1697 85 95 U+76F4 1609 1089 75 105 U+3092 1615 463 92 86 U+30A6 680 1215 55 88 U+3053 853 1785 68 105 U+308C 484 1985 68 101 U+306F 1053 865 65 53 U+76F8 1426 1469 76 87 U+66F4 1044 1279 80 90 U+306D 1606 971 71 76 U+5947 1231 1522 87 111 U+3070 1053 987 68 58 U+3092 483 1795 73 83 U+30A2 1635 894 44 44 U+30A2 853 1726 57 67 U+306F 479 381 76 56 U+6597 1434 1190 65 103 U+306B 1052 2438 61 58 U+8A00 487 254 53 114 U+3060 1439 535 68 75 U+306A 676 842 72 103 U+306A 675 361 72 81 U+306F 1052 1233 67 49 U+30A2 1256 718 44 76 U+308B 494 988 50 60 U+3089 690 2230 35 80 U+30B5 1248 659 68 60 U+308C 1432 687 69 80 U+3060 317 1611 64 73 U+30F1 850 1589 71 59 U+6068 663 2325 93 104 U+30A2 302 1232 55 69 U+30EC 871 474 68 43 U+3092 845 1923 69 78 U+6240 1597 1471 93 97 U+3078 1226 2105 97 38 U+308B 1439 1126 52 63 U+3051 1437 613 67 75 U+628A 1594 2384 102 75 U+304B 1071 349 38 53 U+304B 495 1560 43 60 U+30C4 695 527 52 57 U+305F 479 2095 65 75 U+3078 300 1699 99 52 U+8A00 488 1880 58 110 U+30F1 684 1034 63 59 U+305D 675 1661 67 96 U+306B 676 1947 69 70 U+3078 1604 1051 91 53 U+30A2 1437 2483 50 54 U+3061 1235 2223 68 78 U+308A 1426 1293 62 115 U+3058 1636 741 44 89 U+3092 681 2438 80 92 U+3082 1627 2308 48 79 U+3078 1610 1575 87 38 U+305D 486 2283 78 85 U+5730 1040 2367 95 75 U+3046 1252 912 39 87 U+30DE 852 1672 63 50 U+305F 681 2157 59 69 U+3078 1225 1402 95 50 U+304B 1253 2300 44 69 U+5FC3 1049 2302 69 66 U+304B 1062 1699 39 54 U+3089 502 1619 30 70 U+3057 1270 1928 13 97 U+3057 1078 2223 18 92 U+30DE 864 625 53 50 U+3057 1071 412 25 90 U+3053 683 1595 37 63 U+30E2 672 1147 60 64 U+304F 683 425 60 89 U+307F 1630 378 43 85 U+3057 511 2365 21 89 U+3066 1051 2486 66 50 U+3062 1244 994 63 98 U+3057 1453 1865 16 87 U+3089 695 763 29 82 U+3057 1262 1223 22 85 U+3057 888 2104 23 87 U+6625 918 271 51 65 U+30DE 318 1168 53 49 U+30FD 701 1100 33 39 seg_fp 867 1881 42 39,hnsd011-009
U+4ECA 829 788 91 108 U+5185 1218 1011 71 99 U+667A 430 1097 81 122 U+306A 1031 681 71 83 U+306E 836 353 72 75 U+304C 847 1244 58 52 U+304A 646 1244 74 61 U+5185 1393 2091 62 83 U+306E 1226 939 64 64 U+306E 265 552 60 53 U+304A 1202 1467 84 74 U+306E 257 1535 62 60 U+306A 646 1657 67 82 U+3082 460 756 51 83 U+3082 1221 1386 45 71 U+306E 70 687 60 55 U+3082 1235 521 46 66 U+306E 1398 2022 61 55 U+3082 1026 1403 59 73 U+306E 437 1349 68 61 U+3046 660 1010 42 79 U+3042 1402 513 61 78 U+30B5 1399 1143 74 78 U+30C8 666 1862 38 60 U+306E 655 281 70 53 U+3084 1386 356 86 76 U+3075 1384 1958 75 50 U+306F 1024 1730 67 49 U+306E 66 2103 59 51 U+96A3 1213 807 82 121 U+3066 668 617 45 94 U+5C0E 62 752 71 111 U+5973 888 534 66 54 U+50E7 431 985 84 100 U+3092 446 2462 59 64 U+4EBA 58 1481 87 98 U+8001 1021 1488 86 88 U+5FC3 255 454 79 80 U+7FA9 255 1895 71 103 U+7FA9 444 1550 70 105 U+30A2 1415 444 43 57 U+5800 812 1330 105 95 U+306A 641 1398 77 87 U+3082 846 273 48 80 U+5B50 1229 430 63 77 U+7537 263 824 66 102 U+304C 1038 2297 53 43 U+3051 444 1845 67 98 U+3067 1009 1334 81 63 U+305F 836 1922 47 86 U+5411 1387 1852 87 88 U+4EBA 815 2211 98 84 U+3092 827 2320 69 84 U+898B 257 981 65 94 U+6E2C 65 1309 78 95 U+609F 236 1435 91 89 U+7A2E 56 2181 73 85 U+3059 1389 1676 73 96 U+30F2 855 452 39 68 U+3093 246 1143 94 87 U+592B 1011 1216 87 104 U+5F80 634 731 86 107 U+899A 250 1301 73 123 U+8074 244 2085 80 94 U+547D 439 2343 79 110 U+3066 1047 383 41 103 U+7F6E 649 467 73 146 U+7FA9 1218 1120 75 125 U+3070 71 1160 68 41 U+3082 79 512 56 70 U+3070 445 1954 74 42 U+30A6 1045 986 49 73 U+3093 1388 2350 94 80 U+304C 1407 1792 47 46 U+3078 641 1827 80 41 U+30CD 666 1746 48 68 U+3089 463 662 44 87 U+6043 431 2016 89 94 U+3082 76 1904 41 68 U+3092 240 2005 67 59 U+51FA 1211 1557 80 64 U+305B 251 1078 68 75 U+3075 62 315 79 75 U+305B 640 926 72 81 U+5BA4 1398 2190 79 95 U+3093 1205 1308 95 74 U+4ECF 55 580 89 92 U+304D 452 1750 58 92 U+5E95 257 620 75 121 U+540D 449 864 66 103 U+516D 816 996 93 81 U+3093 832 1151 97 82 U+307E 1410 659 44 91 U+3082 1411 2447 39 75 U+5B85 1019 2176 96 101 U+307E 659 838 46 88 U+30CD 857 907 47 77 U+304A 1219 748 71 50 U+6D99 61 1991 77 83 U+723A 1012 1600 91 118 U+662F 73 391 76 109 U+5F80 1018 266 82 114 U+304A 1024 499 78 68 U+3060 1014 1989 82 77 U+8AC7 422 1433 100 113 U+30A2 1424 1037 47 56 U+3068 268 1221 42 73 U+8B58 423 1226 106 106 U+3089 834 1497 47 76 U+30A2 1236 611 52 54 U+3092 252 749 80 76 U+5E30 819 1583 95 84 U+8AC7 243 1775 80 114 U+3092 242 1604 71 69 U+6BCD 422 2122 109 68 U+30A2 662 1169 54 58 U+306B 249 2287 65 59 U+5DE6 1399 1223 62 113 U+5973 1449 930 62 43 U+5F80 242 2380 74 85 U+30E8 849 2020 39 43 U+3078 247 940 93 31 U+30CE 1228 669 55 63 U+304D 1089 1107 41 67 U+308C 641 2279 56 124 U+9593 662 369 50 86 U+308C 70 1648 56 89 U+304B 842 1438 42 54 U+77E5 70 1566 69 87 U+307E 1404 1584 49 87 U+307E 840 1746 44 83 U+3044 1397 755 67 59 U+3044 72 260 65 58 U+69D8 1389 1334 86 90 U+3068 82 1399 35 78 U+592B 66 1809 69 100 U+51FA 652 1324 76 73 U+6368 242 257 89 106 U+304D 72 865 53 92 U+6170 1205 2283 75 126 U+52E7 639 1945 80 126 U+306A 454 487 65 102 U+30B5 666 1104 58 66 U+805E 1031 570 68 106 U+3068 258 2472 40 59 U+3044 1023 857 81 71 U+5A18 1218 269 79 95 U+30A2 1236 2209 43 55 U+304B 74 956 48 62 U+7559 1018 1790 79 107 U+308A 855 1665 45 83 U+3066 257 370 55 66 U+3044 636 1580 72 64 U+4E0D 65 1219 74 87 U+306A 67 2287 56 74 U+306C 76 1743 56 54 U+308B 1415 588 40 59 U+30A2 842 2099 42 55 U+3057 1425 814 17 122 U+3068 457 1674 42 73 U+305F 1091 1046 39 59 U+3058 1424 276 40 89 U+3081 644 2088 60 76 U+30EC 1424 1093 49 44 U+3055 650 1498 58 70 U+3069 839 1098 75 56 U+601D 63 1025 68 79 U+305F 1215 1975 52 79 U+5426 458 268 67 130 U+3066 651 2408 35 111 U+3057 440 2190 74 80 U+5B88 1024 1896 56 91 U+308A 253 1674 51 96 U+3055 1414 2291 37 62 U+3055 1216 1239 47 72 U+307E 1221 1789 47 95 U+660E 1005 2377 85 74 U+30E8 1052 935 35 36 U+6210 1203 1701 90 96 U+30CE 839 2156 49 41 U+306F 1213 2067 66 57 U+3055 1032 776 51 73 U+304C 466 591 63 71 U+4E9B 824 2424 74 87 U+4EF0 1384 1513 80 82 U+30CA 861 674 38 63 U+3079 68 2424 60 32 U+3057 858 1824 20 82 U+3057 1042 2060 16 103 U+30CB 865 736 44 27 U+304F 458 2255 51 90 U+308B 71 2364 46 52 U+3078 57 1112 81 34 U+88AB 1220 1640 49 60 U+30C4 1253 367 45 44 U+306B 1213 2416 58 93 U+3057 1242 1881 16 90 U+30DE 1225 2153 62 46 U+3057 86 2453 17 76 U+88AB 1409 1446 36 66 U+303B 474 401 26 70 U+304F 1037 2448 32 66 seg_fp 651 2222 54 60 U+805E 252 2185 65 92 seg_fp 1028 1590 57 33 seg_fp 655 2170 21 36,hnsd011-024
U+3092 1234 408 78 76 U+5927 1427 2060 76 99 U+4E0B 466 614 72 89 U+308D 674 1071 68 97 U+65B9 290 841 84 113 U+306E 844 761 59 52 U+306A 1611 616 65 80 U+306E 679 2254 63 59 U+306E 1439 2497 56 61 U+306E 1052 1314 55 59 U+306E 310 1574 62 70 U+306E 484 1242 59 63 U+8B1B 470 985 84 128 U+306E 1243 1235 65 68 U+5EFA 1213 914 107 117 U+672D 661 1478 99 89 U+65AF 1602 288 76 130 U+306B 1614 2105 71 68 U+5206 679 1274 67 113 U+306F 672 1187 80 85 U+306A 847 1187 67 81 U+306E 855 1926 55 61 U+3082 684 842 40 80 U+306E 669 923 70 68 U+306E 669 653 61 62 U+306A 297 951 79 84 U+8001 1245 1426 77 107 U+672D 1225 287 99 93 U+3092 835 1117 72 62 U+306E 1431 878 56 55 U+4E2D 469 1111 74 99 U+5009 1222 809 100 106 U+3066 1424 1503 62 72 U+3092 667 1580 70 63 U+4EBA 458 1517 102 93 U+5FC3 1027 1216 92 75 U+8CB4 843 824 56 102 U+304A 300 1138 83 65 U+4FE1 1032 1106 91 104 U+306E 675 1398 62 68 U+3052 1240 565 70 102 U+4E21 1432 395 69 88 U+6CD5 1033 683 84 107 U+306E 688 2095 59 61 U+3066 1610 419 51 73 U+306B 1423 1740 73 79 U+6240 1029 381 85 100 U+5E2F 1605 500 70 120 U+938C 1227 680 80 112 U+9577 1230 1317 84 111 U+4E0B 314 1403 59 69 U+6B64 1039 291 75 78 U+3092 1608 1840 70 62 U+826F 1432 1038 56 108 U+65B9 455 1873 96 92 U+6B21 1046 2016 85 102 U+3044 295 643 79 50 U+82E5 666 721 72 113 U+9810 463 306 81 117 U+7D19 1430 2392 79 106 U+8A18 835 290 87 81 U+3068 1434 299 53 65 U+9580 1431 1825 74 85 U+8001 849 1387 75 103 U+306E 322 2486 60 67 U+5EA6 1608 1231 76 118 U+5C4B 1419 1158 82 92 U+3066 471 2319 74 61 U+3066 689 1743 41 105 U+306A 1427 2239 66 89 U+3081 1612 856 58 65 U+7559 1617 1912 68 97 U+4F5C 1413 953 89 82 U+5E02 853 1789 56 125 U+7740 469 706 81 121 U+3044 668 1009 83 52 U+304A 1616 2189 61 67 U+4EBA 667 2161 98 95 U+52DD 1043 1815 93 108 U+624B 1066 1920 51 98 U+756A 659 534 77 115 U+306E 1245 2351 53 66 U+99C6 469 1983 98 84 U+96C6 830 631 75 121 U+3057 1604 783 74 68 U+8AC7 302 2353 76 104 U+6CD5 306 2236 77 103 U+5973 295 1483 96 73 U+4E0A 474 513 75 74 U+3093 294 766 96 86 U+7E01 1228 2240 93 99 U+8ABF 1603 1358 85 99 U+308C 1618 2474 73 70 U+82E5 841 1498 69 111 U+8349 672 286 59 118 U+305F 477 832 57 74 U+751F 1246 2036 51 86 U+8CCE 832 932 85 96 U+500B 294 1720 96 91 U+308A 1055 996 47 93 U+304F 865 2105 32 89 U+3042 314 1992 67 80 U+8846 1235 1927 87 108 U+308A 489 420 43 93 U+53C2 673 1854 74 127 U+7B2C 1044 2119 71 118 U+3068 1068 2491 37 70 U+6EDD 295 1212 85 107 U+8CD1 284 299 85 107 U+8A63 662 1985 89 91 U+304D 1628 2252 47 77 U+3066 1624 2329 40 81 U+3081 1246 2490 63 70 U+4E0B 681 2327 69 66 U+516D 1610 1760 70 66 U+308B 494 906 37 65 U+3078 1418 1263 85 51 U+500B 1424 489 80 97 U+3066 1053 566 43 120 U+5F7C 471 1610 91 101 U+65B9 474 1708 77 94 U+304D 1436 2149 50 87 U+3066 841 465 50 70 U+3055 302 543 52 83 U+81F3 1427 1325 78 84 U+306B 1043 483 68 82 U+7D50 1219 2132 92 101 U+652F 1613 1130 60 91 U+306F 310 1820 66 41 U+5BFA 1243 1137 52 78 U+96C6 842 2195 70 113 U+306E 1058 2253 56 57 U+3055 1242 495 52 69 U+8DB3 686 2396 59 89 U+306F 309 696 51 77 U+3042 1047 915 65 84 U+9577 1233 1041 64 87 U+3068 322 1325 40 72 U+308B 1438 2324 46 59 U+306E 1622 1691 56 66 U+4EE5 671 1661 80 79 U+308A 1449 1409 40 80 U+8AA0 1230 1548 101 102 U+901A 1424 677 72 106 U+5C1A 1238 1828 80 90 U+8239 1596 1509 90 97 U+307E 499 2066 42 97 U+5C71 842 1039 73 67 U+305F 1244 2417 51 66 U+308A 1441 782 43 86 U+6B64 477 1803 81 72 U+4E0A 308 1865 69 71 U+76F4 1609 925 66 89 U+62D9 1226 1654 98 79 U+898B 1432 1582 61 87 U+8F29 1053 1379 64 145 U+8074 1046 1602 84 105 U+7FA4 836 543 88 83 U+8AC7 1037 800 75 113 U+4E8C 295 1655 83 42 U+8A71 470 1404 83 99 U+306E 488 2500 65 54 U+982D 1604 1608 75 88 U+5C65 649 415 96 119 U+548C 1233 1751 81 71 U+7537 852 1611 61 103 U+3057 873 1282 21 98 U+306B 1427 1921 68 85 U+308A 506 2217 39 84 U+508D 845 2377 77 102 U+3078 293 1947 101 52 U+306B 847 2473 70 58 U+5B88 1628 2007 40 87 U+308A 316 2130 51 97 U+4E2D 1424 593 68 83 U+805E 1060 1712 61 108 U+306F 292 425 70 56 U+3069 1623 703 43 81 U+304C 327 2074 53 55 U+306F 1055 1531 61 57 U+304B 1632 2422 33 52 U+3057 329 1033 18 104 U+308A 861 2304 46 79 U+4E16 461 1319 89 83 U+306F 489 2168 64 55 U+308B 1436 1668 52 63 U+3057 1635 1018 14 106 U+3092 649 2488 95 70 U+306F 1430 2008 63 48 U+4E8B 1063 2331 48 127 U+5973 839 1709 81 67 U+3057 860 379 29 83 U+306F 858 2525 66 38 seg_fp 858 2010 65 86 U+3078 1612 1466 70 42 U+305D 494 2398 48 93 U+3057 337 473 20 69,hnsd011-025
U+4ECA 1395 925 94 120 U+3082 838 619 53 83 U+306E 828 1784 64 55 U+306E 652 376 63 70 U+306E 1401 1510 65 55 U+5BB6 1588 578 83 112 U+306E 283 2092 62 60 U+3082 470 351 46 83 U+8C8C 1018 248 80 126 U+5408 637 1081 102 94 U+308A 663 770 41 76 U+3092 455 245 69 88 U+3067 1399 256 75 82 U+3081 1222 376 61 72 U+4FEE 1211 257 94 116 U+3092 1582 1147 72 72 U+306E 1398 2444 60 62 U+5FC3 816 1868 83 76 U+4EBA 427 2258 112 108 U+3082 284 236 56 94 U+6597 654 664 61 106 U+6C17 826 959 70 129 U+304B 1584 1748 81 73 U+7533 458 1441 47 99 U+3044 260 1617 86 65 U+3082 1597 2192 46 63 U+306B 273 1811 75 73 U+5B9F 1013 1283 86 134 U+6D99 641 254 86 110 U+304A 1212 2238 84 72 U+52E2 819 1090 91 121 U+304B 1207 462 87 74 U+6EDD 816 1380 80 105 U+3046 1230 1089 44 80 U+307E 1224 900 52 91 U+4ECF 1580 772 80 93 U+898B 1212 1949 78 96 U+3082 287 1310 50 78 U+304A 822 1302 84 59 U+3092 1016 393 74 79 U+6253 442 1132 84 108 U+3066 466 496 48 119 U+3066 1035 1809 44 102 U+3067 1581 406 79 77 U+3084 1579 257 85 74 U+968F 823 1562 78 83 U+30C8 1233 1176 46 80 U+3054 1421 348 63 96 U+3092 1209 1861 69 77 U+3066 1409 2005 46 101 U+548C 631 2054 94 85 U+53C8 1207 1279 87 75 U+3066 1419 805 42 113 U+65B9 1578 2078 74 92 U+4EBA 1389 1323 95 88 U+4E2D 1024 1171 73 102 U+4ED6 267 1903 100 92 U+304C 1601 700 53 54 U+4EBA 275 1997 86 88 U+5A66 1394 1204 89 114 U+4E2D 655 2301 65 99 U+6B64 274 460 76 69 U+5A66 438 2134 94 117 U+559C 822 1658 79 121 U+5A01 1008 1507 101 111 U+7D66 1024 904 71 88 U+3080 641 572 84 89 U+50AC 810 2048 90 96 U+3080 653 1553 82 95 U+3042 1032 1624 69 97 U+6765 829 427 71 112 U+3068 1221 1596 57 84 U+306B 837 1226 46 64 U+306F 282 404 57 44 U+6EDD 1205 2341 93 118 U+65B9 1393 1407 78 90 U+3086 265 1678 79 76 U+5BB6 275 987 83 124 U+898B 1026 812 75 86 U+306E 278 328 66 72 U+306F 827 1500 66 45 U+3058 1021 475 75 91 U+9AD8 469 622 44 132 U+5EFB 1214 2052 66 70 U+5404 1585 1966 74 108 U+3092 451 874 70 73 U+5BB6 274 2167 75 102 U+306A 276 1529 73 86 U+60AA 440 1551 83 125 U+3066 646 1264 64 73 U+5553 648 2421 77 97 U+8EAB 1395 2313 65 109 U+731B 1016 1923 84 101 U+3066 277 903 65 75 U+306B 1022 2459 75 66 U+3057 1243 2122 21 107 U+5982 824 359 77 53 U+9000 1568 2278 85 98 U+3075 1394 620 87 66 U+62D9 634 1968 92 82 U+6D6E 638 453 91 113 U+304B 1038 2030 42 62 U+4F9D 1388 694 91 107 U+3066 433 1344 70 84 U+3092 287 2283 49 64 U+4F0F 641 1347 97 94 U+3092 647 982 68 81 U+751F 837 249 47 101 U+306E 1584 970 66 62 U+306A 1399 1848 65 84 U+308B 839 895 47 57 U+3064 450 436 72 63 U+5FB9 435 971 102 84 U+5BB6 276 2358 70 98 U+773C 1017 1074 91 83 U+306B 1022 1422 78 75 U+5FC3 1390 1582 78 95 U+51FA 1591 497 79 76 U+308A 1226 1502 50 104 U+3075 257 1246 96 65 U+62DD 651 1441 81 107 U+81F4 1583 1220 80 147 U+3064 1025 1724 77 67 U+8AA0 641 1860 91 89 U+306E 274 1389 72 67 U+3044 276 1192 74 54 U+305B 1207 992 76 94 U+751F 1400 2206 57 93 U+898B 830 714 69 94 U+5F97 1393 1679 79 87 U+751F 283 682 59 104 U+305A 1584 1876 80 93 U+4E8B 454 1770 56 114 U+5C1A 638 2136 93 100 U+3068 289 2463 51 54 U+5C48 1576 2399 86 100 U+4E0B 656 1762 61 72 U+304D 448 1678 59 88 U+73CD 1583 1454 84 102 U+8AAC 1582 1048 87 87 U+3068 1032 725 44 69 U+3068 1413 1754 41 84 U+304C 1237 2461 52 53 U+3092 827 1962 59 66 U+306A 447 1884 62 93 U+9053 1583 866 75 84 U+308C 269 787 73 109 U+3089 469 2038 32 78 U+3044 451 2415 64 46 U+5F53 649 1650 78 106 U+5484 1203 734 95 69 U+3050 1211 1362 72 74 U+3086 824 809 73 87 U+308D 1013 577 78 79 U+3057 850 2150 20 120 U+307E 1036 2266 43 98 U+4E16 270 536 80 80 U+5EA7 445 764 81 103 U+3089 1421 531 50 87 U+4E00 1203 1707 93 20 U+306F 1409 1135 59 45 U+3068 462 2339 43 59 U+3092 1221 618 71 96 U+3068 291 1112 42 67 U+3068 836 547 55 66 U+5750 1205 1763 80 95 U+3075 441 2463 83 55 U+308A 1032 653 49 76 U+3057 1251 802 21 88 U+3064 1392 1931 83 74 U+4E00 1398 2144 75 18 U+624B 655 864 54 112 U+3068 467 1059 40 74 U+601D 824 2292 74 75 U+3078 266 633 92 49 U+3075 1012 990 85 74 U+3078 265 1763 96 41 U+304C 457 1975 61 66 U+306F 1583 1379 66 59 U+305F 1221 536 66 75 U+304C 285 1451 62 50 U+308B 1234 1433 42 68 U+65E5 1422 1059 42 69 U+3089 1597 323 44 92 U+306F 831 2379 63 53 U+306F 647 2239 65 48 U+3056 1417 446 66 82 U+3055 455 1252 47 82 U+3057 1618 1652 19 93 U+3057 682 1182 15 76 U+305A 836 2431 57 81 U+3089 1615 1815 29 67 U+3089 1589 1561 61 92 seg_fp 1049 2091 22 49 seg_fp 1030 2366 48 86 U+305A 1031 2149 56 101 seg_fp 1623 1551 26 52,hnsd011-027
U+306E 466 271 65 68 U+306B 1413 1956 75 64 U+6CBB 1481 1480 60 68 U+305F 1421 811 59 80 U+662F 297 2107 74 104 U+306E 1605 2194 66 68 U+3082 1615 2109 51 86 U+723A 1408 481 101 135 U+6EDD 1031 832 101 106 U+306B 1231 1727 71 66 U+3067 1425 391 67 84 U+304C 845 1196 65 53 U+3067 1412 948 73 78 U+6765 460 1063 76 120 U+304B 1414 2043 87 67 U+306E 661 1031 70 67 U+4E0B 830 2331 80 74 U+5F80 1412 706 82 104 U+304A 1030 737 81 68 U+304A 655 1294 91 72 U+6BCE 1587 1166 89 117 U+6C17 1600 1477 86 131 U+306E 1229 527 71 77 U+30A2 1245 1542 50 58 U+4E09 652 666 78 83 U+3066 1026 1426 69 85 U+304A 830 266 83 66 U+69CB 1019 2208 109 121 U+304C 845 681 65 55 U+306B 460 1349 75 73 U+3064 1040 574 66 56 U+3092 656 942 72 75 U+30C8 867 1806 39 68 U+304C 1432 643 60 46 U+306B 1057 2475 52 60 U+6709 845 1279 59 107 U+30C8 1252 1807 47 84 U+306D 834 1719 80 79 U+6CBB 539 505 59 67 U+306B 668 577 50 70 U+7269 645 834 93 78 U+3066 1211 917 77 85 U+5DF1 467 894 68 86 U+51FA 833 351 73 97 U+7B11 1041 1147 86 109 U+304A 287 1126 78 70 U+7F6E 1219 1011 78 131 U+3082 849 2238 58 92 U+5F7C 1411 1772 87 96 U+306A 285 1381 78 81 U+723A 823 535 100 138 U+3092 293 1879 71 79 U+3093 269 1288 118 77 U+3031 1618 1345 60 127 U+3066 658 1205 64 81 U+3093 657 1450 99 77 U+3044 286 1539 81 64 U+5E83 643 266 90 144 U+304D 1109 1580 53 53 U+304B 484 1970 46 60 U+81EA 473 753 54 118 U+6298 835 2024 79 115 U+30A6 672 2248 47 57 U+592B 1414 265 90 106 U+6253 1217 694 74 95 U+4E8B 1429 2290 56 143 U+305F 668 2433 65 85 U+304D 529 2182 54 52 U+3082 1242 435 50 90 U+5F35 834 1079 74 108 U+304B 824 1396 100 81 U+304C 477 989 65 55 U+305F 467 1885 73 75 U+308B 1047 354 49 68 U+3046 1430 1334 40 79 U+3084 1208 1461 101 74 U+304C 1427 2468 68 55 U+7136 1224 2184 77 104 U+79C1 1595 901 85 109 U+307E 1435 1144 46 93 U+3042 1236 274 69 87 U+52C3 1221 2058 81 116 U+6765 460 1776 78 106 U+4E86 845 946 53 104 U+5B50 308 1788 56 89 U+4F55 828 757 83 90 U+4E0A 276 1204 85 73 U+30C4 680 761 53 47 U+304D 1039 640 58 77 U+3089 1620 660 52 89 U+5B9C 1046 1942 72 107 U+30A2 1063 1700 55 53 U+304C 674 1538 68 42 U+3060 1606 2287 72 86 U+30F2 690 2028 49 47 U+5B9C 1226 1622 73 89 U+6301 653 1597 91 85 U+30E2 656 2174 56 59 U+304B 852 868 44 49 U+5C11 1227 1887 83 75 seg_fp 1018 1019 112 106 U+5973 1405 1880 105 64 U+5449 1202 1245 101 114 U+3089 483 2031 43 74 U+305F 1035 266 63 88 U+929A 286 1690 98 99 U+6765 661 2321 74 113 U+3075 1407 2199 86 76 U+3068 1248 2292 46 85 U+305B 651 1116 83 86 U+3066 1224 1143 64 101 U+305F 1112 1529 40 51 U+305F 533 2123 45 56 U+3075 1596 747 88 65 U+3066 489 1667 32 101 U+3068 1621 810 38 83 U+30E8 854 463 45 52 U+305B 1407 1239 80 95 U+3092 1597 1617 71 77 U+3068 298 1966 59 67 U+30E4 679 2104 58 60 U+8A82 456 1449 94 94 U+304D 1604 1014 62 84 U+30E8 1441 1428 43 48 U+304C 1608 1098 59 64 U+30B5 310 402 61 71 U+592B 281 537 79 104 U+30EC 1072 1761 53 48 U+3078 453 435 99 44 U+304D 751 1916 41 62 U+30CA 1440 1582 48 53 U+3060 844 1559 73 91 U+305A 1037 2386 89 92 U+3075 825 1954 85 60 U+5C45 1582 1924 84 106 U+3055 673 1370 54 80 U+304B 1057 2057 46 64 U+308A 1244 1368 52 98 U+63C9 1586 1696 99 110 U+3078 280 350 93 47 U+308B 1611 2026 51 65 U+3089 1052 2120 39 73 U+65E5 1616 1302 42 58 U+5DE6 470 2329 61 110 U+3051 463 1254 79 98 U+6709 1429 1033 49 111 U+3057 1604 268 70 92 U+3089 858 1475 45 75 U+306F 1050 960 54 23 U+3055 297 1463 49 74 U+3088 849 2404 48 62 U+3089 1621 428 32 80 U+3068 1045 1256 53 69 U+30A2 311 902 47 61 U+84CB 651 414 74 153 U+306A 285 654 73 88 U+30E0 491 630 52 55 U+30C8 318 1599 36 78 U+308B 305 2033 48 60 U+3044 842 1894 67 60 U+305F 1609 361 60 64 U+307E 1433 2110 43 92 U+3089 302 745 44 88 U+304B 1618 2373 38 70 U+305F 745 1855 39 59 U+308A 308 2309 44 94 U+304B 1254 626 25 39 U+6368 1212 813 73 98 U+3088 309 2228 47 79 U+3059 667 1777 74 84 U+51FA 653 1700 92 77 U+306F 1050 2334 60 43 U+3078 454 1618 90 40 U+304B 310 274 40 66 U+304B 478 370 36 59 U+30A2 857 1656 50 58 U+3067 1612 1808 61 95 U+69D8 454 2441 101 87 U+66AB 283 2399 93 128 U+3089 494 1540 24 71 U+5B9C 1607 515 79 93 U+30F3 1448 900 55 38 U+304C 481 1195 64 59 seg_fp 1042 433 60 78 U+30DE 1032 1824 62 46 U+30C4 316 1040 45 61 seg_fp 1035 510 82 42 U+3057 866 2138 19 106 U+30F3 1448 1653 46 41 U+3057 1262 1966 15 91 U+30A2 310 472 51 65 U+3057 1262 2403 15 131 U+304B 1617 609 46 53 U+30A2 1040 1874 38 42 U+308B 1251 356 36 62 U+308A 860 2467 28 64 U+3089 1630 2440 28 63 U+30DE 306 850 60 45 U+4E00 279 1000 83 32 U+30CE 1447 1708 35 36 U+3057 1079 1323 16 90 U+30FD 507 699 30 43,hnsd011-039
U+3066 1007 444 71 76 U+306A 1214 282 73 90 U+305C 1200 1086 90 91 U+65B9 1011 1452 82 94 U+3046 1226 1008 45 91 U+3082 833 755 50 78 U+304A 829 1799 77 65 U+6EDD 822 1882 96 117 U+304A 288 1901 89 69 U+304C 825 279 69 64 U+3067 445 894 81 84 U+5BC4 647 1249 85 128 U+306A 279 729 66 82 U+524D 651 2057 78 107 U+3082 1420 815 45 80 U+3082 465 684 51 75 U+3084 1387 1389 84 71 U+306B 1211 2036 73 73 U+6625 1218 1438 55 114 U+30F2 846 855 56 85 U+52DD 1577 1344 99 102 U+6C17 1019 515 86 117 U+3089 1224 918 52 90 U+30A4 841 920 48 79 U+306B 1019 1548 83 73 U+3067 1576 906 74 68 U+5F35 1011 1733 83 113 U+4ED5 1578 591 82 95 U+306A 1405 731 69 77 U+5C0F 1214 1363 81 64 U+6BD2 1003 718 89 124 U+592B 815 1015 103 111 U+3059 646 1080 73 87 U+5176 270 518 69 110 U+3082 1598 511 48 78 U+306E 1019 643 66 79 U+306E 1597 2282 53 53 U+3066 654 278 45 126 U+3066 279 1813 72 86 U+306E 650 856 65 72 U+3082 1035 1828 47 73 U+306D 1584 675 66 90 U+3067 290 2093 82 82 U+3057 1591 1730 78 76 U+304A 650 1985 85 55 U+30F1 453 391 76 51 U+76F8 1392 2373 72 71 U+3044 460 1665 65 51 U+304B 1015 270 85 81 U+8A00 471 2343 49 97 U+30F1 466 277 73 56 U+3093 1581 2203 90 72 U+3051 1020 925 67 89 U+5426 457 770 73 123 U+6C5A 1404 282 75 118 U+7E01 446 1868 87 120 U+592B 651 1654 91 107 U+819D 637 736 92 114 U+3084 656 1825 73 65 U+4E86 1030 1631 51 102 U+3067 1214 2194 68 72 U+8FF7 286 1544 62 131 U+3051 291 2256 68 88 U+4ED8 1217 638 64 94 U+7E01 1205 528 87 108 U+30C8 857 1523 33 74 U+81EA 1411 1534 52 110 U+305B 829 2474 71 76 U+6A4B 1573 1066 83 90 U+304C 1225 1570 59 54 U+5B9C 1207 812 79 94 U+3051 1019 352 71 103 U+3089 1017 2081 58 103 U+3075 437 1716 93 64 U+306A 290 2176 71 81 U+3089 287 823 46 78 U+3068 466 1581 50 84 U+59CB 270 901 84 95 U+3092 825 2173 71 73 U+723A 1579 2021 86 104 U+5074 629 929 100 105 U+6B64 1016 1381 85 68 U+5F80 813 1276 89 98 U+901A 1413 1903 64 93 U+304C 1196 733 83 85 U+306B 276 432 78 73 U+3081 278 998 70 68 U+6240 1201 381 83 90 U+3069 1031 1096 61 87 U+30A2 1420 1465 46 64 U+4F55 449 1392 81 91 U+6709 1032 1913 51 93 U+304C 1415 1727 56 45 U+308C 1015 1005 78 86 U+8A33 1576 810 88 91 U+307E 847 2397 42 76 U+679D 1570 982 90 89 U+3068 1603 1445 48 73 U+306F 836 2012 61 39 U+304C 656 677 61 63 U+4E16 1576 1532 85 76 U+3044 1404 1798 59 46 U+79C1 451 477 77 108 U+3066 829 1724 58 70 U+3067 1578 2481 85 65 U+4F4D 268 631 86 88 U+3060 1018 855 74 69 U+307C 1028 2331 86 87 U+304A 1026 2417 72 66 U+306E 1409 894 60 67 U+6CBB 637 402 81 109 U+82E6 1211 2271 67 115 U+308A 642 1164 77 98 U+805E 828 1604 73 116 U+540D 1590 2334 65 73 U+592B 1393 2281 90 101 U+3066 811 676 75 79 U+305F 1597 1946 62 65 U+3044 443 1130 89 79 U+304B 1038 2029 41 54 U+3060 1402 961 74 64 U+3084 287 2417 73 71 U+304D 456 585 63 94 U+3068 475 2228 49 102 U+3078 640 1038 98 50 U+5449 298 1982 63 108 U+3089 1402 1076 56 86 U+308C 1412 401 52 98 U+308C 1593 1871 79 76 U+304D 704 1418 62 55 U+3031 485 2068 44 127 U+306A 1033 2190 61 75 U+5DE6 823 354 62 104 U+308A 1396 2000 70 94 U+3054 465 983 70 60 U+69D8 277 1370 84 105 U+3066 475 2445 28 95 U+773C 816 2078 86 92 U+308A 1422 1310 33 94 U+306E 1593 1163 54 52 U+3078 1588 1694 86 42 U+69D8 650 2167 91 85 U+307E 1222 1177 46 97 U+69D8 813 457 90 85 U+3078 1211 482 90 40 U+5DF1 1410 1628 67 83 U+3046 1204 2468 64 89 U+304B 298 280 37 64 U+3078 814 1479 98 41 U+4ED8 466 1984 60 75 U+9B3C 1578 1237 90 100 U+592B 1395 1150 81 99 U+3093 1018 2256 127 72 U+306B 1401 2087 56 65 U+308B 848 2328 40 62 U+3068 470 1769 55 89 U+3093 1208 1965 96 73 U+30C4 305 1070 43 52 U+30C8 1060 1312 32 61 U+3055 1223 1910 45 62 U+305F 1214 1279 70 78 U+3055 1606 2145 44 59 U+306B 294 1476 53 70 U+5426 655 2268 70 112 U+3084 1399 561 75 80 U+307E 1603 2409 51 72 U+306D 818 1377 69 91 U+308A 298 2347 44 72 U+30A2 664 1901 53 64 U+3058 682 1751 48 82 U+723A 1201 1789 101 120 U+30A2 313 2491 42 45 U+304B 1419 1026 34 51 U+6B64 277 1289 76 78 U+304B 297 1142 39 57 U+3046 852 2257 30 78 U+306F 285 1686 63 53 U+3088 1413 1243 54 69 U+3068 1600 448 44 65 U+3059 450 1289 86 95 U+4E8B 1221 1626 56 105 U+3089 287 1198 44 102 U+5FDC 1406 2443 65 105 U+30C4 1039 1263 60 57 U+3089 1224 2385 55 84 U+8A00 833 548 48 124 U+308B 1419 494 40 66 U+306F 830 1207 69 57 U+304B 678 2410 36 61 U+3069 1595 291 86 76 U+307E 463 1179 47 106 U+305E 459 1479 71 94 U+3068 845 1123 40 78 U+3046 1419 642 36 90 U+3078 1580 772 85 37 U+307E 1227 2109 41 79 U+306F 1212 1735 68 48 U+3064 1580 382 87 66 U+3075 1393 1843 74 57 U+524D 1017 2470 94 78 U+30C1 1041 1195 52 84 U+5175 659 507 38 106 U+9593 1599 1614 47 72 U+3089 300 349 34 86 U+3066 1399 2205 50 67 U+3078 647 2484 102 47 U+305F 717 1369 32 45 U+30F1 668 1538 65 52 seg_fp 491 350 36 34 U+3078 632 626 69 25 U+3089 1622 1813 23 61 U+3057 329 1728 16 78 U+3056 460 1046 69 81 U+3057 1445 2135 12 63 seg_fp 685 1591 44 45 seg_fp 1612 1216 19 26 seg_fp 1413 2525 61 27,hnsd012-005
U+306E 419 2507 68 55 U+306E 632 1964 60 57 U+843D 1574 718 78 129 U+7D19 249 879 98 111 U+3082 635 2126 46 69 U+592B 417 1333 93 100 U+308C 1388 811 72 100 U+5FC3 1381 1388 77 82 U+3051 434 1234 74 85 U+304A 265 301 69 54 U+3051 1399 726 68 88 U+3066 1374 1639 69 72 U+624B 268 767 57 98 U+6CBB 885 296 61 64 U+3069 1400 918 57 93 U+305F 806 1657 57 70 U+5206 1201 1957 67 93 U+305F 436 702 59 81 U+7269 999 1162 83 83 U+306E 635 859 67 56 U+3066 259 1163 68 77 U+3092 630 541 66 73 U+624B 632 2220 55 102 U+79C1 248 1460 80 86 U+89E3 1174 2051 99 105 U+5176 260 638 62 112 U+5409 263 379 67 103 U+5168 794 2188 85 102 U+306E 1572 1958 60 63 U+5C0F 797 2358 81 63 U+306F 1194 1615 64 42 U+3082 1024 899 49 70 U+592B 791 1870 87 110 U+306F 1383 1928 58 41 U+304D 624 1446 80 82 U+5927 250 2206 76 75 U+3060 250 2436 75 72 U+3089 1216 711 59 106 U+304C 275 572 58 54 U+898B 633 625 79 80 U+306A 1374 2047 62 82 U+624B 643 297 49 109 U+7D30 1184 1505 81 84 U+3061 1008 804 76 83 U+308B 1211 900 45 52 U+4ED4 1188 1391 90 86 U+304C 435 2180 58 56 U+7D19 1373 1816 82 102 U+3092 272 1013 59 56 U+7D19 625 412 81 110 U+3066 268 1343 39 113 U+3060 258 1849 73 67 U+6CE2 620 1648 84 93 U+3066 1180 2525 78 59 U+3084 788 2036 82 77 U+898B 1381 1965 73 80 U+306E 1564 2408 59 50 U+305F 429 563 77 72 U+6625 809 2427 47 97 U+80C6 238 2279 91 79 U+306B 434 411 81 68 U+7537 624 2031 63 95 U+76D7 251 1644 78 104 U+624B 1388 1716 54 100 U+306B 1194 1873 71 74 U+306B 1189 963 75 79 U+514E 1566 1422 85 107 U+306B 802 886 76 76 U+6240 417 2091 79 75 U+4ED6 1383 1304 91 76 U+3089 1378 2186 46 80 U+7D50 416 2392 80 91 U+305F 433 2006 53 74 U+308D 807 639 67 81 U+6625 1387 1123 60 94 U+3061 1584 864 61 90 U+4ED5 423 1921 86 86 U+8A00 438 856 60 94 U+304C 1404 1233 50 44 U+5408 1548 1767 98 92 U+306A 1572 1183 65 76 U+306D 626 709 74 98 U+30CD 655 996 49 64 U+7537 443 294 68 100 U+306B 1582 1531 48 73 U+3044 793 1459 83 56 U+3084 422 962 90 63 U+4F55 808 406 71 100 U+3092 253 1563 75 80 U+4F7F 616 1866 91 91 U+3068 453 1848 42 72 U+3081 269 502 59 57 U+8A9E 997 1271 80 98 U+305F 1188 2157 57 73 U+5927 810 727 74 74 U+304C 643 2337 56 65 U+70B9 1556 1858 79 92 U+3092 622 2490 83 79 U+3056 1206 823 75 77 U+306F 1193 1151 63 39 U+5B9C 432 1759 73 82 U+6CE2 1374 2367 76 79 U+304B 649 933 42 56 U+73CD 622 1543 80 107 U+306A 435 1423 65 88 U+3042 1395 1479 59 72 U+3054 810 1318 66 60 U+6765 260 1238 65 105 U+9AEA 424 2254 72 126 U+304D 1193 1296 64 83 U+3066 1216 1042 35 90 U+52B4 797 1134 70 106 U+3067 801 1248 62 69 U+308A 1594 950 40 84 U+5973 241 2369 85 57 U+3088 1202 2293 47 65 U+305F 434 1099 57 76 U+3084 791 1520 81 58 U+304A 1012 721 79 79 U+73CD 1369 2274 79 96 U+308B 1196 2229 46 53 U+8CCA 245 1756 99 88 U+5C0F 1384 1019 80 68 U+5FA1 806 967 66 60 U+3093 1569 1340 75 74 U+82E6 796 1033 81 104 U+660E 1182 1670 85 76 U+308B 1013 1372 53 71 U+90FD 1180 2435 78 91 U+30A2 826 2122 35 47 U+8AD6 630 1151 85 107 U+306A 1196 1203 66 94 U+592B 426 1594 81 101 U+308B 1576 2222 46 56 U+304B 643 1740 37 51 U+3057 1598 1050 16 120 U+306B 800 502 68 77 U+591A 1568 2463 55 116 U+308A 1403 1551 39 83 U+3058 827 1971 37 80 U+3078 623 812 95 52 U+6765 1373 2478 73 97 U+52FF 635 1067 71 85 U+6301 246 1074 84 84 U+304C 1391 2127 53 60 U+304B 1560 1614 78 62 U+30C4 457 1181 45 50 U+30A2 279 2521 38 39 U+304D 816 803 52 82 U+3068 450 787 46 61 U+3086 1560 2028 76 66 U+4E8B 1577 2284 43 102 U+3089 646 1790 29 64 U+306A 1011 993 63 72 U+307F 644 2403 27 63 U+3056 816 1378 64 77 U+3056 1568 2155 53 69 U+308F 448 491 44 70 U+5730 1171 1801 111 71 U+306F 432 1706 73 51 U+306F 811 2535 51 38 U+3089 455 1517 23 75 U+30CF 812 1750 72 34 U+304B 1576 2095 37 59 U+3078 247 2173 101 50 U+3057 1214 2354 22 94 U+3089 1599 1265 20 63 U+3057 829 1575 17 84 U+8A00 262 2002 59 89 U+304F 1019 1043 55 88 U+3057 466 644 17 72 U+3068 265 2090 56 68 U+304F 1582 1658 47 97 U+303B 1216 1747 20 49 U+3057 460 1025 19 71 U+30A2 833 1817 40 40 U+3057 847 565 18 76 U+5176 620 1292 68 78 U+304F 817 2285 33 54 seg_fp 248 1925 102 91 U+30FD 857 1779 18 33 U+3068 637 1384 42 57 seg_fp 645 1263 34 32,hnsd012-015
U+306E 842 1090 57 56 U+3031 1029 2153 65 145 U+306E 459 1962 62 53 U+884C 1014 745 80 111 U+5EFF 1208 819 100 94 U+4E2D 1025 1154 70 118 U+306E 841 2335 59 60 U+9019 818 1525 108 105 U+306E 82 2434 61 59 U+304A 257 1349 85 62 U+304A 257 1047 84 63 U+884C 70 1172 74 125 U+3092 1389 711 72 63 U+306E 79 1794 66 53 U+5B85 262 1914 90 111 U+61F8 1025 246 75 111 U+8A00 465 2224 54 104 U+9B3C 70 1873 84 115 U+524D 449 564 77 127 U+9152 1391 460 76 83 U+5BB4 1389 1356 80 115 U+304C 278 701 54 62 U+52DD 69 1996 94 105 U+306A 1023 384 73 83 U+65E5 1040 1079 45 62 U+56DE 1204 1054 92 73 U+3067 252 2046 88 81 U+591C 1009 1706 81 109 U+3082 849 650 46 75 U+7D19 1387 1945 77 93 U+8A00 72 354 63 110 U+3070 74 1315 83 45 U+5409 459 2023 60 108 U+4F55 449 926 93 108 U+9152 1393 1259 80 92 U+52DD 829 2408 95 100 U+3082 1415 2124 41 73 U+5973 835 1176 80 83 U+306F 464 873 64 40 U+500B 827 980 84 83 U+69D8 1011 1895 91 99 U+56DB 1205 962 94 49 U+3044 647 1170 83 58 U+30A4 482 1444 35 64 U+3066 849 1702 37 111 U+3059 266 2422 64 87 U+3067 454 2431 70 81 U+5165 821 1641 91 70 U+304B 831 253 89 67 U+6CBB 1387 2042 81 79 U+30A4 685 1769 28 73 U+3054 251 245 89 68 U+3089 463 1203 46 79 U+307E 273 479 49 113 U+5965 72 962 74 140 U+6BBD 1386 571 92 117 U+7D50 450 1854 79 93 U+307E 270 2349 45 77 U+308A 1412 2400 44 88 U+3066 95 846 35 111 U+304B 1033 2109 40 50 U+6765 839 736 67 108 U+3084 832 2254 81 75 U+6539 1388 785 86 94 U+3078 254 1581 102 47 U+308A 1415 328 39 99 U+6298 833 457 83 98 U+306A 78 478 63 89 U+306E 1026 1833 66 67 U+9AEA 449 1705 81 139 U+3054 265 2121 79 86 U+7B2C 1208 665 88 117 U+304A 457 482 89 72 U+30CF 676 1723 61 31 U+306B 838 2033 75 72 U+8239 1004 2013 98 87 U+308B 1034 677 43 62 U+4E3B 89 1667 47 105 U+51FA 268 1426 72 85 U+30C8 95 241 35 89 U+591C 1381 1785 85 95 U+304B 474 1151 37 52 U+3054 657 2232 76 93 U+79C1 444 1522 89 112 U+3068 854 1427 45 74 U+304D 1023 1599 56 96 U+65B9 444 1036 81 94 U+306B 1042 976 41 80 U+706F 1015 873 87 99 U+3059 257 594 83 94 U+5973 506 1290 68 48 U+3068 1033 2319 57 73 U+3055 736 1605 38 47 U+5BBF 260 1132 73 124 U+3089 70 641 58 77 U+3061 666 1955 56 101 U+8005 451 2328 70 104 U+3067 652 2137 69 83 U+306F 1396 1883 61 51 U+3068 675 405 48 79 U+3088 1413 251 45 76 U+305F 1030 600 49 75 U+3093 653 323 111 77 U+3053 655 1861 83 93 U+3075 641 548 88 72 U+3044 645 2433 84 66 U+3067 658 938 65 67 U+3064 827 1357 81 70 U+7E54 66 2318 106 101 U+5E30 1382 2193 97 81 U+3055 662 243 53 81 U+30E2 849 1894 48 54 U+308A 1041 1351 44 81 U+7A0B 72 1382 74 121 U+7D3A 72 2151 84 93 U+308A 1418 2271 40 75 U+307E 471 246 40 97 U+3068 470 2140 36 74 U+3059 836 1259 67 96 U+304C 95 565 55 68 U+30A4 286 1824 34 69 U+3078 646 1492 93 42 U+304A 729 1554 58 51 U+307E 667 1214 43 112 U+65E6 267 774 58 97 U+7ACB 71 720 76 120 U+3059 665 1324 56 106 U+660E 1016 1456 85 78 U+3051 1408 2342 50 59 U+3088 1044 1275 41 78 U+3044 649 484 77 66 U+6B64 656 756 75 72 U+3078 64 1112 94 53 U+3079 1019 553 81 54 U+306F 82 2112 68 36 U+3044 258 404 75 67 U+306B 273 1253 55 73 U+304B 278 1521 43 55 U+3093 450 784 81 72 U+90A3 245 879 93 96 U+3055 350 1653 32 44 U+4E00 828 932 83 17 U+306F 268 983 71 58 U+66AB 1386 1062 80 96 U+58F0 1027 2396 62 106 U+3081 1400 877 58 79 U+30CF 284 1781 60 29 U+308B 856 391 40 52 U+305F 845 2105 54 66 U+308B 854 840 44 66 U+3055 462 708 50 70 U+306E 664 627 64 74 U+3056 267 314 65 90 U+3056 265 2205 69 86 U+306F 456 1643 70 60 U+65B9 653 830 73 86 U+3059 463 342 59 124 U+30CF 485 1406 52 23 U+306A 89 1507 55 80 U+3056 657 2329 62 100 U+592A 80 2239 54 79 U+304B 664 1436 44 52 U+3044 259 2294 58 56 U+308A 857 2173 45 87 U+306F 659 702 61 46 U+3057 855 570 30 75 U+30B7 861 1950 39 58 U+5176 1392 1680 60 98 U+30C4 1401 1572 61 60 U+304F 1412 1153 37 83 U+308B 1042 1534 36 65 U+304F 856 298 49 93 U+3089 669 2055 39 86 U+3066 1411 971 33 84 U+304F 93 1573 44 88 U+3054 664 1024 64 58 U+3093 345 1695 58 47 U+3089 1042 468 39 88 U+3093 736 1648 78 38 U+3057 1422 1485 20 84 seg_fp 885 1843 53 68 U+3056 667 1084 51 80 seg_fp 1421 1640 22 54 seg_fp 678 904 20 28,hnsd012-018
U+91D1 1213 718 92 110 U+306E 842 954 68 60 U+3031 685 2254 54 145 U+3044 1227 1639 74 66 U+304A 1395 287 81 61 U+5FEB 446 279 102 100 U+306E 1036 1269 61 60 U+5F15 65 713 87 113 U+8584 1016 1342 92 125 U+91D1 1392 2160 104 122 U+4ECA 840 2328 100 117 U+65B9 837 1939 77 91 U+80F4 446 1366 100 102 U+9813 1028 1654 91 94 U+767D 668 1575 63 91 U+6240 452 835 94 130 U+304C 96 1931 64 59 U+3092 651 580 80 80 U+6C17 852 1027 84 130 U+65B9 263 405 75 109 U+524D 1390 371 83 126 U+9152 654 448 87 105 U+5927 1395 1584 85 80 U+624B 280 1487 61 103 U+6709 1041 284 58 127 U+304C 1241 2468 56 61 U+5973 1380 1772 111 74 U+3082 680 1493 47 73 U+5165 443 680 102 84 U+5FC3 846 1521 83 83 U+304C 281 1425 66 62 U+9644 456 1030 92 110 U+308C 1220 430 78 90 U+5DDD 652 1673 90 91 U+5DFB 460 1474 71 113 U+5F37 649 663 85 105 U+4F11 842 1163 92 96 U+9055 254 600 92 118 U+5409 72 1826 80 99 U+3082 1045 2098 53 63 U+5408 79 2112 95 105 U+3066 474 1252 52 116 U+3060 1413 888 59 73 U+304A 81 1756 80 63 U+3082 857 2044 50 66 U+5176 1022 661 70 125 U+81EA 286 1218 55 111 U+306B 279 525 53 74 U+3057 1220 1907 83 97 U+4E57 842 1620 75 122 U+308B 853 282 43 73 U+305F 1406 1385 59 74 U+5165 59 520 107 89 U+306A 1224 1549 76 82 U+5176 258 272 70 130 U+80F4 68 1112 95 86 U+307F 481 1731 40 69 U+80C6 1390 1674 93 88 U+77E5 1030 2173 87 96 U+671D 843 2444 88 92 U+65B9 1028 788 76 107 U+624B 288 2445 66 99 U+304C 851 365 61 56 U+524D 650 1282 88 112 U+8179 271 2303 91 93 U+3078 457 986 92 32 U+3070 841 658 76 46 U+5176 1227 916 57 119 U+821F 640 1877 107 90 U+5409 274 2115 72 110 U+306D 269 780 74 74 U+3042 1231 288 67 83 U+304A 270 2045 74 61 U+304B 667 278 42 65 U+304C 1040 909 65 54 U+3089 89 1487 66 89 U+305F 470 749 55 81 U+306F 274 1168 69 49 U+306E 1030 505 67 79 U+5F15 461 1805 84 87 U+30C8 298 1955 46 77 U+304B 1036 594 49 57 U+3068 1243 2189 47 75 U+3092 1400 2291 71 76 U+305A 271 1063 82 102 U+591C 654 1768 79 105 U+3066 670 937 38 108 U+3059 284 1785 54 85 U+6B64 839 1866 91 73 U+5F37 1293 1786 69 64 U+3050 461 1597 75 66 U+3068 682 2442 56 84 U+304C 861 1805 62 63 U+3092 70 281 86 79 U+306D 1224 2079 73 70 U+3078 264 726 99 61 U+3092 80 1335 73 83 U+3064 1025 2290 88 77 U+5750 842 840 70 100 U+3082 1041 421 50 80 U+77E5 1226 1380 80 97 U+305F 1408 743 51 87 U+306B 282 1699 53 84 U+5DFB 80 1200 69 126 U+3066 88 606 48 103 U+6B64 1032 1904 80 71 U+5C45 1027 2457 97 86 U+306A 1222 1134 71 83 U+3092 94 2221 57 61 U+5DF1 273 1342 81 73 U+65B9 1032 1979 80 104 U+3066 1059 2363 40 96 U+30E8 1257 1717 41 51 U+6B32 1019 985 96 92 U+5409 1292 522 53 71 U+3066 677 1156 39 110 U+653E 835 1420 108 96 U+5BD0 459 564 79 100 U+3075 1218 2355 81 72 U+5F8C 659 1392 80 100 U+3084 61 1423 108 63 U+5F37 1465 969 63 62 U+5F53 841 713 75 125 U+3060 1409 1939 69 89 U+60C5 1021 1474 90 111 U+304C 291 2234 60 63 U+3081 852 1262 66 67 U+3055 277 998 52 69 U+9154 643 1044 103 106 U+308A 1051 1172 42 91 U+3086 655 1992 81 80 U+4F55 1395 495 83 91 U+3044 1209 2292 88 62 U+3078 267 2411 90 29 U+7CF6 73 1991 102 112 U+306F 1033 1593 67 46 U+3065 471 1974 70 78 U+307E 110 2383 45 84 U+3051 664 856 66 88 U+305F 845 1744 57 63 U+304B 1050 1759 47 62 U+9022 842 440 70 155 U+3064 647 795 83 62 U+5B50 1413 1854 65 89 U+4F55 1404 1113 81 97 U+3089 1067 1821 23 85 U+3070 1037 1085 64 87 U+3089 658 341 52 89 U+306B 865 1329 41 64 U+308B 479 1662 45 65 U+51FA 274 912 79 77 U+51FA 76 822 77 80 U+308B 283 1863 48 78 U+30F1 1245 642 69 49 U+3055 83 364 60 76 U+30B5 1426 2026 55 71 U+69D8 1401 1211 92 88 U+3068 469 2193 67 72 U+8FBC 447 1152 96 97 U+308B 97 1048 39 48 U+308A 669 2161 52 99 U+305F 474 2357 61 107 U+7121 838 2117 92 108 U+5FF5 844 2229 81 86 U+69D8 1392 585 108 77 U+306F 1408 1539 61 49 U+304B 112 2470 49 69 U+3064 468 2276 75 78 U+8FD4 1386 2374 108 89 U+3057 492 2048 20 113 U+30F1 1240 838 75 46 U+305F 88 971 46 75 U+3058 106 1572 38 89 U+529B 107 2297 51 69 U+4E8B 1235 1222 52 105 U+8FBC 243 1604 102 92 U+3068 98 1663 41 86 U+69D8 1215 1039 90 91 U+3088 479 385 44 77 U+306F 469 2476 66 69 U+304B 1239 370 48 62 U+3078 1212 2153 101 34 U+30F3 1430 831 68 44 U+3078 272 862 81 40 U+3089 1244 2005 33 76 U+30A2 1429 2096 44 63 U+306F 1228 1330 62 49 U+3057 113 438 14 81 U+3057 1430 1303 24 81 U+3089 688 2075 30 95 U+3071 478 1889 47 86 U+3089 1254 1476 33 75 U+3057 1436 672 14 81 U+304F 484 459 33 84 U+3078 831 605 102 35 U+3068 1416 1473 47 58 U+3057 121 899 15 70 U+3057 1446 2460 20 89 seg_fp 1279 892 33 28,hnsd012-024
U+888B 436 1074 135 145 U+795E 182 386 145 167 U+65B9 894 1193 168 137 U+58F2 681 840 131 184 U+5229 404 593 173 149 U+5357 1169 395 150 203 U+7A4D 1146 1228 173 164 U+5409 928 1057 109 126 U+305F 719 660 67 97 U+6075 936 2018 124 141 U+306B 222 688 53 167 U+8CB7 186 1253 125 146 U+9580 695 1853 129 132 U+FA4E 938 2241 134 124 U+6625 924 2436 177 130 U+5E8F 1416 1164 143 260 U+306B 724 1182 59 78 U+3082 210 2213 68 108 U+5973 431 2407 138 103 U+5B9D 941 1692 112 105 U+6075 190 863 111 154 U+6885 1162 2230 165 137 U+306E 975 1947 52 63 U+6765 197 1531 101 163 U+73E0 936 1807 140 126 U+305D 202 2070 97 140 U+8F2A 1160 1810 159 156 U+65B9 162 1020 144 123 U+679D 1156 601 188 143 U+516B 194 2345 126 81 U+6885 1397 398 201 156 U+306E 719 1776 74 85 U+5C06 196 2427 133 141 U+3092 967 2158 70 79 U+8272 447 1590 97 144 U+93E1 910 1529 189 163 U+624B 219 1404 59 113 U+5916 445 1222 127 145 U+5FB3 182 542 146 141 U+3053 1449 563 107 129 U+306F 967 1333 68 111 U+9858 908 829 145 148 U+591A 684 1275 109 166 U+306E 1187 1126 100 89 U+3081 217 1995 75 85 U+9858 654 1423 166 143 U+306E 728 776 60 58 U+305D 196 1689 96 78 U+5929 442 2097 119 105 U+7389 464 2315 90 96 U+305E 937 493 130 124 U+4E00 1176 1752 126 38 U+306F 222 1769 59 102 U+306E 469 1498 72 94 U+306B 1215 751 59 201 U+647A 432 1738 134 131 U+5973 432 384 149 115 U+3066 964 684 65 142 U+4E09 938 1453 119 72 U+306E 1196 2084 101 133 U+51FA 702 1022 111 87 U+306E 1445 1051 96 108 U+7389 672 2499 145 75 U+308B 977 2361 72 77 U+9803 1170 1391 132 153 U+308A 1207 1629 57 105 U+661F 456 2194 90 103 U+96EA 1165 974 149 147 U+306E 702 382 103 110 U+306E 458 490 115 101 U+3088 481 1861 49 88 U+306E 480 2509 77 62 U+3088 738 2043 44 89 U+7F8E 1419 870 139 148 U+3042 719 490 80 94 U+5973 675 1666 149 100 U+7389 712 1580 92 82 U+3088 1474 688 41 114 U+3057 497 1947 27 143 U+306E 214 1138 82 106 U+3078 932 625 121 60 U+984C 421 1363 186 136 U+51FA 704 1970 104 85 U+FA17 434 730 147 156 U+304B 977 401 51 90 U+3075 963 978 81 78 U+3058 253 1869 40 134 U+306E 1215 2388 56 61 U+3057 755 2129 19 116 U+3064 1212 1974 61 54 U+3088 1213 1534 49 95 U+3057 769 1097 20 116 U+661F 703 2365 89 124 U+82B1 1193 2446 109 128 U+8272 692 2202 111 163 seg_fp 1456 808 78 70 U+306B 468 884 75 113 U+3057 762 575 31 136 U+306F 470 959 67 111 U+309D 1225 2030 33 58,umgy001-003
U+4F4D 1376 729 132 110 U+5F53 881 1380 144 153 U+3082 432 1993 62 95 U+6625 393 2205 156 143 U+795E 1379 410 131 173 U+5B98 637 949 108 114 U+5247 645 2134 117 148 U+306E 430 1537 59 74 U+8FFD 156 1349 109 127 U+306F 1166 1435 77 134 U+5F62 1358 1995 138 123 U+306E 921 1297 70 74 U+306E 204 2084 60 66 U+51AC 151 394 114 144 U+770B 629 815 95 136 U+9664 1128 1292 129 141 U+8005 623 1260 133 135 U+753B 1141 941 110 117 U+65B9 1386 610 93 128 U+6CE8 156 1126 126 135 U+5E72 171 2254 89 75 U+5341 177 2168 87 69 U+306F 187 1675 62 43 U+30C1 178 1715 81 105 U+3092 903 1065 94 59 U+306E 1174 2529 60 61 U+4F5C 624 1147 127 116 U+304C 671 1391 67 75 U+306B 675 1080 49 62 U+3070 1169 1048 68 88 U+958B 643 616 118 148 U+5B63 390 1390 111 140 U+677F 631 2280 133 130 U+306B 1420 843 48 63 U+5B9A 881 1138 157 150 U+8868 910 401 79 158 U+66F4 417 2087 125 116 U+51F9 1132 592 123 79 U+6210 887 2311 145 155 U+76F4 889 941 126 118 U+7ACB 902 828 102 112 U+5FB3 386 1201 131 126 U+647A 146 1471 126 127 U+79CB 379 2488 165 110 U+5341 166 2343 102 66 U+5224 617 1808 144 115 U+9644 902 704 113 129 U+306F 1176 2188 55 106 U+306A 156 732 94 92 U+304F 1180 836 35 95 U+4ED5 1385 1581 119 103 U+65E5 181 909 48 80 U+7D0D 883 2469 139 124 U+306E 174 1063 60 74 U+6069 389 954 122 127 U+5207 1360 1904 148 89 U+3092 657 551 90 71 U+3093 898 2028 136 91 U+308A 1173 1196 49 98 U+8868 1392 2445 112 141 U+3044 421 1859 80 57 U+6708 402 1086 76 120 U+4E8C 175 2426 102 53 U+7D19 900 561 121 142 U+8535 387 398 137 173 U+3088 1427 2116 38 77 U+6E80 646 1935 122 126 U+3075 421 1918 88 71 U+6587 159 1241 142 117 U+305A 1418 1219 72 86 U+304E 910 2110 97 109 U+5929 408 870 82 85 U+571F 400 1613 105 65 U+7834 1124 2078 159 113 U+306E 676 752 52 54 U+617E 167 1860 120 156 U+306A 1138 757 101 87 U+5165 398 563 100 72 U+590F 428 2365 79 106 U+9858 617 1471 145 131 U+3080 1397 1030 93 89 U+514D 1152 2398 133 134 U+3075 414 784 81 63 U+3068 197 1586 52 81 U+304F 194 813 29 96 U+5FC3 178 2028 98 52 U+5143 656 2413 130 110 U+5EFA 1358 1306 181 153 U+56DB 393 1338 111 68 U+6642 142 599 135 156 U+3084 1130 1683 118 101 U+7D19 1132 403 138 154 U+5FA1 1148 2313 88 82 U+65E5 924 1541 54 70 U+7ACB 1381 1669 112 110 U+3066 1138 2005 105 71 U+3072 1146 1569 101 102 U+306B 921 2219 56 75 U+7528 411 1682 91 121 U+305D 1396 912 90 95 U+303B 194 990 28 72 U+3048 919 1955 62 82 U+304B 1173 1137 44 61 U+57F7 877 1685 164 125 U+306E 1415 547 61 57 U+306E 660 2520 104 64 U+5FA1 655 1605 68 92 U+3068 693 2056 35 69 U+304F 1429 2185 35 70 U+3044 411 639 78 63 U+306B 933 1613 47 54 U+30C8 209 1815 39 60 U+3068 1430 1451 35 88 U+306F 436 1795 61 62 U+3082 1165 671 56 84 U+5E73 1398 2269 85 102 U+306B 1172 503 52 66 U+306F 437 705 43 78 U+304B 1171 1786 49 81 U+8A55 617 1699 142 108 U+306E 1405 1782 70 126 U+5DFB 646 396 85 153 U+304B 1415 1123 59 95 U+306B 1168 1926 44 76 U+306F 1419 2372 45 72 U+3068 944 1806 36 83 U+652F 144 2484 167 109 U+306F 931 1891 40 49 U+306F 1419 1542 42 39 U+3057 1197 1860 18 87 U+6B62 165 551 87 64 seg_fp 1432 972 24 56,umgy001-004
U+5802 191 796 122 139 U+306E 1233 828 61 63 U+795E 688 662 123 161 U+4F55 197 2266 149 155 U+4E2D 683 869 109 131 U+5E74 965 973 92 154 U+306A 1447 1095 102 93 U+4ECA 950 847 134 113 U+9593 1209 703 104 132 U+5F15 201 997 99 125 U+6642 446 1901 136 137 U+5E74 681 1901 122 131 U+91D1 691 543 106 113 U+6B64 1185 1455 122 82 U+611B 203 1914 115 148 U+3082 982 1117 54 79 U+3067 223 2189 89 71 U+6587 184 574 140 112 U+65B9 933 2317 123 95 U+3070 1483 815 69 89 U+306F 1227 1067 61 88 U+65B9 677 445 123 96 U+5EA7 681 1179 121 144 U+306E 226 931 56 71 U+8074 962 726 111 110 U+76F4 1432 1189 113 119 U+3064 459 1492 106 121 U+306E 237 1835 60 75 U+656C 206 2062 130 115 U+5144 206 462 114 103 U+5FA1 962 1510 84 67 U+3064 1209 2474 102 101 U+307B 488 2281 82 86 U+305F 712 1419 67 83 U+6C38 212 687 84 103 U+4FE1 194 1611 121 122 U+91CD 189 1477 117 129 U+305A 979 1426 68 76 U+90E8 1413 1681 154 138 U+5341 955 2239 86 74 U+65E5 1233 911 54 70 U+67F3 189 1269 133 117 U+306E 725 1663 68 75 U+82B1 479 2456 107 124 U+518A 1181 1548 127 93 U+9999 1187 2371 137 114 U+306E 1241 643 49 60 U+306E 986 2150 59 74 U+3092 1212 1702 88 66 U+306E 216 368 81 78 U+5384 701 2205 97 110 U+3092 1471 554 78 77 U+9650 1449 1990 103 105 U+8584 436 640 128 166 U+3092 480 2015 78 82 U+6625 441 893 109 120 U+7ACB 959 1715 98 104 U+306B 731 1109 44 55 U+98A8 963 597 122 132 U+3082 1227 1770 58 92 U+5DDD 204 1394 100 102 U+304B 1201 1160 99 66 U+4E09 691 1749 122 66 U+308B 693 1505 121 102 U+3073 1214 2037 111 85 U+306B 1230 988 52 80 U+541B 1438 2445 110 109 U+306F 985 1254 59 99 U+308B 450 551 106 91 U+6C37 453 792 97 96 U+6570 1438 1818 123 101 U+6885 1192 2226 128 109 U+53D6 945 1589 113 116 U+3093 1455 994 112 104 U+306A 1208 1221 98 95 U+304B 994 1200 45 57 U+753B 210 1746 102 93 U+8AF8 1418 2294 163 155 U+904A 1199 1938 105 97 U+5352 222 2433 104 149 U+884C 1209 508 97 144 U+3066 1231 2122 41 99 U+3080 449 452 106 97 U+6CA2 450 1192 117 154 U+6C34 465 1017 85 103 U+89E3 694 2466 125 114 U+51FA 1457 1390 100 79 U+56DB 443 1130 125 62 U+3053 729 1601 54 59 U+306A 1469 2096 57 107 U+592E 672 1004 128 105 U+306E 1479 1928 44 55 U+3050 970 2413 89 70 U+304A 1447 626 115 108 U+3075 972 448 87 70 U+308B 510 1599 35 68 U+305A 1221 1374 87 82 U+9858 921 1894 144 119 U+306E 727 813 55 53 U+308B 1475 1472 65 97 U+3066 1218 1865 72 70 U+305D 1461 910 85 90 U+305F 987 372 51 73 U+3084 704 2378 96 65 U+3091 485 2107 92 102 U+3084 471 2366 118 97 U+3082 728 2307 60 73 U+571F 1454 380 103 73 U+305B 1482 728 72 87 U+56DB 689 1834 120 64 U+308C 945 2486 159 84 U+304C 504 2210 63 70 U+3068 1002 1812 38 77 U+304C 1471 1312 70 80 U+707D 717 2094 87 113 U+3057 766 1313 17 128 U+3075 475 1830 96 81 U+5FC3 956 2081 102 70 U+5B50 1235 1644 56 67 U+306E 730 2047 50 45 U+3089 999 1356 56 78 U+5FA1 960 529 83 73 U+305D 463 365 56 81 U+3068 505 1679 32 82 U+3044 481 1767 80 60 U+516B 684 370 120 67 U+904A 1188 378 118 129 U+7ACB 216 1114 76 113 U+306F 1481 1642 41 42 U+306B 490 1350 44 56 U+3057 1503 2196 16 100 U+304C 1239 2321 62 49 U+516C 1449 464 100 80 U+3075 978 2015 77 78 U+307F 489 1416 38 80 U+3068 1501 1559 27 80 U+3089 1232 1312 47 87 U+306B 225 1200 64 63 U+309D 742 2439 21 35,umgy001-005
U+5E74 873 1141 136 201 U+6625 871 1359 171 158 U+7B46 650 1568 123 187 U+4E8E 898 403 100 125 U+798F 1129 1281 150 126 U+3092 690 1755 78 91 U+6642 882 531 145 143 U+524D 1129 571 130 137 U+6885 1366 1579 141 125 U+66DC 1386 2186 109 132 U+66F8 1122 1628 143 159 U+6C34 280 1857 159 155 U+524D 462 1130 156 142 U+3082 1419 1266 52 89 U+3042 1421 1010 78 90 U+884C 905 1986 124 110 U+304D 1407 1442 94 135 U+306B 933 2107 66 77 U+306E 910 1766 95 82 U+6765 1153 1119 97 153 U+5C0A 1135 391 119 173 U+5F53 1381 762 120 158 U+306B 699 1060 57 177 U+8FB0 886 1016 131 125 U+5BB5 644 400 130 155 U+5927 1400 682 95 92 U+967D 1149 965 136 142 U+306B 1182 696 52 73 U+5E02 483 1370 128 128 U+306E 1397 2461 102 128 U+3066 922 2265 76 67 U+6708 917 1620 73 128 U+5409 1147 1494 102 125 U+4F9B 1143 784 122 116 U+308C 1385 573 115 114 U+67D3 664 1847 132 138 U+6708 1393 2058 90 142 U+767A 900 1861 108 115 U+4EAD 505 1884 115 156 U+25877 496 1506 114 121 U+958F 891 907 105 89 U+6625 245 1636 231 212 U+3081 1168 2003 96 111 U+4E00 1154 921 109 23 U+51AC 908 2327 112 122 U+4FDD 887 774 130 120 U+3051 681 1306 94 103 U+308A 1416 1167 58 115 U+306E 1180 1415 70 74 U+6B63 904 1536 101 76 U+8A13 496 1734 118 151 U+5929 894 671 130 101 U+65E5 1421 935 56 69 U+306F 1182 1793 59 93 U+58A8 639 597 143 154 U+6238 502 973 94 142 U+661F 1405 2323 76 117 U+786F 641 940 180 121 U+679D 1384 1846 143 126 U+70BA 259 1234 194 281 U+6C5F 506 859 107 125 U+3092 669 868 92 73 U+72C2 502 1634 109 106 U+3088 1425 1356 46 84 U+306E 520 1279 84 75 U+306E 945 2542 52 58 U+6C34 671 747 78 122 U+308B 312 2139 101 123 U+6C38 300 1496 112 138 U+306B 692 550 43 53 U+3042 1388 395 105 99 U+3057 282 2018 145 112 U+3092 1407 1959 77 98 U+305F 1422 1101 59 67 U+305F 1412 490 69 73 U+3066 701 1398 57 183 U+81F3 924 2456 84 86 U+3046 705 1234 42 83 U+3068 952 2181 36 80 U+306E 1397 1712 75 142 U+3059 274 2240 175 130 U+3058 1218 1880 47 109 seg_fp 183 2294 216 298,umgy001-006
U+7AF9 201 1852 117 108 U+4EBA 380 769 89 73 U+306E 626 593 63 59 U+306E 258 1447 57 49 U+306E 1545 1197 57 52 U+6CB3 1431 599 76 73 U+306E 1209 549 58 48 U+304C 270 1621 54 50 U+963F 254 1494 68 73 U+3092 387 591 69 54 U+548C 1538 691 75 64 U+3066 390 709 62 60 U+671D 1535 759 73 74 U+9119 1197 488 75 63 U+7956 1534 1317 80 65 U+6D44 1538 984 76 80 U+5143 1536 1250 75 69 U+3066 1435 792 55 48 U+3082 407 646 39 65 U+5BC4 385 835 78 108 U+3092 1311 680 69 53 U+9577 238 1969 77 100 U+7483 854 562 74 72 U+3081 739 606 59 59 U+306B 523 547 41 53 U+305F 292 821 46 60 U+7460 853 498 81 65 U+66F2 390 524 67 62 U+3068 210 899 31 75 U+7406 1533 1132 73 69 U+3064 1313 788 68 83 U+305E 201 974 71 67 U+90FD 1197 402 86 83 U+539F 1435 668 65 74 U+9580 1427 1218 66 68 U+7531 263 1558 55 58 U+306B 1541 832 67 58 U+516D 1429 840 66 61 U+306B 622 786 71 61 U+7559 1542 1063 57 64 U+305B 284 612 64 54 U+5B57 1433 894 59 82 U+3082 1327 735 38 65 U+8CCE 1198 677 76 75 U+5973 1309 406 79 57 U+524D 611 702 82 90 U+306F 1543 1382 60 39 U+7FA9 255 1670 73 99 U+5BC4 1532 879 77 107 U+5973 505 495 72 50 U+5BC4 1080 449 73 92 U+5409 223 2072 79 92 U+5357 1429 976 64 83 U+8CB4 1212 601 48 78 U+306F 750 496 32 59 U+306B 1438 751 54 41 U+308C 983 458 58 70 U+6D44 857 411 73 88 U+6885 244 1367 86 75 U+306A 188 782 66 68 U+304E 514 645 65 72 U+3053 635 543 46 50 U+4EAC 1538 1411 64 83 U+3092 1204 748 63 48 U+3053 982 407 45 52 U+59B9 248 1761 95 74 U+4EE5 612 652 81 57 U+7537 515 409 58 88 U+3082 1537 571 64 61 U+90FD 1533 1487 76 63 U+3044 1429 1321 61 41 U+5927 1085 395 66 65 U+3066 305 911 35 63 U+306B 632 408 59 58 U+5B50 984 581 52 61 U+5B50 1322 466 54 67 U+3078 278 878 69 37 U+4EBA 1416 1442 85 57 U+3058 762 553 42 58 U+3066 1339 864 30 63 U+306E 1440 546 57 55 U+3068 1444 1259 36 63 U+3057 231 842 18 87 U+3031 1564 624 31 73 U+305A 517 766 50 68 U+5973 966 530 75 49 U+97F3 401 443 49 79 U+304B 522 606 36 45 U+308B 1439 1394 44 44 U+592A 1321 534 49 65 U+7121 1425 1056 65 53 U+56DB 1435 406 64 46 U+306A 1089 532 53 64 U+305B 1089 589 53 56 U+3057 315 666 18 69 U+3078 1430 1364 65 30 U+3089 529 718 22 48 U+305D 1539 478 64 91 U+6761 1432 450 64 100 U+592B 1312 599 71 83 U+885B 1432 1161 61 63 U+306E 737 409 64 88 U+53F3 1424 1110 66 56 U+304C 1110 698 49 47 U+3057 1122 642 16 66 U+3066 644 468 34 71 seg_fp 294 744 49 71 seg_fp 1082 1188 164 396,umgy001-007
U+516B 1321 2027 82 48 U+3044 126 1319 62 54 U+3072 357 720 58 60 U+6B64 242 1256 69 63 U+4EA4 1309 674 73 71 U+6D25 1436 1654 67 89 U+6B3A 1422 781 77 80 U+3067 1312 624 62 49 U+6D6E 1308 442 78 88 U+8272 367 1038 52 90 U+304D 361 542 50 69 U+8A00 1422 620 71 85 U+6804 238 769 71 92 U+5009 1427 1482 88 94 U+4F53 237 863 76 99 U+5B9F 246 1110 63 102 U+4FDD 230 600 84 81 U+8584 1301 532 79 90 U+7F8E 1428 1740 82 92 U+5993 227 1315 87 74 U+7518 1310 804 68 68 U+306E 1441 1827 52 47 U+3067 1450 704 41 62 U+306F 250 1386 60 40 U+304D 360 980 60 56 U+771F 1088 458 67 105 U+7962 1306 1944 98 77 U+5B50 247 1044 56 68 U+591A 1436 1564 58 94 U+8A89 1308 1826 96 122 U+8AC7 231 966 81 81 U+306B 257 1207 39 52 U+64CD 1070 567 92 85 U+5993 1425 1980 93 78 U+5805 355 459 73 84 U+3092 364 1214 72 88 U+3092 1314 906 63 51 U+70C8 1200 708 64 73 U+938C 1423 1393 85 91 U+3066 1449 860 32 75 U+3075 114 1367 77 56 U+3068 138 1263 43 63 U+3082 365 773 41 59 U+3079 120 1419 81 38 U+308C 1204 514 50 58 U+3046 1218 457 30 59 U+548C 344 822 84 72 U+3066 1331 736 31 70 U+82B8 1423 1872 90 112 U+3057 273 679 15 82 U+304B 369 935 33 47 U+8C9E 1202 628 56 86 U+6C17 358 1132 84 85 U+7F8E 119 1115 68 93 U+5973 106 1204 89 60 U+53E3 1322 866 51 45 U+3057 154 1457 15 89 U+8276 1421 525 90 94 U+8A93 348 615 87 106 U+3069 1213 572 55 43 U+3089 385 884 25 49 seg_fp 1220 617 30 25,umgy001-008
U+306F 499 1519 72 51 U+3044 867 1082 89 73 U+69D8 271 1021 114 122 U+5206 1278 1760 76 121 U+77E5 73 731 108 111 U+9752 1250 1192 89 149 U+3058 129 2533 42 84 U+306E 1274 2352 72 77 U+305D 873 798 73 101 U+3082 507 1066 48 99 U+3082 688 749 56 87 U+3066 1465 626 51 113 U+3044 297 2160 89 71 U+307B 315 2460 78 91 U+306D 281 637 87 104 U+308C 637 1643 81 64 U+3060 889 2610 84 78 U+304C 886 1228 78 66 U+8DE1 1050 737 118 115 U+30B5 307 552 57 59 U+305F 509 1868 61 115 U+53C2 484 455 85 139 U+3090 1462 742 78 100 U+76EE 102 1628 70 107 U+3064 486 999 86 66 U+3042 678 1096 78 106 U+4F55 1253 1529 100 121 U+306F 876 1012 70 53 U+3060 1273 1345 84 107 U+3067 1087 2605 70 78 U+307E 685 2611 73 72 U+3067 1077 1543 95 73 U+3075 298 2228 90 69 U+306A 1077 1298 78 87 U+7169 1435 412 100 110 U+308B 702 1203 37 85 U+771F 1260 1071 84 120 U+3067 492 1287 79 89 U+5B85 301 1948 88 110 U+306E 890 2556 63 62 U+624B 880 1301 74 118 U+306A 868 408 88 105 U+524D 301 903 83 115 U+3064 1456 950 88 71 U+306E 1465 1332 74 74 U+6B64 83 1377 93 102 U+308B 1489 1222 39 91 U+3078 282 743 106 62 U+5C45 83 2172 95 116 U+306D 753 1856 66 66 U+308F 1280 2089 52 97 U+306F 1262 1011 68 62 U+898B 88 1731 93 122 U+6765 489 783 85 132 U+306D 1075 1713 96 120 U+30CD 107 1287 64 78 U+5B85 487 1380 94 123 U+5927 1058 1070 96 112 U+306B 510 2235 69 66 U+308C 878 897 69 109 U+306A 306 1431 73 91 U+805E 660 409 97 116 U+3064 1447 521 86 110 U+51FA 494 1588 93 87 U+306B 333 2609 42 68 U+8272 1265 408 68 120 U+30C8 1484 1537 40 75 U+3089 107 842 40 87 U+306A 92 947 65 86 U+5728 296 1837 86 108 U+6642 1250 1635 111 135 U+6765 92 1938 92 131 U+6B64 290 1219 97 95 U+304C 1108 1891 76 65 U+5922 81 417 80 135 U+3089 1266 1970 61 114 U+306A 504 2598 78 78 U+9020 1051 1176 117 122 U+306D 1456 2446 83 88 U+3082 1095 1613 55 94 U+3075 876 1845 95 76 U+3068 292 476 66 69 U+6765 877 2374 97 109 U+304C 310 1143 76 62 U+4ECA 664 2061 121 122 U+3069 1100 1978 71 90 U+304B 1278 1897 52 73 U+5FA1 306 1747 86 88 U+3069 902 1765 82 80 U+306B 490 696 69 77 U+307E 504 1677 62 90 U+3084 1458 1142 84 77 U+3068 1085 1468 68 67 U+3078 664 596 104 61 U+3078 1263 2510 105 53 U+3044 1255 830 94 67 U+304A 281 817 105 79 U+30A2 1461 2623 83 60 U+3082 95 634 52 91 U+9803 82 1479 104 135 U+3089 1085 909 55 102 U+306D 854 631 93 106 U+3078 1450 1469 111 76 U+306B 89 556 71 80 U+3057 97 2354 85 91 U+3081 881 1421 67 75 U+306B 113 1847 47 85 U+3078 868 1496 107 70 U+69D8 283 1310 101 121 U+305F 497 919 60 76 U+3078 864 745 106 56 U+304C 104 1215 75 68 U+3053 293 407 72 66 U+3066 100 2071 67 87 U+3059 727 1381 63 76 U+5BD4 502 2069 85 161 U+3053 1081 1396 77 70 U+305F 686 831 60 107 U+306B 298 1637 80 86 U+3078 1074 1835 121 67 U+898B 1430 1763 63 92 U+306E 1269 531 63 83 U+3093 684 934 100 88 U+30C4 108 2633 78 59 U+5BD4 1455 1958 91 154 U+3066 1432 1857 48 80 U+3082 1093 2151 53 111 U+3066 886 2013 71 76 U+3060 98 1098 90 114 U+3060 731 1703 59 56 U+6C17 1081 2270 101 160 U+9589 1077 2496 96 113 U+4E5F 639 1708 75 47 U+5341 1066 410 84 73 U+4E94 1063 488 90 72 U+3068 689 1005 57 89 U+30C8 708 1298 29 78 U+305F 898 2482 59 68 U+308A 490 593 62 107 U+30CA 695 1970 53 52 U+306F 316 2401 66 50 U+3093 90 1022 99 99 U+65E5 1084 664 49 74 U+305B 1448 2269 88 92 U+30A2 885 1661 74 94 U+307B 1511 1686 66 60 U+3066 666 519 71 70 U+30E8 1285 1458 47 46 U+3064 884 2188 77 107 U+306A 733 1581 48 69 U+305F 110 2451 59 82 U+77E5 876 2095 99 97 U+6240 289 1521 103 113 U+308B 109 2284 56 63 U+308F 1271 618 59 96 U+3084 1441 2198 98 77 U+306B 1472 2122 49 74 U+3044 1266 2263 78 68 U+30E8 1102 1015 51 56 U+305F 1472 2368 59 76 U+3060 1282 2428 78 78 U+3053 732 1459 48 53 U+308B 1282 2189 52 70 U+304B 1523 1633 38 56 U+3068 321 2065 42 85 U+3066 641 1484 57 52 U+3066 889 2295 65 73 U+30E8 520 1994 43 52 U+307E 895 1558 59 95 U+30CB 693 2023 68 33 U+3055 1467 847 70 97 U+3042 647 1539 57 74 U+3075 1074 2068 90 88 U+3088 777 1788 34 66 U+3050 644 1371 63 55 U+304F 1435 1685 36 70 U+304F 1524 1881 35 63 U+304E 510 2515 84 81 U+308A 1274 714 56 60 U+3055 695 2541 65 71 U+3065 1422 1627 86 58 U+3078 1453 2536 114 54 U+304B 1101 854 36 53 U+3078 471 408 112 39 U+4E3B 1346 2566 82 76 U+3089 885 516 43 117 U+307F 742 1651 28 53 U+3093 314 2547 102 54 U+304C 1100 2432 72 64 U+898B 686 2456 85 89 U+3075 502 2316 75 93 U+3092 1510 1745 65 83 U+306F 642 1610 68 41 U+3057 534 1766 20 91 U+30CB 1266 2658 87 34 U+309D 894 1162 31 49 U+3057 913 1912 22 104 U+3057 1494 1034 17 118 U+304B 1486 1401 42 69 U+307F 661 1425 31 59 U+5999 670 2348 116 100 U+671D 674 2181 103 88 U+308A 500 1165 61 115 U+30DE 1477 2582 62 32 U+3064 1506 1832 70 48 U+30CA 1280 2603 54 53 U+516D 1054 560 93 92 seg_fp 1283 770 34 62 U+306F 687 2265 78 63 U+3057 751 1512 17 62 U+3057 538 2402 34 115 seg_fp 689 659 56 90,umgy001-016
U+3070 309 2064 93 59 U+306E 1295 851 59 63 U+3031 711 1837 60 181 U+5B85 1090 2050 97 120 U+306E 1107 2184 60 53 U+3066 324 1071 55 113 U+3067 1081 1219 99 76 U+304C 1109 1969 70 62 U+306A 1104 394 68 80 U+306E 326 2524 65 57 U+65B9 101 1110 91 119 U+304C 133 1245 64 55 U+304C 525 1370 71 60 U+306E 120 1037 61 57 U+306E 907 2279 59 56 U+306E 911 1407 60 59 U+3082 902 949 58 108 U+5B50 1085 1853 96 107 U+5185 508 1092 80 117 U+6240 1273 719 102 120 U+69D8 872 1478 121 125 U+3044 104 2050 85 78 U+306E 1491 2164 57 60 U+65B9 1264 933 96 124 U+6240 680 1029 102 131 U+3072 1283 1347 78 91 U+3060 693 389 123 97 U+304A 105 589 97 71 U+3067 909 665 75 102 U+3060 1287 1066 81 91 U+304D 1097 1610 86 95 U+306B 696 2518 79 66 U+306E 123 1624 59 61 U+3044 1278 1271 91 76 U+5642 884 2344 99 134 U+3064 303 959 93 116 U+3059 883 390 92 86 U+3092 1097 652 76 82 U+304C 920 1722 67 59 U+3072 110 2126 81 88 U+305D 1282 1842 69 99 U+304F 328 1628 49 100 U+3089 1290 2124 58 105 U+308B 1119 1429 41 80 U+3092 1110 2631 62 58 U+5B85 1470 2244 89 119 U+5B50 1462 2039 89 106 U+7336 296 1198 113 136 U+304A 302 2142 103 81 U+305F 316 611 66 86 U+3068 317 759 67 66 U+6669 680 809 109 126 U+306A 1479 1750 79 85 U+3070 1279 494 102 64 U+7F8E 505 656 77 139 U+3068 518 1642 64 66 U+3089 720 557 38 98 U+5C45 1080 1303 97 121 U+4E2D 897 555 79 106 U+308C 1288 393 64 107 U+3092 1484 2366 67 113 U+5E74 310 2582 87 91 U+307E 107 2222 74 90 U+3059 104 2310 88 118 U+306E 912 2482 59 66 U+305F 1478 2618 62 69 U+9055 290 379 118 132 U+307E 1300 1448 59 106 U+5484 1081 2539 123 74 U+3066 691 1590 71 65 U+3075 886 2627 92 57 U+672C 1278 570 89 145 U+3084 503 2522 87 74 U+5B85 681 2395 97 107 U+308A 136 467 37 95 U+3078 97 1559 111 62 U+5B50 904 1605 78 101 U+610F 691 2583 77 104 U+805E 303 1746 104 129 U+592B 501 2342 99 116 U+308C 312 1957 108 97 U+805E 1470 2494 90 121 U+304A 497 1007 104 83 U+5C45 497 1451 98 107 U+3068 1098 1524 66 80 U+8FD1 1103 2253 68 113 U+307E 1481 1449 62 115 U+3042 1475 1225 79 98 U+306A 901 1179 69 90 U+30A2 527 2601 55 59 U+805E 685 2042 100 133 U+5E74 106 1321 79 138 U+3066 1101 892 43 98 U+3060 116 1859 79 80 U+306B 691 1158 86 78 U+3093 106 932 88 86 U+3088 922 2570 41 58 U+305F 1286 1689 69 67 U+305F 331 1868 63 86 U+304B 129 675 47 74 U+304F 311 1334 83 69 U+7A2E 1265 2509 97 127 U+3044 1445 549 57 43 U+308C 1281 1938 79 118 U+3053 1105 496 58 62 U+3084 92 1685 105 82 U+304C 1297 1759 66 57 U+307E 112 2536 70 86 U+306A 514 562 74 76 U+306E 1105 2462 57 61 U+4E00 683 972 104 20 U+805E 1088 764 98 129 U+3089 509 2240 66 117 U+3068 1100 562 65 86 U+307E 332 2216 58 106 U+305F 520 2088 69 97 U+5176 683 679 92 128 U+601D 300 847 100 112 U+306E 1480 1949 63 94 U+3068 1285 2445 59 61 U+3093 318 2431 84 91 U+904A 1068 1020 121 115 U+308B 902 470 54 69 U+305D 1482 1851 65 100 U+305F 1542 930 43 57 U+6240 1089 2371 90 90 U+306A 1450 1066 46 68 U+306F 900 1065 67 112 U+304F 702 1767 54 93 U+5176 1072 1709 106 142 U+3046 129 1764 37 102 U+3093 897 2184 81 78 U+5BA4 508 1207 89 141 U+30C4 350 516 54 60 U+304C 1495 482 61 51 U+308C 1529 591 56 77 U+3068 1295 1162 54 85 U+304A 893 1807 99 90 U+3057 724 1482 21 109 U+6C17 509 384 105 166 U+303B 1303 2363 34 75 U+3089 724 2285 32 88 U+3093 1097 1129 99 79 U+8A00 496 1717 101 129 U+7686 1281 2236 81 120 U+3069 914 781 71 98 U+3052 1530 664 69 70 U+307E 907 1896 65 109 U+3046 133 1461 32 98 U+305F 696 2177 72 104 U+308B 531 1559 53 63 U+307E 520 1845 58 103 U+3068 1542 1161 37 56 U+3075 898 881 82 73 U+3053 1530 547 43 46 U+306F 1482 1565 58 119 U+3057 1530 866 55 62 U+306F 327 2326 56 109 U+3055 117 842 69 94 U+3058 547 2443 45 91 U+308F 325 1402 59 92 U+305F 112 2622 60 65 U+306E 1536 1037 53 47 U+304F 1456 748 31 72 U+304B 722 491 43 65 U+3057 144 2404 18 113 U+3088 129 387 45 80 U+308A 1464 1133 28 62 U+3088 722 1675 38 94 U+307F 130 747 34 81 U+3075 1443 590 57 43 U+3053 1453 914 44 43 U+3057 347 1490 20 137 U+3044 506 922 86 56 U+304B 535 2184 42 56 U+306F 900 2076 64 112 U+5B50 1536 1088 48 76 U+3078 881 2017 102 53 U+5BD0 682 1240 110 170 U+3057 937 1260 29 120 U+3058 1556 987 40 55 U+3057 544 1943 32 146 U+3068 122 1938 52 90 U+3084 1530 799 51 55 U+304B 711 1408 48 55 U+304B 1302 2057 48 67 U+304B 339 698 33 51 U+5B50 1476 390 77 95 U+3068 1453 958 49 53 U+3070 1454 1009 58 57 U+3057 1325 1547 24 108 U+3044 1528 729 56 42 U+3084 1446 704 51 47 U+3057 1467 813 15 83 U+30A2 1501 1687 45 61 U+308A 1477 1325 64 117 U+3057 536 790 20 127 U+308A 1439 640 59 62 U+303B 1297 2638 25 44 U+3057 1553 763 14 49,umgy001-018
U+3031 1206 1427 75 181 U+5341 809 354 73 85 U+306E 1409 1290 64 67 U+306F 1581 785 78 53 U+4ECA 197 1991 127 131 U+306E 1013 834 70 72 U+304C 1213 343 80 65 U+3082 1400 2392 52 99 U+3066 816 1391 68 112 U+3093 809 1735 97 108 U+306A 1395 1556 80 85 U+304C 236 1388 79 76 U+898B 418 1281 77 112 U+306A 814 2409 77 85 U+5BB6 1575 1215 93 145 U+307B 1395 352 89 103 U+5642 207 1867 101 118 U+7F6E 1008 347 90 145 U+3067 812 1846 75 68 U+6E08 1190 423 102 134 U+77E5 401 562 105 106 U+3044 1574 1958 83 67 U+5FC3 1370 1661 118 85 U+306B 1208 1170 59 80 U+3082 640 1117 55 121 U+3089 622 1972 57 105 U+306E 1173 1743 93 78 U+306B 419 2370 83 73 U+3044 619 968 82 71 U+308C 415 663 77 106 U+306D 1005 1989 85 105 U+304D 1584 2415 67 104 U+307E 815 2146 63 111 U+3042 813 1922 82 104 U+3042 225 1473 84 122 U+5999 391 1161 132 112 U+6C17 213 345 110 154 U+671D 993 925 104 133 U+3044 409 923 87 78 U+306E 630 483 62 66 U+306E 227 1776 71 75 U+5FF5 608 561 101 122 U+6301 1368 1744 117 133 U+5BB6 412 348 92 139 U+5C0B 1004 1846 91 142 U+4ECA 978 599 133 133 U+3092 1186 2210 92 81 U+307E 1403 966 54 97 U+307E 628 2157 51 105 U+3066 1191 2567 73 65 U+65E5 1023 732 61 85 U+306D 1199 564 73 99 U+3092 819 616 65 101 U+304A 1376 885 106 81 U+5176 1179 920 107 131 U+3093 221 1277 107 106 U+304B 1207 729 57 77 U+6765 809 1503 84 144 U+3093 1579 674 97 97 U+3066 1575 1121 74 82 U+304A 1566 354 99 74 U+5C45 1560 1550 95 115 U+306E 621 2456 70 63 U+98A8 620 1383 102 122 U+7559 1199 2370 75 109 U+9803 612 354 94 128 U+3078 1186 666 100 70 U+304C 441 484 71 66 U+5B09 378 2103 128 114 U+805E 1178 1837 104 126 U+79C1 1150 1624 127 107 U+3055 813 2252 65 88 U+601D 998 2357 99 114 U+305F 1194 1966 60 85 U+3069 1417 458 67 78 U+3060 422 1913 84 85 U+304F 1590 2518 45 85 U+306F 419 1079 77 61 U+3070 1582 2337 82 61 U+304A 603 2088 99 71 U+3093 1400 1175 73 94 U+30A6 1418 2063 43 82 U+3088 1218 1259 49 93 U+3089 1202 810 56 113 U+3066 1008 497 71 85 U+4E94 808 447 83 76 U+3066 813 1201 66 88 U+3031 1428 2129 39 114 U+805E 1569 2226 88 110 U+305F 814 1644 71 85 U+3075 613 1035 87 82 U+304F 1203 1346 52 109 U+306A 1586 1669 71 97 U+51FA 810 1305 94 84 U+3060 1392 718 100 97 U+4ED8 414 2449 83 107 U+5B50 1189 1050 96 110 U+697D 813 736 76 105 U+306A 1402 549 67 75 U+307F 238 1093 44 96 U+53C2 1004 1055 90 147 U+3055 432 1393 59 91 U+304A 202 942 106 84 U+3053 1196 2070 68 61 U+3093 1016 1569 94 99 U+6C17 1386 2496 103 139 U+306E 421 1575 76 78 U+306E 629 1238 69 75 U+3069 1403 2246 78 84 U+3064 1005 2472 86 102 U+304A 409 1669 101 80 U+307E 417 1479 83 96 U+3068 222 1686 72 88 U+3093 613 2369 86 85 U+306B 1019 1312 48 95 U+3066 406 2559 82 79 U+3067 1009 1675 120 75 U+53E3 1201 2308 69 58 U+306A 1023 1484 67 95 U+308B 244 1595 43 90 U+304B 1405 816 45 60 U+3055 228 1195 68 88 U+306B 1587 1359 48 93 U+3052 425 1814 106 101 U+306B 811 1021 86 80 U+306F 1014 1411 74 66 U+3068 1591 1850 51 99 U+30E2 1414 1998 47 60 U+3078 208 2563 108 71 U+3057 1604 2089 19 112 U+3082 1020 1750 55 90 U+65E5 826 529 50 86 U+3068 418 841 67 74 U+305E 225 2452 87 105 U+3075 1383 2333 86 71 U+3044 409 2303 89 70 U+3075 1559 935 103 86 U+306F 1403 1072 58 108 U+3055 1586 584 60 95 U+306A 227 748 66 96 U+3068 1199 2133 66 72 U+3088 1026 2104 52 83 U+3044 1575 1767 85 73 U+3068 1591 848 57 89 U+304B 637 1906 47 68 U+306F 1579 1455 82 84 U+3088 1415 1375 47 85 U+3067 1398 1870 84 100 U+307F 1600 491 35 85 U+308A 1021 1200 59 118 U+3057 653 1601 21 124 U+3075 405 999 91 79 U+3093 1403 615 78 98 U+308B 436 771 49 68 U+3069 226 2291 93 80 U+306F 624 2263 54 113 U+306F 225 840 76 89 U+3068 433 1994 45 92 U+65E5 224 2123 61 87 U+30A2 833 2342 45 68 U+3075 1377 1461 97 94 U+304B 1602 421 46 70 U+304C 234 506 73 83 U+3075 998 2182 89 76 U+3053 231 2372 61 70 U+308A 227 598 58 145 U+306F 217 2214 80 62 U+3057 1611 1015 18 105 U+305F 624 1722 58 77 U+306F 628 886 73 68 U+529B 628 685 60 89 U+307F 823 933 55 87 U+308A 823 2020 55 119 U+3057 1222 2472 17 96 U+3057 833 1096 25 106 U+304B 239 1022 41 72 U+3068 636 1485 63 112 U+3068 1019 2256 59 93 U+304B 439 1749 46 68 U+3068 638 775 47 107 U+3075 1569 2025 85 72 seg_fp 601 2523 91 100 U+3057 846 832 38 99 U+3057 430 2216 42 97 U+309D 650 1317 26 43,umgy001-019
U+306E 88 578 63 57 U+306F 1272 2576 64 49 U+3072 664 448 89 95 U+305F 1080 1222 66 120 U+623F 1426 2099 109 137 U+304B 883 516 53 67 U+3064 285 1953 86 65 U+4ECA 849 1622 126 143 U+306A 1268 2080 61 92 U+306E 489 647 60 65 U+3084 284 808 79 81 U+3082 309 1464 54 116 U+5185 483 429 71 105 U+306E 1460 672 65 78 U+516B 1064 341 96 84 U+304B 512 2279 44 53 U+306E 877 2172 74 61 U+5973 1427 2003 119 87 U+306F 1263 1093 77 65 U+30A2 1081 1875 61 73 U+306A 1461 2520 75 94 U+77E5 68 1528 104 111 U+306A 678 1352 68 82 U+3078 269 1070 114 75 U+3044 1063 871 87 71 U+305F 678 2559 63 83 U+305D 1070 1418 79 93 U+5484 64 671 123 74 U+304A 464 347 91 79 U+96A0 267 343 103 124 U+4F55 1248 1169 96 129 U+5B85 1256 2427 83 126 U+79C1 850 2041 110 122 U+3082 1281 342 48 101 U+305D 669 1891 71 97 U+3066 1260 779 69 77 U+304D 681 2376 59 107 U+3042 495 1836 72 105 U+3082 90 1744 52 91 U+541B 476 537 81 105 U+3082 500 1362 50 79 U+305A 482 1179 111 102 U+306D 281 970 85 100 U+3082 302 2027 51 95 U+4F55 69 1223 97 129 U+30A2 113 2186 49 70 U+30CD 676 1808 72 71 U+5B50 78 463 80 102 U+3092 478 833 86 88 U+306D 83 1943 74 105 U+3060 301 1368 82 81 U+3042 1081 2355 78 109 U+305D 89 2279 68 101 U+3092 288 1654 81 79 U+3057 81 1842 77 96 U+30A2 884 1936 58 91 U+3072 1070 940 87 96 U+3044 670 2488 78 71 U+306E 1263 441 66 76 U+3066 662 2071 66 86 U+3064 286 2118 85 118 U+3044 1068 1964 88 78 U+3084 482 1680 83 84 U+305B 858 342 91 81 U+304B 893 1537 41 56 U+307E 876 674 56 109 U+3044 483 1456 87 71 U+3078 66 2046 113 71 U+3046 1471 1703 46 91 U+3055 490 1090 59 94 U+3069 1458 2252 96 79 U+305D 1266 579 67 105 U+307E 495 2015 62 107 U+3066 1451 1903 71 83 U+3057 669 874 85 96 U+308C 873 1232 72 106 U+3093 871 897 85 89 U+3059 289 459 59 92 U+308C 83 1638 73 114 U+306E 1265 1392 66 70 U+304A 656 1123 98 84 U+3084 1071 2198 84 78 U+5C4B 1064 559 98 106 U+3044 288 2540 88 74 U+3058 1104 2107 51 96 U+30A2 503 1766 57 74 U+307E 1075 1042 75 86 U+5176 65 342 93 121 U+3082 85 1125 50 86 U+3078 1443 1546 114 64 U+306B 672 2284 82 89 U+5642 654 2168 94 116 U+601D 666 354 86 91 U+306D 1452 1452 80 92 U+307E 1085 2530 52 99 U+3093 870 420 84 95 U+51FA 669 566 94 74 U+30A2 1084 1712 65 89 U+3093 873 2423 110 79 U+3078 1437 814 112 76 U+5449 647 1211 108 137 U+305D 877 1130 71 100 U+4E3B 1534 922 61 59 U+308D 1463 2405 74 115 U+30A2 1072 2281 76 81 U+308A 84 2381 67 115 U+5B50 1254 986 84 97 U+5176 1237 859 102 130 U+308A 897 1429 46 109 U+4E3B 560 2415 74 56 U+3089 1270 1701 60 124 U+3084 76 2492 88 86 U+3056 886 2490 93 83 U+308A 1079 1515 68 112 U+3064 1450 1145 86 84 U+3060 1070 669 89 105 U+3058 513 1586 61 105 U+4ED6 1430 439 106 123 U+3069 1470 1607 82 92 U+304F 304 1830 46 113 U+5A18 1228 1471 119 131 U+3093 490 2204 87 74 U+3060 1268 2243 92 98 U+3066 672 972 73 88 U+6B64 282 1144 93 88 U+306F 669 1064 78 56 U+51FA 1444 561 96 87 U+304B 106 1460 40 52 U+30E8 1098 1352 40 50 U+306F 879 792 55 110 U+3060 89 1353 83 106 U+3060 1270 1605 78 86 U+3084 866 1849 85 83 U+3060 84 891 90 100 U+30F1 498 2336 77 48 U+306E 296 1579 67 77 U+304A 853 596 97 78 U+304C 308 2483 71 61 U+3084 1067 1625 84 85 U+5BB9 288 1230 79 135 U+3058 863 1760 110 96 U+305B 491 2124 68 83 U+307E 1465 1225 58 121 U+3044 661 1726 76 72 U+306A 881 2352 73 83 U+3082 671 787 51 77 U+308B 680 1548 52 75 U+3093 1261 2167 87 89 U+6240 1251 1296 88 93 U+304B 504 930 50 68 U+304A 1437 350 100 81 U+3075 1248 1823 88 84 U+304B 1278 2337 45 75 U+3088 1361 1932 30 72 U+30A2 82 2580 73 67 U+3058 315 708 52 109 U+307E 673 1636 61 89 U+3066 309 2234 54 77 U+308B 313 2422 51 64 U+30DE 1087 1818 62 48 U+30DE 108 2131 56 44 U+3068 1072 777 67 79 U+308A 506 1938 48 93 U+30A2 294 892 66 79 U+30CA 1473 1036 60 66 U+898B 300 2316 70 110 U+30A2 857 2574 94 73 U+3055 675 1448 66 104 U+3057 110 765 18 128 U+3088 311 1752 39 86 U+3069 291 564 94 77 U+3057 700 634 21 162 U+3088 894 1338 44 92 U+3057 1109 1124 23 121 U+3068 502 1279 48 87 U+3053 1466 2335 64 68 U+3053 290 644 65 65 U+3057 1483 1792 21 115 U+30CA 511 2505 59 63 U+308A 1098 2460 45 80 U+3089 1479 1345 39 109 U+306D 1342 2013 64 73 U+3057 692 1986 21 86 U+304B 1279 515 40 61 U+304B 1476 746 41 68 U+304F 504 990 44 97 U+30B5 507 2584 62 62 U+3066 75 1055 65 75 U+30DE 883 1005 74 46 U+3057 1288 681 20 101 U+30C4 102 993 54 61 U+30CB 1474 1097 71 35 U+30A2 902 1057 50 70 U+767E 1050 445 111 117 U+309D 1103 2043 27 47 U+309D 323 2617 33 31 U+30CB 509 2558 63 26 U+309D 512 1521 30 56,umgy001-020
U+884C 393 376 96 114 U+306E 1183 1847 72 59 U+306E 1570 1832 68 62 U+306F 607 1310 81 55 U+306E 610 2244 69 72 U+3082 617 1503 49 90 U+306E 1004 617 69 69 U+306E 1573 732 67 72 U+306F 794 2595 72 56 U+3067 398 2579 76 68 U+3042 1187 2491 62 97 U+306E 1388 750 63 56 U+3068 1390 1867 56 92 U+5728 1170 1922 85 110 U+3082 813 371 48 108 U+5B85 1564 610 79 116 U+307E 615 1944 57 108 U+3089 430 996 41 98 U+3082 217 1062 49 89 U+7D76 585 616 103 125 U+5927 1555 2242 78 111 U+5168 597 1614 105 109 U+305D 1000 1737 67 92 U+89D2 805 1117 68 139 U+4F53 586 1724 105 138 U+3089 208 2303 58 102 U+306E 1185 2595 58 60 U+6C17 400 2086 82 163 U+306B 406 1357 71 70 U+3044 993 1912 78 86 U+885B 1378 457 95 128 U+5B85 1559 1711 89 120 U+4F4F 390 1119 91 120 U+306A 1187 2131 65 78 U+90A3 1362 1568 101 103 U+3060 207 2131 97 104 U+5C45 1169 358 94 115 U+3092 789 834 91 72 U+306B 1379 1367 71 67 U+305F 213 655 56 90 U+306E 1196 683 66 65 U+5C45 187 368 93 105 U+3044 993 2277 81 79 U+3066 806 1565 52 115 U+304A 594 1867 103 76 U+3082 419 2361 48 112 U+306E 810 1263 62 73 U+3068 415 1721 56 91 U+308C 205 836 68 114 U+304D 402 845 81 99 U+306B 607 2584 49 66 U+3092 409 2249 59 99 U+30A2 1394 1132 55 76 U+65E6 1373 1460 86 106 U+305A 793 2183 94 96 U+3084 1382 1044 68 83 U+3082 618 367 51 106 U+79C1 586 1390 110 104 U+308C 1377 2106 60 109 U+3044 1376 1971 79 71 U+4F55 780 918 104 120 U+3044 204 1594 84 72 U+306E 800 474 68 73 U+3042 798 1968 77 116 U+306F 1565 2180 73 60 U+990A 592 2329 89 161 U+307E 207 488 66 68 U+3068 996 368 71 73 U+3078 1366 2319 96 63 U+3066 993 1646 69 79 U+8A00 781 1435 106 130 U+306E 808 1043 57 68 U+6642 1159 2226 112 120 U+305D 1571 362 79 90 U+3093 1381 1759 78 92 U+308C 792 711 72 113 U+3062 199 2570 87 87 U+5185 790 2317 75 123 U+8A3C 778 2440 107 127 U+610F 221 1745 69 122 U+3075 987 1831 89 75 U+3059 1558 2084 62 95 U+7686 1376 1228 80 132 U+308B 222 2051 51 68 U+3075 1556 450 93 80 U+3066 404 2002 61 80 U+3093 602 2156 90 84 U+4E09 791 1697 93 69 U+5185 1189 1575 67 122 U+5FC3 1362 2387 105 88 U+3068 408 769 65 71 U+3091 198 2404 90 106 U+306B 794 1875 82 82 U+69D8 982 2064 97 118 U+9B3C 1554 2550 94 117 U+305F 417 673 46 83 U+3069 1196 1385 79 89 U+7406 990 702 90 101 U+3060 1194 1066 77 92 U+3082 1010 1054 53 107 U+30A2 611 828 66 88 U+5B50 599 2490 82 91 U+3051 1199 1173 52 79 U+307E 1193 476 62 92 U+3088 1588 1912 42 81 U+30B5 1201 758 62 74 U+3052 800 2083 104 102 U+306F 1379 2044 76 65 U+5909 1561 2338 70 141 U+3069 213 1155 102 73 U+307E 614 1018 59 101 U+3093 394 2463 97 101 U+3058 1406 973 56 82 U+3093 1388 665 82 82 U+306F 614 2056 51 107 U+304C 622 553 72 56 U+5BA4 1180 1694 89 132 U+3075 990 1452 92 85 U+3064 405 1925 75 77 U+3092 988 1249 91 98 U+51FA 401 1445 97 86 U+3068 1576 517 39 84 U+306B 992 2183 79 61 U+3051 217 757 59 76 U+3057 604 923 84 96 U+308C 1190 947 70 120 U+3059 1187 568 71 112 U+6C17 1379 822 98 150 U+3088 1638 1499 39 69 U+308F 228 1964 43 86 U+3044 393 1638 89 81 U+601D 396 1822 92 102 U+304D 1002 2356 61 102 U+3055 1182 2342 61 86 U+3059 992 2562 83 98 U+3066 1372 2233 75 83 U+3069 1398 593 75 76 U+3059 1564 978 77 101 U+308C 1184 1256 71 127 U+6301 1336 2473 115 104 U+65E5 801 1789 63 83 U+306D 1628 1572 52 71 U+305D 1180 850 80 98 U+30CE 1578 1416 49 62 U+3093 607 1219 86 84 U+307E 1005 2457 41 101 U+3078 1164 2432 96 58 U+305D 797 614 71 95 U+3069 221 952 66 105 U+5175 1387 363 57 96 U+3088 1588 806 41 85 U+3042 211 1416 80 110 U+5FA1 1184 1493 87 80 U+3069 1012 1359 80 95 U+4E16 1164 2046 103 81 U+3064 408 601 65 73 U+304B 423 940 41 56 U+3057 1026 1530 24 119 U+3067 1359 2582 109 81 U+308A 1011 510 51 101 U+3075 1553 1231 86 77 U+3068 812 1335 44 89 U+3069 1577 1152 84 80 U+305B 619 1133 57 90 U+3060 1572 1312 83 90 U+304B 223 2232 44 74 U+3075 978 1995 97 72 U+5C48 985 810 109 113 U+5730 205 1869 104 95 U+30B5 1568 2479 62 76 U+3081 614 474 64 77 U+3075 1548 895 94 86 U+306E 998 1159 70 86 U+3075 198 1228 89 80 U+3078 386 1296 110 62 U+306F 1568 1081 68 69 U+305F 409 1531 68 105 U+3084 607 741 79 86 U+3075 1550 1994 83 91 U+3075 204 1666 84 77 U+3057 234 553 25 106 U+304B 819 546 34 56 U+304B 424 1236 45 65 U+3053 204 2511 60 60 U+3055 1392 1664 55 98 U+3057 438 502 17 98 U+3075 984 442 84 69 U+3082 222 1310 53 97 U+3060 1001 934 78 104 U+309D 232 1524 29 50,umgy001-021
U+306E 812 1667 75 69 U+91D1 796 1748 104 149 U+5408 1375 1497 102 113 U+9019 1186 2323 103 134 U+4ECA 1555 1144 124 115 U+306A 424 716 86 82 U+91D1 997 789 102 133 U+3044 799 2349 83 88 U+3066 229 2467 77 63 U+6025 1183 1013 100 121 U+3092 828 967 65 101 U+3082 628 1312 57 93 U+5148 1392 441 84 105 U+4E21 796 1543 99 101 U+306A 1395 1302 77 90 U+76F4 1398 1780 77 122 U+5B85 609 928 92 113 U+304C 439 1041 60 67 U+767E 799 1449 99 84 U+305D 623 526 60 90 U+306E 1396 893 72 78 U+3078 800 598 106 69 U+305A 617 1610 87 108 U+306B 438 2192 41 66 U+3066 1597 1589 43 117 U+306E 1397 564 72 68 U+3082 823 1899 57 86 U+5224 797 856 94 116 U+3084 1570 1888 85 97 U+3070 1579 984 91 70 U+990A 804 2009 74 149 U+30B5 1587 1055 73 66 U+305A 1193 2222 98 90 U+306E 421 2627 67 58 U+3066 1219 2532 40 131 U+304C 1406 367 63 56 U+65B9 426 909 60 118 U+3092 1400 2103 63 110 U+6238 1383 2005 69 109 U+308C 1398 1390 63 105 U+5165 606 1231 93 73 U+8A00 233 2348 70 104 U+51FA 620 1115 84 102 U+3091 421 1532 81 100 U+306A 623 1414 67 102 U+9B3C 806 372 90 133 U+305D 431 1853 63 95 U+5F8C 222 1382 92 109 U+5BB6 802 2163 88 128 U+4E0D 625 1996 74 122 U+3057 1194 2041 74 104 U+306B 1410 1904 46 78 U+3059 1576 486 82 82 U+8EAB 212 377 84 111 U+756A 1396 632 73 135 U+307E 420 1644 78 112 U+627F 1197 372 77 116 U+307E 1582 361 65 93 U+3092 1398 2562 55 102 U+3067 1222 590 46 119 U+4E0A 219 492 79 96 U+5148 416 2532 83 94 U+307E 232 1176 71 99 U+898B 1011 368 70 104 U+3092 1202 907 66 86 U+3075 216 677 87 94 U+3066 227 1092 71 73 U+97F3 626 1723 63 145 U+677E 1378 977 97 98 U+306F 1194 1806 74 62 U+982D 1384 771 101 106 U+3078 801 2292 97 62 U+3093 418 616 97 91 U+308C 236 1854 77 127 U+3086 415 1444 82 86 U+8EAB 1386 2363 75 102 U+5165 1192 2468 82 67 U+3068 1406 1205 48 79 U+585E 1364 2224 120 121 U+8003 1558 1462 100 124 U+3042 228 2078 102 91 U+3066 1030 1913 47 117 U+3075 408 1118 87 102 U+4ECF 795 2553 98 113 U+306E 1022 925 62 78 U+306F 232 1696 76 63 U+308C 619 616 70 118 U+3070 1015 589 81 62 U+4FE1 608 1873 100 112 U+7E01 1001 1217 101 117 U+756A 230 2549 89 127 U+306E 427 1950 74 100 U+501F 995 669 100 113 U+355D 608 382 81 143 U+3068 253 2248 60 86 U+6B64 412 828 88 80 U+305F 1020 2345 72 81 U+304A 809 1076 86 84 U+77E5 1193 495 87 95 U+305F 626 2603 65 70 U+990A 410 2275 78 157 U+3093 1194 1489 91 98 U+4E0A 1389 2469 71 88 U+306A 1197 1600 87 88 U+3078 613 1063 91 38 U+305F 423 1750 68 83 U+306B 1036 2602 41 77 U+990A 1198 1144 74 140 U+305F 822 1351 66 77 U+9B3C 1573 2442 84 110 U+306E 426 382 72 74 U+65E5 249 1519 43 87 U+898B 1581 1719 71 99 U+3093 225 768 98 91 U+5B50 1215 1286 62 99 U+304A 1201 720 73 69 U+308C 1013 474 60 112 U+3055 232 844 62 91 U+601D 1018 2173 80 98 U+3078 1377 1157 95 59 U+3066 1409 1623 42 145 U+306F 228 601 70 64 U+3086 1009 2441 85 85 U+30A2 1600 1992 49 85 U+5175 821 511 49 84 U+3084 1568 2078 95 83 U+3078 411 2140 98 64 U+3089 646 812 28 105 U+308C 811 2436 60 108 U+3060 235 1268 80 81 U+305B 809 1249 86 94 U+3064 1574 2161 81 108 U+3055 1589 1259 53 87 U+306F 428 468 67 51 U+3078 1569 2630 93 47 U+3093 228 931 86 78 U+308C 1204 790 52 113 U+3089 1602 1353 36 102 U+5175 1408 1075 42 79 U+5B50 438 2436 65 91 U+304C 260 1991 69 78 U+3071 1588 2268 64 91 U+308C 1588 871 58 111 U+3053 240 1775 68 71 U+308C 625 2479 66 121 U+30F1 1588 581 66 45 U+901A 608 2118 106 145 U+304B 441 1348 41 88 U+3055 632 2378 56 104 U+306B 831 646 37 85 U+3075 1002 1616 87 95 U+305D 1207 1403 54 86 U+3064 413 1221 83 80 U+3089 1205 2147 40 81 U+306B 253 1605 34 83 U+3055 827 1159 52 89 U+5175 1587 2554 52 71 U+3065 1009 1336 98 73 U+308B 256 2166 53 67 U+3089 635 1518 39 98 U+305D 1032 1713 55 92 U+3078 1008 2533 86 68 U+308A 1596 2354 45 93 U+5C71 1007 1002 93 97 U+3082 825 743 48 91 U+3068 1029 1519 49 98 U+3046 444 2051 37 92 U+3055 1591 781 61 88 U+3068 1025 2033 68 91 U+3068 645 2264 50 90 U+3064 1036 2275 55 67 U+304F 1035 1399 44 109 U+304B 638 737 43 73 U+308A 1603 1817 37 81 U+9732 1192 1883 84 154 U+4E3B 1639 656 58 59 U+3057 1054 1805 19 116 U+3082 1016 1101 56 96 U+307F 439 543 47 74 U+309D 444 1291 34 61 seg_fp 257 999 16 100,umgy001-023
U+306F 213 1211 81 59 U+3067 615 2071 79 116 U+3082 219 1663 58 80 U+3066 800 2566 57 92 U+306E 1010 964 74 74 U+9060 391 1773 116 148 U+3084 1569 539 85 77 U+514E 205 1276 106 151 U+3078 1367 1096 125 69 U+8EAB 995 824 81 133 U+3084 804 359 93 78 U+8A3C 190 1065 127 129 U+3092 422 978 77 100 U+4E0D 1004 2145 86 108 U+306A 1183 2280 80 92 U+753A 196 1870 113 110 U+304C 1207 1434 80 62 U+306A 624 592 71 81 U+6C17 805 1120 104 160 U+305F 206 686 100 98 U+3057 803 527 88 96 U+89D2 213 1518 77 143 U+6614 403 1296 96 140 U+304A 607 367 98 75 U+3089 832 995 45 111 U+3092 426 370 79 107 U+5C45 1549 1394 98 119 U+304A 1178 1083 103 79 U+304B 1207 1825 58 88 U+306A 613 1107 81 81 U+306E 220 2265 59 55 U+82E5 214 2331 72 135 U+306A 1392 1158 76 81 U+79C1 983 641 111 108 U+3082 224 1413 57 92 U+591C 594 1706 103 134 U+3092 1377 2151 95 97 U+3057 806 1383 88 101 U+3082 1574 1591 54 91 U+8A00 1369 2334 96 113 U+3069 1192 2102 100 76 U+3066 1194 991 80 81 U+3066 1005 464 80 80 U+304B 426 1918 47 73 U+5C0F 198 1982 107 87 U+3092 806 1277 76 95 U+6DCB 598 1196 122 115 U+3057 999 368 84 92 U+81EA 1014 2257 60 134 U+3078 200 880 111 81 U+306D 1575 699 80 103 U+30A2 825 446 57 77 U+306A 1395 1533 73 100 U+306A 1574 943 84 89 U+3093 813 816 91 87 U+304A 1370 2256 101 74 U+3051 419 673 77 92 U+3066 1561 1514 79 80 U+304A 992 1045 107 94 U+306A 1377 2455 81 80 U+3082 620 1836 52 86 U+3080 418 571 90 94 U+6628 389 2206 111 122 U+3064 796 1476 97 112 U+6C70 1564 372 95 104 U+306F 406 2552 75 56 U+305C 1376 1239 104 102 U+3066 410 1201 83 84 U+5FC3 1557 2317 107 74 U+898B 207 2068 84 113 U+7D30 1562 2393 102 102 U+304B 826 909 51 89 U+65AF 1174 769 113 134 U+5927 201 1752 88 109 U+5728 1190 1170 83 112 U+8896 399 846 109 126 U+3044 409 1530 77 81 U+306B 1022 2062 55 76 U+30A2 623 2259 64 68 U+3093 1188 2176 119 88 U+3066 1572 1304 73 80 U+305D 415 488 74 86 U+306F 1187 2019 83 65 U+305D 1384 1355 86 92 U+305B 796 732 92 87 U+3042 412 1082 82 117 U+72EC 590 1933 107 135 U+306B 628 1600 53 91 U+5185 212 946 83 121 U+60B2 1382 1729 99 122 U+308A 823 1642 59 99 U+77E5 1166 1517 118 104 U+3055 1008 2534 63 70 U+3053 1193 2385 76 59 U+306D 1470 656 64 68 U+305F 218 608 74 69 U+3093 1397 1445 99 88 U+3066 406 763 81 78 U+304B 411 2492 56 65 U+3076 994 1213 106 87 U+304B 827 1583 46 61 U+7531 1005 2393 79 92 U+308C 1186 1619 88 112 U+3058 1610 464 46 82 U+306C 406 2099 84 98 U+305E 605 2436 92 83 U+6240 616 1496 93 101 U+307E 817 625 60 104 U+6B64 203 374 114 75 U+306F 999 2486 83 55 U+30A2 1589 620 55 74 U+3078 1562 801 109 72 U+3082 1218 601 44 100 U+3069 422 1659 76 99 U+30A4 1588 2499 44 72 U+3093 611 1008 106 97 U+306E 1196 372 72 84 U+3068 824 1737 55 95 U+305F 1006 1300 67 128 U+308B 1397 2605 46 58 U+6301 785 1845 108 121 U+3055 614 2334 62 98 U+3082 1020 542 55 89 U+34B5 600 2584 84 86 U+3059 218 450 77 86 U+3064 790 2494 83 72 U+304F 812 2193 46 101 U+3090 1567 1775 79 105 U+3044 619 1414 74 65 U+3075 1564 1109 89 100 U+306B 1566 2221 82 78 U+306B 400 2418 88 85 U+90A3 204 2572 87 83 U+308F 1593 848 50 90 U+4E16 183 2180 116 77 U+30A2 1581 1986 60 82 U+65E9 796 2071 79 121 U+3060 1447 485 60 53 U+5B9F 1564 2078 81 149 U+3055 621 683 68 97 U+30E8 1596 2577 50 46 U+65E6 1386 896 85 95 U+65E5 424 2327 47 86 U+65E6 205 2468 74 97 U+90A3 1384 994 91 97 U+30DE 620 2204 68 43 U+308B 1202 1736 58 78 U+3089 1594 1884 38 107 U+3055 1387 2541 65 67 U+5BB6 1188 1285 92 138 U+5449 605 450 97 146 U+3053 1580 1046 69 66 U+3044 610 785 103 83 U+306B 1403 1630 57 95 U+306A 798 2417 69 71 U+304C 235 537 80 74 U+82E5 1398 766 63 126 U+306A 1443 367 54 67 U+3053 621 951 67 60 U+308B 416 2603 55 56 U+3060 1198 457 95 75 U+3044 1386 1966 80 71 U+3078 394 1609 109 60 U+30F1 1193 532 77 62 U+3066 805 1969 76 87 U+304A 1553 1687 98 86 U+3031 1372 487 58 89 U+80FD 775 2301 105 114 U+3093 1014 1956 95 93 U+3068 425 1425 55 102 U+304C 1019 753 71 60 U+3075 1184 702 98 85 U+3089 1206 1911 53 114 U+307F 1459 434 30 58 U+3089 415 1989 49 113 U+3051 1010 1425 61 121 U+3057 1602 1189 20 114 U+30E8 643 877 43 54 U+3088 1485 589 41 65 U+3088 1025 1136 45 74 U+304A 993 1631 104 83 U+3057 1232 899 16 95 U+3068 236 775 52 100 U+3089 1378 426 42 67 U+306F 1375 362 38 68 U+306F 1003 1547 74 73 U+30C8 1599 2632 37 30 U+306F 1017 1849 60 109 U+3068 1209 2445 47 102 U+307E 1015 1714 62 130 U+3057 1418 1856 18 106 U+3092 1185 2560 90 103 U+3057 644 1311 23 99 U+30C8 638 2540 34 35 seg_fp 996 2613 83 36,umgy001-027
U+6DE1 613 2339 93 133 U+304A 414 603 104 83 U+97F3 613 1948 88 132 U+4ECA 1372 1513 111 136 U+306E 1031 1276 61 61 U+3070 629 1207 103 65 U+4ECA 788 2369 112 127 U+306A 1385 347 90 103 U+3067 1571 507 82 81 U+3066 605 1731 95 73 U+3078 400 539 129 64 U+3066 218 1100 84 85 U+3064 410 1463 98 80 U+3089 450 1951 37 102 U+5965 1187 1038 91 157 U+3066 223 1836 85 85 U+3064 808 1308 91 79 U+4EBA 604 437 101 111 U+308B 444 1360 44 92 U+307E 226 2170 73 92 U+304B 437 1878 50 74 U+306B 613 356 91 76 U+3066 1585 1544 68 120 U+3064 215 980 89 121 U+3059 224 2260 85 105 U+3031 826 717 73 173 U+305D 617 1543 86 95 U+3092 1578 1215 76 108 U+3066 412 1156 86 75 U+307B 426 2201 80 91 U+3067 804 1622 93 92 U+34B5 1562 1083 85 129 U+6765 1190 518 94 136 U+3082 439 1541 49 112 U+4F59 412 2084 103 121 U+6577 1188 1322 98 133 U+7D19 1007 1482 113 136 U+3082 225 1178 63 104 U+3042 223 875 85 110 U+5E30 409 1234 104 123 U+3044 1251 2166 61 63 U+305F 1260 2327 49 79 U+308C 1014 2028 83 108 U+3057 1189 347 94 87 U+3092 625 554 76 101 U+3044 1387 844 86 75 U+307E 812 346 68 101 U+7528 1387 2325 80 129 U+3082 833 1385 54 115 U+53D6 803 1718 103 124 U+306D 1567 340 80 111 U+305F 1017 1728 68 110 U+308A 234 2055 62 105 U+5EA7 1186 1184 96 140 U+3066 1194 436 79 81 U+3093 612 2172 109 85 U+305D 1583 1952 79 98 U+3092 1022 1602 68 114 U+9593 433 2503 57 89 U+3078 1558 451 116 76 U+3044 1061 474 57 48 U+3042 226 1924 87 131 U+3089 842 2265 38 96 U+306A 1580 1853 83 85 U+6765 812 1952 88 135 U+304A 1382 1858 103 90 U+3067 609 920 90 76 U+308A 824 1501 67 117 U+624B 1022 1348 73 137 U+5FB3 998 946 108 145 U+3093 422 440 116 91 U+304B 833 2188 51 79 U+671D 1385 1647 97 134 U+3044 215 1288 95 79 U+308B 838 1207 41 95 U+307E 1571 864 76 105 U+3060 1395 529 80 93 U+3068 631 2247 68 93 U+3044 618 1374 96 85 U+304C 437 2592 81 51 U+306A 1400 2137 61 98 U+3078 1368 1065 119 77 U+306E 1060 419 56 53 U+307E 1201 652 68 108 U+5FC3 1385 2456 97 101 U+624B 428 2377 67 126 U+3066 816 1848 68 105 U+304F 1575 1671 70 85 U+308B 1407 447 53 82 U+306F 1258 2290 56 46 U+305F 977 752 60 61 U+306B 1193 1540 86 95 U+3092 415 971 95 77 U+306E 1067 857 57 54 U+307E 1011 1915 72 118 U+305F 1207 865 71 97 U+305D 1058 351 58 66 U+3067 811 451 79 84 U+3093 1581 1754 92 108 U+305F 813 2091 77 92 U+3093 1015 1171 94 91 U+3084 807 1133 97 76 U+304C 240 795 77 68 U+304F 1399 2041 60 95 U+3066 1590 2151 72 84 U+3066 812 1034 81 92 U+89B3 605 1807 122 139 U+304B 1408 991 50 70 U+305B 1569 1443 86 96 U+3084 606 1011 113 67 U+305F 1573 969 73 103 U+305F 1017 2145 71 116 U+305F 628 668 74 93 U+3055 430 345 66 99 U+767E 405 698 106 106 U+306D 1467 1253 63 79 U+3053 973 351 51 56 U+30E8 651 1474 50 52 U+898B 1577 1338 80 116 U+308B 1170 2149 44 62 U+3069 438 2290 82 83 U+3078 1053 520 78 53 U+307E 614 2557 76 80 U+3056 817 638 87 91 U+304D 1248 2019 75 84 U+308B 235 544 55 84 U+3084 1163 1943 64 69 U+308C 631 1079 69 122 U+308B 1407 2234 53 82 U+3044 972 595 63 49 U+3068 231 708 73 83 U+3088 246 1438 54 84 U+30E8 258 2371 42 46 U+3068 215 357 75 78 U+3068 975 409 55 62 U+3068 1263 2097 45 65 U+3055 1023 1085 61 88 U+884C 805 896 101 137 U+3060 425 1780 86 92 U+308C 216 437 80 109 U+30CA 1415 1385 61 78 U+304A 1577 2412 94 83 U+306E 1065 560 56 52 U+88CF 1009 2435 89 130 U+306E 1169 2025 51 57 U+3090 1164 2083 61 69 U+3088 644 1270 48 99 U+306E 1016 1840 72 77 U+308F 828 546 46 91 U+5B85 1153 1659 66 100 U+3069 1588 598 78 98 U+3075 1243 2230 68 60 U+3055 630 2077 65 96 U+3053 227 634 70 72 U+3053 1259 2575 45 45 U+306B 1254 2511 60 64 U+306E 629 762 66 74 U+30E8 1222 969 44 57 U+6240 1158 2220 66 65 U+3090 1167 2409 57 67 U+3075 1379 755 97 75 U+706B 218 2525 90 95 U+304F 1586 2581 65 63 U+304B 1031 2262 47 67 U+306F 1404 1786 69 61 U+304A 1234 1761 84 60 U+3052 1162 1766 59 74 U+524D 1009 2566 88 83 U+3089 1402 634 59 126 U+306E 1198 1462 73 80 U+30CB 1414 1455 57 47 U+3075 1567 696 89 84 U+307E 976 815 58 62 U+3059 974 526 60 66 U+304A 1156 2345 76 62 U+306E 1243 1704 60 53 U+306E 1168 2287 48 57 U+304A 1053 612 84 55 U+30A6 1603 2324 54 76 U+3093 627 831 95 84 U+3044 1153 1839 71 50 U+3092 1405 2571 61 77 U+3053 1246 1654 60 47 U+3075 215 1521 100 102 U+3089 1186 2473 23 69 U+304F 1257 1806 49 85 U+306E 1262 2618 42 37 U+30F2 246 2429 50 51 U+3089 1028 2329 51 110 U+306B 241 1626 57 94 U+3088 1484 1167 30 80 U+305D 1393 1971 78 72 U+304B 1587 779 54 71 U+3057 449 1047 18 110 U+3057 653 1634 16 98 U+3057 1004 653 13 83 U+304C 238 2598 68 50 U+3057 1614 2048 17 107 U+3057 258 1715 20 120 U+3078 969 880 84 51 U+5EA6 415 807 96 163 U+305D 1582 2523 67 61 U+3056 1254 1888 72 69 U+4E2D 813 2552 77 100 U+3093 1157 2545 74 51 U+3057 1230 756 27 116 U+30E4 237 2469 61 79 U+3057 1064 667 68 74 seg_fp 654 2465 18 98 U+3066 1165 2628 50 38 U+304F 1075 787 45 65 U+309D 1421 912 34 70 U+309D 989 472 30 44 U+308A 427 1653 64 114 U+3057 1186 1885 15 60 U+30E2 1605 2255 50 70 U+309D 249 1358 40 68 U+65E5 823 2496 59 65 seg_fp 1413 1946 39 40 U+3088 1084 738 35 60 U+3057 1281 2414 16 55 U+304B 1262 2467 41 44 seg_fp 1603 2492 35 37 U+306B 1176 2571 33 60 seg_fp 1269 1957 19 61,umgy001-029
U+516B 242 861 98 78 U+306E 257 954 67 61 U+306E 264 1404 72 68 U+4E45 240 741 96 115 U+306E 1229 1784 67 67 U+3082 1041 982 61 108 U+305F 33 337 100 97 U+306E 269 2502 62 58 U+306E 647 1361 67 70 U+3082 1426 450 54 81 U+306E 268 2313 68 69 U+306E 842 943 72 72 U+306F 635 1055 84 71 U+306F 52 873 75 60 U+308B 1250 2179 42 88 U+3092 456 556 69 87 U+76EE 267 2059 69 114 U+3042 1233 2071 77 108 U+306E 1047 1212 64 68 U+306B 1048 1692 59 77 U+305A 886 1978 79 84 U+3069 1227 631 104 73 U+306A 1418 554 71 95 U+3073 840 1400 107 89 U+306D 1415 752 79 106 U+3078 1414 862 105 72 U+306E 1228 1435 72 74 U+5A23 242 1476 108 145 U+304A 619 552 104 77 U+8005 606 739 113 142 U+305D 41 1574 85 98 U+306F 57 1800 75 60 U+8107 1209 1864 105 123 U+3066 442 760 78 84 U+305D 48 950 78 107 U+4F55 622 1135 108 122 U+3031 1399 1119 47 96 U+3072 1418 648 83 100 U+307E 825 345 74 97 U+9262 1217 1635 94 142 U+3089 82 2263 37 107 U+306E 63 2381 62 65 U+3060 638 1447 95 111 U+3044 49 2183 86 81 U+30C8 1444 918 39 93 U+3082 643 2122 52 94 U+3066 1413 2568 85 79 U+30E8 1246 2271 53 53 U+8A00 247 2560 93 90 U+304A 252 1721 92 95 U+3078 827 1633 118 90 U+3046 1239 520 43 100 U+571F 824 1308 108 75 U+308C 636 2006 80 110 U+706B 1224 1525 77 107 U+5B50 272 2393 61 98 U+3042 1038 1777 85 111 U+308C 52 1670 77 124 U+306B 1245 1989 48 79 U+3059 829 445 78 104 U+306E 58 1060 62 72 U+305D 641 1911 66 96 U+304A 36 2089 110 92 U+3093 452 2031 104 90 U+306E 1044 1452 65 73 U+3078 621 1558 107 73 U+30CA 650 1787 66 80 U+706B 1390 1285 64 87 U+30C8 865 1712 41 82 U+3044 48 1877 86 70 U+306E 1087 353 54 55 U+3044 453 2480 79 74 U+3066 1410 2339 82 73 U+306E 1226 707 69 74 U+305F 849 1209 68 84 U+4E0A 1211 351 95 88 U+305F 454 1187 70 83 U+306F 252 341 59 100 U+304C 65 2011 83 62 U+307E 465 2552 54 87 U+3082 804 1928 50 76 U+3060 1041 1961 94 107 U+305D 1221 1330 83 102 U+306E 454 1289 72 75 U+3078 1022 1618 114 85 U+51FA 993 354 80 67 U+305F 268 1967 64 80 U+3093 634 952 111 100 U+6709 1039 2530 69 106 U+307B 266 1817 81 92 U+306D 525 1550 68 85 U+304B 270 1035 51 75 U+3093 636 2507 101 79 U+3093 846 1485 96 79 U+307E 450 1861 76 88 U+3072 892 2224 70 68 U+304B 57 443 48 66 U+3060 51 1264 100 110 U+3060 1233 1007 87 108 U+8A71 427 434 107 121 U+3092 1422 2058 72 110 U+3093 49 689 102 93 U+4E3B 527 2329 69 71 U+74F6 1205 887 129 123 U+3092 44 2575 85 68 U+3055 54 599 64 94 U+305F 255 649 63 85 U+304A 1378 1472 84 64 U+306A 901 2592 56 62 U+305D 1037 1108 72 102 U+6B64 826 749 95 98 U+533B 621 637 97 99 U+3064 817 2601 55 46 U+306F 461 2204 70 58 U+3072 1469 1080 62 67 U+306A 1278 2492 53 63 U+59DC 1022 819 104 156 U+306D 1116 2365 62 73 U+3051 850 1110 74 104 U+306A 252 441 73 88 U+3082 896 1856 42 76 U+3061 1474 1483 60 70 U+7F6E 1418 2416 80 147 U+304A 439 1677 98 87 U+3055 1482 1735 52 70 U+30C8 1262 2336 31 68 U+3092 1388 1376 65 84 U+304A 621 2205 97 90 U+3044 1274 2403 62 52 U+3089 1483 1255 41 72 U+3057 479 1041 24 147 U+306B 1402 1214 36 72 U+3089 63 1376 58 116 U+304B 848 1027 57 81 U+751F 1042 696 64 117 U+3068 62 784 57 85 U+306A 1476 1147 53 62 U+3093 265 1296 92 99 U+3075 1027 2189 98 76 U+304B 857 1574 53 55 U+30CB 646 1862 68 38 U+30F1 478 2273 62 46 U+3084 1393 1023 61 46 U+304C 652 2578 77 50 U+3088 273 1624 57 96 U+304F 1088 412 61 54 U+3092 1079 613 70 64 U+6D5C 623 2291 99 142 U+3057 797 1801 67 80 U+6240 636 1255 93 94 U+3088 541 1478 45 72 U+3055 822 2541 44 61 U+3082 1216 2559 37 60 U+30F1 1232 1120 80 61 U+3075 38 1487 93 76 U+355D 41 2443 100 146 U+304B 908 2541 46 51 U+304C 909 2344 66 45 U+30E8 862 546 39 57 U+30C4 1449 389 49 47 U+30F2 855 624 53 51 U+3044 1470 1025 56 55 U+53E3 845 851 65 75 U+307F 272 1111 46 88 U+308F 893 2056 48 79 U+306F 456 1761 60 105 U+3066 1397 1700 46 86 U+304C 1484 1209 60 47 U+306A 804 2012 62 62 U+3053 456 970 68 71 U+308B 1053 1884 56 72 U+3060 456 1367 79 97 U+3053 1400 1539 51 51 U+3055 643 873 54 85 U+898B 260 2181 94 135 U+306F 891 1931 56 54 U+306A 809 2371 55 59 U+3057 676 343 66 80 U+3059 1089 469 54 71 U+571F 1227 787 75 90 U+3066 1012 519 39 86 U+4E3B 1285 1211 69 66 U+3092 1472 1670 75 59 U+3055 260 1203 65 96 U+3086 799 2272 67 45 U+304B 275 1902 51 64 U+308B 815 2428 46 51 U+304E 595 458 77 81 U+3088 1239 435 41 84 U+3055 647 2433 56 77 U+3068 474 2108 48 91 U+307E 905 2399 49 77 U+30E4 848 674 64 69 U+304A 872 1797 85 62 U+3088 1131 2279 42 78 U+3058 829 2209 37 58 U+3092 797 2477 83 65 U+3089 1211 2505 37 57 U+85AC 1415 1906 88 148 U+3046 1402 1070 32 68 U+4E16 420 346 116 96 U+3057 277 527 22 131 U+305F 898 2482 54 56 U+307F 62 511 46 79 U+4E3B 701 1657 74 68 U+3075 586 347 72 68 U+307E 1204 2397 48 63 U+3046 1057 1530 43 83 U+3055 457 1948 63 89 U+4E00 1405 352 101 17 U+3057 477 651 19 110 U+3057 1417 1590 16 111 U+308A 1100 542 38 72 U+3066 681 424 51 96 U+706B 1472 1331 61 84 U+3089 901 2137 47 88 U+304F 798 1884 64 52 U+3046 816 2314 35 58 U+3088 464 854 50 114 U+3068 1206 2615 56 40 U+3057 1473 1808 81 85 U+304C 1294 2553 57 40 U+3089 1055 2073 60 118 U+3070 1484 1554 59 75 U+304F 1206 2464 46 37 U+3046 1484 1411 32 73 U+76C6 1031 1290 88 97 U+714E 1415 2171 93 148 U+308A 820 2073 37 64 U+309D 79 1940 40 64 U+3057 922 2284 13 67 U+3055 607 413 44 45 U+3089 1298 2593 25 50 U+30A2 1054 2426 52 50 U+30FD 1068 2481 20 27 U+309D 1299 2457 20 31 U+3057 1021 422 18 98 U+3075 797 2167 70 43 seg_fp 1035 1381 86 70 U+3053 1483 1626 41 45 seg_fp 55 1152 75 103,umgy001-030
U+90CE 1387 1613 48 74 U+6B21 1385 1543 52 61 U+4E39 1385 1473 53 69 seg_fp 302 794 30 54 seg_fp 354 858 26 40 seg_fp 305 871 31 40 seg_fp 350 788 29 55 seg_fp 360 905 25 37 seg_fp 265 807 22 59 seg_fp 293 692 64 70,umgy001-032
U+306A 1267 1538 74 85 U+306E 286 2301 75 65 U+307E 1072 873 71 109 U+30C8 107 2578 37 90 U+30C8 1474 1709 46 88 U+304B 492 1479 53 72 U+306B 1459 752 55 82 U+306E 1449 526 77 77 U+3044 472 1822 85 85 U+305F 59 376 104 97 U+79C1 836 842 116 137 U+3070 328 595 76 45 U+306E 870 2112 73 72 U+3082 330 765 51 83 U+3070 332 1549 79 49 U+306F 866 780 78 51 U+3092 872 979 69 106 U+3089 1102 2073 36 88 U+306B 1074 786 61 77 U+6DFB 61 690 105 133 U+3082 1088 2493 53 106 U+60B2 1044 1083 113 133 U+3092 1071 1622 86 91 U+305F 1453 1251 70 113 U+306A 86 2466 82 93 U+3075 273 2363 93 76 U+306F 1408 2008 73 52 U+3064 466 1905 93 71 U+3072 479 2419 76 90 U+304A 852 1585 106 91 U+30E8 1283 1636 44 51 U+306A 862 1829 84 94 U+8EAB 1427 379 100 149 U+3072 281 2528 90 92 U+306D 732 1911 77 76 U+3044 70 1716 74 67 U+306D 1132 2250 74 69 U+304A 843 388 113 99 U+308B 880 2023 58 75 U+5BC4 68 563 96 121 U+30C8 313 2430 40 88 U+3067 1065 970 92 104 U+5B09 633 2293 121 131 U+3089 1453 952 51 111 U+30E8 683 2609 48 51 U+3066 468 1738 83 87 U+306D 1440 1539 89 115 U+3066 1264 1305 73 83 U+3092 1297 498 76 89 U+3044 865 2613 79 63 U+3070 332 1351 84 45 U+30DB 85 1984 82 79 U+306D 478 2514 83 97 U+3050 68 1439 90 90 U+306B 674 587 52 74 U+3088 1318 1714 48 66 U+601D 849 1295 106 111 U+3072 658 2517 78 89 U+305D 655 392 80 98 U+306E 622 1043 56 56 U+3069 468 386 99 74 U+30E8 89 1794 50 49 U+3082 482 2102 60 89 U+3072 1216 396 68 78 U+3072 1067 1527 86 93 U+305B 1056 1819 92 95 U+5C45 464 2199 98 123 U+3093 865 674 93 100 U+3057 1441 1064 96 110 U+304C 1416 2605 71 62 U+3064 230 579 76 88 U+306E 1259 2418 76 89 U+308A 86 467 49 94 U+3044 317 490 74 66 U+3078 1425 1655 116 68 U+305F 71 1605 81 107 U+516B 708 1358 73 53 U+3066 866 1491 68 83 U+30C8 692 682 37 92 U+3066 272 2155 90 79 U+3042 702 1449 69 88 U+3059 238 926 64 82 U+3064 233 1302 72 103 U+3046 250 495 43 74 U+516B 1412 2543 73 48 U+3059 71 1340 80 97 U+306B 1266 1041 53 81 U+308C 286 1968 78 106 U+306D 531 1353 65 70 U+306D 136 911 76 77 U+3069 479 799 72 94 U+3032 340 960 56 108 U+4E3B 1312 735 86 79 U+308A 1312 637 43 63 U+306F 705 1411 65 37 U+4E3B 137 1857 82 75 U+3078 842 2246 117 76 U+4E3B 1119 395 75 64 U+3058 276 1869 115 107 U+898B 329 1157 69 94 U+3072 617 1098 68 74 U+3088 1152 2176 40 72 U+3046 474 1548 63 98 U+3075 644 489 95 89 U+3075 848 1191 95 83 U+5449 843 1681 112 143 U+3068 1502 2228 58 60 U+582A 55 2138 120 120 U+3075 1062 2592 94 77 U+3093 1258 1115 99 79 U+3075 453 459 95 77 U+3078 265 2237 107 63 U+307E 865 486 69 103 U+30BC 1263 1951 75 62 U+3064 1438 1176 92 61 U+3084 1243 2135 87 74 U+30F1 1254 2609 84 61 U+304B 1509 2045 44 52 U+304B 1086 2001 53 71 U+306A 1443 847 79 104 U+30A2 96 1046 56 74 U+306B 1511 2153 45 70 U+30A4 100 2060 45 72 U+3081 1065 636 72 88 U+305D 861 1099 71 93 U+304D 1223 473 49 82 U+3070 702 1151 72 46 U+3075 1428 1483 102 71 U+3053 1413 1945 59 62 U+898B 614 1672 79 81 U+601D 319 1417 83 84 U+305E 464 974 100 91 U+306D 1404 2446 73 92 U+308B 1079 1918 61 80 U+308B 1265 2324 57 74 U+305F 486 2328 62 79 U+307E 1259 2215 64 107 U+3089 1459 1369 67 119 U+3075 1403 2056 71 68 U+304D 698 846 71 76 U+306F 474 1183 77 57 U+3093 1251 948 100 85 U+306B 680 2201 49 85 U+304F 64 1250 96 86 U+305D 623 1387 51 67 U+306D 702 1278 70 82 U+305E 471 544 87 84 U+306D 1295 1780 76 75 U+3072 619 1455 60 59 U+30C4 90 1534 59 60 U+3055 867 1923 76 99 U+3075 453 894 99 76 U+8FC4 473 1993 75 112 U+5FCD 71 2262 102 114 U+601D 1055 1395 100 128 U+308A 256 1463 41 87 U+304D 234 827 60 91 U+3051 710 1594 60 69 U+3064 332 857 65 53 U+3064 850 1408 95 85 U+3088 720 1201 37 74 U+308C 326 1247 79 105 U+30C4 305 2082 61 75 U+304A 1396 1807 89 78 U+3042 1255 2027 85 111 U+304B 886 2459 52 72 U+3066 620 1747 69 61 U+308F 881 2525 50 81 U+308A 1506 2467 54 84 U+3088 159 844 36 66 U+3068 484 1074 64 100 U+3068 1503 1877 60 62 U+3093 621 964 66 71 U+3060 1261 2507 83 97 U+30CA 1269 1899 56 62 U+305B 1219 637 62 68 U+3078 1424 696 110 52 U+308A 641 1325 27 63 U+306F 858 583 70 98 U+3053 1504 1940 48 51 U+3057 1281 1200 27 112 U+624B 1073 502 71 136 U+3088 1422 2371 41 74 U+30C8 301 391 47 93 U+304F 337 909 33 73 U+3068 1314 566 37 72 U+306A 710 1660 51 70 U+3060 699 772 76 69 U+5449 1234 1393 110 141 U+3078 313 556 89 37 U+3078 602 1240 99 47 U+3078 317 1505 85 43 U+306E 1501 1990 62 56 U+305F 1508 2096 50 58 U+3080 1407 2220 77 67 U+3055 1074 1728 62 89 U+304D 1407 2292 57 80 U+304A 1486 1806 90 75 U+304B 1279 893 41 58 U+3078 1048 728 99 44 U+304C 249 1007 71 62 U+305F 239 1064 58 72 U+4E3B 518 682 80 52 U+771F 643 2023 114 159 U+3046 1467 605 44 92 U+7537 326 660 72 106 U+3088 1228 553 46 83 U+304B 255 1404 43 61 U+3078 460 2620 116 41 U+3057 505 1634 24 111 U+3069 699 1531 87 62 U+306B 626 883 40 80 U+304B 888 2183 47 68 U+3068 336 1067 50 81 U+3044 1060 1331 88 65 U+3088 548 1280 40 65 U+304F 716 1720 43 83 U+3068 1421 1881 39 65 U+3057 1091 1221 26 110 U+3056 621 1161 71 74 U+306A 1501 2546 65 74 U+305B 694 984 62 72 U+3064 278 2621 85 66 U+3046 245 1224 49 89 U+3092 603 1610 95 62 U+304C 1519 2420 52 48 U+624B 1301 391 57 109 U+304F 1505 2611 45 67 U+3088 755 1837 40 75 U+3057 113 2371 18 94 U+304F 236 669 59 66 U+30FD 1109 2438 23 44 U+3088 1522 2352 33 70 U+9854 600 1514 92 103 U+30EC 90 1189 64 46 U+3057 258 740 19 92 U+30A2 76 1130 66 65 U+306B 245 1138 55 92 seg_fp 934 2374 71 44 U+3057 680 2427 32 92 U+75C5 600 773 88 112 U+30A2 311 1764 59 60 U+3088 712 912 44 73 U+3088 640 1267 29 57 U+308C 696 1053 64 95 U+30F1 1089 2365 58 63 U+4E3B 383 1625 64 65 seg_fp 942 2332 60 47 U+30FD 319 1822 23 34 U+308A 1507 2289 47 79 seg_fp 532 646 59 40 U+308A 1419 2126 48 90,umgy001-036
U+306E 1176 2008 69 68 U+7B46 1163 1843 93 150 U+306E 206 486 63 60 U+97F3 1530 1701 120 150 U+4E2D 779 2447 87 116 U+4F4F 974 1566 98 123 U+6D41 189 1146 109 130 U+306E 1560 1859 69 69 U+3092 399 1853 77 101 U+4EBA 183 1874 103 107 U+604B 194 560 91 106 U+6068 375 594 115 124 U+308B 220 1781 48 88 U+306E 408 923 58 58 U+4E8C 585 672 100 54 U+3066 796 2099 57 114 U+3061 409 328 76 103 U+5999 1139 2095 137 108 U+304F 806 1723 45 101 U+3066 405 1472 56 105 U+3082 603 1931 51 87 U+3031 1576 2389 67 167 U+306E 796 2572 63 56 U+306E 202 1986 74 55 U+3044 989 1981 83 77 U+30DC 1574 2228 88 68 U+5012 1547 554 103 124 U+304D 785 2345 73 97 U+4E39 977 330 107 112 U+6D99 389 810 101 120 U+305F 787 759 98 107 U+6291 1149 2527 109 110 U+3089 1016 1855 31 109 U+9418 1543 2080 87 133 U+306F 997 993 68 54 U+306A 1172 2442 81 78 U+306E 1556 2022 67 65 U+6B32 186 756 102 118 U+305F 411 439 63 90 U+5973 1160 1072 118 85 U+306E 605 1345 63 74 U+6368 384 1351 113 121 U+6B21 982 441 97 93 U+306E 591 1852 79 80 U+5BD4 197 326 81 151 U+304C 1189 1769 73 67 U+3044 396 1961 84 76 U+6BCD 770 1524 116 94 U+306F 188 2346 92 60 U+306A 1166 2205 89 98 U+6577 593 1631 100 120 U+306B 1547 1400 89 70 U+610F 185 2037 113 147 U+6E05 1170 1501 102 154 U+3064 982 2060 91 70 U+5C0B 782 1831 87 137 U+3066 1175 572 82 72 U+9F63 1350 1142 115 129 U+304D 596 2169 63 97 U+308C 198 948 77 107 U+6A2A 1543 325 111 136 U+306E 1180 1166 71 65 U+7389 394 1000 98 95 U+7C73 988 780 84 122 U+306E 406 1094 63 58 U+6DF1 775 2229 101 116 U+77E5 184 2406 104 102 U+306F 1183 868 76 53 U+306D 778 1976 82 113 U+307B 791 1242 79 88 U+308C 207 1273 73 97 U+3053 201 885 73 62 U+5C3A 587 551 92 103 U+306E 203 684 70 78 U+89B3 1535 1481 118 131 U+306F 1181 1441 74 51 U+90F7 586 333 102 98 U+983C 769 1396 109 124 U+5730 186 2179 115 91 U+306E 605 853 60 67 U+7E01 575 2270 113 119 U+5C4B 988 1357 92 113 U+308C 1562 680 77 103 U+5DF3 1552 1937 84 75 U+8584 583 2024 96 155 U+304B 1005 2251 50 57 U+306E 796 1329 62 68 U+3053 407 1160 69 56 U+306D 788 412 88 107 U+8CA7 393 1577 89 157 U+82E6 389 1735 80 120 U+304B 802 334 57 76 U+308B 1573 1246 54 79 U+3092 799 650 73 95 U+5E8A 593 1423 99 120 U+5973 1154 1650 117 115 U+516B 980 910 100 77 U+308C 192 2559 88 64 U+6B64 1541 868 108 95 U+4E2D 1172 1230 77 106 U+697D 993 1254 77 101 U+306B 1561 458 85 84 U+305E 197 1055 91 94 U+3057 1020 2144 24 109 U+306B 615 1545 46 86 U+308B 415 529 51 67 U+75C5 578 1211 111 132 U+306A 1000 1687 69 92 U+306F 397 2125 81 54 U+304B 1569 1327 52 76 U+308B 1189 2304 53 78 U+4E5D 604 444 91 102 U+7834 577 936 108 115 U+9593 589 745 92 106 U+3042 206 1657 80 124 U+304D 1187 755 59 109 U+304B 1185 2380 56 64 U+4E16 1537 1620 106 80 U+306E 994 1183 73 70 U+90CE 999 537 75 143 U+3057 424 1215 24 144 U+3068 401 2037 74 85 U+306E 204 1380 68 71 U+8272 987 1062 79 120 U+304B 597 2524 49 47 U+3078 785 916 98 60 U+8FD1 1165 649 99 103 U+3082 612 1752 47 103 U+8A00 773 521 100 124 U+3068 586 2467 77 58 U+306B 197 1601 87 65 U+306F 1563 1142 66 104 U+306C 785 973 91 92 U+3057 823 1620 18 106 U+3068 401 2286 68 75 U+5951 980 2322 100 125 U+304D 1559 1039 67 101 U+3053 594 2584 67 51 U+9060 1168 325 113 150 U+307F 421 719 30 69 U+308B 1571 785 58 69 U+3055 794 1143 64 94 U+306B 1006 1471 52 86 U+3068 217 2262 55 78 U+304C 815 851 77 65 U+3058 422 2174 55 114 U+91CC 198 1475 86 122 U+3068 1558 963 74 78 U+304F 1197 464 50 103 U+30F2 1580 2314 45 46 U+304C 1003 1783 80 71 U+4E8C 1366 1026 100 58 U+7537 1182 941 78 119 U+8A93 381 2374 102 117 U+3068 1199 1333 58 101 U+3057 610 2382 23 90 U+3075 389 2536 75 88 U+3089 220 2498 33 67 U+3068 1005 674 47 90 U+30F3 1577 2361 54 56 U+7573 589 1056 80 123 U+7B2C 1372 784 89 168 U+3057 1010 2549 25 87 U+308A 988 2444 71 104 U+307F 807 1067 47 77 seg_fp 396 2449 68 78 seg_fp 621 1145 38 73,umgy001-037
U+4E39 1482 939 81 80 U+3067 1435 2197 83 115 U+3092 1435 1604 63 91 U+304C 1060 2475 78 67 U+306E 61 2205 68 65 U+3089 270 428 47 87 U+4F55 34 1266 100 126 U+52B4 439 477 76 123 U+4F55 1032 1793 100 123 U+4E39 1086 1663 85 76 U+304C 477 1719 77 68 U+3051 1411 357 94 95 U+306A 1441 2551 67 86 U+4F55 1029 1997 105 114 U+304C 1235 469 75 61 U+30B5 279 1554 72 73 U+306F 631 784 68 44 U+306D 1023 358 86 90 U+305D 846 2538 80 72 U+304B 262 351 49 78 U+3073 1028 539 109 91 U+3082 270 2149 52 99 U+3066 256 1046 68 85 U+30C8 1055 450 42 83 U+4F55 437 1807 112 111 U+3068 631 360 70 67 U+304A 620 580 96 69 U+7C73 1417 1079 105 124 U+3066 51 475 45 119 U+3059 259 1463 83 93 U+3092 851 1226 64 102 U+3051 41 887 84 105 U+3031 1238 710 67 181 U+5C11 55 2493 82 89 U+5206 271 1759 76 107 U+3089 470 2230 62 104 U+3092 40 2412 100 70 U+3082 1056 2187 56 90 U+4E39 905 2123 87 77 U+3067 262 2376 72 72 U+4ED8 40 364 79 112 U+3059 1212 889 88 96 U+306E 641 2175 72 64 U+306D 840 1531 84 101 U+306E 1435 1386 59 58 U+5FC3 229 644 107 86 U+306B 658 2585 50 66 U+9577 613 651 99 125 U+516B 1415 1218 110 70 U+30C8 1077 2569 38 87 U+3092 1046 1219 66 101 U+3072 246 854 73 91 U+3069 1239 551 73 88 U+30A2 655 446 48 63 U+306F 55 2598 65 42 U+885B 453 1443 92 105 U+308C 43 990 78 106 U+3090 39 598 78 99 U+307E 61 1872 62 104 U+5074 246 2251 103 118 U+305D 1433 1296 74 89 U+3075 1219 2199 100 81 U+7336 230 534 109 116 U+305D 448 945 73 93 U+3053 57 2276 74 67 U+304A 631 1561 97 76 U+3092 271 2573 74 79 U+3092 39 1392 92 88 U+3057 839 1333 87 96 U+3066 1027 975 72 78 U+3090 260 1137 79 92 U+3060 470 2595 76 70 U+304A 38 1791 95 85 U+8336 1428 1711 85 148 U+305D 849 2237 77 85 U+30B5 1059 1909 67 81 U+9B3C 444 1221 99 133 U+3059 39 781 87 95 U+306B 453 1145 73 65 U+5B50 639 2249 85 103 U+3082 53 1184 54 83 U+307E 42 698 63 84 U+3067 1048 2107 93 83 U+3044 48 1497 84 72 U+308B 1061 1555 45 83 U+3093 462 1635 84 74 U+3078 1421 1981 104 61 U+3064 1031 629 76 62 U+305D 461 2476 63 69 U+306D 896 700 67 65 U+305D 1234 2109 81 91 U+30C8 873 1689 36 65 U+3053 882 472 58 48 U+308A 1430 442 57 104 U+306D 1055 2280 79 111 U+3093 53 2120 86 81 U+304D 270 2063 66 96 U+3084 244 1304 98 77 U+6301 1019 1325 108 105 U+304F 1028 695 84 81 U+9577 637 1636 99 121 U+304B 1393 561 45 49 U+308C 455 1033 65 108 U+968F 254 1647 101 110 U+6765 1046 1431 84 118 U+306D 707 1437 64 56 U+3069 477 1554 75 84 U+3042 638 2074 83 100 U+6C17 270 2445 102 127 U+3044 1422 2123 88 74 U+3082 59 1707 51 91 U+355D 832 1079 95 144 U+3075 619 929 87 68 U+3053 821 1782 54 48 U+307B 1391 608 62 58 U+30E4 1236 2039 82 68 U+304B 1249 1044 41 75 U+3044 452 2421 77 57 U+304A 451 1982 86 82 U+3084 841 2414 83 68 U+3088 723 1366 34 71 U+3064 1424 2050 87 73 U+3089 1248 1117 39 94 U+3064 896 2029 62 52 U+80F8 1218 353 97 115 U+305F 649 1105 53 84 U+304D 1231 636 70 94 U+3088 1319 1775 40 69 U+30CE 641 509 55 58 U+306B 911 1967 39 64 U+304F 1424 2342 93 88 U+3082 650 2350 52 76 U+3057 666 1002 21 108 U+308F 271 1872 43 96 U+3075 450 2544 79 63 U+3075 809 2031 74 57 U+304B 478 1911 38 58 U+306D 1280 1287 70 73 U+3093 648 1846 88 84 U+3088 1298 1218 34 68 U+3089 827 1958 48 71 U+30A2 857 2483 60 57 U+3061 265 1971 72 98 U+305F 853 1432 62 90 U+308F 800 352 39 75 U+3044 832 1006 98 77 U+85AC 1416 1457 86 143 U+3057 442 603 86 91 U+7897 1412 1858 114 127 U+3055 1287 1451 51 66 U+3081 1392 826 56 58 U+3078 1222 2345 111 65 U+30F1 646 2004 80 55 U+308A 883 521 45 73 U+308F 846 810 57 83 U+3078 825 1634 113 64 U+3069 641 840 83 88 U+306D 1303 1845 66 79 U+304B 1248 2281 54 67 U+516B 1289 1357 76 55 U+3065 235 722 109 77 U+308F 823 1888 41 68 U+308A 826 1828 38 66 U+3057 279 956 22 98 U+3093 1430 2428 95 109 U+30E8 465 886 50 44 U+3075 836 2604 93 59 U+3069 61 1097 67 86 U+308B 269 1227 53 79 U+3067 1282 1680 58 71 U+304B 668 1935 44 69 U+3075 631 1267 85 75 U+3064 877 422 63 50 U+306F 1287 1415 59 42 U+306F 1475 850 50 39 U+306F 62 2019 60 105 U+82E6 437 353 81 119 U+308C 899 1823 64 85 U+3078 43 1979 95 48 U+85AC 1032 1067 85 148 U+3057 1387 721 67 63 U+30F2 1262 1985 49 64 U+5BD4 641 2429 87 141 U+3075 781 511 72 52 U+306B 64 1640 50 69 U+4E39 1457 644 83 74 U+7537 1199 1220 60 92 U+306E 647 1205 65 62 U+6B21 1470 718 62 61 U+3082 901 1907 49 62 U+3053 905 1781 46 46 U+305B 1221 2506 99 76 U+3046 1233 2584 64 70 U+4E3B 1472 562 61 75 U+3088 914 616 43 81 U+3068 50 2345 71 63 U+308B 1241 979 49 65 U+3059 443 786 73 94 U+3078 1034 2397 109 60 U+306B 881 356 45 65 U+3075 35 1567 89 74 U+3092 1386 668 61 54 U+3046 266 1379 50 104 U+90CE 1487 782 43 62 U+5175 461 1352 56 94 U+306A 1203 1591 56 51 U+306E 1198 1314 56 54 U+3089 1213 1679 36 64 U+3055 661 1754 62 96 U+3089 803 431 51 79 U+304C 1219 1637 56 43 U+304B 1404 783 38 42 U+9AEA 1176 1357 92 88 U+307E 445 698 71 79 U+3057 489 2101 38 122 U+304B 259 797 49 65 U+308A 1038 775 62 94 U+308A 861 2323 54 65 U+304B 488 2060 45 53 U+3057 1065 873 20 105 U+3057 1307 1517 17 75 U+3092 1194 1439 70 52 U+3057 479 2332 27 90 U+308A 836 892 72 109 U+3069 1246 2391 104 60 U+3068 1205 1489 57 45 U+3057 1199 1526 54 62 U+3050 1282 1592 66 56 seg_fp 872 2367 30 52 U+3075 1228 2448 102 64,umgy001-038
U+304C 212 373 82 58 U+306F 1333 1726 68 46 U+30C8 1408 1630 43 81 U+306A 610 2311 71 86 U+4E39 1413 866 91 64 U+79C1 1531 1401 115 123 U+3078 583 945 119 54 U+306A 1380 1537 73 85 U+5449 199 1464 84 125 U+3066 211 1340 45 106 U+306A 203 612 68 89 U+304C 1584 1532 66 66 U+30C8 628 2455 47 62 U+304C 814 2297 69 72 U+3044 1368 1329 82 81 U+3064 593 1126 87 110 U+3089 1577 1295 44 101 U+3093 1552 1086 118 103 U+307B 1184 1116 77 85 U+3092 603 1672 83 126 U+308F 1575 1616 54 92 U+3042 1569 358 67 88 U+5B85 595 821 89 109 U+3064 210 1678 76 71 U+6848 579 368 110 138 U+306A 781 361 90 114 U+304A 1563 2559 93 78 U+304C 800 950 68 76 U+306A 1389 531 63 69 U+304F 1375 364 71 75 U+306E 219 2438 60 56 U+3044 446 755 63 51 U+306B 613 2021 72 51 U+6700 783 1031 82 144 U+3044 1375 708 75 60 U+3059 782 796 81 85 U+3053 800 2385 79 70 U+305B 1546 664 82 85 U+7336 189 2309 104 128 U+306D 447 686 76 71 U+3093 1183 1196 107 73 U+3084 204 1862 79 74 U+6577 599 1558 87 127 U+304B 619 994 50 76 U+304A 396 2368 93 73 U+5FCD 788 666 85 106 U+8A00 188 1207 99 131 U+308B 809 876 46 75 U+306A 1573 1182 65 114 U+3082 1382 1218 66 103 U+306A 455 1168 63 65 U+582A 761 555 120 108 U+305D 196 451 68 87 U+306D 1243 806 70 59 U+3089 808 1986 57 108 U+3093 1556 746 100 90 U+4E39 1083 2474 73 69 U+30B5 1196 1032 68 71 U+306B 194 702 75 78 U+304B 815 1909 49 79 U+4E39 1037 2241 85 76 U+3084 178 795 100 82 U+305D 1559 994 73 95 U+3044 446 940 67 55 U+3055 1382 612 62 90 U+308D 795 1726 79 97 U+3092 801 2563 97 86 U+304B 376 368 46 52 U+3082 1437 1978 37 76 U+3089 809 471 36 86 U+306B 457 555 61 56 U+305D 1341 2430 55 66 U+306D 478 1809 72 66 U+3044 1424 1721 59 56 U+3044 993 1669 75 78 U+30CA 1385 770 63 71 U+30E2 426 1936 52 49 U+304A 1331 2120 73 46 U+3044 1178 1914 85 81 U+3055 212 1595 66 79 U+306F 1051 2413 54 45 U+3067 1366 1149 106 73 U+304B 1585 849 43 74 U+306B 962 1926 63 61 U+3080 438 617 84 73 U+304B 1203 2001 47 69 U+308A 372 771 43 63 U+3075 1366 1063 82 70 U+308C 1334 2211 63 85 U+3069 1379 992 101 67 U+3081 611 2222 70 92 U+305F 613 1228 60 81 U+305D 1002 2526 68 75 U+3093 185 535 131 70 U+306A 797 1455 76 88 U+3057 241 1763 20 104 U+308F 1191 1704 59 90 U+304F 211 1090 42 106 U+6B21 1046 2315 62 57 U+3089 630 1311 34 99 U+3044 1549 1835 77 66 U+307E 1562 566 58 101 U+304B 1584 1911 48 74 U+305F 365 716 62 55 U+5927 601 1797 82 87 U+4E8B 618 1883 51 114 U+3057 573 2518 66 64 U+5FCD 1182 2557 79 87 U+3068 455 1288 60 60 U+308F 457 990 48 76 U+3057 984 360 84 100 U+306A 1148 362 54 69 U+3075 783 1818 103 85 U+306F 369 1063 55 34 U+30A2 1205 928 54 63 U+3093 410 2589 122 70 U+304D 364 977 55 86 U+3044 1337 2381 60 50 U+82E5 415 2064 66 131 U+3058 619 505 52 123 U+3070 457 475 68 75 U+79C1 1161 1512 103 110 U+3066 1425 1910 55 66 U+304C 460 1347 68 53 U+3084 663 2522 65 54 U+308B 233 1935 38 83 U+307B 371 1105 68 67 U+3066 998 1158 63 70 U+3066 995 461 50 112 U+3053 455 1237 60 51 U+3042 1346 2304 56 74 U+3064 450 805 64 54 U+52E4 596 2096 98 128 U+3053 215 2518 58 65 U+307E 223 2114 60 96 U+308A 1438 2178 35 66 U+30E8 636 2402 44 43 U+308F 1391 1452 41 84 U+306B 599 720 81 82 U+3072 967 2411 64 62 U+3088 1262 736 37 67 U+308C 367 1169 56 75 U+3089 1597 1985 24 97 U+3055 201 874 62 90 U+305F 209 2213 72 83 U+3092 1425 2380 65 49 U+306F 1429 1779 55 51 U+5EA7 594 1428 88 139 U+3060 802 1622 75 89 U+306A 998 1754 69 75 U+304A 771 1183 112 83 U+307F 1426 2435 77 69 U+304F 812 1352 48 89 U+304B 1236 564 42 50 U+306F 410 2514 69 81 U+3068 1344 1772 45 69 U+3078 1547 922 100 62 U+306A 1008 1478 73 81 U+305F 369 1246 55 60 U+3068 459 419 54 57 U+308C 1428 2289 47 87 U+76F4 996 937 74 124 U+3088 500 1741 40 64 U+3066 1572 2465 73 85 U+3065 447 1065 87 55 U+3069 368 1298 80 57 U+306F 447 859 57 76 U+306A 364 611 62 65 U+582A 1164 2439 106 108 U+308C 800 2184 68 111 U+5FCD 1577 2234 73 102 U+304D 568 2583 70 72 U+304A 792 2099 91 83 U+3093 986 2597 114 52 U+3055 1225 360 56 74 U+304C 1345 2067 66 51 U+3053 454 372 57 45 U+306E 376 1459 51 49 U+3068 1427 2053 58 63 U+90A3 395 2276 89 85 U+308A 1183 1796 73 115 U+3031 1067 2036 45 104 U+3057 228 975 25 115 U+3093 1368 440 104 91 U+304B 1345 2162 49 53 U+3078 581 1073 107 52 U+5ACC 957 719 114 101 U+307F 1155 432 33 70 U+308B 1063 2193 39 49 U+308C 1423 1832 57 82 seg_fp 1341 2007 63 65 U+304F 377 550 40 60 U+3092 1003 821 72 100 U+3064 959 1991 65 54 U+3053 1436 2245 49 48 U+304B 460 1119 40 50 U+304C 1194 1621 71 60 U+304A 1038 1916 81 55 U+30EC 1208 987 73 41 U+3089 1212 2069 34 96 U+3064 366 671 60 47 U+305E 1171 2352 99 89 U+582A 1545 2118 101 114 U+3059 1044 2124 59 71 U+3075 1180 2282 72 64 U+3055 667 2578 54 69 U+3065 1336 2488 93 55 U+3069 1194 2182 86 97 U+304B 1344 1841 43 61 U+65E6 400 2196 84 88 U+30A6 427 1991 50 69 U+308C 1226 432 59 82 U+3089 978 2343 47 73 U+3068 1196 1270 50 85 U+3032 466 1534 59 79 U+6A5F 964 580 120 149 U+3093 1227 512 54 48 U+3088 1439 2120 31 58 U+3068 223 2021 43 80 U+306B 1197 1429 48 69 U+3068 220 2584 50 70 seg_fp 1336 1948 56 64 U+308B 804 1544 57 74 U+3082 1336 2599 45 63 U+3068 453 1610 48 70 U+306A 365 421 67 63 U+308A 1577 444 50 112 U+3060 1138 501 72 70 U+3046 372 1355 45 67 U+307E 418 2440 58 74 U+3068 1232 617 52 76 U+3075 1142 1355 116 81 U+304F 1347 1896 36 51 U+3057 448 1397 65 87 U+3057 1591 2346 25 116 U+5449 981 1402 95 77 U+308D 1059 1987 46 61 U+3050 1151 569 62 62 U+305A 598 628 94 96 U+308A 1566 1710 59 120 U+3055 1002 1576 65 89 U+307F 467 1488 42 55 U+3068 974 2176 47 67 U+4E5F 366 1664 70 36 U+305D 790 1279 73 79 U+3057 1452 2499 16 73 U+5B09 328 825 100 95 U+307F 1159 631 32 62 U+7537 1423 2565 69 90 U+90CE 1063 2371 45 44 U+4E2D 363 1590 71 70 U+304A 979 1245 88 97 U+3057 1025 1066 13 91 U+3068 818 2455 54 103 U+309D 1400 1406 26 40 U+3057 393 483 14 66 seg_fp 388 916 14 67 U+604B 367 1510 63 59 seg_fp 1008 1339 51 62 U+308A 983 2091 35 76 U+308F 971 2250 43 64 U+304B 1352 2536 41 44 U+30C8 1023 1829 48 67 seg_fp 1373 2559 18 77,umgy001-041
U+4E39 878 377 75 66 U+3031 1400 1126 60 127 U+306F 1188 1546 76 59 U+304C 429 2620 63 55 U+3082 238 767 48 113 U+3092 411 1659 82 71 U+3092 613 1065 89 73 U+3082 822 1896 50 106 U+3042 809 1676 72 124 U+77E5 1176 2570 100 102 U+6298 205 1485 93 136 U+4E39 669 2402 74 72 U+3082 1586 1932 53 98 U+3044 1385 1880 78 81 U+604B 1186 1830 85 129 U+601D 618 1154 86 95 U+307E 220 586 65 87 U+3042 1583 741 59 107 U+3044 1009 1000 74 80 U+5B9F 1193 1612 76 135 U+904E 1575 1716 78 101 U+3072 619 1255 74 83 U+308B 827 1800 37 84 U+304A 802 499 92 58 U+305A 1183 2127 104 109 U+604B 1573 2043 80 125 U+3059 216 669 80 104 U+306B 1189 1745 78 76 U+305A 411 909 104 105 U+3042 223 379 75 98 U+3084 616 1638 68 73 U+3057 417 1739 79 97 U+9593 807 1497 85 119 U+306A 1396 599 66 100 U+3057 1191 1968 81 88 U+3072 803 661 78 94 U+3093 1580 940 85 103 U+623F 1367 2409 93 116 U+306B 1409 1247 41 64 U+7AEF 205 1370 107 115 U+3060 626 1935 72 80 U+3070 427 377 65 95 U+7740 217 1031 81 121 U+6240 800 949 86 114 U+4EBA 1000 805 93 97 U+3082 1212 662 49 95 U+306A 1392 991 68 90 U+9577 605 571 99 126 U+3079 1001 1139 96 60 U+306E 809 2001 70 71 U+304F 1208 1232 45 95 U+4ED6 1379 1321 91 108 U+963F 1370 2313 97 109 U+5EA6 412 1530 86 118 U+3082 1189 2479 61 85 U+652F 419 1416 81 111 U+308A 435 526 47 89 U+306F 217 2024 82 61 U+306B 1579 2583 64 68 U+304F 1391 2202 45 91 U+898B 1390 1616 69 117 U+306B 1394 1518 65 88 U+3070 231 1626 67 118 U+51FA 807 768 89 83 U+30A2 624 1727 65 70 U+9E7F 1186 877 101 108 U+304F 423 2541 42 79 U+4F55 400 2174 97 105 U+304B 1585 1448 50 66 U+30A2 222 2517 65 61 U+3072 1579 1626 70 86 U+306F 1396 1814 60 43 U+51FA 618 1354 91 76 U+3082 422 1090 59 95 U+308C 217 2264 63 101 U+30CD 242 2084 56 71 U+3084 213 2432 79 70 U+306D 1391 802 71 102 U+3070 1398 908 76 62 U+5E30 404 1209 102 111 U+308C 1185 2387 72 91 U+3075 1182 1454 83 76 U+3082 825 557 44 102 U+3066 415 743 66 76 U+3053 1587 595 53 61 U+8A00 409 625 87 116 U+5E7E 1577 1169 71 137 U+3090 424 825 67 101 U+652F 412 2349 80 109 U+308C 814 1325 59 103 U+54C0 1189 2247 73 142 U+306E 629 859 56 56 U+601D 1570 1525 85 98 U+305D 803 2356 67 95 U+306D 476 2058 55 59 U+7B11 1188 1344 86 115 U+306E 225 880 66 79 U+3059 816 850 60 97 U+5EA6 1571 1307 67 130 U+306C 1007 716 81 85 U+7656 1550 2246 102 136 U+305F 418 2452 54 87 U+308A 233 1810 53 103 U+3060 224 1918 89 101 U+306E 679 2303 44 56 U+308A 225 473 57 113 U+3092 217 1276 82 84 U+304C 823 1609 61 56 U+306D 873 2226 67 68 U+304A 614 511 91 67 U+6700 213 2577 89 114 U+305D 214 2163 58 103 U+76EE 1397 1423 57 95 U+308F 825 1143 45 84 U+30E8 644 2020 38 41 U+5426 618 1801 72 133 U+3093 626 780 79 74 U+306E 422 2278 59 67 U+304F 1202 597 71 66 U+3088 498 1997 31 61 U+304B 1591 1031 40 80 U+3061 625 1546 65 104 U+5176 1556 2386 95 110 U+306E 1584 2169 52 71 U+3089 1399 2529 49 76 U+99AC 1209 766 58 108 U+30C8 645 2077 28 61 U+308B 448 1324 32 78 U+308B 580 2324 38 42 U+3066 1397 1725 51 82 U+308B 825 1426 45 63 U+306A 418 1840 65 77 U+3055 631 704 58 76 U+3068 625 991 58 69 U+3059 812 1229 65 95 U+3053 625 920 61 66 U+9854 564 2147 67 85 U+7269 206 1160 101 113 U+3092 565 2231 64 44 U+3057 1412 2088 16 116 U+3058 243 2363 50 80 U+3068 1396 1963 59 65 U+3075 1002 1077 84 66 U+8EAB 1580 2494 56 85 U+3088 894 2145 29 78 U+304B 439 473 37 54 U+304B 823 2070 45 54 U+3082 815 2605 53 76 U+3089 1605 849 27 90 U+3057 1607 1821 16 110 U+308C 802 2447 69 111 U+304B 823 1065 38 52 U+3089 1414 698 33 106 U+3068 1594 659 31 79 U+304B 626 2618 50 59 U+307F 583 2279 30 48 U+3068 1021 900 44 90 U+3057 1378 2556 86 96 U+304B 241 1744 42 68 U+3068 1580 1107 51 59 U+3089 1024 601 55 113 U+3057 1036 1185 16 139 U+30CE 636 436 61 55 U+3070 623 2513 62 104 U+304B 1402 1080 40 57 U+3068 432 1009 46 81 U+3089 1203 2057 47 82 U+3057 654 1427 13 111 U+3057 1229 1131 15 104 U+304B 236 958 43 55 U+304A 666 2151 75 59 U+309E 1406 2031 49 40 U+3089 1212 1004 58 114 U+3053 681 2263 40 41 U+3067 812 2560 78 55 U+309D 437 1914 37 61 seg_fp 654 411 34 29,umgy001-043
U+3082 684 387 46 94 U+7C73 86 2195 74 116 U+3082 881 461 54 92 U+4E39 150 2071 80 70 U+3092 1264 1793 69 91 U+3092 100 1496 68 107 U+7BC0 300 1619 82 156 U+5F8C 475 592 92 131 U+3082 1283 579 44 108 U+6CD5 864 2566 80 100 U+3082 499 753 51 86 U+4E39 729 1529 83 71 U+6CD5 80 382 96 125 U+3066 1258 1590 66 75 U+3066 1257 2150 72 73 U+3069 300 1260 93 65 U+3086 86 991 83 84 U+8EAB 80 1368 77 128 U+3058 901 1239 41 117 U+662F 1085 389 75 110 U+3059 1072 1291 76 93 U+307E 98 695 56 95 U+306D 283 2396 84 101 U+3082 100 1962 59 93 U+4F7F 1250 1681 90 114 U+975E 1073 513 87 96 U+306A 674 2087 72 79 U+3067 864 389 96 74 U+306A 1266 488 69 79 U+3092 675 2329 69 107 U+4F55 1439 377 99 103 U+4E0D 1442 2418 87 119 U+306A 1263 2441 68 78 U+306A 488 2339 73 79 U+5FC3 282 2143 103 79 U+3042 1268 811 76 117 U+5FA1 872 1548 85 84 U+3084 1075 890 64 71 U+6765 671 2580 82 91 U+7C89 76 1612 105 109 U+3069 1269 1243 98 86 U+3082 104 504 47 101 U+80F8 850 2371 106 123 U+306F 1462 689 66 53 U+306B 872 1463 72 79 U+304B 1092 1668 39 79 U+884C 478 1103 91 133 U+81EA 1436 2529 74 145 U+3058 295 1777 100 99 U+307E 1454 1837 61 108 U+307E 1459 2239 44 89 U+3066 495 482 48 105 U+30A2 1079 973 61 74 U+6765 1448 2032 79 129 U+3066 305 2055 63 77 U+3064 294 1951 78 105 U+3089 1088 1747 40 111 U+4F4F 1064 1054 91 108 U+3093 288 930 94 94 U+304A 1246 2227 100 85 U+6642 284 1504 109 125 U+306A 491 1594 77 83 U+696D 657 2175 102 152 U+3082 498 1015 51 89 U+3044 78 2514 84 82 U+3072 720 1087 55 71 U+3058 314 610 41 139 U+5728 865 1633 90 101 U+3067 1439 2332 78 82 U+3078 1064 1228 107 74 U+79C1 1429 1653 95 114 U+3081 671 1843 73 77 U+3044 1253 2602 81 48 U+3089 1282 1136 42 105 U+307E 1462 998 54 111 U+5449 1243 2313 100 128 U+3089 890 964 51 116 U+516B 74 2327 95 69 U+6765 872 651 81 135 U+3093 94 898 76 80 U+3084 83 2391 77 88 U+3089 114 1263 39 100 U+51FA 870 567 97 84 U+3057 484 376 78 101 U+3066 489 1994 69 85 U+3042 678 483 76 107 U+7528 1451 567 83 121 U+3082 298 2307 50 91 U+3064 666 1921 76 76 U+306A 301 758 60 94 U+3091 88 1077 83 89 U+3092 479 1800 100 82 U+306F 92 797 59 105 U+304B 1477 1287 47 73 U+5FC3 1069 1471 100 96 U+307E 684 1647 54 103 U+305F 674 1996 61 87 U+7531 1261 379 84 107 U+306A 880 1741 63 99 U+305B 290 1870 87 78 U+3078 471 1350 116 75 U+3044 716 1039 58 50 U+304B 895 889 44 79 U+60AA 284 2543 94 113 U+308B 1084 1381 53 74 U+524D 472 842 95 132 U+3042 1462 761 69 109 U+3042 296 460 67 103 U+3059 672 771 73 100 U+5C11 871 2086 89 96 U+308B 1474 2158 33 77 U+3075 287 1332 90 81 U+3093 1459 1198 82 70 U+304A 282 386 91 75 U+304A 78 620 97 75 U+3082 1472 479 45 85 U+3082 305 1403 50 102 U+306A 1267 1029 71 108 U+3055 1267 2512 55 86 U+4ED5 656 2433 92 89 U+3066 90 1886 67 82 U+3044 640 1041 56 51 U+306A 724 1156 52 66 U+305D 1075 1878 70 93 U+3089 730 1272 30 77 U+306B 866 2489 76 70 U+304F 487 2088 76 79 U+308B 899 790 36 89 U+308F 1090 624 41 86 U+307E 685 672 62 97 U+307E 1085 2310 49 115 U+3078 277 2498 110 59 U+304C 1462 1771 62 55 U+306D 481 1237 86 103 U+304C 1278 746 70 60 U+3068 1080 2225 59 73 U+30C8 700 951 27 66 U+3044 868 1937 88 83 U+308C 483 2171 76 106 U+304D 1078 793 64 95 U+306F 869 2309 82 63 U+305B 1451 1109 79 87 U+3060 1083 1569 80 82 U+3078 1452 1362 103 66 U+306A 1075 2053 69 90 U+305F 641 1272 47 50 U+3093 290 552 88 74 U+306A 95 1168 64 93 U+306E 1279 685 59 64 U+30E8 698 883 42 52 U+3088 514 1413 44 84 U+305F 1455 1946 62 76 U+306B 111 1729 37 77 U+306B 310 2225 46 81 U+3078 475 717 97 36 U+305F 1085 2425 59 89 U+308B 498 2275 51 61 U+306A 298 1027 81 91 U+305F 678 1758 58 73 U+3088 1285 1902 40 93 U+30CA 500 2529 54 66 U+3069 1087 2519 70 84 U+3061 1085 715 58 78 U+308A 1459 875 59 115 U+3053 1266 1997 62 60 U+308A 694 588 41 86 U+3088 596 2457 27 66 U+30E8 501 2421 43 47 U+308B 642 1441 45 52 U+3051 639 1381 52 64 U+304B 1096 1164 40 71 U+3075 1065 2603 79 68 U+3092 638 1174 63 57 U+51FA 669 2519 88 71 U+3057 1284 2055 18 99 U+3057 516 1885 23 109 U+3075 1065 1970 91 79 U+30B5 499 2625 65 43 U+3064 634 1328 58 52 U+3075 1251 1330 89 86 U+3078 475 980 100 37 U+304C 731 1218 54 54 U+30A2 1481 1441 51 63 U+308B 1290 929 36 95 U+306D 580 2529 61 52 U+30E8 899 2033 39 47 U+3057 1284 1479 22 110 U+3055 300 849 53 83 U+3053 725 1430 48 53 U+304B 654 1233 34 42 U+3055 880 1844 60 85 U+305D 717 1352 53 75 U+308B 1087 2142 51 79 U+6848 849 1090 118 129 U+305A 878 1368 83 94 U+30E8 1294 2640 32 34 U+30CB 497 2595 57 25 U+30CD 1482 1573 51 71 U+3075 477 1496 86 95 U+30CE 1469 1520 51 37 U+3089 651 1092 39 81 U+3057 125 1802 21 87 U+304B 1280 1414 40 56 U+3057 885 2183 41 119 U+309D 107 2587 35 68 U+3088 314 1168 37 61 seg_fp 317 1113 48 57 seg_fp 878 1174 68 58,umgy001-044
U+306E 986 384 71 70 U+8EAB 983 454 73 143 U+306B 984 608 78 75 U+3064 191 1681 96 77 U+6642 978 1555 98 129 U+304B 800 617 47 75 U+4E39 1429 2339 84 67 U+306B 1558 1043 61 83 U+79C1 370 377 99 115 U+96E3 1541 1137 103 121 U+304C 797 378 75 73 U+3044 792 2316 78 63 U+3089 1394 1026 41 95 U+3082 201 523 55 88 U+3064 983 1347 91 118 U+8EAB 195 984 67 135 U+306E 192 1571 104 99 U+3066 806 1560 50 106 U+306A 1173 379 79 92 U+4EBA 171 799 114 115 U+52D5 172 2149 114 126 U+3061 998 2431 84 84 U+308B 1194 1154 47 96 U+30A2 1383 567 55 72 U+306F 799 2600 65 45 U+3059 1158 702 94 93 U+306D 664 2426 70 72 U+3089 219 1857 46 108 U+3068 197 1202 74 69 U+3082 990 1154 62 90 U+3082 407 2464 53 80 U+306A 986 837 78 84 U+3064 190 1274 80 107 U+304B 1387 944 52 81 U+3064 774 1459 93 110 U+3057 198 2437 88 98 U+306D 774 455 79 114 U+3070 558 1455 78 42 U+306F 1000 1687 66 52 U+3044 197 2072 85 72 U+306A 1181 1946 77 76 U+306E 404 1148 70 75 U+3078 769 566 105 67 U+3046 1395 2252 42 92 U+305F 996 1460 68 91 U+3064 387 2275 87 121 U+308B 816 1827 42 91 U+3066 1368 1738 70 82 U+3084 196 2529 84 71 U+3084 1361 475 82 88 U+3089 423 1907 45 94 U+306B 202 1118 61 84 U+306F 205 2379 70 62 U+3079 1161 793 97 73 U+3066 389 2395 85 71 U+3072 793 2147 88 88 U+308B 1580 1688 40 82 U+3066 202 1381 66 77 U+3064 1560 2544 75 103 U+304B 416 1824 45 83 U+3059 396 1435 83 101 U+306B 1390 1524 50 87 U+9B3C 1371 1387 85 137 U+3044 1364 873 80 64 U+3089 1016 2566 48 84 U+5C45 785 2481 93 106 U+3092 1382 1294 65 84 U+3067 985 1077 87 82 U+6C17 1368 1146 99 144 U+3067 1174 546 85 71 U+304A 373 747 107 82 U+3042 995 1251 79 109 U+3053 989 924 64 74 U+306E 184 610 81 93 U+3044 545 723 69 55 U+51FA 1166 1060 100 92 U+3089 814 691 38 89 U+307E 1561 744 59 103 U+3078 583 2054 114 66 U+3044 181 376 85 70 U+3088 684 2367 40 58 U+3092 1174 2184 93 81 U+306F 406 2606 72 51 U+672B 184 1457 96 121 U+5449 774 1689 104 138 U+3082 1181 612 57 84 U+305B 1374 2159 72 92 U+3044 542 837 74 50 U+3067 1559 514 82 76 U+306A 208 1980 70 88 U+304A 1544 667 94 80 U+308D 650 531 53 56 U+3051 1557 1584 77 107 U+3057 594 1866 89 84 U+80F4 788 2382 97 104 U+3060 406 1726 71 91 U+3089 1018 2262 41 97 U+3069 800 810 77 82 U+304F 1175 946 56 107 U+3066 1179 2379 73 89 U+7FA9 1567 1255 64 130 U+5C45 186 2271 92 106 U+306D 590 1952 84 100 U+3092 1558 1375 70 111 U+306A 1183 1262 66 109 U+304C 613 2115 70 61 U+3066 385 658 74 80 U+3044 645 1345 64 53 U+70BA 390 1220 88 121 U+306B 409 1350 61 85 U+3031 1013 1932 61 183 U+307E 211 1759 64 100 U+3057 1395 1607 32 133 U+3060 400 500 73 79 U+3093 396 1043 88 104 U+3042 653 1080 58 67 U+308B 410 1532 53 83 U+3069 409 2021 81 85 U+3044 589 2175 94 75 U+3044 992 2190 84 73 U+3093 987 758 102 78 U+3089 1201 1372 43 102 U+3064 398 581 63 69 U+624B 1188 2463 68 93 U+3093 1554 953 76 91 U+3075 544 777 73 56 U+3088 1186 854 53 103 U+3092 779 1263 94 78 U+307E 1370 2045 69 114 U+304A 772 1065 103 79 U+3066 641 905 67 63 U+3068 404 2548 68 59 U+601D 779 1355 102 104 U+305C 641 964 97 61 U+304B 1574 587 42 72 U+3061 640 376 65 60 U+5E30 1355 1837 101 103 U+3081 1182 2558 61 54 U+3053 1182 2036 71 66 U+3075 775 892 91 77 U+30A2 596 2516 57 50 U+306A 801 1921 64 103 U+304A 975 2114 111 75 U+3088 1385 2582 47 64 U+307E 394 830 64 109 U+3061 1360 377 85 110 U+3075 394 2106 93 85 U+308F 1380 651 57 96 U+306A 407 2184 66 90 U+30A4 599 2572 46 58 U+3051 562 1319 57 68 U+3089 820 2031 37 89 U+308A 1381 1942 58 105 U+306B 1560 2350 76 89 U+306F 1560 859 54 101 U+304C 202 917 80 71 U+3084 541 519 68 50 U+308C 790 1142 63 119 U+7121 1166 1709 99 117 U+308A 1375 748 63 118 U+3092 644 742 70 59 U+306A 560 1259 57 62 U+306F 652 586 50 76 U+3088 1197 1495 51 89 U+3053 1559 380 66 62 U+7406 1172 1827 101 113 U+304F 657 1141 39 67 U+3089 655 663 53 75 U+306A 1559 2166 67 73 U+308C 556 1381 60 70 U+304C 1007 2360 81 75 U+304B 1573 1506 49 84 U+3059 643 801 66 67 U+3093 1176 465 77 84 U+30A2 209 2603 66 64 U+3069 992 700 104 65 U+306F 552 1053 52 72 U+3064 552 1506 73 50 U+304D 548 439 58 81 U+3057 1205 2279 24 103 U+306A 1004 1761 66 89 U+3093 651 1023 72 56 U+3054 651 478 73 49 U+304B 1022 2515 42 50 U+3075 178 444 91 71 U+305F 552 1190 50 64 U+3068 1185 2099 68 86 U+3075 1544 2074 89 86 U+30E8 629 2299 45 44 U+3088 1571 1980 46 95 U+305D 1376 2439 59 78 U+308B 664 1630 45 65 U+3068 650 1215 54 58 U+306F 406 935 51 114 U+3078 1173 2617 95 36 U+304B 659 432 36 52 U+3068 556 650 49 72 U+3082 654 1271 52 73 U+3046 563 569 32 70 U+3092 990 1857 85 82 U+305A 553 1776 92 83 U+3075 544 1597 76 61 U+3069 546 381 79 56 U+3068 1557 442 71 69 U+3065 659 1445 73 59 U+3068 814 2227 48 86 U+3068 995 998 65 78 U+3057 1204 1584 28 117 U+3059 656 1564 55 67 U+3079 542 1660 87 36 U+3031 556 929 54 123 U+3061 659 1395 58 56 U+3075 1361 2514 85 77 U+304B 565 1695 39 47 U+4E8C 182 735 100 69 U+3068 556 881 42 73 U+3078 654 869 66 42 U+305E 785 971 91 89 U+306B 662 1501 46 69 U+3092 650 1781 74 71 U+306A 1567 2451 63 76 U+3057 571 1124 23 66 U+304B 572 1551 40 48 U+3053 658 1701 50 63 seg_fp 575 1744 21 50 U+309D 630 2253 26 32 seg_fp 2 74 74 152 U+309D 209 702 29 32 seg_fp 1576 2503 49 37 U+3068 652 1757 61 36,umgy001-047
U+306E 509 1644 62 65 U+3067 673 1041 78 81 U+306E 300 844 76 69 U+306A 692 1331 77 92 U+6240 675 2443 102 142 U+304B 322 1339 48 72 U+4E39 540 1034 88 83 U+306A 1472 2592 69 70 U+3067 1074 1196 86 91 U+3044 1261 485 82 76 U+523B 487 1526 94 125 U+6848 1438 893 119 149 U+4E39 1132 1837 103 75 U+884C 1265 1552 94 131 U+3082 508 769 53 114 U+3084 877 1090 80 83 U+307E 1082 1550 78 100 U+304F 104 2555 47 98 U+304C 697 2585 68 71 U+7533 888 1377 68 113 U+304B 1477 718 50 69 U+306D 757 1579 74 77 U+79C1 1253 998 101 121 U+6025 1075 910 92 140 U+3067 288 600 99 81 U+307E 495 576 59 89 U+3084 95 1350 80 85 U+3060 311 1417 83 102 U+306A 1471 2108 68 77 U+3051 98 984 65 120 U+6C17 875 465 105 152 U+3078 669 986 107 65 U+3064 1457 2187 84 124 U+6700 1266 1397 80 144 U+6025 1085 2165 85 127 U+5148 493 1404 93 123 U+3044 1085 1465 89 79 U+3089 1487 787 38 86 U+627F 875 1994 98 146 U+4E39 940 1722 93 63 U+308C 302 1523 82 106 U+30CD 106 1106 77 67 U+307B 1327 2127 62 69 U+4E2D 681 1912 79 127 U+5449 85 1976 103 144 U+30A2 110 1444 57 74 U+983C 277 395 95 126 U+3064 1458 1458 87 114 U+3066 93 1795 74 85 U+306E 881 400 66 49 U+30E8 1307 1902 45 53 U+30C8 1304 1968 37 83 U+306D 176 448 62 70 U+88CF 484 2325 109 157 U+3059 686 2281 79 84 U+3067 297 2281 88 78 U+3042 494 388 74 97 U+3059 492 667 77 104 U+9053 666 394 100 130 U+592B 89 1185 91 112 U+7D19 488 1833 112 137 U+306A 104 2127 76 85 U+306E 495 881 73 70 U+3092 883 621 73 100 U+305D 104 1526 59 96 U+983C 289 2068 96 133 U+5EA6 1075 2294 101 119 U+3060 895 2228 79 83 U+30A2 313 1077 58 83 U+3084 301 998 74 75 U+30A2 1280 1309 68 93 U+3059 876 821 82 108 U+30A6 912 2584 47 62 U+3078 483 2615 120 48 U+3089 911 2400 44 97 U+30A2 102 486 57 70 U+3093 1267 723 88 84 U+307B 1094 2579 76 63 U+80FD 1452 1987 96 116 U+305D 495 1157 80 101 U+3084 285 683 98 70 U+308B 309 750 54 78 U+3075 86 1620 93 84 U+3092 671 701 92 77 U+3092 505 1958 69 109 U+51FA 872 727 100 97 U+4F55 1073 1978 104 105 U+3051 1132 457 58 76 U+3053 882 1492 68 65 U+30E8 1284 569 46 54 U+3093 299 513 91 88 U+30B5 895 1632 72 70 U+3060 1090 2406 82 80 U+3044 867 1026 95 73 U+3059 1272 1789 72 104 U+5BC4 685 2050 91 131 U+3082 1472 1654 58 100 U+3092 1084 2085 84 79 U+3044 94 2311 78 66 U+304F 1479 1878 53 106 U+306D 300 1167 80 118 U+306B 1462 1254 81 92 U+3075 296 2573 88 84 U+77E5 873 2141 96 88 U+306A 1273 802 64 89 U+3066 1468 2304 70 81 U+3059 1084 1650 85 113 U+3078 478 2267 116 74 U+307E 1279 1680 62 107 U+3054 1090 1291 94 73 U+304A 86 1882 108 92 U+3057 1461 386 83 87 U+3089 1289 896 41 94 U+3060 885 1182 91 102 U+30E8 915 1934 45 55 U+34B5 1125 608 70 101 U+304A 1455 2379 95 83 U+3093 1463 640 92 85 U+3058 328 911 51 95 U+306D 671 886 84 102 U+3060 91 826 90 101 U+306A 1050 481 55 67 U+3057 678 792 85 89 U+305D 1267 631 66 96 U+3092 675 2181 84 83 U+3088 194 388 32 57 U+30E8 713 1436 42 51 U+3058 1493 1035 53 120 U+65E9 1456 1757 90 130 U+624B 505 1715 67 137 U+3061 1454 1359 87 101 U+30E8 121 2390 45 45 U+3068 884 1560 74 72 U+624B 508 2073 66 124 U+3084 1274 1214 78 95 U+308C 306 1875 75 117 U+5E30 665 1129 101 108 U+30CA 705 1677 46 72 U+524D 505 2484 82 99 U+305B 1454 561 91 82 U+304B 908 2333 48 66 U+3081 505 2194 68 77 U+3078 298 1289 99 59 U+305D 92 652 72 100 U+3068 894 916 52 101 U+3055 1267 385 67 94 U+3088 109 2457 57 94 U+305A 1454 1159 102 102 U+306D 1156 824 72 81 U+3092 1048 387 60 84 U+3093 1466 2526 87 62 U+308B 707 2361 46 84 U+3031 1341 2173 60 104 U+5EA6 1074 1048 101 149 U+3088 785 1503 39 74 U+304D 1276 1122 70 94 U+3044 1239 2482 57 55 U+3068 1139 533 39 68 U+3075 89 751 86 82 U+30E8 1114 1762 41 51 U+3081 1055 602 58 76 U+9014 664 1788 111 124 U+3084 289 2376 101 86 U+3057 123 1687 19 109 U+3058 1124 386 90 72 U+3066 504 1333 65 68 U+30E2 909 2518 47 63 U+3056 1093 1364 86 93 U+304C 1334 2610 58 54 U+304B 518 950 44 56 U+308A 506 475 48 104 U+304C 1062 545 59 57 U+3068 1481 1563 49 97 U+3066 1324 2392 52 60 U+304C 323 1995 67 68 U+3088 1173 740 49 80 U+3057 1239 2258 69 74 U+3042 1321 2535 67 76 U+3093 300 2188 86 90 U+306D 1173 2539 58 62 U+304C 1256 2211 55 45 U+306B 320 1632 43 84 U+3055 102 2213 63 96 U+3088 694 519 50 83 U+3057 1317 2060 67 71 U+304B 318 1713 48 79 U+308A 697 599 49 102 U+3088 1175 2475 42 65 U+3064 1234 2438 70 46 U+3093 691 1234 91 92 U+307E 1463 473 72 89 U+30E0 916 1827 59 59 U+3068 892 1285 54 86 U+3066 1241 2532 51 49 U+304A 293 1792 99 81 U+30A4 101 542 47 90 U+3057 1242 2575 60 58 U+3089 320 2457 61 119 U+3068 1336 2255 37 64 U+307F 1254 2370 37 65 U+30C4 110 932 55 56 U+304F 1476 2457 57 71 U+7ACB 1321 2453 52 85 U+304B 1107 2639 45 35 U+3058 126 1321 40 43 U+304C 1254 2329 67 44 U+3057 1267 2152 14 63 U+3057 522 1254 19 80 U+3051 1246 2629 46 39 U+308A 1247 2069 57 81 seg_fp 1348 2327 13 65 U+30CB 709 1743 49 33 U+30FD 933 1892 26 35 seg_fp 1091 2548 68 13,umgy001-048
U+7B46 265 2329 126 172 U+6625 180 363 124 123 U+592B 608 1640 90 117 U+5916 799 1750 95 98 U+8A13 260 2177 123 153 U+8272 192 514 100 129 U+540C 803 584 76 111 U+6848 789 1524 101 138 U+4E39 1597 370 84 58 U+308C 610 637 72 105 U+3058 835 669 42 150 U+3092 799 2590 94 71 U+5973 785 950 100 81 U+9053 1008 1352 72 118 U+3093 413 820 103 83 U+306E 630 1475 62 71 U+306E 815 1664 57 67 U+72C2 253 2043 134 118 U+306D 1551 813 85 122 U+4F3C 1181 1208 103 96 U+304F 1572 698 47 108 U+3054 208 771 108 117 U+6885 180 642 134 130 U+306B 1209 2286 38 76 U+898B 619 1348 98 125 U+30C8 1593 1224 34 77 U+306F 1016 2608 64 51 U+8272 810 1235 68 121 U+604B 999 1160 86 124 U+305E 622 909 91 87 U+3092 626 2135 64 88 U+4E0E 229 888 50 95 U+3042 1539 1800 58 77 U+7F8E 202 985 114 123 U+60C5 782 1099 102 137 U+4ED6 987 586 104 102 U+77E5 995 769 94 98 U+3092 624 1758 61 99 U+4E86 251 1415 45 83 U+611A 1188 712 86 116 U+308F 626 2285 48 100 U+3057 625 1002 80 96 U+306F 1191 2606 70 54 U+304B 429 913 51 59 U+3069 823 2126 65 80 U+601D 798 1428 94 89 U+306E 810 1041 57 66 U+306A 413 645 68 88 U+306A 1198 958 68 85 U+3050 611 2479 87 67 U+3072 1542 1691 61 61 U+7537 806 817 70 122 U+306F 810 1362 66 47 U+306B 1004 690 64 68 U+5DFB 180 1134 155 140 U+55DF 1179 585 92 117 U+306E 207 1284 79 72 U+3060 1571 1133 83 80 U+5339 605 1555 93 81 U+4EBA 1175 2004 98 93 U+667A 1188 828 83 132 U+306E 1544 2079 55 54 U+3066 1189 2528 72 78 U+3089 621 2382 46 97 U+3070 637 1178 77 64 U+3084 1555 979 88 76 U+3092 1615 1539 67 69 U+7269 794 2224 110 98 U+3078 1541 933 113 57 U+54C0 810 2386 70 123 U+8EAB 1188 2161 69 126 U+3088 633 750 46 75 U+304A 1534 1426 77 61 U+618E 1547 578 100 122 U+306E 1200 1939 55 66 U+306E 816 2322 55 63 U+3053 607 579 70 59 U+3089 435 735 31 82 U+305F 1202 1302 58 87 U+4EBA 431 2046 95 89 U+30A4 1401 2170 56 89 U+308C 1200 1390 67 97 U+3064 1559 1058 80 79 U+305F 1621 2131 39 72 U+6B64 998 1495 95 86 U+308B 1548 1750 47 49 U+306E 1201 2104 50 55 U+3069 1210 1496 65 82 U+3084 606 2223 90 64 U+306C 998 1075 80 86 U+305D 1189 1846 75 90 U+3069 1552 2007 54 70 U+8A18 252 2495 136 108 U+308A 1560 1484 34 59 U+308B 1033 2220 41 81 U+3082 1205 1577 55 79 U+5FC3 608 2056 102 75 U+3053 1547 2144 43 48 U+90AA 619 1254 98 94 U+5B9F 1008 2468 82 139 U+304D 1541 1879 52 74 U+304A 994 1589 100 68 U+306B 1193 1109 80 77 U+3081 1618 2204 49 58 U+3089 1558 1596 36 78 U+306F 1016 2018 64 56 U+3080 1009 1749 83 86 U+3093 1540 1953 67 57 U+3068 411 585 63 59 U+3091 1543 2195 56 69 U+3082 1031 1655 44 97 U+3044 1616 2263 57 48 U+306F 1011 2156 74 62 U+304D 1013 1838 69 94 U+308C 807 2504 71 85 U+3066 621 1968 61 78 U+52A9 595 2580 102 90 U+3057 1611 1726 63 69 U+3068 1014 2306 68 80 U+308A 641 825 37 85 U+308B 1203 1042 53 67 U+304F 1556 1360 37 71 U+3064 1543 1310 62 51 U+308C 1006 953 60 111 U+3081 1617 2067 53 62 U+304D 1451 1273 45 67 U+308A 1629 1851 30 62 U+3082 1023 2386 47 90 U+306B 1028 1933 40 80 U+304D 1621 2308 47 69 U+3042 1446 1213 52 61 U+307E 1204 1663 59 89 U+4E00 192 1371 108 24 U+304B 1559 1542 32 52 U+306E 1017 1283 60 73 U+8001 423 1730 110 121 U+3068 1210 2373 40 85 U+30A2 1583 469 44 48 U+3064 1619 1677 54 52 U+3074 1616 1610 65 70 U+308A 1213 2456 40 77 U+3084 1615 1794 55 58 U+3057 643 1860 17 113 U+304B 1022 2082 54 73 U+30A6 1402 1835 56 70 U+3078 805 2083 83 44 U+3046 1635 1407 29 65 U+3044 807 1989 72 90 U+3058 1637 1468 35 70 U+5A46 418 1840 117 109 U+3089 1028 866 28 90 U+3092 1613 2381 59 57 U+30FD 1591 520 29 36 U+3089 646 1098 38 94 U+3069 1448 1387 55 57 U+8C46 1389 1555 71 113 U+3046 1460 1344 27 47 U+3068 825 1843 39 91 U+306F 813 1938 64 53 U+5FC3 437 1970 88 72 U+4E00 595 2561 99 20 U+305F 1202 1763 52 82 U+3068 1627 1912 30 75 U+8150 1377 1673 79 149 U+3057 1636 1983 15 84 U+3057 1613 1305 65 102 seg_fp 1428 1932 12 237 seg_fp 414 1915 113 62 seg_fp 1449 1441 31 130 seg_fp 1393 1914 24 91 seg_fp 1627 1301 36 42,umgy001-051
U+306E 1396 1212 71 66 U+4ECA 198 554 123 143 U+306E 231 2271 68 63 U+306E 1393 1024 65 71 U+306E 235 1121 61 67 U+597D 1165 1863 121 124 U+308B 445 525 47 94 U+5916 1382 883 84 126 U+306E 1203 734 65 62 U+304F 1408 648 39 99 U+3082 638 597 49 101 U+3082 1026 1687 56 97 U+6298 806 922 91 143 U+79F0 1541 673 127 127 U+5185 1396 768 72 111 U+6625 599 705 126 147 U+3082 1590 2197 55 103 U+3082 234 2062 55 94 U+304A 1182 348 110 78 U+5EFB 974 2336 134 103 U+3044 1386 1621 84 83 U+7740 220 1215 87 135 U+98A8 422 627 94 122 U+307E 1565 1385 79 101 U+9262 603 1998 123 147 U+67D3 413 1262 102 128 U+8EAB 1560 1827 90 132 U+5E74 1553 1239 103 147 U+3089 1581 2107 58 97 U+3042 1575 1018 78 103 U+82B1 607 2334 106 143 U+3093 620 1499 100 90 U+521D 204 1489 107 125 U+306F 1392 1397 81 61 U+5642 1180 1010 100 133 U+958B 609 1802 108 124 U+7F8E 1201 1725 69 134 U+8005 1381 1099 85 95 U+8272 815 345 84 137 U+60C5 804 2123 106 146 U+9999 601 2537 112 104 U+91DD 1159 431 130 119 U+3042 1018 556 84 111 U+3070 1192 2219 101 63 U+307B 423 425 85 98 U+548C 1175 814 111 108 U+6B64 1570 349 92 87 U+6642 195 1942 122 135 U+308A 1584 1116 58 112 U+304D 821 1829 70 117 U+8EAB 412 1005 76 159 U+304F 1402 1439 60 100 U+7740 219 986 85 127 U+65E5 439 1547 49 76 U+306E 625 2481 65 59 U+82B1 1191 1598 90 127 U+306F 1397 1543 68 61 U+3059 1198 2566 75 78 U+306E 1204 923 65 65 U+4E09 1182 643 96 70 U+308A 1016 2219 70 109 U+67D3 216 1350 104 128 U+306A 214 354 81 94 U+6885 599 941 130 130 U+3068 1019 2149 74 69 U+3058 653 1581 50 116 U+8077 1552 895 116 129 U+306A 1396 1965 66 85 U+3084 795 1505 108 88 U+305E 216 767 98 88 U+308C 1200 2085 69 126 U+306B 431 1163 53 84 U+308C 619 1383 69 120 U+7CF8 1580 431 76 141 U+308B 1222 1512 39 85 U+9803 601 346 119 136 U+523B 189 2346 125 101 U+306C 1010 2029 93 111 U+306F 819 484 73 65 U+304C 1219 557 63 66 U+3068 239 1630 70 104 U+306E 631 865 65 84 U+66F4 1380 1859 93 101 U+8239 1371 2442 104 89 U+3082 1208 1239 53 92 U+3057 1009 886 89 110 U+306A 1395 571 76 79 U+3055 1198 1985 70 101 U+7D0B 411 1409 118 125 U+306F 416 2196 85 63 U+308A 822 2361 64 111 U+306B 623 1697 82 78 U+3066 810 1170 75 87 U+3066 1192 2405 86 81 U+3078 397 1971 111 70 U+306C 1002 787 98 102 U+5C4B 1390 2319 100 115 U+690D 597 2139 117 113 U+8CD1 203 1744 125 125 U+6B8A 398 2259 123 126 U+304D 224 449 67 104 U+306E 627 2250 70 70 U+66F4 405 2391 113 99 U+5DF3 229 2173 82 84 U+3057 815 2259 84 101 U+306B 1019 1594 69 97 U+629C 1373 351 114 102 U+3066 1577 2568 66 73 U+7269 396 1638 121 109 U+8CDE 1189 1337 99 164 U+3066 216 2582 80 63 U+3092 217 2438 87 65 U+306A 1582 1955 73 94 U+308A 1411 2045 51 104 U+305B 412 2582 76 64 U+5BBF 1383 2527 95 113 U+8DE1 192 874 125 111 U+306A 817 2482 71 68 U+308A 835 2547 50 89 U+304A 1563 815 98 76 U+6625 434 2042 55 149 U+3084 399 2475 104 70 U+3084 1004 1098 90 78 U+76EE 1399 467 64 98 U+306F 1025 1797 64 114 U+306F 1020 346 61 113 U+3055 822 1591 58 92 U+5BD2 423 738 82 137 U+4E07 1578 2295 86 122 U+3055 426 1856 64 109 U+306B 1013 459 82 86 U+306F 1004 1350 89 74 U+6307 786 784 111 139 U+306B 827 1411 52 88 U+3060 1579 1487 64 75 U+306F 1209 2487 61 78 U+304B 437 343 54 83 U+304D 1577 1716 70 97 U+3062 1019 1915 74 115 U+8276 983 2532 112 111 U+304F 640 1898 41 102 U+65E5 442 1751 45 94 U+306E 822 706 64 73 U+771F 795 1954 111 173 U+3054 636 1083 72 77 U+6B8A 797 1263 125 143 U+8336 1390 2157 87 162 U+904E 214 2501 84 84 U+4ED8 1580 2471 77 91 U+304C 1598 2043 63 65 U+3057 840 1688 26 142 seg_fp 981 1464 138 97 U+601D 1379 1292 93 103 U+3082 1397 1765 53 81 U+91CC 802 578 97 126 U+3075 216 1868 99 82 U+65E5 225 690 62 75 U+306B 1212 1146 58 91 U+82E5 1580 1572 74 143 U+307F 429 877 79 115 U+306B 818 1074 57 95 U+3075 1385 1703 91 66 U+307F 641 1271 43 93 U+306B 1575 2413 80 61 U+3055 1014 1243 64 103 U+3057 652 467 25 133 U+308B 429 2538 53 47 U+3057 1043 2425 14 87 U+3089 1027 667 46 125 U+3068 1024 997 56 101 U+304B 1028 1172 46 77 U+3068 1213 2292 58 105 U+3068 1594 575 43 91 U+3088 640 1161 49 109,umgy002-003
U+306E 481 2333 60 55 U+4ECA 448 2202 124 122 U+516B 1126 424 65 47 U+516B 464 1981 102 79 U+6B64 1128 1609 66 65 U+306E 288 2134 60 56 U+672C 847 2261 95 97 U+30A4 862 1784 45 81 U+3059 1060 2228 65 105 U+306A 1440 1668 73 84 U+304A 1231 1597 100 87 U+30CF 855 1743 68 42 U+3042 981 395 55 61 U+5EA7 1237 2060 82 133 U+3060 475 2565 75 75 U+9577 934 1640 49 66 U+6BD2 259 2199 115 142 U+3044 1021 1486 65 55 U+30C8 1460 1825 35 73 U+308C 472 1677 78 97 U+306A 659 1864 61 91 U+3072 702 2184 57 63 U+5165 634 1482 122 81 U+9577 1313 1485 58 71 U+3080 979 558 57 57 U+6C17 280 1997 104 138 U+304A 1229 1994 97 68 U+3089 308 1558 30 88 U+9593 845 2367 91 99 U+30C8 683 2027 33 83 U+3044 1475 1911 59 50 U+7CF8 1253 396 58 77 U+3066 72 1838 63 86 U+304A 276 1925 90 70 U+3044 702 2129 59 53 U+306A 664 1582 67 80 U+6B64 925 2143 66 58 U+3078 1225 2372 108 68 U+304D 1048 1988 79 98 U+7C73 1130 331 61 74 U+6577 1237 2193 84 127 U+304C 303 1491 71 66 U+3089 278 2516 60 112 U+304A 62 1931 103 77 U+306B 635 2572 38 51 U+306A 295 2349 62 94 U+3090 1243 1686 78 95 U+30C8 884 1884 30 71 U+901A 457 2404 102 104 U+30C8 1265 2433 37 76 U+3053 478 1623 71 55 U+305E 285 1822 85 89 U+304A 1040 2397 99 66 U+3093 1050 2156 112 83 U+3064 1471 2484 59 88 U+306A 82 2167 71 81 U+30B5 497 1776 54 72 U+304A 840 2515 90 61 U+516B 621 2525 71 47 U+305D 72 1500 77 90 U+5168 1363 422 79 77 U+3093 1434 1583 102 83 U+306E 709 2575 49 45 U+6B64 1245 339 68 54 U+304B 1255 2304 45 71 U+3090 825 1973 60 75 U+3093 476 2122 86 75 U+304B 637 2320 38 51 U+30C8 102 2450 32 64 U+3075 62 1590 92 74 U+3093 1232 1872 99 103 U+30E8 1086 2337 39 46 U+3057 682 1717 20 139 U+3051 1401 1981 49 68 U+307B 707 2490 60 63 U+3075 263 1747 98 78 U+7C73 467 1856 82 128 U+5510 1466 349 75 87 U+306A 710 2245 55 67 U+3056 1058 2069 90 88 U+3078 847 1565 104 50 U+30E8 1457 1760 45 49 U+306D 619 2466 66 64 U+306E 1483 622 52 46 U+601D 68 1675 87 99 U+3056 1059 1811 97 86 U+3080 514 1488 71 67 U+3055 1444 1490 64 93 U+3069 292 1662 81 83 U+3093 665 1655 92 81 U+3093 74 2242 106 92 U+305D 1477 2419 55 63 U+3044 623 2125 58 51 U+304B 875 1494 47 65 U+3068 1485 2571 39 69 U+307E 1211 2500 49 75 U+3072 448 1491 53 63 U+6240 1468 2006 70 70 U+3078 855 2459 79 53 U+304C 717 2307 56 50 U+3092 616 2253 68 58 U+30A2 1083 1710 48 66 U+3042 1399 1912 58 72 U+3066 894 2047 48 58 U+308B 836 2049 36 56 U+3089 713 2357 35 73 U+3093 69 2073 107 85 U+5A18 1378 2416 75 83 U+3092 1479 2342 63 68 U+304B 718 2432 34 58 U+3093 1058 2591 87 52 U+306F 1112 1487 42 72 U+308B 1039 1538 37 46 U+3075 1472 1961 65 44 U+304C 299 2442 70 74 U+76DB 1372 508 63 82 U+3057 96 2323 17 114 U+3064 69 1774 76 69 U+9019 836 2571 107 74 U+9577 1050 2453 65 84 U+6B64 1387 2226 70 64 U+308C 984 487 42 69 U+5BB6 1386 2291 70 85 U+3089 1407 2155 31 68 U+7ACB 894 1969 52 78 U+3089 1255 1785 42 99 U+306A 1398 2049 45 61 seg_fp 482 2042 75 80 U+3093 121 2571 76 53 U+3051 132 2521 39 50 U+306E 1396 2374 49 43 U+304B 532 1554 36 43 U+3078 644 1958 88 36 U+5C4B 1471 539 78 79 U+308D 630 2176 47 77 U+3055 1066 2538 48 56 U+304A 1392 2501 62 56 U+3078 618 2372 72 43 U+308A 490 2508 49 61 U+306F 975 455 55 38 U+304F 82 2005 66 71 U+3078 1195 2587 76 51 U+3064 1276 2504 66 45 U+304E 1284 2543 69 61 U+306B 52 2580 37 53 U+3088 644 2397 36 67 U+306E 1285 2604 52 38 U+7434 1462 441 80 98 U+3057 1471 2095 65 114 U+3078 1468 2073 84 54 U+304C 1408 2111 49 43 U+3046 1472 2206 46 83 U+30FD 1091 1776 25 27 seg_fp 38 2511 75 69 U+3057 1069 1893 29 98 U+3058 1489 2268 50 71 U+9577 1393 2552 56 76 seg_fp 884 1690 53 36 U+3092 1047 459 56 50,umgy002-006
U+306E 1266 463 69 67 U+3082 1467 558 51 110 U+3064 480 524 88 61 U+4EBA 291 1860 100 95 U+4E03 1431 1166 112 83 U+3093 881 1724 96 111 U+3066 88 650 70 88 U+3082 314 2110 54 107 U+304A 673 1146 103 86 U+3092 1270 782 75 102 U+6708 1449 827 80 127 U+544A 1264 551 74 130 U+304B 1051 789 121 103 U+30E2 322 1584 59 57 U+304A 481 1526 106 88 U+591C 1418 1438 132 121 U+30C8 513 611 46 81 U+3044 672 1790 89 72 U+5F7C 662 1006 106 131 U+83CA 1424 680 115 139 U+304D 681 892 66 94 U+3052 473 1245 62 99 U+6E80 1445 1679 109 149 U+306F 671 526 76 64 U+3066 674 704 67 91 U+3042 307 2220 84 95 U+3065 872 1159 115 137 U+306A 302 984 74 81 U+306E 1464 1096 63 59 U+306B 307 451 61 88 U+304F 1082 872 75 96 U+3066 1266 1031 74 81 U+6B64 673 1433 97 106 U+307E 1084 2046 69 98 U+304B 105 745 51 83 U+3084 662 1951 100 85 U+3066 293 666 67 85 U+304D 1072 1612 84 100 U+6642 1441 329 109 130 U+4E11 1451 1567 98 110 U+308C 94 542 69 105 U+6BCD 270 1751 132 95 U+306E 1452 1329 106 94 U+306F 1464 2304 62 95 U+308F 500 345 65 99 U+306E 152 1960 52 60 U+8A00 273 538 98 123 U+3070 1077 980 85 105 U+304A 275 754 107 83 U+304A 659 808 102 86 U+8A00 650 2327 107 129 U+521D 1436 965 105 122 U+3067 293 1961 92 84 U+3055 690 2035 57 88 U+5382 845 2100 117 120 U+3090 500 1612 77 103 U+304D 683 2214 63 107 U+9577 686 1219 63 125 U+306C 140 2248 67 78 U+308C 674 405 70 116 U+3093 501 2319 107 85 U+3053 681 342 68 62 U+307F 901 2422 46 77 U+304A 482 1993 111 82 U+3059 144 1613 69 77 U+79C1 285 1371 103 130 U+601D 81 355 97 118 U+9577 570 1394 63 98 U+805E 1258 895 100 135 U+304C 697 1675 79 76 U+3053 879 905 91 103 U+306F 892 1857 59 105 U+3093 493 2549 107 72 U+306A 87 828 79 88 U+30A2 509 448 49 67 U+3066 1454 2549 67 89 U+7CF8 679 1533 83 143 U+306A 297 352 77 94 U+3064 884 1972 76 74 U+3072 144 2328 66 73 U+80A9 147 2139 58 115 U+3072 144 1821 72 70 U+304F 1075 2148 74 140 U+65E5 1467 1253 48 78 U+305F 1089 1931 60 111 U+3093 1462 2214 96 91 U+541B 1069 1727 93 128 U+3055 1083 1359 66 93 U+3089 904 1619 41 99 U+308B 1285 684 41 88 U+3052 146 2479 70 88 U+3055 505 2228 63 92 U+307E 513 2069 50 113 U+5382 1230 344 106 121 U+3089 1089 2288 67 136 U+30A6 332 1645 54 74 U+304B 439 968 97 72 U+3042 466 1176 59 81 U+306B 1089 2427 68 64 U+308D 61 2122 61 56 U+306E 150 2582 49 42 U+306B 698 2574 50 54 U+9803 1442 1917 106 120 U+3055 680 598 70 99 U+307E 143 1289 68 99 U+3044 91 1023 100 88 U+306B 1461 2039 85 87 U+306A 1462 2130 71 88 U+3092 451 1109 78 65 U+3078 486 2182 113 79 U+30F1 502 1925 87 62 U+308A 148 1514 53 95 U+304C 512 2399 76 63 U+305D 504 2466 56 87 U+307B 463 1038 68 81 U+5449 266 840 116 142 U+306B 322 2547 48 70 U+306E 71 1962 49 53 U+308B 154 1751 43 66 U+306F 687 1349 73 59 U+3064 60 2415 61 80 U+3068 143 1453 61 60 U+3042 145 2396 65 89 U+3068 874 1012 90 144 U+308B 319 2311 50 58 U+3056 149 1884 78 75 U+306F 307 1509 71 56 U+308B 324 1189 40 90 U+3078 134 2096 81 39 U+8449 666 2453 99 120 U+3081 1461 2472 63 78 U+3046 157 2023 37 73 U+30E8 131 1113 39 64 U+3093 501 1833 112 83 U+304D 64 1786 74 75 U+3068 694 1859 56 85 U+3068 299 1283 77 83 U+304C 471 919 63 47 U+5A18 60 1865 74 99 U+308A 1088 1158 60 124 U+305F 148 1387 52 65 U+3084 1067 1274 104 92 U+30C8 125 1220 40 74 U+304C 154 1691 76 63 U+8EAB 539 1057 59 90 U+3055 307 1075 62 113 U+306F 94 472 80 68 U+3057 1486 449 20 107 U+306E 889 2218 70 73 U+3053 540 705 50 52 U+306E 1443 1822 85 100 U+3078 58 1576 78 49 U+3088 322 2382 41 81 U+304C 1103 1862 71 60 U+305B 64 1617 61 81 U+3092 62 2264 53 70 U+306D 58 2182 56 77 U+3053 69 2020 44 54 U+3075 295 2460 96 85 U+3066 66 2564 53 73 U+3058 1480 2398 50 76 U+3091 536 761 71 76 U+304B 1100 1083 42 78 U+3066 545 991 46 69 U+305B 458 784 63 63 U+3092 541 1134 68 86 U+308F 469 712 42 75 U+309E 323 2053 62 40 U+307E 73 1695 46 86 U+3055 68 2339 44 72 U+3057 1099 1465 30 147 U+3055 72 1499 55 75 U+3075 879 2300 81 118 U+3057 706 2124 17 91 U+3084 879 1484 97 134 U+3089 512 1725 57 109 U+3066 881 1303 74 169 seg_fp 75 2074 28 50 U+305F 547 920 47 72 U+3092 546 838 64 78 U+3057 483 845 18 84 U+307F 72 1284 52 64 U+3057 119 908 39 116 U+309E 76 1446 48 47 U+308B 552 1284 49 61 U+306F 67 1362 54 84 U+3075 546 1223 63 62 U+3057 85 2478 17 80,umgy002-012
U+306E 1244 1855 77 67 U+306E 94 2468 58 59 U+306E 291 924 67 70 U+3066 671 1186 58 119 U+306E 490 749 64 67 U+306E 669 1859 66 64 U+6765 76 1025 96 146 U+306B 856 355 90 89 U+6587 469 817 100 145 U+306E 85 351 72 67 U+306A 84 1173 83 104 U+3066 484 2169 68 111 U+6B64 1498 1798 68 70 U+3092 668 902 75 99 U+3093 74 2371 95 100 U+6B64 1138 1422 71 64 U+3082 1070 2139 59 101 U+30C8 896 1529 36 80 U+3082 1442 2322 61 95 U+5DDD 75 531 81 113 U+3092 85 656 73 111 U+305F 463 344 97 93 U+3066 486 1916 49 95 U+3066 866 630 55 111 U+3068 101 1274 55 89 U+7389 66 440 105 75 U+3052 662 345 118 106 U+3089 1079 1918 52 97 U+3064 847 544 93 88 U+85E4 459 444 104 120 U+30C8 1267 439 47 79 U+3089 286 1549 69 108 U+306A 864 455 75 88 U+3084 475 2419 86 84 U+91D1 269 547 108 122 U+3092 491 962 73 93 U+305D 661 1565 81 104 U+3064 661 1100 83 88 U+6301 470 1784 102 129 U+5C4B 278 1127 112 109 U+3066 91 896 62 119 U+305D 1056 1535 79 93 U+5F80 473 2042 96 128 U+306F 912 2159 66 45 U+306E 87 1703 68 77 U+62FE 264 2415 135 117 U+5C4B 475 1164 95 126 U+308B 1231 951 39 82 U+3066 667 2245 62 96 U+3061 479 1367 85 118 U+6765 76 2532 87 96 U+304A 1231 1499 103 76 U+6765 658 1305 82 142 U+67CF 271 1003 111 124 U+6728 270 800 113 116 U+3089 1234 518 45 86 U+304B 1456 632 49 72 U+66F8 664 654 83 115 U+6301 65 770 106 124 U+3084 660 539 81 91 U+305D 1058 356 70 93 U+3066 284 446 69 88 U+529B 1065 2547 68 93 U+3084 651 1444 90 99 U+3064 472 1574 88 113 U+3093 864 1137 105 100 U+3093 865 927 96 113 U+3060 85 1783 79 89 U+304F 1448 957 63 70 U+304B 1083 1848 43 73 U+305F 1252 1402 66 88 U+66F8 664 2122 77 118 U+30E8 102 1878 48 50 U+3044 1214 812 69 71 U+304B 1239 688 41 67 U+305D 85 1372 73 94 U+3044 68 1554 92 72 U+5F8C 278 2041 101 142 U+3061 1052 2232 94 110 U+3057 281 348 90 96 U+79C1 1050 2036 105 110 U+30E8 1280 361 52 62 U+3068 491 1688 52 86 U+3068 664 1018 77 79 U+6765 285 1305 87 140 U+3053 1446 2415 61 66 U+3075 1419 2252 105 78 U+306B 1069 538 57 76 U+306E 841 1889 49 52 U+304C 309 1234 73 57 U+7BC7 283 2175 92 153 U+3069 1435 2172 98 81 U+305E 1055 731 105 98 U+3056 869 1040 98 99 U+305D 470 2548 80 83 U+3059 866 1237 81 123 U+3064 1063 2337 81 76 U+304B 1262 2459 50 61 U+6765 479 2285 86 142 U+3066 1424 1116 91 83 U+5DF4 478 1080 86 77 U+3068 1248 2004 71 77 U+30F1 1452 1706 78 53 U+3078 467 1294 105 67 U+307E 1252 1291 74 112 U+30CD 883 1425 71 80 U+3075 68 1464 98 86 U+9644 656 774 97 129 U+3090 82 2168 82 101 U+308B 891 833 39 94 U+7F6E 656 2348 85 136 U+3084 858 753 99 80 U+3055 1064 632 69 94 U+3093 1240 1765 79 85 U+305D 1305 633 51 80 U+3084 1051 924 87 83 U+304B 1262 2386 49 59 U+3059 1241 2296 77 90 U+3053 1248 1930 64 72 U+3092 822 2145 72 61 U+3042 833 1710 64 75 U+3086 819 1638 81 68 U+3075 1040 446 105 88 U+304F 1056 834 92 90 U+3093 483 645 67 86 U+307E 1444 353 73 92 U+3057 860 2538 90 97 U+305D 1433 1917 77 99 U+306A 1440 1398 80 99 U+3066 668 1768 65 76 U+308A 848 1820 34 65 U+65E9 1429 830 101 121 U+3089 1078 1214 57 110 U+907A 273 2521 109 111 U+3060 1070 1742 80 95 U+3055 1252 2091 66 101 U+306E 290 1964 69 73 U+3075 1052 1320 90 77 U+30C9 91 1954 83 85 U+3044 910 1642 65 62 U+3075 83 1625 83 76 U+3042 1442 1240 75 79 U+3044 1444 1021 73 61 U+9577 1245 1572 67 103 U+306F 1295 590 77 53 U+3046 1213 607 60 89 U+3057 659 2484 91 86 U+306F 866 1354 87 70 U+306F 1054 2486 86 69 U+306A 830 2306 54 62 U+30C4 679 2572 58 60 U+304D 824 2252 79 66 U+3092 1302 841 57 61 U+3078 1216 761 91 44 U+3067 1218 884 74 65 U+304C 838 2364 72 44 U+3064 828 1942 68 64 U+305F 299 1444 66 102 U+307E 1432 2482 87 87 U+304A 1421 1177 105 72 U+3068 291 2329 67 80 U+305F 1454 540 56 88 U+3055 483 562 62 83 U+3046 1310 523 45 69 U+3089 96 2272 56 114 U+308C 1061 1626 68 119 U+308F 1257 2516 47 76 U+3089 1444 703 62 111 U+3055 1257 1685 61 83 U+308B 1454 2565 58 66 U+304D 1297 969 75 80 U+66FD 290 671 73 130 U+3086 897 1811 84 62 U+307E 1446 1494 73 96 U+304B 1065 1138 69 77 U+308A 673 450 64 93 U+3067 909 2400 65 58 U+3089 845 2406 34 60 U+3080 828 2003 72 75 U+30E8 525 2512 37 48 U+3044 1237 2593 93 53 U+5915 660 1938 75 125 U+3088 488 1481 54 92 U+304B 841 2204 42 51 U+3057 1091 1013 12 113 U+304A 74 2089 99 78 U+8349 291 1818 80 142 U+3075 1429 2012 89 86 U+3057 907 2045 68 74 U+3052 1451 1319 90 81 U+3093 915 2116 72 45 U+304C 844 1778 56 45 U+3057 1473 1585 33 113 U+307E 1246 2192 79 103 U+308A 836 2080 49 68 U+304B 1452 2096 52 74 U+3068 1063 2423 69 61 U+3093 1320 1177 90 65 U+7FC1 288 1683 90 143 U+3067 913 1700 68 60 U+3057 697 1662 16 109 U+3070 963 2477 65 57 U+304F 916 1870 43 53 U+304B 924 2198 38 50 U+3046 1318 711 29 47 U+306F 1303 902 50 68 U+3056 913 2268 79 75 U+3070 915 1922 59 63 U+3093 964 2542 62 57 U+30EC 94 2037 71 55 U+961D 678 2046 58 58 U+308A 1313 756 44 83 U+3064 1435 1076 74 48 U+3057 1463 442 32 101 U+3057 935 2349 17 56 U+309D 927 1759 32 47 U+3093 911 2245 57 44 U+3070 1317 1095 76 79 U+3093 910 1980 43 73 seg_fp 291 1669 75 49 seg_fp 874 2507 85 57,umgy002-018
U+306F 1410 1132 71 47 U+306E 640 640 67 66 U+306F 234 1507 79 52 U+306E 415 1625 103 92 U+4E2D 430 1710 79 128 U+7C73 1411 1191 87 120 U+3082 1037 1782 53 102 U+306E 818 1416 97 93 U+3084 402 2561 96 83 U+4F5C 1399 413 99 113 U+3092 621 1824 99 82 U+9752 1184 688 110 138 U+306E 636 1595 69 63 U+516B 1398 1320 107 77 U+306E 241 1772 61 59 U+306A 441 1292 71 89 U+8005 1399 521 99 123 U+304F 241 874 45 92 U+3092 1014 1059 99 88 U+3082 444 502 50 95 U+306E 1218 961 58 57 U+6BCD 214 513 109 109 U+8A18 1189 1311 114 106 U+3084 627 806 83 89 U+6B64 419 1942 92 88 U+304F 1029 2539 46 87 U+3053 634 1681 74 67 U+304A 1395 1396 99 76 U+5143 1214 1612 82 94 U+3092 1585 1574 64 84 U+898B 631 1190 85 119 U+8C48 416 1391 101 144 U+3061 1615 1023 66 91 U+66F0 1409 654 78 72 U+306A 832 914 69 97 U+304A 417 2036 94 67 U+306B 244 629 52 71 U+306F 241 702 60 93 U+8A55 796 414 120 134 U+304F 628 716 89 95 U+6765 1202 1704 97 119 U+308C 827 1063 76 115 U+308C 239 1166 70 106 U+9662 1203 2094 97 117 U+306E 1023 615 67 71 U+4EBA 217 1395 113 103 U+4EF0 417 608 112 127 U+3066 1200 2583 71 54 U+8FF0 1387 2112 112 113 U+305D 435 820 74 96 U+304A 1017 2329 90 69 U+3084 232 792 81 84 U+758E 1188 2289 110 109 U+3092 1414 2011 67 96 U+3044 1583 1660 60 63 U+30C8 1638 1129 36 88 U+305A 625 2540 81 90 U+3066 636 1302 72 83 U+308C 1211 519 72 114 U+7236 215 418 110 101 U+7D19 1390 1005 104 125 U+3070 1210 632 94 61 U+304D 437 1002 66 102 U+3059 1021 1314 89 97 U+7D66 437 1113 70 95 U+70BA 230 1840 86 107 U+306A 235 1080 77 90 U+305D 1017 525 74 86 U+4EBA 1394 1794 91 93 U+3092 642 1111 81 70 U+60C5 1380 1886 111 131 U+9577 432 2100 57 111 U+6065 221 2042 103 93 U+7B46 795 1289 132 126 U+3068 1027 2244 69 85 U+697C 1188 823 114 133 U+672C 1016 2140 107 93 U+306E 1406 791 71 79 U+3044 219 2458 79 64 U+3081 232 2585 57 50 U+306B 234 1953 73 75 U+304A 1007 694 106 67 U+843D 1021 1994 89 147 U+6BCD 616 1495 114 91 U+308C 224 2382 98 73 U+4ED6 214 1573 113 111 U+3089 237 2289 61 96 U+53EA 422 1849 89 100 U+6D12 1017 1894 108 106 U+306D 1605 767 75 96 U+3057 427 414 91 92 U+3064 821 1505 98 144 U+306B 451 731 46 84 U+4E16 413 1545 108 83 U+306B 1234 2208 36 68 U+9650 418 2301 98 117 U+306B 636 2134 66 70 U+5927 626 1919 85 94 U+5FC5 614 2447 101 88 U+4EBA 220 1675 96 98 U+3057 1607 466 81 99 U+3080 427 915 95 90 U+3093 419 2495 122 71 U+3062 214 2509 98 77 U+3053 1417 736 61 58 U+306B 431 2215 71 63 U+3059 1204 411 86 114 U+4F9D 1184 2484 100 99 U+306F 1218 1933 69 47 U+304D 637 995 65 105 U+3080 1021 858 96 95 U+304D 1023 954 71 101 U+306E 1034 1420 65 69 U+305A 1214 1506 81 96 U+306A 627 2226 76 94 U+9577 819 2422 64 121 U+304A 804 2363 91 68 U+3092 1210 1197 92 105 U+306F 245 977 56 103 U+3092 1394 2304 95 68 U+3055 1220 1409 56 95 U+7D66 825 684 66 82 U+4E8B 642 2012 59 128 U+3081 235 2210 66 75 U+3046 1621 909 47 117 U+306A 1031 2399 64 90 U+3075 413 1204 105 87 U+4E88 1236 1835 62 93 U+6761 803 2192 114 155 U+552F 1003 419 108 91 U+3068 635 1747 68 71 U+3072 1657 1291 56 69 U+3066 1583 1379 55 64 U+308B 1594 1815 44 66 U+308C 1588 1718 53 101 U+5FC3 626 500 102 129 U+9577 1408 1463 67 111 U+8349 1411 878 65 126 U+5993 1186 1988 109 101 U+3082 1039 752 45 105 U+7B49 1396 1607 92 121 U+304C 837 2546 57 67 U+3089 1406 2504 46 90 U+3089 432 2419 47 81 U+3044 1647 1231 64 59 U+3057 269 1272 15 122 U+3044 830 1646 69 63 U+304C 1423 1729 68 61 U+3058 1070 2475 42 102 U+307F 1046 1491 41 80 U+3078 1590 867 101 50 U+3057 844 540 22 141 U+3067 821 1709 88 82 U+4E14 820 1193 93 96 U+3057 658 2319 23 116 U+3068 1409 2594 58 43 U+7A7F 1207 1037 92 166 U+3057 1237 2386 14 94 U+3057 661 893 18 107 U+7236 621 1390 105 116 U+3075 812 765 86 58 U+3089 1624 642 53 120 U+307B 1671 1682 46 66 U+8336 1583 1447 64 117 U+3084 1614 559 69 78 U+308B 1420 2225 40 78 U+5C02 1412 2383 64 117 U+304B 838 1011 46 57 U+30C4 1629 392 49 59 U+3055 1614 303 59 92 U+51FA 1579 1234 72 63 U+7565 1029 1150 76 161 U+3092 1657 1905 62 72 U+306A 1667 1365 43 69 U+3057 262 2124 13 86 U+5FC5 1021 1579 98 82 U+3046 1676 1748 24 71 U+7533 837 1873 48 118 U+306B 827 1793 66 72 U+3057 1606 1298 13 83 U+6B64 814 2092 103 78 seg_fp 1660 1627 57 55 U+304C 1674 1431 36 47 U+3057 1060 1669 18 113 seg_fp 620 411 95 62 U+3058 1677 1815 35 88 U+3059 833 1992 47 84 U+8336 1667 1553 44 79 seg_fp 1417 1579 59 39 U+3089 1677 1481 25 74 seg_fp 830 832 59 74,umgy002-019
U+3084 373 1459 97 105 U+3031 405 1957 67 193 U+306E 791 1792 110 119 U+4EBA 1526 1555 105 109 U+7B2C 584 737 106 185 U+306E 1379 469 66 61 U+3044 1366 1719 80 80 U+306E 998 1487 64 58 U+306F 996 1108 66 122 U+3082 1546 1637 51 109 U+52B4 188 1224 93 129 U+4EBA 773 1640 124 132 U+91D1 1346 1147 111 125 U+3042 1543 1741 71 107 U+307E 1365 1459 74 104 U+3067 180 1363 98 90 U+30CF 210 490 65 43 U+3031 221 574 46 131 U+3031 420 1107 50 144 U+306B 1002 1923 50 86 U+5A18 366 1330 121 130 U+5A18 249 359 87 72 U+9F63 572 1123 124 139 U+304D 1353 2284 92 104 U+3042 1370 1892 75 108 U+5927 186 703 95 108 U+307E 1539 1148 59 112 U+3068 1368 1824 74 60 U+3066 1358 1638 85 85 U+304C 212 2479 67 57 U+308A 1371 2003 68 116 U+3089 1550 463 61 114 U+91D1 169 2543 111 111 U+6BCD 1517 2575 115 86 U+5FA1 190 1017 100 82 U+5343 1371 1041 78 107 U+82E6 190 1100 89 118 U+3042 992 676 80 121 U+304D 975 996 102 110 U+3082 1372 1354 59 97 U+56DB 585 998 99 74 U+3066 769 1040 93 92 U+3093 186 2034 127 90 U+306E 444 2312 56 47 U+308C 1534 1349 72 117 U+307F 986 1801 82 113 U+3061 441 2453 60 72 U+307E 1539 2270 63 98 U+3042 969 1252 110 111 U+5728 1361 817 88 112 U+3064 957 2028 110 84 U+304D 191 817 89 101 U+308B 1009 803 39 97 U+306A 202 2121 71 97 U+3067 1541 2375 62 97 U+3044 788 1283 81 82 U+6B64 1373 546 80 91 U+3078 370 1883 133 70 U+3053 1539 875 73 59 U+304B 1190 716 47 79 U+3078 1141 662 133 71 U+306A 409 1679 59 93 U+308A 1008 1359 50 116 U+306A 779 803 99 115 U+308A 445 2592 36 69 U+3067 356 463 58 54 U+308A 218 1570 47 108 U+30B5 401 1007 77 61 U+3042 207 1459 77 112 U+305D 191 1936 77 100 U+307E 795 1364 65 150 U+7230 191 2333 80 143 U+305E 1365 935 86 95 U+3082 491 940 36 65 U+3082 448 574 53 67 U+3072 797 2041 81 112 U+7D66 1179 567 63 94 U+7236 1522 2499 111 75 U+304A 379 1251 106 84 U+30A4 209 531 43 67 U+3093 1537 1949 92 100 U+3059 971 1571 95 109 U+305B 387 1776 79 97 U+3068 1539 790 75 68 U+305E 782 1142 91 101 U+306B 219 922 40 80 U+304C 213 1683 81 87 U+3089 1550 1851 50 103 U+305F 1369 2190 63 88 U+3089 975 2115 69 127 U+3091 348 2468 70 75 U+4E16 1356 635 100 90 U+51FA 388 1593 105 87 U+304F 808 913 39 118 U+306E 359 2372 50 48 U+3088 453 2528 29 65 U+308C 1530 934 86 117 U+3089 205 2219 56 112 U+304B 453 2178 38 68 U+304F 492 891 53 50 U+3081 359 2313 55 59 U+3068 988 911 67 78 U+306B 1388 729 53 78 U+306B 1537 1052 80 80 U+56DB 450 645 64 54 U+308B 1547 1465 56 80 U+306F 794 1523 79 63 U+5C0A 1356 2559 83 101 U+304B 1012 2224 39 72 U+3057 832 2188 18 171 U+3064 363 415 53 48 U+3075 191 1848 89 87 U+308A 986 2291 68 118 U+3053 808 1951 76 88 U+3092 355 609 70 55 U+3068 1372 2492 60 63 U+99D5 348 515 76 54 U+305F 200 1772 66 78 U+3080 351 2168 78 80 U+304D 789 2356 109 165 seg_fp 1541 2475 73 40 U+3055 1538 1257 59 93 U+4E94 458 702 59 59 U+3055 980 1680 72 114 U+53D6 364 669 52 76 U+306B 1381 1274 50 86 U+308B 1549 576 50 66 U+304C 1380 2119 75 72 U+3066 353 2600 43 63 U+3053 362 2427 51 40 U+9577 1528 2162 90 117 U+3059 344 2245 62 67 U+30A2 414 1065 55 68 U+3088 383 341 31 73 U+6210 1532 2048 106 140 U+3046 448 2369 35 88 U+3053 1546 713 59 71 U+4EBA 452 759 67 65 U+3069 458 506 65 68 U+3057 1209 790 23 122 U+3054 442 2244 64 57 U+306B 366 2542 27 56 seg_fp 381 560 33 54 U+3057 1017 2405 20 144 U+4ECB 435 439 95 68 U+3057 1400 1557 18 83 U+309D 1564 645 24 57 U+5DFB 359 746 59 75 U+96F2 441 356 88 66 U+307F 1198 490 33 58 seg_fp 1203 469 35 36 seg_fp 394 954 90 65,umgy002-021
U+91D1 426 2076 95 136 U+3092 418 1245 96 74 U+3031 828 1617 77 193 U+7BC0 1211 1183 78 170 U+3031 857 834 50 153 U+306E 1213 2342 67 67 U+3082 1040 720 43 113 U+306E 436 2327 67 65 U+304C 1040 446 63 66 U+574A 1578 1498 99 111 U+305A 1203 1968 105 112 U+3066 227 653 74 82 U+9593 1196 1749 97 125 U+3066 1409 411 57 100 U+306A 1217 1550 70 96 U+3092 1029 1562 71 111 U+308C 1396 1730 79 105 U+307E 442 539 51 108 U+308A 653 1976 48 91 U+308A 1231 2237 48 87 U+5FF5 1394 881 108 126 U+3044 1394 2025 89 76 U+8AB0 1567 315 103 109 U+306C 1397 1840 90 97 U+4ECF 1385 1008 111 128 U+3066 1022 2108 66 87 U+76F8 1011 1690 102 115 U+3066 816 2352 71 83 U+5A18 1186 924 109 126 U+3067 227 875 100 81 U+3084 1577 518 90 76 U+3092 1029 2548 72 79 U+6B63 1402 517 85 76 U+3086 209 971 107 85 U+304C 1422 1134 78 60 U+52E4 802 316 113 134 U+3067 1584 1795 98 72 U+3082 1407 2540 52 92 U+8DE1 212 753 114 122 U+5B50 1016 318 85 108 U+3093 427 1134 92 92 U+306A 1032 1154 67 93 U+3042 1593 1945 83 112 U+3051 1598 1028 65 77 U+3079 412 1060 112 73 U+5F15 810 1921 93 123 U+79C1 1565 1317 112 114 U+306B 1020 1918 80 89 U+304A 1401 805 100 76 U+6B64 1197 1074 97 100 U+308A 247 1153 49 102 U+3057 1391 314 91 90 U+304F 836 1130 48 115 U+9001 213 400 109 130 U+3078 1382 1551 117 75 U+304A 1017 1325 101 97 U+306E 825 556 69 74 U+62B1 215 2089 122 116 U+3053 636 2095 72 65 U+6CA2 417 2218 100 115 U+3082 1489 1278 44 71 U+3031 628 2509 82 111 U+306E 631 1607 73 81 U+308B 843 448 41 84 U+308C 228 2208 81 106 U+30C4 261 1254 54 56 U+3064 616 2353 85 108 U+305F 632 1242 69 86 U+3066 231 2319 73 70 U+308C 1591 1103 71 112 U+4E07 1025 2327 68 92 U+3064 222 530 89 120 U+3092 434 1967 79 94 U+3068 1409 1933 56 82 U+304F 619 2273 85 77 U+3067 623 959 82 78 U+76F4 233 1859 94 131 U+898B 1202 1862 80 103 U+3042 1019 530 82 110 U+304A 1198 658 97 83 U+306A 1217 552 68 90 U+30B5 831 727 80 67 U+3089 1595 590 53 98 U+3055 828 2138 70 95 U+3053 627 1534 82 74 U+3089 656 1787 37 107 U+308F 1221 2411 49 90 U+624B 1032 1804 63 115 U+3060 823 632 74 81 U+5750 1410 592 71 114 U+304F 625 1702 86 83 U+5BD0 207 2391 115 126 U+3044 1201 2580 83 60 U+308C 822 2236 72 110 U+3089 1414 1614 61 118 U+306B 1408 710 80 76 U+306F 1596 1872 69 57 U+89AA 410 2406 102 109 U+51FA 812 1265 110 87 U+308C 626 838 76 111 U+79C1 406 1841 116 123 U+306E 1019 830 75 83 U+3068 240 1322 58 87 U+51FA 821 2047 101 85 U+65E9 807 1004 106 125 U+3078 806 1546 111 71 U+3093 1213 1458 78 86 U+3055 1405 2333 67 85 U+985E 424 2518 84 110 U+308B 442 1537 53 72 U+30C8 848 1819 44 70 U+308B 1037 636 51 72 U+306A 829 1351 74 99 U+306A 1404 1457 69 93 U+3082 643 1036 42 94 U+306A 828 2446 71 90 U+304C 653 1907 72 68 U+306B 649 484 43 74 U+91CE 1200 314 86 101 U+3068 1596 434 53 74 U+58F0 624 313 82 173 U+3060 1595 914 80 91 U+305B 426 648 79 100 U+3067 234 1766 76 84 U+304F 1489 1219 52 56 U+304A 1582 702 100 72 U+3069 1600 1215 66 88 U+3066 1393 2470 78 78 U+3093 1019 1057 92 86 U+304C 1610 1434 67 54 U+3093 1595 1693 78 85 U+3081 1031 1424 70 87 U+304C 1031 1244 86 69 U+306B 255 1997 46 89 U+3069 234 1595 88 89 U+304D 816 2542 91 86 U+304B 1418 2264 44 59 U+904D 1015 2425 96 119 U+305B 811 1449 91 94 U+306A 437 1335 69 99 U+4E16 1184 1652 115 85 U+308F 645 2165 42 90 U+3078 211 327 113 37 U+306A 432 327 74 91 U+308F 640 1142 59 102 U+3075 217 2576 94 54 U+3053 1214 847 58 64 U+308B 253 1058 44 93 U+307C 1215 743 86 100 U+3068 1399 1374 79 80 U+304B 1036 911 47 55 U+3075 210 1686 105 78 U+5A18 692 588 95 95 U+306A 428 1622 79 97 U+307E 1594 2119 56 121 U+3066 622 2460 64 76 U+308A 451 416 45 100 U+3044 1595 2241 69 60 U+3078 1031 1510 76 69 U+3089 440 1724 48 107 U+30A2 848 791 45 69 U+3093 438 742 82 89 U+308F 1218 2087 57 98 U+8A00 1584 775 87 141 U+305D 1209 1361 66 100 U+3057 1046 2001 22 110 U+3088 253 2510 36 68 U+68D2 313 1416 89 97 U+3075 1573 2542 92 78 U+3057 1622 2318 20 123 U+307F 339 1561 32 68 U+308B 1610 2055 48 66 U+3055 1606 1605 54 89 U+3075 1385 2099 96 68 U+66AE 1200 418 83 132 U+308A 1222 2503 45 83 U+306F 634 1465 66 48 U+3055 433 1433 69 106 U+304B 1226 2185 42 54 U+3050 326 1506 88 55 U+305D 630 740 61 97 U+30C4 1422 2418 51 50 U+3069 1606 2466 59 72 seg_fp 1015 2303 89 34 U+307F 1037 983 46 74 U+4E07 422 931 79 129 U+767E 1013 2214 91 93 U+3057 653 1339 23 116 seg_fp 414 852 103 33 U+767E 422 865 84 76,umgy002-023
U+306F 95 868 77 52 U+3082 1093 2261 54 105 U+306E 1095 2086 60 58 U+306E 1476 1321 62 65 U+306E 311 1351 60 59 U+3066 876 1691 82 85 U+58F0 874 567 94 160 U+3082 115 1400 49 115 U+96F2 295 1432 93 124 U+3031 1290 2070 57 157 U+8EAB 1082 1479 71 122 U+3066 296 1793 77 82 U+6708 301 2403 77 134 U+4E2D 881 1559 81 129 U+3031 1105 472 70 202 U+306A 892 2516 69 94 U+65B9 88 723 90 129 U+5408 660 1892 115 127 U+6727 273 1188 124 142 U+306F 1459 2567 78 46 U+306B 315 2548 66 69 U+304B 117 1688 44 69 U+306E 1476 1028 66 71 U+65B9 876 2113 92 113 U+9053 97 2207 79 121 U+3061 1085 894 74 106 U+76EE 107 1305 72 109 U+6B6F 1073 1953 98 117 U+305F 492 766 85 103 U+305D 882 1350 71 96 U+306A 690 1290 71 83 U+9732 279 714 104 149 U+3042 1274 894 80 130 U+3059 93 598 83 126 U+5802 1263 2325 92 126 U+7167 301 2304 93 97 U+306E 289 612 96 99 U+3066 1087 1389 67 84 U+3081 1099 1841 63 77 U+306D 1266 1756 81 109 U+3092 1092 1606 76 96 U+7530 98 1972 96 81 U+6B64 1263 300 96 89 U+30A6 484 483 52 62 U+306A 507 1568 85 81 U+308C 497 862 73 123 U+6298 280 875 112 123 U+5F15 1268 2511 73 120 U+3078 859 503 119 76 U+3066 676 2117 81 85 U+308C 1258 1627 103 120 U+672C 1257 2219 114 113 U+30C8 1097 680 56 108 U+3068 102 1172 62 107 U+5869 1452 899 105 127 U+9854 278 299 107 134 U+308C 307 1665 70 119 U+65E5 1471 488 58 91 U+7E2E 1075 1716 102 128 U+5408 1069 2374 95 139 U+3082 1282 1320 45 99 U+305D 500 987 71 107 U+307E 693 718 61 117 U+7121 1444 762 113 135 U+9065 81 938 101 135 U+308B 913 2417 39 94 U+306A 1463 2292 70 100 U+306D 1460 308 73 103 U+3042 687 509 74 120 U+305F 1090 789 65 102 U+3084 675 629 90 90 U+308B 119 1855 43 101 U+6D99 485 2431 98 114 U+6B64 875 1462 96 98 U+30A2 1287 2024 60 78 U+6765 499 1104 87 137 U+660E 293 1894 102 115 U+898B 103 305 69 115 U+307E 1274 696 73 112 U+6839 1063 2160 107 106 U+5A18 1432 1194 119 118 U+306C 1072 2517 86 97 U+624B 1469 1405 75 138 U+3075 870 1271 97 79 U+307E 502 1859 75 111 U+306B 1285 596 53 85 U+3066 675 963 77 93 U+3066 498 1247 67 106 U+3092 673 1795 103 105 U+3059 676 2517 87 96 U+304A 483 1364 108 77 U+306F 683 436 70 58 U+304A 1455 1101 97 93 U+3064 677 837 80 123 U+3089 1284 1023 62 129 U+3092 95 2522 82 99 U+5449 489 1444 93 129 U+306F 317 1569 53 103 U+7FEB 1447 2160 102 114 U+3075 871 312 93 98 U+3055 502 1660 72 114 U+3044 1452 1546 85 66 U+3091 1261 483 97 113 U+308F 112 416 38 99 U+306E 886 1867 69 69 U+3075 1260 1149 90 72 U+30E8 497 427 44 45 U+308C 1088 1276 71 108 U+752B 96 2049 89 152 U+3078 1451 421 116 49 U+3059 1255 389 92 99 U+3042 892 2302 77 114 U+3078 1245 2468 124 42 U+3044 673 1490 84 62 U+601D 1262 1435 97 112 U+304D 894 1776 59 91 U+305F 1281 799 62 86 U+3089 334 1058 25 98 U+3055 688 1380 74 105 U+304B 324 996 35 65 U+30E2 901 919 52 58 U+306B 319 439 47 81 U+3092 1459 1815 102 89 U+3069 895 1173 76 97 U+3056 105 1761 88 91 U+3078 1251 1879 125 53 U+304B 1099 1025 45 87 U+304A 872 2038 102 80 U+307E 683 2429 64 97 U+306F 504 2548 67 64 U+306F 1472 676 71 70 U+3089 697 309 60 129 U+303B 330 2132 34 70 U+3068 322 2209 48 79 U+304C 896 2231 75 74 U+3044 890 1940 81 71 U+7389 284 533 104 84 U+304A 671 1057 97 88 U+8CDE 1456 1999 86 163 U+305F 100 516 55 81 U+5449 673 1146 90 139 U+3057 535 1963 29 139 U+308B 908 408 37 89 U+3044 489 1779 99 83 U+30B5 1294 1951 67 77 U+91CC 91 2384 88 128 U+62DD 684 2204 87 136 U+5149 299 2006 96 118 U+30E8 703 1572 46 54 U+3068 1281 1218 64 103 U+30A2 523 305 54 59 U+309E 124 1615 61 57 U+30E8 522 2125 52 49 U+308C 1079 400 74 107 U+306F 1276 1548 75 69 U+3071 1086 303 65 98 U+307F 690 2343 79 93 U+30EC 526 367 54 38 U+3057 712 2012 23 104 U+306B 1484 581 32 91 U+3069 1468 2390 84 76 U+5A18 938 779 102 89 U+305A 1461 1713 85 105 U+3068 115 1523 56 89 U+624B 685 1687 74 105 U+3089 1493 1618 34 91 U+3089 1094 1166 59 112 U+303B 119 1090 31 70 seg_fp 911 977 32 37 U+25B2 1530 1931 67 38 U+5F15 493 544 45 203 U+3031 929 1036 45 129 seg_fp 922 1009 56 50 U+309D 1483 2461 45 80 U+5F15 524 2235 45 124 U+30A6 529 2184 44 55 U+309D 911 2009 66 55 seg_fp 710 1648 30 53 U+309D 1096 1113 40 60 seg_fp 1488 1972 87 79,umgy002-026
U+3031 286 710 63 175 U+308B 657 441 44 95 U+306E 645 692 62 73 U+306E 1252 2204 76 100 U+7D05 1407 1245 108 135 U+308B 840 321 64 89 U+305F 1438 1137 58 92 U+5F7C 59 2188 112 139 U+306E 1255 2010 66 71 U+3082 268 651 49 98 U+3092 1426 2254 98 93 U+3082 651 325 54 115 U+306A 1240 1445 80 76 U+3066 840 1070 82 85 U+3072 1424 2370 108 99 U+3082 665 1626 52 101 U+4F55 251 1138 103 134 U+3070 76 2108 83 69 U+306F 255 1074 80 59 U+808C 1421 1813 114 106 U+3092 844 417 68 96 U+5F15 855 2156 88 115 U+3089 1217 947 74 112 U+4F1A 624 1371 119 133 U+884C 453 971 92 138 U+6240 1017 663 117 111 U+3066 1250 2538 80 85 U+3042 644 1741 86 120 U+6B64 1415 1700 103 95 U+6708 635 548 78 137 U+3052 1064 2422 91 101 U+672C 628 765 106 121 U+308C 1443 2129 72 115 U+304E 851 2401 114 108 U+3082 287 1247 51 99 U+3044 48 564 95 83 U+3066 449 592 68 123 U+7740 1419 1917 95 133 U+306B 1441 784 46 71 U+306A 289 2471 71 74 U+9003 1045 2303 105 117 U+3064 1433 2546 90 71 U+3069 1034 320 96 72 U+3082 863 1532 56 106 U+307E 834 766 81 97 U+3061 1243 1892 76 101 U+3064 1411 1023 89 116 U+305F 451 419 69 88 U+3089 1073 2082 51 118 U+308B 1074 1021 38 72 U+3031 1081 1491 57 151 U+6F22 836 1291 98 154 U+9E7F 1408 1359 112 138 U+30A2 1068 1315 47 62 U+3082 1239 318 48 118 U+6765 58 1277 94 139 U+5A18 237 940 124 115 U+305F 1246 1786 72 103 U+8CB0 1394 864 121 156 U+8ED2 852 2507 98 122 U+3064 437 513 93 81 U+7ACB 442 850 93 103 U+306B 1068 776 35 76 U+5F8C 1045 1640 98 142 U+304A 70 2321 97 74 U+305E 271 1417 89 94 U+308A 311 2541 45 85 U+3066 53 888 74 86 U+305D 251 562 84 92 U+3082 1265 2087 54 115 U+305F 75 1692 76 112 U+3093 1229 1345 118 96 U+304A 1400 319 113 77 U+91C8 625 1510 114 128 U+8DB3 853 1911 85 111 U+616E 639 1242 89 124 U+5BD0 1031 873 110 144 U+306E 278 1343 66 73 U+306B 1264 2307 49 90 U+3044 1412 500 91 73 U+6B64 45 979 101 92 U+3089 658 1858 57 127 U+9577 259 2363 113 108 U+53D6 836 1770 105 122 U+3090 80 2394 82 99 U+5A18 247 2169 131 114 U+5802 629 897 91 139 U+30C8 1084 2209 48 66 U+308C 274 1583 69 122 U+53D6 844 648 72 99 U+9060 624 1105 104 137 U+306E 1435 1618 69 73 U+308F 456 332 60 93 U+53D6 861 2027 69 106 U+3053 1441 2060 70 71 U+304A 1213 1536 116 82 U+9023 434 714 112 124 U+3078 614 1038 125 71 U+304F 658 1987 79 81 U+3090 1417 399 84 99 U+6B64 247 859 91 83 U+751F 1069 1770 63 119 U+3069 869 1458 65 74 U+8FFD 825 530 102 114 U+5EFB 1034 2538 122 89 U+5B50 1428 1502 83 113 U+5510 263 1704 99 142 U+3068 71 1608 71 76 U+308C 69 1991 78 117 U+304D 668 2550 76 81 U+307E 1247 1615 65 111 U+3089 1425 589 70 110 U+3075 1013 391 99 88 U+3093 74 2558 116 88 U+3078 1229 1724 116 75 U+3070 1215 607 100 69 U+3057 873 911 20 157 U+3053 282 1518 68 66 U+304A 261 2290 112 82 U+6240 49 1075 100 108 U+306B 81 1183 40 90 U+306C 70 1891 89 95 U+5C4B 260 1983 119 113 U+60AA 838 1169 101 120 U+3081 675 2474 63 75 U+624B 866 1643 66 128 U+3057 1284 2410 22 131 U+4E00 1018 619 103 19 U+8DE1 1214 1068 103 116 U+306F 1238 1194 71 55 U+3065 66 1801 88 91 U+308A 84 1415 49 85 U+305E 1024 484 97 88 U+3093 1405 692 105 93 U+306F 1051 1225 64 58 U+3064 861 2340 80 78 U+308C 662 2065 67 110 U+306F 839 868 81 72 U+3068 1462 2460 45 83 U+306E 287 2095 65 67 U+30EC 1067 1379 71 47 U+3060 1067 1902 82 105 U+304B 892 2267 41 73 U+7434 267 1839 114 145 U+3057 76 782 26 113 U+304B 1253 874 44 72 U+3089 92 2488 46 82 U+3088 1245 679 56 107 U+309E 77 709 50 71 U+3031 1084 1420 46 117 U+304B 1085 2007 42 77 U+3057 95 1494 24 112 U+3044 1221 798 85 79 U+304B 71 645 52 67 U+3089 1249 434 35 101 U+3078 1209 538 103 57 U+3069 666 2316 88 81 U+3088 680 2394 46 78 U+7537 661 2177 79 140 U+307F 1244 1271 52 72,umgy002-028
U+3046 1133 2344 31 82,umgy002-030
U+9999 820 2064 63 127 U+6A4B 333 2178 66 65 U+6885 650 2157 68 78 U+3055 599 2066 37 62 U+516B 340 2142 60 37 U+306B 672 2368 35 63 U+6709 761 2107 38 78 U+8896 813 2208 87 74 U+3092 746 2371 61 62 U+3068 549 2303 25 50 U+306F 489 2136 34 69 U+3059 596 2259 35 67 U+3051 755 2191 35 46 U+3082 541 2226 28 71 U+98A8 401 2330 96 92 U+306B 841 2281 29 40 U+51FA 585 2203 60 56 U+820E 331 2245 78 54 U+308B 757 2236 31 40 U+679D 647 2295 79 72 U+306E 751 2330 37 46 U+304C 661 2236 50 59 U+624B 543 2114 33 110 U+3089 504 2203 14 65 U+3057 610 2125 16 75 U+6625 422 2231 45 94 U+3082 756 2277 28 64 U+3075 478 2279 53 36 seg_fp 466 2223 28 44 U+8ABF 279 2307 85 82,umgy002-031
U+4EBA 1236 379 121 135 U+3032 1273 1139 86 191 U+3031 1482 1499 69 194 U+4EBA 1238 619 124 142 U+306E 680 804 65 76 U+5E74 871 1217 92 157 U+3031 1472 857 72 205 U+4EBA 1422 347 130 110 U+306E 1260 299 75 80 U+8AF8 849 1668 126 129 U+3082 1460 443 56 96 U+7ACB 459 289 113 124 U+306A 305 1603 84 92 U+3067 311 1843 84 131 U+6728 649 1127 115 120 U+5897 852 1379 118 131 U+3082 106 2286 61 97 U+975E 1242 509 115 110 U+52C7 1081 1093 83 150 U+6A2A 857 2096 120 154 U+6298 1244 1766 109 139 U+306B 1284 1313 49 81 U+305E 93 1420 101 97 U+308B 1105 994 42 92 U+306E 879 580 66 67 U+7D20 864 287 86 153 U+3082 300 578 53 102 U+307B 100 2133 86 77 U+6771 75 971 104 167 U+3068 1471 1058 63 112 U+4E2D 869 1091 90 123 U+6ADB 648 293 120 153 U+3064 77 701 92 81 U+610F 861 664 104 153 U+306E 309 2397 86 101 U+547C 1439 1193 99 122 U+3031 509 1071 51 151 U+306F 665 1706 89 54 U+9003 1249 1410 114 125 U+306A 1459 778 91 91 U+3044 666 1547 90 81 U+308A 1477 1408 49 119 U+306B 901 1996 55 95 U+4EE3 648 655 118 170 U+3075 638 1622 121 82 U+51FA 663 2503 111 92 U+3082 897 1895 56 96 U+3042 1070 514 91 110 U+305E 1072 2209 103 90 U+3092 1268 2518 79 83 U+3061 493 1581 88 116 U+9003 283 1712 120 125 U+9053 1447 2498 111 98 U+306A 85 888 84 98 U+306D 83 2384 97 120 U+79CB 643 1251 123 127 U+6765 1441 2270 114 122 U+306E 484 413 70 68 U+3084 286 915 95 83 U+3093 490 1998 89 80 U+307E 307 2078 71 115 U+3064 273 386 93 117 U+305F 500 1457 66 121 U+3093 289 1510 121 94 U+3059 1268 1648 81 111 U+6708 881 1524 80 139 U+30A2 321 1005 55 77 U+306F 490 1698 94 68 U+9003 1436 548 123 124 U+305F 312 2286 71 93 U+51FA 1076 909 102 87 U+6867 652 990 114 132 U+308A 1260 1050 75 119 U+3066 278 505 86 85 U+3070 83 418 78 114 U+3057 302 1977 92 103 U+5F15 1065 291 90 130 U+306A 881 995 78 84 U+306B 871 2252 101 82 U+3060 1088 1453 75 97 U+306A 1267 833 84 102 U+308C 1453 2040 81 129 U+306C 92 1743 89 97 U+305F 695 2419 54 68 U+3089 1275 1989 58 103 U+3055 880 2344 84 115 U+4EBA 179 389 69 61 U+4E00 1437 294 101 28 U+304F 279 289 91 87 U+3068 100 2058 72 71 U+304A 1247 2105 109 84 U+308C 1081 1661 83 128 U+308F 1466 1319 57 97 U+3044 294 1196 84 75 U+306A 93 599 76 91 U+3060 92 1323 86 89 U+307E 495 1303 72 102 U+3089 107 1843 71 119 U+3066 1060 425 83 94 U+304B 1285 1909 50 82 U+3059 1079 2444 86 86 U+6700 491 1756 85 146 U+6C17 872 824 93 160 U+843D 665 2300 106 124 U+65C5 440 500 127 130 U+304A 464 1211 119 94 U+305D 499 1908 69 94 U+30B3 114 1537 60 42 U+3078 72 2511 135 77 U+3046 121 2208 41 87 U+306B 301 2497 99 79 U+3082 681 445 54 90 U+624B 1266 2388 81 128 U+306A 301 1091 76 103 U+30F2 493 983 63 62 U+3059 889 2461 74 142 U+3069 1091 1792 84 90 U+3059 1459 674 70 101 U+308A 500 2255 83 114 U+3044 276 693 98 85 U+7121 1451 2390 99 109 U+672C 667 883 95 108 U+3078 472 1405 112 62 U+30E4 485 1042 65 61 U+3061 1253 943 94 107 U+6D12 666 2144 106 150 U+9577 1260 2184 96 136 U+3055 1082 1558 73 107 U+306A 497 2521 82 86 U+9854 852 445 111 134 U+91CE 662 530 106 123 U+306A 503 2075 71 92 U+304D 482 2366 115 94 U+306B 493 2166 95 78 U+3064 304 2201 80 85 U+308B 1096 2527 48 73 U+3089 1470 1937 68 115 U+308C 1067 783 105 102 U+5143 1445 2168 105 106 U+306F 1096 1350 50 106 U+3078 293 1355 113 80 U+304B 1468 1802 62 86 U+304B 318 1279 47 83 U+306E 1273 2317 73 73 U+4E94 176 295 65 60 U+3068 688 1449 64 96 U+7532 683 1960 72 94 U+6708 1071 1894 79 131 U+5B50 89 1203 84 121 U+8D70 1454 1682 114 123 U+9F08 656 1759 109 175 U+30A2 104 1964 67 82 U+30EC 120 1589 67 36 U+516D 173 348 63 48 U+51FA 1259 1543 98 107 U+59FF 467 625 103 131 U+3068 902 1796 57 101 U+304B 692 2055 52 71 U+3046 105 1639 53 111 U+306B 1079 2124 87 75 U+591C 1061 2011 117 123 U+304B 100 528 48 74 U+307E 497 2436 79 84 U+307F 1098 1258 43 92 U+3064 1083 2300 78 79 U+3058 314 823 70 102 U+3089 111 782 34 114 U+7530 669 1372 92 79 U+307F 1270 753 58 77 U+307E 560 903 62 61 seg_fp 1098 624 30 79 U+3068 1090 2372 66 72 U+306F 1080 709 72 69 U+3068 566 789 48 53 U+30C4 112 1140 54 66 U+309D 1486 1886 33 37 U+309D 325 777 31 38 U+307F 315 1416 47 97 U+3057 583 846 17 59,umgy002-034
U+305F 575 345 95 98 U+65B9 754 2170 104 113 U+306E 1548 699 72 66 U+3084 1144 516 105 108 U+7F8E 156 992 140 127 U+756A 972 1637 84 143 U+304B 1180 2347 46 67 U+306E 191 1281 71 62 U+6253 749 2334 114 118 U+2000B 966 591 97 116 U+4E8C 172 1365 102 58 U+90CE 1162 2526 76 115 U+899A 966 1853 98 146 U+3042 774 1967 81 101 U+306E 989 1561 63 64 U+6885 152 634 124 113 U+3068 787 1722 58 104 U+306F 1541 2580 72 53 U+6BCD 568 1051 119 109 U+7531 1424 2159 66 85 U+3082 792 433 51 87 U+592B 971 681 90 128 U+3088 197 887 50 84 U+7528 1539 784 88 137 U+3066 759 2575 70 74 U+3051 595 1294 79 105 U+79C1 1335 1303 118 128 U+306D 977 2113 69 97 U+91CC 773 1833 87 115 U+3078 748 2291 122 47 U+306F 983 1783 66 52 U+6625 160 336 116 138 U+308B 1572 2068 41 84 U+9023 746 2446 111 119 U+304B 1179 1857 45 77 U+675F 971 1998 84 116 U+5FC3 1536 905 106 95 U+3054 182 766 99 99 U+3066 1362 1769 64 95 U+308C 595 1396 74 97 U+305D 596 821 67 97 U+308A 608 510 45 100 U+3084 1342 610 102 90 U+3070 986 526 78 63 U+307E 783 526 70 108 U+3046 1386 2029 34 99 U+591C 763 1225 108 128 U+5DFB 157 1133 142 128 U+3082 1569 1728 49 106 U+308B 801 2066 34 85 U+6804 1156 1511 96 156 U+306A 981 348 75 95 U+6708 775 1116 75 124 U+7B11 979 2346 83 110 U+3057 779 346 81 86 U+304A 1341 1511 111 85 U+3080 1169 1260 86 90 U+3078 1529 500 123 81 U+3078 1138 1436 124 74 U+304C 1379 1426 77 65 U+306F 1178 1051 74 53 U+983C 1147 1112 111 144 U+5B50 988 1442 75 119 U+5176 966 976 93 116 U+91D1 1143 1944 105 129 U+983C 568 926 108 124 U+6B21 1149 2440 105 89 U+30C8 1006 2262 40 69 U+308B 800 873 44 91 U+5916 964 1096 96 95 U+3060 981 796 88 103 U+3078 1518 2510 124 77 U+3051 1542 2419 79 92 U+884C 582 614 83 122 U+306A 1363 1081 78 101 U+3057 613 1156 20 150 U+3093 1158 2256 104 87 U+3044 1355 515 85 85 U+3031 802 1564 49 159 U+4E0A 1349 1878 103 85 U+3084 769 1432 100 79 U+304C 990 900 76 64 U+3078 946 1196 119 65 U+3093 1363 794 111 92 U+6E90 1161 625 102 131 U+305B 1349 702 91 96 U+3064 1356 1677 82 91 U+8272 178 499 84 105 U+3093 1168 833 107 112 U+3054 1365 342 102 75 U+6727 769 975 104 123 U+3031 1572 1551 63 162 U+5A18 960 1252 99 122 U+66C7 769 713 95 155 U+306B 796 1349 46 80 U+305F 789 631 54 68 U+6765 1550 1914 85 150 U+3093 1362 979 98 101 U+3081 1172 1362 68 71 U+306B 1180 947 54 95 U+3093 1169 425 77 88 U+306A 1362 895 80 94 U+3089 1382 1180 45 112 U+3069 606 421 67 87 U+30C4 1007 1377 53 46 U+3055 1171 1670 65 90 U+304D 975 2590 74 70 U+3093 1160 1756 96 88 U+3075 971 2455 84 67 U+3084 1358 1963 89 68 U+3076 1349 1596 115 79 U+30A4 1366 2272 49 84 U+30D8 954 2210 132 55 U+3068 982 2526 64 60 U+3075 1534 1823 99 104 U+3065 1537 2347 115 77 U+4ED5 1540 346 104 98 U+517C 1356 2508 79 127 U+30F1 1358 2366 70 50 U+3066 1547 1114 85 83 U+3055 1171 349 66 89 U+6C17 1541 2167 107 179 U+592A 1164 2075 74 88 U+308F 1645 1227 38 79 U+3046 795 1508 47 113 U+3056 1365 417 92 93 U+3055 1168 2160 57 101 U+3055 1176 757 64 81 U+3044 1627 1357 64 38 U+3057 1581 559 15 134 U+3053 596 740 61 76 U+4E86 224 1442 41 51 U+304B 1561 439 50 62 U+30CA 1570 1473 58 72 U+3031 1381 2396 58 120 U+3086 1637 1441 60 58 U+3057 1580 1006 15 113 U+3089 990 445 41 94 U+304B 1647 1306 35 54 U+30CB 1567 1538 55 39 seg_fp 8 55 86 195 U+3057 1661 1380 17 72 seg_fp 238 1496 25 27 seg_fp 1429 2253 21 66,umgy002-039
U+5316 290 622 84 78 U+306E 301 802 62 51 U+6B4C 283 429 111 108 U+7CA7 277 711 106 92 U+56F3 294 855 75 91 U+5993 281 524 110 98,umgy003-001
U+8239 77 485 111 119 U+56F3 81 961 107 102 U+5BBF 78 612 102 122 U+3044 85 779 85 63 U+3078 75 740 111 47 U+516B 93 408 98 74 U+308B 100 899 54 66 U+7C73 69 277 128 110 U+305F 100 838 61 63 U+516B 1256 2394 57 58 U+7C73 1256 2314 58 66 seg_fp 1258 2287 54 43,umgy003-004
U+306E 423 1308 61 61 U+4F5C 1347 2313 128 151 U+306E 622 931 62 66 U+4EBA 203 1572 105 129 U+306F 1001 1140 76 49 U+8272 609 347 84 132 U+306E 806 2535 66 62 U+4EAD 1358 1821 111 172 U+306E 1567 1254 65 68 U+4E8C 199 1512 106 55 U+3072 213 2017 80 94 U+8272 1557 482 94 124 U+4EBA 1337 2156 139 117 U+8A13 1355 1650 114 147 U+6238 1372 1117 85 127 U+6625 1548 348 114 135 U+4F55 786 1624 113 118 U+5165 585 1626 133 91 U+304F 1009 1299 54 98 U+4E2D 1000 2488 76 125 U+968E 205 1290 98 126 U+306E 1010 2419 59 67 U+610F 390 695 110 133 U+58F0 405 481 85 144 U+5B50 413 1184 80 107 U+4E8C 206 1230 95 53 U+3051 1000 1990 87 112 U+5150 1560 744 98 111 U+5DFB 1554 1115 110 128 U+6885 1541 608 134 125 U+3044 991 577 89 79 U+3082 223 2229 48 91 U+604B 600 1408 110 131 U+3092 1013 1806 67 96 U+308C 798 1739 80 104 U+9591 193 360 111 115 U+306B 222 1411 78 75 U+308C 604 2167 76 105 U+305D 800 502 74 89 U+306A 206 2455 90 84 U+3042 798 749 87 122 U+77E5 784 1113 113 120 U+8ABF 390 1063 108 124 U+304D 206 2539 71 83 U+306E 215 1135 71 66 U+306A 415 957 72 87 U+521D 990 348 104 106 U+306D 799 1327 87 98 U+72C2 1350 1472 131 125 U+308B 1024 2195 40 85 U+4E94 1171 1031 114 90 U+9152 203 2116 99 125 U+3064 999 1913 84 82 U+8535 598 1264 118 141 U+4E3B 1360 2026 108 104 U+4E0E 1544 857 120 121 U+8239 595 1722 107 99 U+7B2C 1185 791 90 184 U+60C5 592 781 110 151 U+307E 1005 1402 66 109 U+4EBA 985 1041 101 98 U+306E 620 494 62 64 U+5E7D 194 468 111 100 U+8FCE 589 1841 117 111 U+88CF 794 353 92 131 U+306E 621 1541 63 68 U+9F63 1162 1177 117 138 U+308C 805 588 75 103 U+8239 593 1956 105 110 U+7F8E 1543 982 130 126 U+306B 1008 1592 71 80 U+305F 614 2064 64 101 U+3055 215 2319 68 89 U+8DE1 987 1696 109 111 U+6C5F 1378 1012 107 97 U+96EA 994 2288 97 116 U+3044 403 349 101 72 U+3042 1007 1203 76 97 U+305F 1009 2099 60 93 U+5A66 775 2191 123 132 U+306C 411 1843 75 84 U+3082 816 1521 48 96 U+3068 424 601 55 87 U+685F 579 2278 119 131 U+5BA2 995 913 92 132 U+3042 804 1846 77 110 U+5411 208 1911 104 106 U+3069 816 1430 78 93 U+6C17 408 832 104 129 U+8239 193 896 109 113 U+3067 1001 1508 82 83 U+5DDD 787 2418 95 110 U+3075 986 653 100 75 U+5DDD 602 1020 95 114 U+3068 224 579 54 85 U+305F 400 2535 72 85 U+4E09 1548 1331 103 66 U+6E4A 603 554 100 139 U+3068 611 2524 61 86 U+3055 216 1694 73 97 U+305F 414 1636 61 102 U+3089 808 1233 56 98 U+305F 211 800 65 86 U+9A12 393 1389 108 133 U+3075 411 417 85 71 U+306A 806 2050 61 77 U+540D 965 703 116 124 U+591A 799 2310 71 97 U+6A4B 588 2400 106 121 U+5BBF 211 1009 87 125 U+306C 800 962 94 100 U+306F 410 2364 71 58 U+3057 242 1792 18 114 U+3078 188 2414 119 55 U+306B 997 827 80 72 U+5504 396 1525 99 112 U+3060 805 1957 86 89 U+7230 402 2211 84 147 U+3068 998 452 86 119 U+308B 820 2126 43 63 U+3057 242 660 19 140 U+3048 412 1738 69 101 U+307E 412 2437 65 96 U+306B 631 692 49 85 U+304B 819 692 48 50 U+306B 410 2122 75 71 U+5CB8 610 1128 90 135 U+754C 401 2022 94 105 U+3089 822 872 36 95 U+304B 826 1063 49 51 U+4E16 393 1942 99 76,umgy003-005
U+30CF 489 1753 75 57 U+4F53 62 2070 112 131 U+304C 87 1883 71 54 U+4E0B 861 2493 87 89 U+30CF 665 612 64 51 U+5973 721 514 74 65 U+3042 453 319 83 105 U+4E8C 656 2313 88 63 U+3082 79 1539 58 100 U+516B 260 686 102 83 U+3082 1441 1092 50 99 U+3060 1053 2356 110 103 U+307E 665 1364 55 115 U+306A 476 1501 75 78 U+3052 460 426 101 114 U+306A 853 417 73 89 U+4E8B 1435 731 65 160 U+304B 71 326 46 64 U+30C8 673 1685 55 97 U+306E 89 2253 65 70 U+3090 283 1742 81 111 U+5168 46 1951 126 117 U+6765 1040 310 88 129 U+304B 1440 1791 63 78 U+306D 852 1935 89 99 U+3089 864 1085 51 106 U+30DB 1449 1880 69 76 U+4F55 1414 311 108 122 U+3066 1425 1006 73 86 U+304A 635 755 104 72 U+3092 656 2208 86 80 U+98F2 461 1218 103 123 U+306A 55 414 85 110 U+306A 1065 2094 75 86 U+304B 666 317 46 76 U+308A 668 1260 50 105 U+3072 654 1788 100 112 U+30C4 502 1133 51 62 U+3044 862 2135 76 75 U+306A 290 1855 73 83 U+3060 1255 2312 87 99 U+30B5 81 1300 71 76 U+308D 663 1905 75 97 U+3044 282 2073 79 71 U+307E 263 315 71 109 U+3078 1419 1735 114 74 U+3090 841 315 85 100 U+306A 856 990 62 95 U+307E 286 1323 67 103 U+3078 61 1840 116 58 U+3084 1240 1789 85 80 U+3059 281 2243 90 108 U+5973 537 1616 84 69 U+3089 1238 680 57 99 U+3078 656 2523 108 68 U+3067 293 1628 66 104 U+30A4 1440 1951 70 85 U+30A2 1260 1879 57 58 U+307E 1065 2181 73 98 U+30A2 90 2524 61 64 U+968E 652 2387 102 132 U+30A4 675 654 34 83 U+8FD4 1413 619 104 109 U+308B 479 539 39 78 U+30A4 500 1803 55 78 U+3084 1427 1441 88 80 U+304A 1232 1954 100 73 U+308C 1053 2455 129 95 U+7C73 266 550 78 127 U+3078 48 872 113 80 U+3042 484 1891 75 106 U+305F 658 1585 67 90 U+30CA 82 1196 70 66 U+306A 274 944 69 91 U+80B4 634 824 98 155 U+3061 867 2381 77 97 U+30C8 890 2035 39 80 U+3090 651 1156 79 107 U+3066 1049 608 67 75 U+3059 58 528 84 111 U+30A2 1448 1525 64 73 U+306A 1233 521 79 82 U+3089 1061 1602 63 92 U+3044 1420 1199 95 78 U+3057 859 1460 83 98 U+306D 1431 1620 77 116 U+3044 481 2512 94 73 U+3031 483 910 59 143 U+3057 75 1645 85 88 U+3093 266 843 107 93 U+306D 70 1731 80 106 U+306D 463 1345 80 98 U+3089 673 392 39 104 U+3057 1050 1698 92 94 U+308F 1245 1054 57 96 U+8A00 1424 2256 105 120 U+306A 1064 1496 66 104 U+3075 63 1472 99 84 U+3069 86 1386 81 85 U+8FD4 1043 1242 98 99 U+308F 874 1834 55 98 U+307E 863 1556 67 101 U+307E 654 1059 70 100 U+3060 282 1126 96 113 U+308C 1239 406 65 108 U+3054 90 2317 80 84 U+3058 1453 1341 68 106 U+3082 856 746 53 102 U+4E8B 1073 1348 50 146 U+306D 1320 1457 67 72 U+3057 852 1196 84 105 U+3069 303 2436 75 87 U+3057 1048 691 84 103 U+3059 262 425 79 119 U+305F 1069 2281 60 70 U+305F 1453 2521 50 73 U+3054 496 2342 90 70 U+30A2 877 1379 52 66 U+304F 836 515 92 82 U+3093 1246 2220 105 86 U+3093 858 1745 121 83 U+307E 293 2160 71 83 U+3064 1048 533 75 75 U+30CD 309 2345 65 85 U+305B 851 1657 83 91 U+307E 1250 2026 62 99 U+304B 80 796 44 75 U+5426 852 849 75 142 U+3093 274 1024 111 102 U+3053 92 2197 59 53 U+601D 1037 1040 97 102 U+30F2 490 806 50 59 U+306F 294 1954 62 116 U+308A 1246 1679 68 111 U+307E 1066 1793 64 117 U+3075 852 2210 92 75 U+306D 139 1055 68 81 U+305D 1249 1587 68 92 U+3084 854 1288 77 85 U+3075 283 2525 94 70 U+305F 1052 441 62 85 U+308C 1245 2414 84 112 U+3044 1235 1273 91 80 U+3075 478 2251 89 78 U+308A 489 1995 55 96 U+3066 847 674 72 79 U+3057 1452 881 23 125 U+3056 488 2414 97 90 U+3069 1243 788 81 97 U+305F 1444 2164 62 85 U+3055 277 757 52 90 U+308A 1241 1154 68 118 U+306F 1249 2125 63 100 U+3081 287 1532 67 95 U+3078 453 1447 112 62 U+305F 70 710 57 78 U+304C 1261 2527 80 68 U+3089 90 2403 64 114 U+305F 488 2176 65 76 U+304C 1071 2519 85 69 U+308F 1243 314 53 94 U+307E 1443 2054 68 109 U+4E00 461 1096 97 20 U+3076 666 2017 90 95 U+304B 294 1241 55 68 U+30A2 1078 2022 52 67 U+304C 662 976 70 64 U+3082 1243 948 53 98 U+51FA 1434 2377 96 74 U+85E4 527 635 73 102 U+306F 1065 1909 66 110 U+304C 504 2098 74 83 U+3068 1450 430 44 91 U+3046 876 2284 47 106 U+3064 847 600 73 76 U+3075 1225 886 89 74 U+3068 1062 944 49 86 U+304C 1255 602 77 76 U+3075 1032 864 88 82 U+3075 1041 1150 92 74 U+30A4 474 866 58 75 U+3088 1338 1381 43 74 U+3088 155 973 50 83 U+304B 1448 520 42 73 U+30CB 81 1260 69 37 U+30C4 86 635 55 72 U+305F 667 2114 61 91 U+3058 310 1421 53 113 U+3088 1065 784 45 77 U+3057 685 1472 25 114 U+3057 1470 2441 21 82 U+309D 1459 1273 35 62,umgy003-008
U+306E 422 1423 56 61 U+516B 397 2417 113 91 U+3086 609 1923 83 86 U+3068 228 1949 59 86 U+3078 783 650 123 63 U+306A 803 2321 74 80 U+5973 464 809 97 70 U+304F 625 2005 45 99 U+3082 1392 2562 45 83 U+3078 596 1876 119 53 U+30CD 1576 1394 68 82 U+7C73 402 2281 88 135 U+30A4 1005 1110 68 93 U+3089 624 833 62 109 U+5973 1048 928 88 66 U+30C8 239 305 37 83 U+3044 610 293 88 73 U+304B 630 743 48 90 U+30A2 825 1498 52 78 U+3044 1186 2304 75 78 U+3082 824 1598 49 116 U+3082 219 1069 55 101 U+304A 793 714 98 83 U+3082 614 2535 52 110 U+306A 1387 1995 72 93 U+3092 423 1634 64 95 U+3067 599 2453 103 86 U+305D 619 365 64 94 U+3060 1389 1227 86 104 U+30CF 1017 1069 74 40 U+85E4 981 1215 113 131 U+3067 218 2145 84 108 U+3082 1395 1042 51 102 U+30A2 1198 970 65 102 U+30C4 838 1889 51 53 U+4E0B 603 1779 92 81 U+3044 209 2250 74 73 U+306D 797 2150 80 113 U+4E0B 791 540 93 100 U+5FCD 1000 431 86 111 U+306E 1197 2573 59 56 U+58F0 211 406 82 163 U+3051 220 776 75 112 U+6BB5 405 1521 95 115 U+3044 607 2293 86 78 U+773C 196 2464 96 92 U+5973 1614 2063 74 52 U+968E 400 1163 101 141 U+85E4 996 2431 95 130 U+304A 1178 295 102 80 U+30E8 243 1866 48 54 U+30C8 1034 2072 40 61 U+8CD1 403 300 107 128 U+3092 218 576 75 105 U+3084 1562 2361 80 72 U+5B50 404 1295 92 109 U+30A4 435 984 41 84 U+3064 1003 657 80 71 U+30E8 1403 1341 45 53 U+3092 1014 2324 65 99 U+3089 426 2120 43 110 U+306E 1197 1200 60 70 U+582A 995 299 99 132 U+3068 1193 1295 69 71 U+3064 601 2366 86 79 U+30CD 1387 496 69 86 U+3044 1376 419 79 76 U+3042 1193 1082 75 120 U+6765 1185 652 88 114 U+306A 1388 841 71 91 U+30C8 640 1673 35 81 U+3059 607 1567 81 109 U+3084 416 421 86 85 U+3068 214 2549 44 82 U+3090 1571 923 73 111 U+306B 809 907 76 88 U+304A 403 1743 98 77 U+3069 1392 2431 73 87 U+307E 617 1456 68 108 U+5FC3 201 2053 119 87 U+3060 1571 1231 76 101 U+3057 211 1180 96 105 U+3084 1193 880 70 87 U+305B 1187 484 84 85 U+3067 1577 824 69 92 U+308A 1011 1661 65 121 U+7C73 1381 2102 79 117 U+3042 1009 1554 80 109 U+3044 214 1759 85 91 U+306E 813 1978 68 78 U+308B 1398 928 53 82 U+3044 1379 1745 92 80 U+3066 197 2388 77 76 U+306E 418 694 60 72 U+3060 418 593 84 100 U+3055 1579 300 64 88 U+6C17 1188 1894 77 140 U+3093 1572 1124 89 100 U+3093 1005 1435 104 98 U+3078 1181 574 105 61 U+308F 1574 2546 56 76 U+7656 1365 591 105 148 U+3044 613 645 82 86 U+305F 1192 2471 60 90 U+3093 410 2559 94 75 U+3075 1369 2515 90 60 U+308F 226 1583 61 96 U+30A2 1394 1639 60 76 U+30C8 436 1082 33 57 U+3075 190 989 115 86 U+30CF 427 948 66 37 U+308C 1198 376 66 106 U+3075 794 1713 103 85 U+3057 1031 734 23 158 U+304C 234 1503 74 60 U+3053 1392 2223 59 74 U+306A 420 1945 72 95 U+306F 1381 2385 75 50 U+305D 1567 2170 68 94 U+3092 1195 2189 68 84 U+85E4 1418 1436 79 99 U+3061 223 1388 76 119 U+306B 1400 741 44 84 U+30A2 1594 2449 39 69 U+307E 622 954 65 118 U+3055 808 300 71 91 U+3058 1594 712 49 114 U+306A 1543 1866 54 68 U+5973 871 2406 79 70 U+306F 1574 1341 59 45 U+85E4 669 2146 72 86 U+308A 1567 2264 70 97 U+3057 831 390 22 133 U+3093 1385 1138 89 90 U+3088 1593 547 43 92 U+3070 1601 1711 64 53 U+304A 1541 1498 60 54 U+306B 1009 2566 75 77 U+304B 229 699 49 72 U+308A 814 794 63 112 U+30E8 1211 1575 44 48 U+30DE 822 1447 59 43 U+3081 618 1183 71 82 U+4E00 786 1838 110 23 U+969C 1181 2037 99 154 U+304B 829 1014 47 67 U+3069 223 902 79 87 U+306E 1608 1545 43 51 U+308A 1595 447 42 89 U+306F 1582 393 65 54 U+305F 1579 1035 55 91 U+304C 814 2577 66 60 U+304C 1024 1791 80 101 U+3075 1372 2298 83 85 U+304B 425 509 51 73 U+308A 617 1325 68 113 U+3055 1009 554 70 99 U+308A 1194 769 62 117 U+85E4 858 1284 78 100 U+3055 1019 1351 58 88 U+3078 795 2270 106 51 U+308B 231 1677 54 80 U+3064 1600 1772 58 50 U+308B 819 1153 52 87 U+3064 1190 2383 76 90 U+3053 1604 1498 51 47 U+3075 1176 1365 90 96 U+3046 232 1287 45 102 U+304C 631 475 77 70 U+308A 417 1818 66 124 U+3064 207 2322 78 66 U+30DE 1399 1589 58 48 U+3075 1002 1972 84 82 U+307F 819 2059 45 87 U+308F 1396 1888 46 102 U+305F 618 1077 57 79 U+3053 1605 1601 50 46 U+3075 1564 640 80 86 U+3075 1541 1550 63 46 U+3055 417 2470 53 94 U+308A 1211 1457 47 120 U+3078 597 1265 108 63 U+304C 430 2039 72 80 U+4E0B 785 2500 85 76 U+305F 1011 1889 62 84 U+308A 1382 292 66 123 U+30F2 1201 1654 58 80 U+3046 1618 1821 26 65 U+306F 1605 1995 54 34 U+3057 1543 1934 57 62 U+304B 1557 1595 35 36 U+3058 1619 1886 39 76 U+3058 1531 1766 69 92 U+30C8 1196 1784 61 82 U+3054 1549 1668 57 56 U+3068 1613 1647 31 66 U+30C4 1197 1720 65 62 U+676F 1014 2168 79 147 U+3093 1604 1955 46 41 U+309D 1410 1823 31 51 U+305E 1550 1724 46 79 U+305F 1550 1633 46 41 U+3057 640 547 30 101 seg_fp 894 2559 35 50 U+309D 830 1076 35 75 seg_fp 904 2492 18 71 seg_fp 407 2250 107 71,umgy003-009
U+3082 1223 1245 53 110 U+3082 1035 1958 51 101 U+4F55 1009 1845 109 123 U+306F 625 2203 80 51 U+306E 1034 1154 74 92 U+3082 1043 1025 56 130 U+3082 1413 762 56 101 U+3082 841 1391 48 88 U+3082 51 351 54 102 U+5EA6 230 373 106 148 U+306A 254 1458 81 86 U+4ECA 428 2329 112 134 U+79C1 1195 1126 101 125 U+3066 841 585 50 130 U+306A 1214 1017 82 92 U+85E4 1391 2247 99 131 U+308D 831 1916 74 107 U+3042 1414 1573 78 116 U+65E5 635 2530 49 63 U+306E 832 2472 59 61 U+30CD 641 2264 68 78 U+4ECA 995 1331 128 135 U+5FC3 1395 878 118 97 U+5408 1385 1069 130 123 U+5FC3 31 538 114 90 U+3082 1049 1629 47 121 U+7C73 1405 556 90 131 U+304A 40 457 95 84 U+30C8 1241 1808 43 99 U+30A2 258 840 61 87 U+516B 40 1680 106 97 U+9152 431 1573 101 139 U+4F55 1387 2513 109 96 U+304B 1231 284 51 59 U+308B 68 1431 36 96 U+306A 254 1713 77 89 U+3089 443 2215 68 107 U+306A 258 2143 69 116 U+3089 469 982 38 116 U+304A 1207 801 112 82 U+3044 1212 2372 81 67 U+3067 39 270 88 84 U+516B 1402 714 100 55 U+4E01 239 273 91 104 U+3092 1222 2239 67 101 U+3093 252 2057 97 96 U+306E 627 1634 71 79 U+5451 1193 892 105 123 U+306D 1481 1441 69 77 U+30C8 72 965 41 100 U+4EFB 33 646 95 119 U+8336 823 1049 84 149 U+304B 471 899 38 82 U+3088 1045 1235 45 87 U+8A00 1014 2079 95 134 U+3078 605 2130 117 73 U+70B9 1403 1191 93 118 U+843D 817 279 100 160 U+3075 607 759 96 66 U+5B8C 40 2124 96 139 U+306F 46 1784 78 37 U+306A 452 1941 77 105 U+5451 806 733 121 118 U+3089 1224 681 60 111 U+304A 238 1230 105 83 U+306D 1023 2214 77 98 U+6050 815 1799 107 111 U+305B 239 1552 95 97 U+723E 40 2262 84 103 U+3055 1416 2366 61 86 U+304B 1233 601 47 83 U+3059 1203 2518 88 95 U+3067 254 1095 75 118 U+3072 1021 635 93 96 U+3089 268 2260 43 117 U+30A2 626 1905 74 105 U+3066 36 2034 82 84 U+3071 453 1321 69 127 U+3093 1392 2445 119 75 U+30E8 270 709 44 49 U+4E8C 619 2361 90 46 U+304E 830 2289 103 97 U+5451 1204 1369 108 128 U+5C45 429 661 93 131 U+306F 1214 1735 86 57 U+3044 624 677 91 82 U+3072 29 2499 81 101 U+306D 618 2014 83 117 U+3084 31 1349 105 86 U+3059 1211 1605 86 121 U+3078 805 972 116 72 U+30CA 651 1041 52 81 U+3084 617 274 100 67 U+307E 1028 423 74 117 U+3067 49 1247 75 96 U+306B 1419 976 70 84 U+85E4 1076 276 81 100 U+305F 1219 501 60 84 U+305D 253 1964 74 97 U+308C 630 1268 74 114 U+306D 813 852 89 114 U+7897 1196 2101 114 136 U+7740 829 442 80 140 U+3064 827 1601 87 91 U+30A2 1426 2151 61 73 U+304F 639 559 50 115 U+3044 239 620 93 83 U+5451 615 1518 107 113 U+7C73 43 1538 86 145 U+3060 1209 2438 80 82 U+30C8 848 2540 35 72 U+3057 1408 283 87 103 U+306D 710 924 55 70 U+3051 45 1934 80 112 U+3093 829 1291 109 91 U+3059 820 2179 97 111 U+305F 1416 457 65 92 U+308A 461 1444 46 115 U+3068 845 1692 50 101 U+6765 1206 358 87 140 U+3061 832 1490 78 113 U+3044 1023 939 93 77 U+306F 1034 1573 78 54 U+7B11 27 2359 97 134 U+3089 1040 2477 61 122 U+308F 842 1198 42 98 U+30B5 1425 2084 69 68 U+3067 443 555 85 109 U+3044 241 1015 91 78 U+305B 32 765 88 90 U+3075 431 366 86 89 U+3044 450 2049 87 87 U+307E 1216 1500 66 106 U+3058 653 1714 54 116 U+305D 625 1172 73 99 U+30DE 256 787 62 48 U+305F 448 797 61 84 U+3088 462 275 54 94 U+30B5 54 856 69 65 U+3057 858 2021 19 132 U+30C4 467 1227 50 77 U+3064 240 938 97 74 U+305F 1410 1903 70 91 U+65E5 1037 1467 60 99 U+306F 443 2547 68 48 U+3088 267 512 48 107 U+3069 265 2397 73 98 U+3055 444 1109 68 120 U+308B 842 2376 55 74 U+3075 242 2492 96 98 U+3067 631 1381 64 124 U+304C 1421 1827 84 79 U+3055 636 340 57 98 U+30CB 635 1121 72 40 U+3084 626 1822 79 82 U+3075 1397 1995 95 71 U+65E5 451 2461 58 80 U+85E4 312 1813 83 100 U+3064 39 1079 88 81 U+3088 722 849 38 74 U+304B 1046 2386 47 88 U+6C17 446 1698 108 166 U+3044 40 1166 87 78 U+3057 661 449 22 111 U+3057 1045 813 30 125 U+3078 1013 2316 95 41 U+3055 1033 730 64 88 U+304C 464 1867 69 66 U+5449 235 1312 101 141 U+4E09 611 2436 93 66 U+3088 1503 1354 34 84 U+8336 1206 1927 83 180 U+304B 473 2133 39 75 U+3046 56 1839 49 99 U+308A 1417 1688 62 128 U+3058 469 460 53 93 U+3078 250 1654 91 57 U+3075 1022 1750 95 74 U+304B 1434 386 41 70 U+305F 1033 543 58 75,umgy003-010
U+306E 213 812 65 54 U+662F 389 709 81 99 U+7C73 1568 2371 68 86 U+6765 383 615 99 97 U+5F93 379 539 110 92 U+3042 206 596 63 87 U+3044 292 547 62 56 U+3055 307 825 40 60 U+820C 374 444 93 90 U+5507 293 737 61 89 U+304D 218 682 67 94 U+3070 304 650 46 82 U+3078 287 607 79 45 U+57FA 379 895 112 98 U+516B 1581 2486 57 49 U+305C 206 962 78 90 U+798D 368 815 108 86 U+3057 300 911 77 90 U+7269 291 450 70 81 U+53E3 400 382 63 63 U+304B 225 901 24 72,umgy003-013
U+3031 412 1102 71 190 U+3058 427 1415 60 148 U+3082 624 1854 45 118 U+306E 1574 2101 67 66 U+3082 414 999 51 104 U+4FAD 185 1373 110 142 U+6BD2 374 585 112 142 U+3066 206 1715 69 88 U+3066 1387 2045 59 112 U+305A 1183 2026 107 111 U+8003 973 344 99 135 U+6BD2 173 2231 120 131 U+3066 611 1745 67 110 U+306A 801 1814 78 88 U+69D8 973 1339 108 132 U+3082 1196 1669 50 101 U+306A 612 1493 71 95 U+30A2 232 1278 52 57 U+3078 977 491 113 62 U+60AA 199 2111 95 112 U+6848 770 713 108 145 U+306E 1581 2437 56 53 U+3066 991 547 67 84 U+540C 398 1311 82 123 U+3060 411 729 66 89 U+306D 582 547 103 114 U+306A 1185 1145 75 75 U+3082 1389 781 51 92 U+306A 1385 1231 70 85 U+6D99 789 2045 99 120 U+3064 1173 1541 88 125 U+3031 1185 2445 69 187 U+3044 790 1391 96 80 U+3044 1185 2263 78 71 U+3082 408 1896 60 96 U+9EA9 184 2452 110 113 U+85E4 874 2439 74 91 U+5FC3 1175 1058 96 76 U+305B 391 1587 95 91 U+3044 400 845 84 76 U+5B9F 999 1842 80 152 U+3082 1009 1473 42 89 U+3092 805 2153 80 92 U+6CE3 595 1616 105 135 U+3042 1386 2414 72 124 U+51FA 985 1077 103 93 U+3068 214 1998 55 91 U+3051 1563 944 84 116 U+305F 410 2423 57 77 U+3068 1385 1816 74 69 U+601D 989 734 88 96 U+3061 1004 2193 77 105 U+308A 820 1262 40 104 U+9803 594 2557 98 110 U+3091 1366 437 93 89 U+3064 397 922 84 73 U+306F 209 1131 70 66 U+306B 205 1512 79 74 U+3068 1577 533 50 84 U+3070 803 1069 78 126 U+601D 790 604 89 103 U+30C8 1597 1314 32 72 U+8FD1 604 2447 67 111 U+307E 807 1469 54 121 U+3084 994 2403 86 75 U+3060 204 925 88 104 U+308D 1185 2337 71 108 U+6848 979 841 98 145 U+3068 1572 2189 72 76 U+3066 792 973 66 91 U+7CBE 385 2524 98 130 U+3086 1360 342 96 92 U+304F 802 2344 51 88 U+306F 801 1596 70 131 U+304F 1383 1547 66 93 U+3082 1007 628 47 88 U+306A 1182 1787 87 119 U+3078 579 661 117 70 U+3093 1572 1859 87 86 U+308A 605 1156 67 127 U+304C 1393 1126 75 81 U+3093 206 811 80 91 U+5F97 1173 939 90 130 U+6C17 403 345 75 148 U+3075 404 1815 78 88 U+3042 1185 1223 79 129 U+306B 1377 1456 87 88 U+7121 1167 819 92 121 U+5026 384 2288 122 134 U+308C 1563 1055 84 131 U+3058 1563 346 93 89 U+308F 616 1047 53 110 U+306B 1378 527 74 76 U+9032 179 340 113 139 U+3061 594 2175 88 107 U+30A2 610 2356 69 84 U+3044 1381 1889 83 74 U+3084 603 2271 71 81 U+3075 982 1245 90 86 U+4E8B 1386 1001 59 127 U+3061 208 1809 78 108 U+304A 1179 347 88 76 U+30DE 233 1224 56 44 U+3044 602 1287 93 84 U+3064 797 500 65 74 U+5B09 1544 626 104 121 U+8FD4 1367 890 102 105 U+5929 197 2376 94 83 U+306A 997 1576 80 102 U+3057 235 1599 18 118 U+306B 1198 738 50 72 U+306E 410 495 53 82 U+3055 1188 1438 64 101 U+3075 799 2256 82 86 U+6700 399 2010 82 151 U+3082 219 476 46 112 U+3064 209 1916 75 76 U+3059 1619 1405 51 82 U+304A 783 342 95 88 U+3068 1194 2127 51 102 U+3093 1184 649 84 73 U+7F85 192 2566 101 101 U+6069 1377 2193 89 128 U+3066 204 1037 67 85 U+3075 1365 702 89 74 U+3089 631 1982 33 103 U+3057 1409 1638 17 139 U+304D 1007 2295 70 109 U+3051 1568 2579 69 79 U+3044 1176 1352 80 75 U+3054 1579 1687 89 66 U+3088 621 349 48 82 U+308B 1382 2542 84 115 U+306E 998 986 68 87 U+3064 1385 1966 74 79 U+308F 1018 2093 42 96 U+3069 1390 620 67 84 U+304C 617 962 68 63 U+308A 1584 2346 46 82 U+3044 790 436 79 65 U+3069 1575 1189 70 97 U+308F 621 1390 51 98 U+305E 1576 1757 86 103 U+306B 1017 1996 44 83 U+3068 1002 2544 74 63 U+3075 1553 2267 90 83 U+3088 1008 1167 44 82 U+3057 1025 1678 29 140 U+308F 1586 2500 45 77 U+304B 812 1193 40 71 U+30A6 811 2593 55 60 U+307E 1198 429 51 108 U+3089 1191 1918 54 118 U+306E 1395 2322 57 75 U+3064 602 2091 88 59 U+307F 1584 438 40 88 U+30B3 816 2557 47 28 U+3064 1004 2605 76 48 U+5EF6 585 741 105 91 U+3044 1564 848 85 78 seg_fp 1603 1948 17 123 U+3046 1560 1408 34 46 U+308A 409 1682 60 117 U+30A2 1023 2481 47 58 U+307F 1548 1500 59 61 U+805E 397 2169 91 134 U+306E 208 587 66 76 U+3057 823 868 16 107 U+3057 635 430 19 115 U+3402 583 825 95 131 U+308B 1556 1456 40 46 U+3053 1613 1491 46 54 U+30A2 823 1728 44 87 U+30C8 827 1925 31 42 U+3053 212 746 61 65 U+3091 1551 1614 52 60 U+3057 1635 1546 18 95 U+308A 1387 1318 58 122 U+306F 1195 580 53 69 seg_fp 1208 528 36 57 U+3057 1586 766 29 82 U+3054 1554 1560 54 53 U+309D 227 661 26 59,umgy003-015
U+770B 837 1434 94 154 U+306E 293 2104 61 61 U+7B46 273 1441 86 161 U+5BB6 58 558 86 148 U+306E 656 1307 66 67 U+306B 1438 709 56 84 U+306E 1241 1628 84 69 U+5408 844 1876 111 131 U+3092 459 334 72 108 U+8AB0 247 1207 115 146 U+639B 262 2184 117 118 U+306E 80 2066 67 68 U+6C50 848 1742 105 136 U+306E 1254 2574 72 71 U+898B 452 462 99 117 U+3073 848 1131 87 101 U+75B3 817 582 122 124 U+305D 478 2497 74 81 U+306E 274 649 66 58 U+679D 1028 928 119 118 U+306E 680 2458 52 69 U+722A 1430 430 75 124 U+5F3E 1414 554 109 142 U+3066 636 338 77 74 U+304B 82 1291 53 90 U+3092 1044 1047 91 77 U+5E8A 265 732 87 147 U+3069 82 1589 73 92 U+6C17 1233 1462 97 157 U+56E0 67 1931 80 123 U+3082 490 2574 50 76 U+3067 1034 715 88 77 U+306B 1057 1557 89 92 U+3093 1227 981 130 96 U+3082 304 2288 46 97 U+5B98 850 1585 81 138 U+9593 265 980 90 122 U+3084 1228 1385 101 83 U+5E45 267 1967 106 119 U+5408 50 1018 99 124 U+694A 1028 795 122 140 U+66AE 453 894 95 141 U+4F3C 42 910 112 113 U+547C 828 455 106 114 U+3054 1233 919 108 68 U+306E 1224 672 111 102 U+6B64 251 342 97 93 U+5316 452 1132 96 132 U+306E 856 2005 93 94 U+306A 483 2238 76 95 U+307B 871 2110 82 94 U+304B 301 1798 42 61 U+305B 457 691 75 82 U+6642 654 2148 95 123 U+3066 1422 337 74 71 U+766A 826 705 99 140 U+671D 1029 1977 125 124 U+3044 1236 2329 113 83 U+308A 883 2543 44 92 U+308D 648 541 75 93 U+3092 865 2287 85 83 U+6D17 648 1641 92 131 U+9418 1223 755 105 159 U+3089 488 1769 65 148 U+5408 448 569 112 120 U+308B 72 466 56 86 U+968E 257 515 93 123 U+FA55 1231 1147 104 154 U+3092 659 1527 74 99 U+5F15 663 1899 76 134 U+3042 285 2468 77 95 U+306A 1055 2095 101 95 U+308C 471 2404 118 91 U+306E 291 2383 70 64 U+3051 1055 1717 91 115 U+306D 59 1492 94 102 U+3057 849 937 87 108 U+3053 1065 1639 69 77 U+91CE 464 778 81 110 U+3068 1239 1060 69 91 U+3082 1269 2399 57 110 U+306F 67 811 76 60 U+308B 287 1698 61 90 U+3078 454 1702 115 70 U+3072 661 1777 78 92 U+70CF 1233 1970 109 139 U+7B49 68 2406 90 142 U+304D 1238 1702 82 106 U+306F 877 2377 62 109 U+308C 1052 1441 97 119 U+306B 268 1093 80 91 U+3042 77 2140 85 107 U+305F 1241 1887 77 83 U+306A 284 1604 72 98 U+306B 470 1400 70 76 U+304D 1236 1277 82 109 U+306E 276 882 61 69 U+3093 662 2350 120 86 U+304A 638 887 102 92 U+55DF 822 337 105 116 U+304B 75 333 55 79 U+306B 78 2326 75 68 U+304C 298 1356 65 65 U+3076 665 2268 92 85 U+3056 1248 2221 97 111 U+660E 1222 572 102 101 U+3044 1231 1811 98 76 U+305F 480 1495 58 119 U+3089 676 1174 40 105 U+8FBC 651 2045 97 93 U+3092 1041 2189 113 82 U+9593 674 2543 53 94 U+306B 67 1822 81 84 U+3076 650 1062 86 104 U+3068 474 1037 51 81 U+306E 849 1047 69 82 U+3081 1064 1828 84 81 U+304C 1078 1908 79 53 U+3089 89 1381 36 115 U+307E 852 1323 73 88 U+308A 303 2564 42 67 U+308B 499 1918 35 103 U+8DB3 645 1412 85 111 U+3068 488 2160 66 70 U+3064 1045 1134 100 77 U+3053 486 2041 63 111 U+304B 674 978 44 80 U+3053 76 1688 77 74 U+7269 449 1269 109 127 U+3075 1038 1261 97 89 U+306B 73 709 43 94 U+306E 853 851 61 71 U+308B 89 2245 52 77 U+304B 885 2486 42 61 U+3054 869 1247 80 66 U+3057 1092 2270 19 145 U+3068 478 1615 68 82 U+3078 1022 668 118 53 U+3057 96 1132 13 140 U+4E00 305 1898 66 12 U+304B 494 2333 49 69 U+3088 658 433 53 109 U+304F 1244 2513 81 54 U+3069 873 2205 75 75 U+3057 105 2542 15 102 U+3046 1054 577 49 91 U+304F 660 782 47 99 U+304B 1068 1207 56 62 U+4E8C 263 448 81 57 U+305D 1052 1334 80 109 U+3057 680 650 13 132 U+309D 84 417 34 50 U+30B5 1252 2106 85 69 U+30A2 1262 2160 65 67 U+303D 1253 520 154 103 U+309D 97 1766 29 52,umgy003-018
U+3082 211 1013 61 89 U+6C34 415 478 69 142 U+30C8 431 1695 39 87 U+306E 416 1177 66 68 U+4EBA 189 2171 112 109 U+4EBA 385 1055 114 111 U+820C 1282 1043 126 157 U+6D41 398 711 103 136 U+306E 217 2291 60 74 U+306E 415 632 65 61 U+304C 419 1617 67 58 U+3070 1097 1331 68 136 U+5E7E 401 2287 89 139 U+662F 1288 1584 125 173 U+5507 1068 1480 136 149 U+304B 236 1835 41 86 U+5F93 1251 1230 185 166 U+884C 420 361 74 114 U+305A 205 1349 105 107 U+76EE 216 902 63 116 U+306E 409 1893 66 71 U+7E70 188 357 118 132 U+51E6 182 2389 121 151 U+306B 225 1736 48 89 U+3066 406 2176 56 109 U+5EA6 398 2429 91 116 U+6765 1258 1393 175 171 U+53E3 1293 927 117 65 U+7B2C 585 799 108 161 U+3064 193 601 98 127 U+798D 1236 1776 188 165 U+8FD4 187 497 106 103 U+5185 408 1982 74 101 U+4ED6 190 801 107 106 U+9F63 583 1155 120 128 U+308C 404 847 72 100 U+53E3 407 1814 70 78 U+3080 1074 1775 121 104 U+306E 934 1696 101 131 U+304B 421 2560 38 54 U+306B 411 2084 68 93 U+7269 1080 1046 118 128 U+304D 945 1497 98 165 U+53E4 191 1624 99 111 U+3075 198 2017 86 79 U+3055 405 1424 66 94 U+3075 200 1124 88 113 U+57FA 1251 1930 168 165 U+304F 412 1514 50 84 U+516D 594 1017 97 92 U+4E00 200 2133 87 15 U+3088 227 1912 47 102 U+3042 945 1345 88 161 U+3078 1073 1278 124 75 U+306E 413 1343 58 76 U+3057 1127 1873 18 173 U+7A3D 189 1463 119 161 U+3044 1091 1181 94 93 U+3089 225 1241 43 114 U+3055 1104 1634 72 130 U+304B 956 1867 64 114 U+3068 416 945 49 109 U+5973 189 2539 100 60 seg_fp 937 2041 81 105 U+307F 422 1267 44 73 seg_fp 949 1970 98 101 seg_fp 236 722 50 58 U+309D 235 748 24 33,umgy003-019
U+306E 1172 1875 67 73 U+30C8 1366 718 61 96 U+4E39 254 1154 76 78 U+591A 381 1813 71 144 U+4E45 1519 1152 101 114 U+5BD4 184 1313 93 156 U+5305 1154 1961 98 136 U+30C8 600 1254 54 90 U+3078 756 1200 116 69 U+6BB5 583 2125 92 121 U+5973 556 1371 119 89 U+304A 1334 1230 111 85 U+3081 1152 602 83 83 U+3082 1547 2512 60 87 U+304D 385 1192 79 117 U+306E 394 1482 65 73 U+3079 1333 454 113 78 U+306F 385 352 78 60 U+304A 751 884 108 77 U+307E 774 633 77 100 U+3089 994 2392 64 120 U+6065 1341 2259 115 109 U+623F 578 1478 91 145 U+306A 598 1070 66 97 U+306A 1535 439 81 105 U+7D19 1146 1715 115 157 U+8CD1 163 350 117 136 U+3042 587 1715 86 115 U+8D64 1147 356 92 141 U+8868 388 1318 86 161 U+3042 382 427 82 101 U+3044 967 1464 101 83 U+3089 1163 496 55 103 U+4E8C 763 993 95 59 U+3057 1192 1391 25 171 U+30E8 604 1176 46 53 U+306A 973 818 79 113 U+9577 1330 1316 106 152 U+30A2 1542 1081 62 72 U+305F 1339 359 98 96 U+968E 764 1056 105 143 U+3044 763 1265 94 97 U+5EA7 380 988 79 186 U+306F 1346 1469 80 59 U+307E 778 1873 75 100 U+968E 570 2243 106 136 U+5B50 578 2376 96 103 U+308B 407 601 38 96 U+5BE1 351 1956 125 177 U+3044 580 1835 98 83 U+6625 192 666 65 144 U+3072 1163 1294 84 99 U+968E 371 773 100 139 U+3042 1538 804 73 119 U+30C4 1001 2543 55 52 U+304C 604 1633 71 73 U+3089 1550 1800 52 114 U+3044 774 1776 94 85 U+3044 980 2314 83 74 U+306E 387 2249 66 72 U+3066 976 591 47 95 U+306B 206 1483 44 80 U+4EBA 574 2536 102 89 U+304B 1557 1711 44 87 U+304D 189 1024 70 102 U+3057 1564 1254 19 143 U+6253 954 347 104 114 U+306E 198 2068 69 75 U+53EA 1160 2213 77 92 U+307B 1171 1183 77 112 U+306F 394 1741 65 57 U+3051 987 1756 62 109 U+305F 1358 2156 65 88 U+3052 595 821 81 116 U+308B 998 1868 43 105 U+3057 766 352 91 96 U+3044 1341 836 96 90 U+5B09 1319 1539 123 119 U+7C89 756 2498 112 115 U+3084 967 1049 80 91 U+6240 1532 2007 105 114 U+3068 1170 2528 53 84 U+3052 186 819 105 117 U+304A 173 1845 109 78 U+3092 593 504 62 97 U+3046 1554 341 43 102 U+3066 1350 1125 69 89 U+308B 1555 923 45 96 U+61D0 1147 1560 103 152 U+304E 1540 539 88 104 U+9023 950 455 111 133 U+3084 1527 644 88 81 U+4E8C 368 712 99 62 U+308A 994 1637 46 108 U+3031 1172 2426 66 124 U+3057 1181 681 20 158 U+3060 1542 1615 85 87 U+304A 173 1565 107 94 U+4E8B 197 2141 67 141 U+3092 178 2280 82 90 U+308C 1350 999 82 121 U+3082 1364 1904 53 101 U+5F80 372 2340 96 141 U+306B 993 1142 49 88 U+3042 595 721 68 101 U+3046 992 712 41 106 U+304A 570 622 105 95 U+304A 1148 1095 106 87 U+3057 769 1575 94 104 U+3088 1366 518 51 93 U+30A4 1169 2379 57 84 U+307E 1365 2020 61 137 U+3084 774 1680 80 92 U+30A2 202 1753 55 73 U+6A4B 360 2127 105 119 U+306B 1540 2116 76 75 U+3076 1533 1409 101 94 U+304E 977 932 86 118 U+304F 1360 2525 41 83 U+306B 588 2024 78 79 U+304A 1527 2227 102 73 U+304B 404 1567 46 88 U+305D 594 1921 64 102 U+98EF 1531 2311 101 118 U+76C6 567 362 100 140 U+3053 982 1254 70 70 U+307F 1174 2115 49 77 U+7533 595 938 56 130 U+30C4 800 1489 53 62 U+306E 374 908 79 80 U+305F 979 1546 70 94 U+3044 771 547 84 77 U+3057 1386 1665 16 139 U+3081 192 1922 74 84 U+4E00 1520 1949 110 16 U+308A 1558 1502 42 106 U+3075 173 581 96 81 U+3089 210 1660 53 93 U+304B 1370 2364 44 74 U+304C 1529 723 87 83 U+6765 379 2491 80 110 U+3057 804 728 25 131 U+3057 807 1967 27 129 U+3084 764 444 87 96 U+3066 192 2534 54 73 U+306B 1182 993 48 81 U+3067 1540 2433 69 77 U+6848 163 2377 110 150 U+304A 762 2111 108 97 U+305F 395 1657 67 83 U+306F 1351 937 92 57 U+3075 1343 610 81 91 U+3084 1060 2174 60 60 U+308F 197 489 50 93 U+30A2 1173 2326 54 70 U+591A 775 2213 78 114 U+30DE 1555 1030 50 37 U+304C 402 522 67 77 U+3078 172 2007 126 51 U+8449 781 2337 75 152 U+3046 1071 1967 35 69 U+3089 791 1366 61 122 U+305D 974 1330 79 109 U+3057 1387 2431 22 96 U+34B5 1156 843 86 147 U+3057 213 932 18 93 U+304F 1346 1819 91 87 seg_fp 197 1250 93 94 U+304E 1058 2102 70 75 U+4E8C 574 2499 90 34 U+306A 1059 2032 53 72,umgy003-021
U+3058 1084 1691 47 144 U+3082 1049 623 57 100 U+306E 1436 819 67 69 U+30C8 1261 1168 46 91 U+8AC7 243 841 111 129 U+3082 1059 1323 53 98 U+304F 274 731 55 107 U+304C 873 2142 74 63 U+3092 1419 2531 96 67 U+306E 660 1486 60 66 U+91D1 640 909 99 122 U+306E 478 1937 63 60 U+3044 48 567 98 72 U+5BC4 1423 1618 100 169 U+3066 648 786 59 108 U+4EBA 1216 406 106 104 U+3092 46 1258 103 78 U+5ED3 440 1081 115 150 U+306B 1257 2526 48 69 U+306E 659 2004 66 58 U+306F 1428 530 73 41 U+884C 639 1226 94 136 U+308B 1062 452 44 87 U+6CA2 641 1035 100 127 U+65B9 256 1456 97 116 U+306B 1244 2211 66 94 U+3066 453 672 72 84 U+639B 447 2020 127 135 U+3059 644 2374 90 99 U+5973 1405 428 107 75 U+306E 80 2535 63 61 U+884C 1229 1737 94 113 U+4E0B 1224 986 96 93 U+624B 1437 916 60 136 U+6885 635 1848 119 134 U+306F 465 1299 73 55 U+306D 1052 2344 78 110 U+306B 671 2277 57 83 U+968E 1413 581 109 137 U+5408 451 2133 118 130 U+307B 1245 2032 85 95 U+5C0F 1229 2311 102 93 U+3093 851 851 87 121 U+308C 648 674 72 107 U+8A70 455 1787 106 128 U+3059 1416 1051 92 93 U+969B 1419 1362 103 154 U+306E 1047 547 72 76 U+7FA9 859 2353 82 136 U+304B 87 1754 52 74 U+306E 1239 517 66 67 U+3068 1062 1071 58 84 U+308C 455 563 70 108 U+3066 1429 2461 63 68 U+308F 300 2531 53 78 U+885B 848 1990 99 129 U+3042 1438 1887 77 106 U+3059 59 1151 74 98 U+3046 75 1054 40 99 U+308A 875 1630 42 105 U+30C8 1084 2496 37 82 U+6B64 831 989 108 93 U+7FA9 658 1705 75 131 U+5B50 1424 712 88 95 U+30D8 1203 1100 125 57 U+4E0B 1415 325 90 77 U+305F 1245 777 62 97 U+306E 1436 1270 65 88 U+6DF1 836 1311 105 136 U+6C17 64 2398 118 138 U+4E8C 1235 328 79 49 U+7CF8 848 1074 88 143 U+308A 95 1907 36 92 U+3072 1056 1959 80 98 U+304F 72 1641 58 100 U+3066 1236 882 68 81 U+9577 1321 1902 44 83 U+304F 55 1348 88 82 U+3089 864 731 64 130 U+304A 639 2082 96 75 U+3078 637 1162 99 53 U+9B3C 851 1743 91 156 U+3066 280 2382 70 79 U+5C45 1028 329 86 120 U+3066 267 1063 73 83 U+3069 476 964 70 110 U+59C9 1005 759 139 111 U+3092 862 2489 72 107 U+304A 1224 1449 105 84 U+306F 1061 2065 62 107 U+5F15 276 1660 77 127 U+975E 841 2236 103 116 U+3059 63 2108 86 96 U+96E3 637 1574 117 132 U+3044 1048 1170 86 72 U+885D 1410 2262 105 124 U+8107 1215 587 109 126 U+5207 833 1448 108 82 U+9053 654 1357 78 109 U+9000 624 556 107 119 U+305F 1439 2376 64 78 U+6885 1221 2399 121 125 U+304C 93 2202 69 64 U+3084 36 994 109 63 U+305F 77 1825 68 78 U+3060 1059 2249 88 89 U+307B 457 865 94 106 U+53D6 282 1788 65 114 U+304A 255 1159 102 83 U+30D8 1036 2451 115 61 U+305B 1432 1787 72 86 U+308F 81 1429 44 89 U+306F 658 2552 81 52 U+3055 73 2008 69 96 U+304B 274 557 52 70 U+6B64 445 760 99 102 U+3078 257 1584 114 59 U+7406 460 1654 102 128 U+3066 478 2353 67 83 U+3080 469 2450 99 84 U+7531 656 2166 83 90 U+5A23 240 1931 125 106 U+304C 869 1217 74 75 U+306B 1446 1522 51 87 U+306A 1063 1859 67 99 U+304C 286 1368 63 70 U+3078 1228 709 102 67 U+304B 301 2463 47 69 U+3065 476 2532 94 63 U+306B 481 2266 65 88 U+305E 1057 1508 104 99 U+5A18 35 2273 125 125 U+7531 278 1250 69 117 U+3078 432 1247 127 47 U+3090 848 640 78 90 U+3066 1234 1647 78 88 U+3065 1049 2172 106 80 U+3057 94 1521 21 125 U+3093 1244 2125 92 69 U+3055 1052 864 60 103 U+3093 1055 1605 77 85 U+304C 478 1570 79 68 U+304A 827 558 104 84 U+3068 289 2209 66 96 U+3054 1056 1437 98 67 U+304A 452 1382 105 73 U+304C 73 648 82 71 U+308A 1442 1990 62 115 U+3088 872 1543 38 86 U+3093 1048 964 88 91 U+308A 1430 1142 67 125 U+308A 1248 1528 62 118 U+3058 298 961 56 109 U+3076 276 2040 91 83 U+3089 69 719 62 125 U+3057 1463 2119 16 113 U+7531 469 1454 68 114 U+3057 292 624 27 102 U+3075 1036 1243 92 82 U+3093 291 2120 68 84 U+304F 666 2470 55 76 U+308B 64 841 53 73 U+3031 1247 1300 62 132 U+5175 868 1900 53 99 U+309D 72 913 38 56 U+30F3 1247 1270 77 55 U+3057 308 2306 25 81,umgy003-024
U+306E 284 1546 75 66 U+5916 645 1484 106 118 U+3082 275 406 56 97 U+306E 66 2305 102 104 U+3082 1066 1055 56 109 U+30A6 495 1599 59 77 U+4E39 905 1569 89 75 U+304B 872 1952 55 80 U+3067 646 964 81 76 U+4E39 325 1098 87 77 U+6D5C 54 397 99 138 U+308B 1462 1592 40 90 U+3044 644 408 92 68 U+3084 459 628 79 75 U+4E45 1405 2102 126 121 U+4E39 144 1400 87 69 U+5ED3 54 2143 111 161 U+4EEE 261 1634 105 115 U+30C8 1077 858 47 85 U+4F55 835 686 105 137 U+30A2 82 2053 73 89 U+304A 455 1086 102 78 U+4E39 1483 1721 90 78 U+4EEE 51 2403 117 109 U+540D 642 555 99 109 U+306E 71 538 68 61 U+3046 1262 1433 39 111 U+304F 468 728 58 98 U+3042 482 2339 81 101 U+30CA 90 1527 67 67 U+9577 743 2401 57 79 U+3082 880 2253 53 119 U+3084 64 1950 91 90 U+9577 353 2061 59 75 U+306F 851 613 79 59 U+5B85 271 1749 91 124 U+5B85 849 488 89 115 U+3082 664 1361 54 99 U+30C8 1459 963 41 103 U+3066 471 965 61 112 U+3067 862 914 80 105 U+3042 1049 403 83 106 U+3089 282 785 60 111 U+3068 1438 1515 75 76 U+3084 280 2563 82 71 U+3064 1284 2047 69 87 U+3092 1243 509 70 92 U+3057 510 2205 23 134 U+3057 1237 778 92 100 U+308C 283 2408 79 97 U+3046 1450 855 47 95 U+3044 1237 621 83 74 U+30A2 471 455 66 70 U+308A 674 846 50 108 U+5B85 862 2459 83 125 U+306E 1244 1354 77 77 U+3088 487 1435 59 93 U+5144 466 1705 101 128 U+304C 671 1728 80 74 U+8A00 455 838 97 125 U+30CB 292 1303 74 35 U+3044 647 2043 93 74 U+30A2 290 2638 67 55 U+3089 1064 1970 60 123 U+5DDD 63 957 80 105 U+305B 464 1347 92 83 U+30F1 865 1461 85 64 U+30C8 509 2006 44 84 U+3059 851 1357 93 104 U+307B 279 1361 89 97 U+3060 289 1882 81 101 U+3042 854 1030 87 101 U+304A 832 404 115 83 U+5C11 476 2104 97 98 U+30B5 78 1629 78 89 U+5BBF 70 617 75 125 U+821F 50 822 103 118 U+30CA 880 1701 61 74 U+3088 1438 401 66 98 U+5B09 1014 1167 143 117 U+3070 666 675 75 94 U+305D 1430 499 73 95 U+5BB6 855 2037 98 148 U+304A 1045 2167 110 86 U+305D 1060 1422 76 89 U+305D 67 1735 94 101 U+5B85 851 1819 94 120 U+805E 651 1601 98 130 U+3057 1081 1283 31 129 U+8336 1433 1069 81 146 U+30E8 302 1993 45 45 U+305B 1426 764 85 88 U+306E 78 2608 72 68 U+306F 865 2192 73 60 U+308F 661 1817 57 94 U+306B 1459 2021 43 78 U+98EF 1222 406 111 109 U+6240 833 814 114 98 U+3059 652 1261 76 108 U+306F 469 522 58 109 U+3060 667 2304 83 79 U+306E 1067 2604 68 66 U+30CB 882 1776 60 34 U+3055 1057 961 76 93 U+304A 1421 2603 111 64 U+3057 301 898 23 155 U+3093 281 1454 84 78 U+306A 658 1161 70 99 U+308A 80 1842 69 111 U+307E 851 1253 80 103 U+3086 258 702 86 82 U+5B85 68 2503 95 108 U+3068 878 2589 57 81 U+3064 1233 696 89 82 U+308A 1055 510 64 115 U+305F 1244 1065 71 105 U+3092 1440 1391 73 112 U+6238 76 1066 65 103 U+3057 1288 1973 69 76 U+3044 1427 596 81 69 U+307E 479 2441 73 79 U+3093 1064 2537 78 69 U+3066 1439 2486 68 91 U+304A 1205 2039 78 53 U+304B 1300 1664 47 54 U+30A4 1089 2386 50 70 U+30CA 291 1238 67 56 U+3075 640 475 98 72 U+304B 283 526 53 86 U+3044 1216 1926 66 56 U+307D 1291 2124 76 67 U+307E 1438 671 65 97 U+306C 1212 1849 65 73 U+3093 1436 1306 73 82 U+3078 52 1285 120 85 U+308B 503 2581 40 76 U+306A 1063 1813 78 84 U+6240 1285 2241 75 71 U+3066 1216 1983 55 57 U+3093 485 1910 77 91 U+306F 663 1051 60 112 U+30E4 296 2252 68 63 U+3075 1051 1511 92 84 U+3088 675 2126 53 87 U+306E 1291 1920 55 54 U+306B 1241 971 79 95 U+308B 1262 1246 34 89 U+304B 77 751 50 55 U+308F 279 612 48 90 U+3075 846 2365 106 95 U+3058 316 2505 66 71 U+30DE 482 405 62 44 U+304D 1284 1847 61 71 U+308F 1451 1217 51 88 U+30C8 1269 1547 46 108 U+30A2 680 2499 55 63 U+55B0 1052 1686 108 125 U+306B 1213 2177 61 56 U+304D 468 1177 71 94 U+30E8 505 1546 40 39 U+304C 1063 633 83 74 U+5144 1058 2258 106 124 U+30CF 1267 2548 62 32 U+3055 484 1823 64 95 U+30CB 85 1591 76 37 U+305D 288 2319 71 93 U+3079 1226 1173 120 70 U+305F 1059 704 58 74 U+30F2 316 2199 44 61 U+306E 1296 2187 49 49 U+304B 675 767 40 83 U+304B 91 1215 47 64 U+3084 1203 2231 76 43 U+306B 1071 1594 58 91 U+3084 1283 1786 67 64 U+3075 654 2214 91 87 U+30EC 682 2560 52 45 U+3075 1038 793 97 70 U+3070 1224 1659 59 66 U+3055 1073 2450 67 87 U+5BD4 1432 1862 92 148 U+308A 659 1914 73 122 U+308A 1230 1768 35 74 U+3088 1259 879 45 93 U+304C 1080 1899 67 73 U+308A 866 1129 59 119 U+308B 1228 2271 38 50 U+3070 1290 1715 73 74 U+3078 459 2523 112 51 U+304B 484 1272 50 79 U+3076 1431 2301 90 81 seg_fp 682 2605 61 30 U+3057 1465 2185 21 104 U+308A 1465 2382 39 89 seg_fp 1071 2111 93 91 U+9577 1221 2096 46 80 U+304B 1234 1724 31 45 seg_fp 1309 2419 49 45 seg_fp 1329 2368 30 43,umgy003-026
U+306E 600 1747 80 79 U+4ECA 1549 1264 106 122 U+306B 1195 364 79 53 U+4E39 847 2095 87 70 U+3044 400 1819 87 78 U+5C11 384 1691 109 117 U+306E 603 1535 72 82 U+306A 423 424 68 79 U+4E39 1044 2311 89 74 U+4E39 1053 363 88 72 U+3067 186 2188 90 71 U+306E 1382 1338 62 57 U+3044 398 2537 79 52 U+3031 1220 580 45 127 U+306E 1567 1176 72 68 U+4F55 1176 734 100 124 U+5ED3 592 1383 106 155 U+3082 1015 1664 60 117 U+9577 479 524 61 72 U+6240 1551 2432 89 122 U+3064 805 427 80 109 U+30A4 213 1651 57 71 U+4E2D 1559 1794 72 115 U+306A 624 714 61 83 U+9577 883 671 58 87 U+6240 206 358 92 121 U+3031 1025 811 63 186 U+65E5 1193 2030 50 76 U+5BD4 1378 1919 80 150 U+6301 196 1034 116 128 U+9577 1052 1959 61 72 U+3031 1413 576 52 129 U+3072 595 2528 83 93 U+6240 1563 493 89 137 U+306D 1369 2387 77 97 U+3060 1578 638 73 91 U+3084 1382 1024 77 84 U+6BCE 1175 1896 94 123 U+306B 624 1208 55 83 U+662F 1188 1559 77 122 U+3044 808 365 80 64 U+306F 416 363 80 58 U+304C 420 2036 65 70 U+6240 600 813 103 108 U+30C8 421 2473 41 67 U+3089 222 2029 61 111 U+3064 787 2322 90 123 U+3042 801 1431 79 105 U+304B 1203 1693 48 86 U+306E 1555 1913 75 108 U+3060 1562 2558 67 87 U+5C45 1546 1398 91 112 U+306E 594 2062 84 74 U+307B 610 1018 87 94 U+3066 814 539 43 109 U+79C1 1369 1214 86 105 U+30E2 1213 460 51 49 U+306D 620 364 72 98 U+5B85 394 1909 96 124 U+306A 413 1468 72 98 U+304A 191 1755 105 84 U+30BC 1013 2151 74 64 U+3089 1400 1783 34 111 U+3044 1559 2264 79 68 U+3089 1579 1058 45 105 U+3089 1200 1774 44 111 U+3082 808 1321 54 95 U+5C45 1356 1421 96 110 U+306E 802 1875 67 66 U+6E6F 595 1838 107 139 U+304B 631 921 39 71 U+306E 219 675 79 79 U+3064 208 1945 80 78 U+30F2 1409 481 49 58 U+6765 1000 1007 81 137 U+306B 1397 2082 41 77 U+3078 196 2139 101 59 U+5973 272 1482 86 67 U+306D 1179 1363 84 107 U+5B85 598 1620 90 126 U+3066 1004 759 55 72 U+5834 1555 360 102 132 U+30E8 634 1315 42 45 U+3044 1567 980 80 79 U+3066 1008 1151 47 109 U+3092 225 920 62 113 U+5BD4 1367 2526 80 130 U+308C 1384 822 74 105 U+30F1 999 2225 79 47 U+5B09 1160 1044 115 126 U+3093 610 638 110 75 U+307E 416 869 71 105 U+30CA 819 2215 58 68 U+3075 991 583 87 67 U+3089 427 1567 41 103 U+3078 210 479 89 53 U+30D8 793 2002 99 56 U+304A 1562 893 95 82 U+306A 1580 792 64 87 U+3059 790 1767 90 99 U+3044 1369 2314 79 61 U+304A 787 811 110 80 U+305D 623 546 58 95 U+4E0B 290 1425 59 55 U+3042 204 1838 84 106 U+3075 1160 2525 94 73 U+898B 1183 2356 65 107 U+6765 217 1156 80 127 U+3093 801 1155 111 90 U+308A 613 2252 53 107 U+3093 415 1094 113 80 U+308C 1002 1473 67 112 U+3067 797 1254 90 70 U+8FD1 1363 2194 94 113 U+306F 395 2331 89 71 U+3068 998 2586 56 64 U+30A2 1393 1116 63 79 U+8DE1 197 564 111 113 U+72ED 583 2387 106 133 U+30CA 436 653 56 69 U+308B 1391 1531 51 72 U+308B 1575 1508 55 72 U+30CD 417 2404 68 66 U+4E00 206 781 101 16 U+305C 984 2498 96 86 U+308A 428 1353 49 111 U+308A 233 1283 48 99 U+6240 1376 1621 94 95 U+9577 1462 363 58 60 U+308B 1012 1582 50 72 U+30CF 208 1595 75 60 U+3072 391 2236 86 95 U+308A 1214 939 43 101 U+3054 214 2272 87 62 U+898B 1006 1278 65 107 U+3070 419 1188 67 106 U+3078 611 465 96 77 U+307E 214 2491 49 72 U+3078 1358 2484 106 44 U+3059 196 2560 81 77 U+306E 1000 1784 78 84 U+3093 608 1106 132 79 U+6240 1554 1599 92 96 U+306F 1572 737 75 56 U+30E4 1399 541 59 51 U+306F 425 989 59 107 U+3075 386 2590 91 41 U+3088 1197 2459 43 69 U+3069 618 1977 61 82 U+30CA 1012 2084 64 80 U+884C 1184 2137 80 135 U+308A 222 2419 41 76 U+305D 1390 716 62 104 U+3078 1181 1472 93 78 U+30E4 1188 2600 50 49 U+304A 383 774 116 93 U+30A6 1216 520 48 70 U+3055 812 1066 56 93 U+306F 1556 1699 76 62 U+307E 809 1658 58 111 U+76BF 213 851 92 63 U+3089 820 2535 32 92 U+308A 813 1538 60 113 U+3044 1180 1276 94 67 U+306A 1004 2420 70 82 U+3066 1186 2270 65 76 U+3088 1216 851 37 88 U+3088 418 2127 56 93 U+307E 805 2446 54 93 U+90F7 1559 2029 82 101 U+3088 628 2162 47 94 U+30CB 436 721 56 32 U+3069 1012 510 77 69 U+3075 1558 2334 75 67 U+307F 826 971 32 92 U+3057 1030 643 20 115 U+3056 207 2333 87 87 U+3089 1020 1386 39 97 U+304B 432 1293 47 62 U+304B 1025 1865 36 69 U+30CB 818 2278 60 34 U+304B 816 1938 41 61 U+304B 1400 1713 41 70 U+304B 830 893 42 75 U+3058 1414 924 41 107 U+3068 1570 2135 52 105 U+3057 1208 1174 26 101,umgy003-027
U+4E39 1087 2246 83 75 U+3082 241 971 61 90 U+306E 1217 1480 67 69 U+3084 1393 2212 97 95 U+4E39 497 1588 75 65 U+4E39 1263 1070 87 71 U+3031 1612 2393 57 151 U+4E39 301 2340 80 71 U+304C 250 552 55 53 U+306E 834 2555 72 66 U+3060 827 373 105 94 U+3031 1596 594 52 144 U+4F55 1399 2350 103 118 U+9577 296 623 64 83 U+3044 1584 1324 77 63 U+4E39 1630 366 87 71 U+304F 650 1275 39 104 U+305F 1028 1327 69 99 U+9577 714 2238 52 74 U+3042 1026 1608 81 119 U+3082 438 2564 60 83 U+3051 441 2480 71 89 U+3051 241 871 75 101 U+3092 1217 560 71 94 U+306D 230 378 75 98 U+3082 841 1769 53 111 U+3060 1401 1730 89 99 U+304D 1023 695 82 95 U+304A 1396 2011 99 79 U+9577 1456 813 60 70 U+3078 630 509 94 42 U+3075 416 2323 111 68 U+304C 1027 790 82 70 U+3044 431 571 83 67 U+3072 1029 1957 72 85 U+3082 1600 739 54 111 U+7528 1016 1088 84 120 U+79C1 408 380 107 107 U+3066 1226 2125 45 126 U+3044 431 1195 79 81 U+3082 832 622 54 85 U+3042 241 2461 76 85 U+306A 1595 2016 72 85 U+3058 1431 1453 49 107 U+306D 818 1027 85 110 U+3044 635 1385 88 95 U+304F 1228 2266 63 83 U+30CA 459 1735 63 69 U+592B 624 2339 107 116 U+304B 1432 2481 45 77 U+308B 657 1196 47 79 U+5927 1576 1107 86 114 U+308C 637 1545 75 117 U+3066 1025 1527 70 79 U+3092 1028 1211 73 103 U+5A18 610 574 113 117 U+306E 1411 2557 70 63 U+6765 637 772 79 130 U+3066 1413 548 71 75 U+9577 1203 1235 81 118 U+3089 649 1817 48 99 U+304A 1384 1233 103 88 U+98EF 1398 2100 98 100 U+308F 649 1102 56 96 U+304C 1233 1957 66 59 U+3052 1032 1727 81 118 U+5B85 1392 1322 93 123 U+5B85 623 381 87 112 U+51FA 823 1449 96 81 U+30E8 272 2267 39 45 U+3066 1593 1753 41 106 U+308B 256 2163 46 84 U+306D 227 1061 87 111 U+3078 806 1136 110 67 U+3044 434 2245 85 79 U+9577 1072 375 60 72 U+3044 430 2078 88 77 U+304F 1414 701 36 117 U+305D 828 2031 74 102 U+5973 1187 1691 103 71 U+5C4B 1208 1360 95 114 U+76F4 235 1745 88 132 U+3044 627 2142 101 78 U+6765 828 1529 83 124 U+7FCC 226 1520 99 138 U+696D 810 1207 101 149 U+30CF 1610 2292 57 47 U+3084 632 2498 74 74 U+3066 827 546 69 80 U+306D 1020 2042 85 102 U+3070 234 1443 88 74 U+3078 223 481 100 62 U+3084 1397 1550 83 75 U+4ED5 813 726 98 103 U+76BF 1572 1019 110 62 U+304B 647 1743 52 74 U+308B 1238 2467 36 81 U+3093 1212 1861 95 87 U+3088 1229 2547 50 79 U+3044 1573 1674 84 77 U+3066 1392 1146 82 90 U+8A71 1190 450 103 109 U+304A 1388 374 104 77 U+884C 1018 868 92 130 U+308F 445 988 54 90 U+305F 1035 1839 58 110 U+3051 839 900 67 117 U+306B 235 1879 85 77 U+305D 1399 953 73 100 U+3057 1212 2025 83 102 U+3084 1563 1590 105 86 U+306E 820 1880 85 85 U+3066 831 2221 68 74 U+72EC 809 2307 109 123 U+306A 247 1240 73 109 U+3078 224 1173 111 65 U+30C8 1624 2555 35 71 U+3059 1215 866 69 102 U+30CA 1062 2342 53 62 U+30A2 449 901 60 79 U+3090 241 2069 73 103 U+3078 1018 2150 106 57 U+30F2 1598 499 50 62 U+308F 445 2390 49 87 U+304A 1009 2429 99 80 U+304C 840 1357 68 75 U+8001 1187 1563 106 122 U+3078 1023 2583 100 51 U+30A4 1606 2346 48 74 U+3057 1204 661 87 108 U+8005 830 2428 79 115 U+308F 454 1853 50 98 U+306D 426 1376 86 101 U+308C 1399 1828 67 107 U+304B 456 1287 46 89 U+30F1 1214 976 77 51 U+30A2 651 2575 53 69 U+306F 241 1663 73 76 U+308C 1217 2357 61 108 U+304D 1584 1221 69 99 U+304C 1421 1938 65 61 U+308B 649 1661 51 72 U+3061 1018 600 80 96 U+3075 1550 845 114 76 U+3084 430 815 84 79 U+30A2 1410 1628 64 87 U+3086 1403 624 80 79 U+3078 424 1484 101 66 U+308B 852 1657 41 96 U+308B 661 904 35 93 U+304C 450 485 60 65 U+4E00 1564 961 101 17 U+308F 238 769 56 101 U+3092 1571 1499 88 89 U+308F 1029 493 56 101 U+3066 1018 998 75 83 U+3068 637 1002 66 79 U+304C 655 692 60 60 U+306E 1583 1404 76 84 U+3064 431 638 76 84 U+3064 832 467 67 78 U+3081 1037 2510 68 73 U+307E 238 1966 63 111 U+3068 452 2153 56 91 U+30A4 1584 554 53 72 U+308F 639 1928 60 88 U+306F 642 1484 73 62 U+307E 1212 767 72 97 U+308A 642 2018 59 122 U+5973 1681 2184 52 51 U+5449 1579 1875 85 140 U+4E16 1193 373 99 72 U+3061 428 732 85 98 U+308A 445 1953 63 124 U+3064 831 824 68 76 U+3057 266 2543 17 97 U+304B 850 1960 38 54 U+308A 1429 452 41 103 U+30CB 466 1800 64 33 U+3057 1053 1426 19 101 U+30CB 1064 2393 55 32 U+3089 243 1355 47 100 U+308A 445 1080 59 116 U+3058 666 2442 40 72 U+3055 1218 1771 56 95 U+4E0B 1677 2119 54 64 U+3057 859 2132 17 89 U+3057 1427 1055 19 95 seg_fp 661 2303 69 86,umgy003-029
U+306E 1185 1658 60 58 U+3082 1385 1498 46 124 U+3031 1553 1710 67 192 U+3082 1187 1297 54 95 U+306E 210 526 70 76 U+3059 1165 408 90 127 U+3031 407 690 68 182 U+304A 1354 1196 103 83 U+3090 196 714 85 97 U+3082 1564 1026 59 98 U+3082 1198 730 44 123 U+3031 413 2105 75 174 U+4E39 1039 1975 83 75 U+3067 1548 941 90 87 U+3066 1369 1102 68 85 U+305D 592 555 76 92 U+308C 992 1669 66 113 U+30C8 1020 2188 32 79 U+306A 407 433 68 77 U+3070 596 657 96 121 U+3082 1377 2521 46 81 U+3044 1539 1538 93 81 U+3060 993 865 83 97 U+9577 665 325 57 74 U+4F55 571 2357 103 114 U+3068 399 879 63 90 U+9022 581 1979 99 143 U+306E 1556 2421 70 69 U+5408 963 318 121 129 U+4E39 1422 1849 77 82 U+3082 1555 2491 52 108 U+308C 1177 517 71 119 U+5144 577 1586 108 117 U+308D 1536 1624 83 102 U+304B 1197 1216 48 78 U+307B 1172 2110 83 109 U+306F 397 318 74 109 U+3078 1152 1572 124 75 U+305F 212 2418 57 106 U+304B 605 2516 44 82 U+5408 755 1671 150 138 U+305F 413 1464 51 87 U+308C 1372 979 63 117 U+3066 408 1215 57 109 U+305A 1365 510 110 134 U+5C45 381 1346 101 119 U+3072 196 619 89 93 U+3093 195 1636 110 97 U+304A 1161 1414 99 70 U+3068 199 1563 81 76 U+305F 794 1812 55 91 U+30CD 223 1465 64 75 U+3060 995 1580 85 89 U+9577 1609 588 55 72 U+3067 1165 1905 80 90 U+3072 784 2164 85 101 U+3072 979 771 90 105 U+82E6 1538 1922 81 128 U+3082 806 2377 50 103 U+3093 585 1802 134 92 U+3057 194 2055 81 108 U+3084 593 1384 81 91 U+3042 400 2277 79 108 U+3081 1173 1485 80 86 U+3092 780 2545 83 70 U+3059 1366 883 73 100 U+3064 394 1103 85 113 U+306F 200 314 67 109 U+3092 1356 1719 101 84 U+3051 399 1619 78 105 U+305D 400 522 66 91 U+30C4 427 1559 44 48 U+77E5 1355 319 105 113 U+3053 1557 309 71 67 U+3064 1168 1112 93 80 U+306B 786 926 82 71 U+306A 209 950 70 87 U+304D 203 829 71 114 U+3059 1361 2218 80 110 U+306E 1181 851 71 85 U+306B 614 1899 50 72 U+30A2 610 1480 58 92 U+3060 210 1723 80 99 U+304C 1558 1454 76 79 U+306E 791 2469 73 79 U+3060 788 2262 87 113 U+305D 1553 722 70 95 U+304C 417 1723 67 67 U+3093 195 1357 109 102 U+308F 1381 763 52 116 U+306E 399 2382 72 74 U+5C11 977 2284 99 103 U+3089 591 2223 63 124 U+308C 1553 813 67 117 U+308F 1193 314 45 94 U+304F 795 1924 77 100 U+3093 201 419 110 93 U+307E 212 2160 54 101 U+5922 783 779 92 145 U+516B 198 1183 82 55 U+30F1 994 1884 79 54 U+884C 972 2496 99 117 U+3046 614 447 49 111 U+308B 1185 636 54 73 U+601D 388 995 96 103 U+307E 403 2535 57 73 U+304A 1158 2010 108 97 U+3053 1177 1749 67 68 U+8A70 765 315 111 110 U+3060 1373 1386 91 92 U+3088 211 2527 44 72 U+3092 199 1942 81 95 U+52B4 1550 2048 73 119 U+3092 983 1190 102 88 U+3055 606 1700 65 105 U+304D 1170 2221 72 107 U+3044 1159 2425 88 67 U+306A 1371 2014 67 98 U+3057 1021 2383 16 125 U+3089 1380 430 48 102 U+51FA 1367 1302 87 81 U+3068 799 1412 56 91 U+305F 993 451 64 81 U+3082 1014 981 40 117 U+306E 1362 1623 76 91 U+3064 595 780 77 80 U+305D 400 1923 71 95 U+7C73 196 1040 85 126 U+79C1 577 1172 110 123 U+304D 1557 1341 61 115 U+3044 1173 1029 85 78 U+304F 980 546 87 101 U+3068 1563 382 66 71 U+306B 1382 647 44 83 U+30B5 807 692 73 93 U+304A 383 2469 97 74 U+3089 801 2031 61 132 U+3057 235 2255 22 139 U+3068 994 1782 60 90 U+3075 390 615 86 57 U+308A 621 927 38 99 U+308C 389 2013 94 113 U+30F2 1015 1455 34 55 U+9B3C 777 1018 95 153 U+3053 1368 2329 55 66 U+30F1 1000 2095 76 56 U+3089 992 652 50 127 U+308A 817 425 44 89 U+3061 1158 2488 87 64 U+304B 1195 934 47 67 U+305F 605 2123 59 98 U+30E4 992 1510 57 53 U+3057 1395 2413 17 116 U+304D 600 1295 67 94 U+306E 995 1099 68 90 U+30CA 824 593 55 73 U+9577 1046 1309 49 74 U+308A 1196 2548 36 52 U+3068 1177 1816 64 82 U+3061 1551 1191 72 147 U+5175 799 1174 50 109 U+30F2 635 1049 39 64 U+306B 1191 2328 43 87 U+304B 622 853 37 78 U+306B 1373 2107 52 91 U+305F 1562 2314 39 77 seg_fp 807 536 96 105 U+8A00 778 1533 95 137 U+30E4 623 1104 53 62 U+3057 1576 2163 25 154 U+885B 783 1279 101 128 U+3088 1565 462 52 89 U+30A2 431 1817 46 62 seg_fp 211 1259 55 105 seg_fp 1380 1945 91 105 seg_fp 1586 1140 27 84 U+30FD 435 1881 24 24 U+30CB 825 666 51 25,umgy003-031
U+306E 426 2014 65 64 U+306F 223 1850 74 54 U+4ECA 588 689 128 142 U+3051 1390 1452 74 104 U+304F 826 886 43 123 U+898B 1193 2043 83 121 U+65B9 208 909 96 121 U+4E39 1443 328 77 71 U+3067 1002 1355 98 74 U+7C73 1005 492 78 131 U+3092 1196 1702 81 85 U+4E39 798 1732 102 114 U+3067 1588 1199 80 127 U+30C8 1419 1780 37 69 U+3072 420 1623 85 96 U+958B 1185 545 100 131 U+969C 1375 929 102 139 U+3092 1396 1201 66 103 U+516B 1005 632 89 67 U+3064 1382 706 84 119 U+3078 785 2377 123 50 U+723E 417 1376 85 107 U+4EBA 998 1229 104 112 U+3042 1389 1324 76 126 U+5B85 797 2247 96 123 U+3078 195 1039 114 53 U+3059 1191 2369 80 107 U+884C 207 1230 100 138 U+5F80 1180 2514 98 113 U+3067 615 335 79 87 U+4E71 404 1879 116 117 U+3072 415 814 85 99 U+3051 1203 1907 78 107 U+6885 984 803 125 130 U+4E39 200 1730 119 115 U+76EE 813 592 72 106 U+4F55 1177 694 109 129 U+968E 790 327 111 145 U+904E 213 1097 86 129 U+6765 1575 1949 87 146 U+7B11 418 1500 87 122 U+5FC3 1190 822 95 85 U+3066 1014 2134 65 86 U+304A 789 2422 115 88 U+304C 1025 711 74 82 U+6765 1011 2228 91 137 U+6240 607 1543 97 127 U+5F8C 215 1364 107 137 U+306A 1204 927 72 97 U+304B 642 2043 41 85 U+3073 223 1920 98 107 U+3067 1562 333 104 76 U+624B 1208 1561 59 143 U+5B50 1394 1082 77 119 U+306A 422 926 74 91 U+6765 1011 331 62 131 U+304F 1214 1010 45 112 U+8868 1387 1870 86 159 U+3044 415 723 86 86 U+3089 1423 2588 36 70 U+3066 407 2563 67 75 U+9152 409 1747 108 132 U+3082 1586 407 47 107 U+6885 600 923 117 131 U+306E 226 801 66 86 U+3089 624 2127 58 118 U+5F85 597 2496 103 102 U+3064 1566 757 90 127 U+308A 243 2195 50 113 U+7159 1558 1751 114 119 U+308B 650 1931 33 94 U+3070 816 702 78 105 U+3084 1394 2204 77 65 U+3092 1018 1695 60 107 U+3084 809 804 71 92 U+3052 231 1582 99 117 U+306E 1397 2030 62 73 U+306A 630 437 63 88 U+304F 226 2103 73 92 U+3092 1384 2454 94 70 U+3093 807 1937 106 97 U+3092 807 475 77 99 U+3089 1600 1605 38 112 U+308D 1202 2265 69 109 U+306A 1583 2101 62 105 U+304A 999 1456 97 77 U+5E83 1566 517 93 157 U+304A 1181 2183 103 82 U+3055 815 1853 61 93 U+3046 1423 2269 26 87 U+3066 620 2596 54 53 U+624B 1203 1135 64 124 U+3061 607 2249 88 104 U+5B8C 409 1215 103 157 U+306E 422 2260 71 73 U+3093 629 1240 83 95 U+5BA2 1004 1534 82 160 U+304D 1006 1925 89 111 U+307E 814 2037 63 118 U+3078 1185 1478 106 69 U+304B 1214 1808 49 93 U+304C 1597 1866 56 72 U+306A 1576 1345 72 99 U+3057 1389 2114 80 94 U+6A4B 193 651 116 151 U+6B21 616 1065 88 100 U+968E 1567 1058 91 137 U+30C9 1427 460 39 73 U+304A 405 337 111 86 U+3064 237 2032 66 69 U+3089 439 1094 39 111 U+3061 1386 603 76 110 U+30E8 453 544 46 55 U+3060 1022 2025 83 103 U+306B 638 1675 45 77 U+3059 1177 1258 98 97 U+3044 617 530 81 79 U+304A 205 2340 106 89 U+3068 1404 821 44 93 U+3044 1565 2517 80 70 U+3075 1372 1664 91 94 U+3055 1019 1815 67 102 U+6B21 1000 942 91 97 U+304B 1420 2527 38 64 U+3051 818 1240 66 111 U+5BA2 416 2096 90 158 U+306B 618 825 83 86 U+3088 1407 1575 49 90 U+30E4 821 1650 56 56 U+304B 642 1776 42 88 U+304B 1008 2367 95 81 U+3044 1570 2212 85 87 U+30E8 1598 2600 41 30 U+30F2 842 1593 39 64 U+3068 414 2348 67 66 U+306F 217 2571 75 56 U+5BE1 203 483 118 179 U+306D 884 1447 68 74 U+3078 785 2558 112 45 U+3088 1596 2422 44 91 U+4E8C 1003 2600 83 43 U+3068 630 1351 49 102 U+898B 809 1024 70 114 U+3082 414 2414 59 71 U+304F 1576 670 72 87 U+51FA 425 436 91 81 U+305F 811 2156 62 78 U+3064 610 2353 84 68 U+4E00 605 1489 106 18 U+3068 1018 1041 54 101 U+3058 1422 2357 42 101 U+3068 613 2419 71 71 U+304B 640 609 43 64 U+3078 604 1869 107 60 U+3044 1565 1448 91 79 U+30EC 1418 554 45 32 U+308A 1206 1352 59 121 U+304B 248 1503 41 74 U+308A 1017 2501 59 83 U+304C 442 1015 72 76 U+3066 1573 879 72 78 U+3055 634 1164 52 77 U+3088 908 1373 32 65 U+591A 227 329 63 130 U+308A 824 2596 45 53 U+304B 833 2510 35 51 U+3064 811 1140 74 90 U+308A 1204 330 67 81 U+9577 210 2432 90 140 U+30C8 446 617 41 84 U+3068 1204 415 61 107 U+304B 1597 1523 42 79 U+4E8C 1566 961 93 91 U+4E8C 998 1164 86 51 U+3057 437 2482 20 86 U+3067 1580 2309 73 118 U+309D 1045 2446 28 51 seg_fp 1603 2302 56 37,umgy003-033
U+9632 843 2474 75 71 U+305F 558 665 36 51 U+3044 540 627 66 37 U+304C 645 2476 47 42 U+963F 619 2407 78 71 U+5409 296 2489 75 82 U+306B 350 1127 48 67 U+8776 295 2406 86 82 U+5A18 490 2432 95 76 U+5BEE 836 2361 81 105 U+753A 733 2475 73 70 U+6D99 393 1029 85 100 U+3075 493 1146 67 61 U+6C38 595 1357 60 63 seg_fp 265 1487 53 47 U+70BA 598 1274 58 78 U+3080 350 1265 52 64 U+3058 357 1199 51 67 U+65BC 620 2329 94 77 U+7269 487 972 83 97 U+51C6 499 2340 75 85 U+5973 522 1436 72 47 U+307E 552 715 53 56 U+559C 513 1323 71 77 U+5382 330 1336 81 88 seg_fp 277 1530 42 51 U+601D 489 1075 75 67 seg_fp 432 1206 14 107 U+306E 344 1427 56 79 U+4E45 528 1401 62 46 seg_fp 282 1381 34 73 U+3053 652 568 50 66 U+7AF9 378 2356 85 85 seg_fp 258 1450 70 35 seg_fp 1335 680 123 76 seg_fp 424 1141 31 64 seg_fp 649 635 38 48 seg_fp 327 1442 20 112 U+308D 633 680 53 40 seg_fp 1284 529 177 148 seg_fp 1243 771 210 137,umgy004-007
U+5185 364 1755 66 84 U+306E 1240 1606 64 57 U+304A 1247 1370 71 51 U+306E 1379 806 63 66 U+5168 1225 1671 89 74 U+8CE2 1512 790 79 116 U+67F3 1490 1210 97 107 U+306E 1514 722 68 57 U+5642 1364 878 79 93 U+305F 1368 1367 67 96 U+76DB 1228 1743 86 95 U+5800 1373 721 91 84 U+3082 1388 965 37 68 U+6B64 263 1801 83 58 U+306C 1371 1310 72 58 U+304B 1391 1188 41 59 U+306B 1375 1572 56 58 U+57CE 1502 621 102 109 U+6B64 1503 1139 79 64 U+5510 351 1505 83 92 U+7CF8 272 1883 58 90 U+3042 1384 1034 64 75 U+305E 1383 1776 51 61 U+3057 1244 1422 64 69 U+6A4B 1497 1317 90 94 U+5C4B 356 1671 74 85 U+50BE 1502 543 94 84 U+7434 356 1601 89 71 U+3053 1376 1635 49 55 U+308C 1356 1692 89 90 U+3088 1264 1488 30 69 U+304B 1379 1517 39 54 seg_fp 347 1861 40 43 U+306A 1521 911 55 111 U+306F 1519 1069 47 65 U+25CB 1542 490 38 32 seg_fp 344 1900 41 33 U+304F 1264 1552 26 48 seg_fp 351 1829 30 34 U+3057 1418 1109 19 75 seg_fp 351 1935 30 41 U+3089 1395 1246 27 64 U+3057 1400 1461 29 63 seg_fp 1531 1010 33 65,umgy004-009
U+77F3 1270 864 146 146 U+53F0 1289 1054 124 180 U+6C34 571 1932 114 188 U+308A 575 2272 120 123 U+306E 400 2251 112 129 U+82B1 224 2278 136 188 U+3042 604 2138 79 126 U+305F 1205 1377 54 110 seg_fp 1187 1212 103 83 U+6885 375 2075 166 160 U+306C 1166 1501 138 94 seg_fp 1230 1293 39 81 U+306B 1332 1243 48 232 seg_fp 741 541 477 366 seg_fp 1035 360 277 381,umgy004-012
U+8A89 1518 864 123 160 U+6885 1511 633 128 115 U+3031 393 1115 49 172 U+9F63 1134 881 113 122 U+304A 179 1445 91 64 U+4EAD 1321 1851 115 134 U+3082 578 1902 53 96 U+898B 564 2295 90 98 U+90CE 955 815 91 124 U+304A 568 1169 89 52 U+8272 1537 494 86 128 U+5150 1528 757 100 106 U+4F5C 1309 2303 135 127 U+4EBA 1304 2181 154 100 U+3093 370 2032 101 93 U+7F8E 1516 1026 122 136 U+3066 389 2265 51 101 U+304A 368 2376 88 57 U+4E03 1131 784 108 79 U+3092 760 1195 93 76 U+516B 556 1845 104 71 U+6625 1512 345 131 137 U+4E8C 952 1013 89 53 U+4E39 943 613 115 103 U+306E 1539 1299 66 83 U+4E39 361 1853 112 103 U+3067 181 1577 80 85 U+3060 188 1665 84 83 U+968E 951 1082 102 105 U+3059 759 2326 95 96 U+306E 582 437 65 79 U+5F8C 759 1074 95 119 U+305D 200 952 59 95 U+3066 957 434 79 77 U+6BB5 945 1954 110 94 U+8A13 1316 1701 123 121 U+51FA 374 2443 92 92 U+7C73 763 429 87 106 U+5B50 967 2175 61 87 U+5143 578 633 86 98 U+5F85 366 2147 95 124 U+7C73 564 1708 90 121 U+3046 193 1048 55 112 U+3066 202 1323 44 117 U+7ACB 381 578 72 98 U+3044 183 1514 80 63 U+3084 372 991 95 58 U+3082 961 508 64 98 U+306B 186 657 89 83 U+9854 753 1906 102 125 U+306B 768 624 84 70 U+3075 567 902 86 83 U+30C8 209 1755 32 81 U+308C 566 2094 86 109 U+304C 583 1351 63 55 U+3064 765 881 81 106 U+3044 181 1850 78 72 U+3081 380 1619 68 95 U+4E0B 948 1372 88 91 U+306B 182 2399 80 77 U+3072 183 2549 90 74 U+3080 575 1072 74 80 U+5E30 175 749 103 107 U+767B 946 2272 113 108 U+89D2 368 337 83 140 U+6B21 955 714 96 103 U+5DFB 1514 1171 128 115 U+773C 565 531 97 95 U+308A 980 1272 39 94 U+76EE 391 484 61 92 U+7B2C 1131 615 107 138 U+6238 1314 1257 106 140 U+306B 784 2035 47 72 U+3070 768 1501 87 49 U+305D 581 2000 63 92 U+3093 758 2520 113 95 U+3057 378 1467 80 84 U+9577 559 1235 92 116 U+306F 964 944 69 49 U+3072 183 1924 81 83 U+3064 187 390 80 106 U+831C 756 2112 92 127 U+304D 585 353 62 83 U+306E 191 577 74 76 U+56DB 1532 1387 92 61 U+6885 939 2436 114 102 U+3044 184 335 83 58 U+305F 194 496 72 72 U+304A 176 2246 88 57 U+304B 782 1549 47 72 U+5411 177 2465 92 83 U+3046 589 1410 40 103 U+306A 185 2009 74 94 U+304D 769 1790 66 98 U+516B 763 550 102 69 U+968E 947 2064 97 108 U+3068 587 2204 58 82 U+72C2 1327 1564 118 116 U+6C5F 1335 1127 109 108 U+3068 787 342 48 81 U+4E3B 1329 2022 102 118 U+307F 588 1623 42 79 U+9577 174 2304 78 94 U+3092 381 904 80 82 U+3055 968 343 62 90 U+304A 361 1295 95 55 U+3046 395 1048 42 94 U+3068 782 985 42 74 U+3089 577 1512 65 112 U+3055 381 1966 56 68 U+3088 981 1191 38 83 U+9732 566 736 96 151 U+5411 758 1387 87 104 U+304B 953 1581 81 77 U+308F 780 1623 46 88 U+306D 475 1751 53 63 U+3088 587 2455 43 80 U+308A 581 2533 48 83 U+308A 953 1469 60 119 U+3055 769 2250 64 75 U+6B21 945 2541 99 76 U+3089 172 2151 70 99 U+304E 777 699 86 101 U+632F 750 1279 112 100 U+3088 493 1685 30 65 U+305F 961 1785 61 96 U+3065 371 1547 114 73 U+306B 205 1165 43 79 U+308A 947 1681 68 122 U+308A 206 852 49 90 U+308A 773 2427 58 97 U+3086 764 1717 81 75 U+308D 384 829 66 80 U+3057 411 1346 19 113 U+308B 972 2380 42 53 U+308B 587 2390 51 56 U+304C 205 2095 58 57 U+308B 968 1879 43 57 U+3068 390 2542 48 70 U+3088 785 796 40 88 U+3053 394 696 47 67 U+304F 589 986 44 88 U+309D 403 765 34 64 U+3057 215 1241 28 85 seg_fp 352 1772 134 95 U+309D 990 1650 18 47 seg_fp 3 61 74 192,umgy004-013
U+304A 1233 349 88 56 U+306B 853 1887 88 70 U+304A 1418 538 87 51 U+306E 274 2201 73 78 U+3082 1050 1187 59 90 U+3082 1250 1840 48 104 U+3082 285 519 56 87 U+80FD 1029 1275 103 126 U+4ECA 649 1101 98 152 U+9577 1410 601 91 129 U+304A 1040 955 86 53 U+3060 277 2107 80 84 U+4E2D 1225 1402 92 122 U+3067 1038 1108 83 76 U+306B 1035 864 85 80 U+4E39 832 779 118 101 U+4E39 1025 1908 115 103 U+4E39 933 1601 72 76 U+304A 467 1657 77 56 U+305F 1233 2051 67 87 U+30A6 1047 411 55 88 U+306E 1043 2237 76 80 U+305F 280 610 65 87 U+306B 269 855 86 77 U+306B 1426 2129 90 78 U+51FA 1043 1015 93 80 U+3064 660 705 83 109 U+4E39 62 869 116 99 U+304A 1422 1217 88 59 U+30E4 1417 449 77 69 U+77E5 844 1135 97 100 U+305F 664 813 64 73 U+3082 287 1920 48 103 U+305D 1241 2325 60 82 U+3093 85 419 98 88 U+3060 1237 582 82 92 U+3093 1425 800 99 101 U+4E45 1415 1276 97 123 U+6B21 267 2558 87 73 U+305D 93 1909 61 97 U+3059 80 591 74 83 U+306B 268 1454 91 84 U+90CE 1047 2110 82 126 U+306B 1236 1524 88 79 U+306B 1422 1124 90 84 U+306A 1237 409 74 91 U+306A 83 2467 75 87 U+3066 679 1714 36 102 U+3051 85 2190 78 96 U+3044 1046 1506 79 67 U+304F 688 529 30 94 U+3066 1231 861 87 82 U+3069 101 2383 60 70 U+3058 1038 2546 96 80 U+30A2 1242 1017 60 88 U+308C 84 2282 71 99 U+306A 280 1536 67 102 U+898B 463 561 87 95 U+3042 85 1269 75 93 U+305D 1242 681 60 84 U+3072 654 2508 83 81 U+80CC 1231 1609 92 138 U+3082 478 1085 46 85 U+305F 1426 1759 66 100 U+3046 648 980 72 139 U+5C11 1228 1096 90 107 U+6885 259 2389 106 128 U+306D 1419 1598 91 113 U+5927 659 346 84 92 U+3072 1046 1575 79 85 U+983C 262 1328 94 123 U+3093 466 1884 98 91 U+6B21 79 976 88 84 U+898B 851 612 76 96 U+3064 844 2049 84 112 U+305D 1434 1944 59 84 U+898B 650 1834 87 98 U+306A 282 919 64 97 U+3067 675 1466 67 109 U+306D 453 1484 97 102 U+3046 299 427 41 95 U+30F2 1434 381 54 77 U+2000B 1228 1751 107 102 U+5EF6 1220 1951 105 110 U+4F55 1021 506 98 105 U+304F 1431 2545 42 84 U+34B5 853 1396 79 126 U+306E 1224 1318 84 81 U+306A 1046 1661 77 91 U+3088 575 340 35 64 U+3084 265 1088 87 59 U+308C 1226 2406 86 88 U+30E2 1050 349 65 52 U+306D 842 2345 92 91 U+306B 80 1189 86 79 U+3081 179 1530 47 58 U+3067 272 1241 73 85 U+3069 288 345 84 78 U+5A35 1024 757 103 105 U+308D 861 347 78 78 U+3078 1032 703 95 44 U+306A 281 1742 67 101 U+30A2 95 1830 53 83 U+306A 665 620 70 95 U+306A 661 2096 70 83 U+3044 273 1847 73 68 U+306E 669 902 68 75 U+305D 87 1597 65 89 U+304F 1440 2363 41 84 U+3093 83 2545 106 90 U+7F8E 1423 2219 75 146 U+5176 654 1238 81 126 U+3060 658 2585 86 56 U+3046 274 2278 57 100 U+306E 281 694 68 75 U+306C 848 1309 85 73 U+3078 456 1588 94 56 U+304F 656 2347 76 76 U+3064 655 2172 80 102 U+3060 83 2106 87 82 U+306F 464 2546 62 91 U+9854 1035 2329 93 105 U+305D 668 1941 55 76 U+3067 846 1526 81 86 U+3092 1044 2438 83 86 U+3084 83 1755 87 76 U+306F 1238 2261 69 49 U+51E6 1032 611 87 88 U+304D 673 440 62 86 U+3044 465 1412 74 66 U+3061 860 1972 69 82 U+6B21 848 887 86 71 U+3078 829 2439 113 47 U+3078 1410 1713 114 56 U+306F 852 1079 71 55 U+306E 468 2464 65 80 U+3042 479 1183 67 72 U+307B 855 1717 80 80 U+3044 1429 1862 75 67 U+305D 481 659 57 75 U+898B 848 2236 73 106 U+3093 851 1792 101 89 U+3089 280 1634 51 105 U+3068 872 512 45 81 U+3055 94 351 59 71 U+3061 852 2560 69 77 U+304F 677 2012 36 78 U+9022 649 1581 88 128 U+3093 271 2017 98 84 U+7537 461 1985 85 114 U+3075 454 2266 90 69 U+306A 474 815 69 90 U+3046 855 2465 41 98 U+308A 875 423 50 90 U+90CE 83 1062 73 128 U+30DE 1246 958 61 46 U+3075 455 902 92 76 U+6B21 1041 2019 80 85 U+9577 466 1727 74 87 U+3046 76 2006 70 119 U+3055 1429 734 55 70 U+3044 1430 1506 77 93 U+3046 1437 2030 43 106 U+3084 1228 2535 79 59 U+30CA 485 425 51 86 U+307E 1441 899 50 108 U+308B 873 709 43 60 U+307E 480 1323 47 84 U+3089 1054 1811 40 96 U+3044 471 2199 72 67 U+308A 104 1682 40 82 U+3053 94 676 56 67 U+3068 868 2159 41 67 U+90CE 850 957 78 120 U+51E6 646 1367 99 96 U+304C 1060 1747 60 65 U+3066 79 1361 75 74 U+3057 117 738 19 134 U+305F 660 2277 63 70 U+3046 294 1148 36 99 U+308A 1257 496 41 90 U+308B 292 1011 40 66 U+3058 1264 2494 46 52 U+304F 492 729 36 74 U+3046 192 1459 28 68 U+308B 96 1434 45 61 U+3057 1268 1189 17 121 U+30CB 476 502 67 35 U+308B 485 1251 44 65 U+3055 476 1816 49 73 U+30A2 1258 2584 63 51 U+3057 1263 767 17 96 U+3089 672 2425 38 90 U+3068 479 2103 45 93 U+306D 553 400 65 65 U+3082 474 2341 49 118 U+307F 295 770 40 83 U+3057 1451 2429 19 116 U+3057 1454 1388 20 121 U+3089 883 1231 25 75 U+30C8 118 498 27 82 U+3068 1059 1396 47 97 seg_fp 482 1039 48 46,umgy004-014
U+306E 1143 587 69 72 U+5ED3 155 1303 109 156 U+306E 1526 614 67 71 U+4E39 261 2237 87 65 U+4ECA 178 2447 104 137 U+3082 185 344 56 104 U+306B 755 1200 88 81 U+6C17 1526 700 62 135 U+9B42 1506 844 117 112 U+306F 173 748 79 45 U+306B 360 446 87 80 U+5FC3 352 354 95 83 U+3060 188 2072 88 82 U+65B9 1520 1390 84 127 U+306E 369 1352 75 83 U+3079 361 1846 104 69 U+3066 583 1296 39 105 U+3082 1533 428 56 89 U+306A 1140 669 69 86 U+611B 1123 357 97 127 U+3082 389 2477 57 70 U+3059 1328 547 75 83 U+25CB 1342 1166 57 56 U+306B 758 1644 87 77 U+4E45 747 511 90 108 U+304C 1536 1526 63 57 U+3044 1144 2595 85 54 U+304A 955 2399 73 57 U+308C 562 469 64 101 U+305F 570 1534 56 85 U+306B 1339 1948 89 77 U+79C1 726 357 109 98 U+76F8 1127 491 89 93 U+3044 177 450 76 67 U+4E8B 377 1519 69 175 U+306F 185 1670 64 45 U+306E 183 1470 70 82 U+5973 1516 523 97 77 U+304A 1144 1183 77 55 U+4EBA 736 1088 115 112 U+3066 176 1073 72 83 U+30F1 200 2167 77 47 U+304C 958 875 66 57 U+306A 375 1709 69 88 U+3072 565 1976 86 80 U+306B 189 2578 94 75 U+60DA 1510 1592 108 113 U+3044 362 1028 79 57 U+4F55 364 2555 101 89 U+3064 362 1083 83 115 U+3051 950 737 75 89 U+80F8 1129 983 97 118 U+8868 1345 2023 73 132 U+307B 1534 2132 75 94 U+306B 945 498 83 77 U+3082 1165 2496 36 81 U+3070 1138 909 89 64 U+65B9 170 1551 86 113 U+306B 1160 1110 47 67 U+306A 756 951 68 80 U+308A 1552 1707 31 88 U+3064 556 1191 84 104 U+5C45 548 1408 98 122 U+304C 776 2576 65 63 U+3067 1519 360 87 70 U+3089 567 796 46 94 U+306B 1147 1636 79 67 U+3082 1535 2049 50 81 U+306A 559 586 67 91 U+30C8 592 1699 36 80 U+3066 961 1036 40 106 U+306D 1130 831 80 83 U+3057 360 533 83 79 U+3093 952 2066 105 92 U+6027 352 920 98 99 U+6025 752 1502 81 140 U+5FCD 952 2279 92 101 U+3059 572 2160 69 77 U+305D 187 898 58 84 U+3084 1524 1789 86 73 U+5FC3 945 1134 87 91 U+6B64 1520 1283 85 104 U+30E8 591 1635 44 51 U+30A2 185 1222 57 91 U+65AD 1318 348 93 116 U+9854 561 2067 93 99 U+7531 1527 2556 84 80 U+3046 183 1804 55 122 U+30CA 406 2142 46 68 U+307E 563 1113 70 82 U+306E 762 2475 76 87 U+3042 952 579 75 81 U+582A 366 2255 98 117 U+3060 567 1032 80 80 U+304A 1332 1234 88 60 U+30A4 565 946 47 70 U+30CD 198 817 54 65 U+3088 974 2569 37 72 U+3042 763 1270 71 95 U+308B 1344 626 42 62 U+30A2 210 2381 48 60 U+3044 1330 791 77 56 U+53D6 954 1307 65 92 U+5A18 1327 1693 101 120 U+5FCD 370 2375 94 99 U+3044 557 355 84 65 U+306F 759 466 73 44 U+8A00 560 2356 94 118 U+3082 785 2365 44 113 U+9022 739 826 97 120 U+3092 1341 2266 79 82 U+3066 1163 1795 40 110 U+306A 1335 902 65 91 U+30C4 568 890 57 66 U+3044 170 682 79 57 U+3084 937 936 87 55 U+9577 1334 1288 71 110 U+7269 1140 2404 107 91 U+304C 1357 1626 58 55 U+5411 1334 2159 89 102 U+306F 949 361 70 45 U+3044 754 1036 76 66 U+3082 1157 1233 43 87 U+6B21 1518 973 92 95 U+304A 182 1919 79 61 U+308B 588 2235 40 54 U+3044 1330 995 71 59 U+3044 374 1286 68 66 U+3055 1531 1203 54 72 U+305F 370 672 57 67 U+3057 1147 2032 79 88 U+3088 1359 1065 35 94 U+3055 1339 1457 58 91 U+306A 177 589 67 92 U+306A 369 744 71 85 U+3092 1325 465 89 87 U+6C17 1350 1814 58 131 U+3059 1338 1547 75 88 U+306F 567 417 67 50 U+305A 956 407 82 90 U+3070 1156 2117 66 93 U+306A 757 1782 84 89 U+30DE 185 1170 61 40 U+30CB 395 2210 63 35 U+306A 953 1401 70 83 U+3088 475 1995 32 70 U+3068 1347 704 36 76 U+4E16 354 1436 93 86 U+4ED6 1508 1942 101 105 U+308C 1531 2224 64 106 U+582A 932 2166 111 105 U+5A18 551 2559 124 90 U+3089 1546 2460 41 76 U+304F 776 721 34 83 U+3066 764 2268 68 92 U+306F 588 2470 48 79 U+304F 1168 2291 39 96 U+306F 1336 1403 74 47 U+3092 948 1224 80 86 U+3071 384 1194 55 88 U+3044 563 682 72 63 U+3075 751 1363 89 71 U+3069 189 1727 79 77 U+51FA 1147 1711 91 82 U+304C 968 984 61 55 U+308B 967 823 37 48 U+304B 775 1722 46 66 U+4E00 567 2312 85 19 U+3089 1144 2213 55 91 U+3068 776 1429 48 68 U+3084 1146 1912 85 58 U+306D 459 2064 60 64 U+30DE 213 2343 51 38 U+30A2 1541 1859 52 75 U+308A 959 659 52 93 U+9762 1144 1521 84 99 U+3075 1326 2581 96 63 U+304B 1548 2400 37 59 U+3064 1340 2357 77 66 U+3075 1134 1322 80 67 U+3057 986 2450 18 119 U+308B 386 1790 45 63 U+304B 1350 844 37 59 U+516B 941 1935 100 62 U+9577 1031 1665 53 74 U+308D 1344 2520 66 63 U+306A 762 2062 74 93 U+7B2C 1515 1068 77 126 U+3057 789 610 19 106 U+308F 585 1783 44 101 U+304B 575 743 37 54 U+308B 1546 2328 42 59 U+3057 396 1881 26 173 U+3089 197 516 29 72 U+7C73 952 1812 82 104 U+304B 385 609 44 61 U+307B 953 1487 59 71 U+3089 1158 754 31 85 U+3057 977 1559 19 136 U+3089 582 1886 39 94 U+3064 760 2156 82 116 U+304F 385 799 49 114 U+3057 202 979 21 98 U+304F 784 1972 27 84 seg_fp 227 1976 18 87 U+309D 1175 1965 20 47 U+3055 959 2008 52 68 seg_fp 1155 1399 44 69 U+3057 800 1872 20 99 U+304F 1362 2460 35 63 seg_fp 1155 1473 52 31 seg_fp 1367 2419 29 46,umgy004-015
U+3092 1421 1135 90 66 U+3082 863 504 47 81 U+3092 654 378 92 71 U+306A 1237 1066 78 89 U+3082 1050 572 52 86 U+3066 671 1723 43 114 U+306E 465 2617 73 65 U+3089 864 833 65 102 U+306A 92 2227 72 104 U+304A 649 1848 84 60 U+304A 1432 1723 80 57 U+3064 1036 2372 90 127 U+81EA 859 598 65 117 U+30A4 1434 821 46 87 U+308F 1254 2590 43 74 U+304B 1234 561 87 80 U+306B 465 1407 91 84 U+304A 853 1172 82 52 U+3082 280 1800 51 91 U+306B 1045 2203 87 75 U+3067 1060 999 51 102 U+306E 1048 2011 70 77 U+306B 1234 475 92 74 U+3051 1236 1896 84 90 U+305F 1049 374 61 94 U+306B 1432 1635 87 78 U+3044 80 1409 81 64 U+65E6 472 2068 77 90 U+3066 1249 773 39 118 U+3066 666 928 74 91 U+3082 475 2262 56 90 U+6B64 854 2203 87 99 U+5FC3 647 1326 104 79 U+304A 1417 2600 97 67 U+308C 469 378 78 107 U+6613 659 1411 78 141 U+9577 1424 1787 81 126 U+304F 653 1911 78 74 U+306A 660 1187 83 86 U+3072 854 1406 85 83 U+90A3 76 1014 92 76 U+3044 1242 1366 69 59 U+3068 1440 918 53 84 U+5DDD 1032 887 87 111 U+304F 678 1546 41 88 U+3082 679 2460 52 73 U+30CD 1260 2117 54 63 U+65E6 82 920 80 83 U+3064 82 2324 86 128 U+3093 1428 1979 110 98 U+3068 101 1102 48 74 U+3082 1250 1492 46 90 U+8005 1032 1890 102 123 U+304C 289 1462 67 54 U+3044 468 1562 80 68 U+3072 83 1472 87 92 U+90A3 465 2179 89 86 U+5A66 1023 663 107 119 U+3044 845 378 86 65 U+306E 467 982 73 78 U+305D 477 1199 57 89 U+4E45 1416 2074 94 123 U+914C 1409 1017 105 106 U+3093 860 2574 106 95 U+3072 325 2262 63 63 U+306F 82 1623 83 59 U+3089 1047 1363 65 104 U+3046 861 1687 51 117 U+60DA 838 713 108 119 U+304B 677 2174 41 78 U+3055 670 2612 59 66 U+7533 292 1085 41 121 U+3075 267 450 91 76 U+3064 469 1493 79 67 U+82E5 81 795 76 123 U+30A2 1256 2517 50 71 U+3064 1230 665 81 106 U+308B 1444 1298 42 60 U+3042 277 669 77 88 U+76EE 1244 373 68 99 U+3092 1238 1270 86 84 U+306A 1044 2297 73 89 U+3057 82 377 83 88 U+304C 866 1795 62 68 U+30C8 300 1896 37 83 U+3060 1235 1978 90 74 U+3093 658 1104 110 84 U+305F 1048 2494 67 83 U+3032 478 2496 78 126 U+3057 467 580 79 82 U+8EAB 455 854 80 124 U+4FAD 66 2026 110 116 U+3059 1434 1213 56 86 U+3081 663 634 70 97 U+3072 248 2198 65 61 U+304F 110 1304 34 93 U+3093 1225 976 120 92 U+591A 1038 779 72 117 U+3066 90 2469 76 88 U+62BC 648 2357 106 111 U+3060 466 2353 80 79 U+3067 1429 2511 70 70 U+3082 478 485 46 85 U+306F 104 2559 54 121 U+3075 835 444 96 66 U+3068 1061 2582 55 88 U+306D 1515 1390 53 56 U+8EAB 68 1888 95 137 U+308C 467 1289 75 116 U+306B 109 2145 47 67 U+5B9F 849 1867 81 137 U+3068 677 732 50 81 U+3089 1065 1638 34 93 U+304C 1252 2043 69 57 U+307B 1434 1447 80 87 U+6DF1 76 1190 98 114 U+305B 268 812 81 84 U+6570 1028 2096 108 105 U+65AF 1030 1462 98 116 U+3064 252 2316 57 55 U+305F 274 1637 71 80 U+3060 860 1491 82 98 U+30A2 471 1818 59 100 U+308F 285 1532 54 104 U+30A2 1440 763 59 60 U+3044 274 2600 78 75 U+3044 852 1031 82 62 U+3075 1223 1426 93 72 U+304A 659 2546 86 69 U+3069 1438 377 78 79 U+3055 1441 1917 51 62 U+306B 293 1238 48 78 U+3068 875 1077 42 85 U+3078 456 1146 102 58 U+305E 1437 551 68 92 U+304C 678 1265 62 53 U+3081 1519 692 44 68 U+3084 461 1726 88 87 U+82E5 458 1919 80 141 U+3089 864 1591 66 95 U+3055 869 2504 62 73 U+304B 103 1561 43 63 U+306E 852 2006 70 79 U+304D 254 2252 52 68 U+5FA1 268 377 88 76 U+3089 86 699 51 93 U+3060 660 2094 84 75 U+306F 677 463 45 92 U+3089 672 2251 45 99 U+3044 467 779 73 63 U+4ECA 1230 2190 95 156 U+3084 1238 2448 82 66 U+3044 326 2215 57 47 U+3064 1232 1833 81 66 U+3093 1430 1531 112 99 U+3044 275 1394 78 72 U+82B8 1041 1739 94 150 U+3059 329 1990 50 79 U+3069 1055 1111 76 73 U+3066 251 2369 59 59 U+3076 1417 2344 102 97 U+306D 324 2367 68 62 U+3061 467 1639 79 92 U+308F 870 1232 42 92 U+3076 1230 1592 98 101 U+3057 1270 1695 19 133 U+3064 274 2530 76 70 U+307E 292 899 46 107 U+3084 1042 1581 84 59 U+6885 851 2318 111 105 U+3053 1241 911 60 71 U+306F 273 757 81 60 U+3066 84 1783 80 77 U+3046 1447 460 39 98 U+305F 278 1002 65 78 U+3084 1039 1286 91 75 U+3057 306 520 18 144 U+304C 263 2055 52 47 U+3093 461 2425 125 72 U+304B 347 2321 29 47 U+3058 1265 2340 48 116 U+3088 1535 1324 28 64 U+3057 1461 2186 18 161 U+308C 660 1983 70 108 U+306A 467 669 53 107 U+6B21 854 2421 91 79 U+3057 111 1666 21 121 U+307F 683 1025 35 86 U+3057 685 1616 20 106 U+305F 91 467 63 70 U+304A 246 2100 65 45 U+3058 694 552 42 87 U+3046 1530 632 26 61 U+304F 281 1316 64 70 U+3046 484 1059 36 90 U+3057 273 1977 17 79 U+3053 332 2069 47 51 U+3057 1071 469 19 102 U+304B 105 643 38 58 U+3057 693 818 18 113 seg_fp 1452 2435 40 79 U+3057 304 1710 20 92 U+3082 260 2137 36 64 U+3057 352 2116 14 102 U+3046 1028 1193 74 121 U+3089 868 1324 34 87 U+3057 880 933 19 96 U+30B7 327 1208 61 33 seg_fp 1273 630 23 35 seg_fp 264 2467 126 104 seg_fp 1412 1406 119 82,umgy004-018
U+306D 381 863 50 55 U+3088 397 782 30 70 seg_fp 1554 661 90 216 U+4E39 205 2402 60 66 U+90CE 206 2547 51 62 U+6B21 210 2486 50 37 seg_fp 1531 374 132 157 U+516B 383 936 53 41 seg_fp 214 2523 27 29,umgy004-021
U+6C17 160 1193 78 160 U+4E0B 947 316 76 110 U+4E2D 739 477 88 131 U+3066 1152 2170 46 120 U+3078 1124 1307 108 52 U+5C0F 350 577 96 77 U+306A 348 959 85 87 U+4E8C 1131 2316 89 68 U+3066 933 1206 83 91 U+30A4 1340 2401 50 97 U+3051 1326 1433 75 117 U+4E39 425 1904 90 78 U+516B 1117 1220 109 77 U+306B 1139 1565 89 87 U+304B 369 316 48 71 U+3092 743 1498 82 75 U+6C17 359 2332 68 134 U+3082 1533 1449 46 113 U+3089 1335 1189 60 104 U+990C 1505 1047 108 125 U+90CE 359 1269 87 149 U+3060 364 776 76 82 U+3064 160 802 83 131 U+51E6 539 320 88 100 U+304A 537 1095 91 58 U+3092 741 607 87 78 U+66AE 1303 1062 89 123 U+305F 1521 2520 74 85 U+6C17 1526 2085 63 150 U+3066 747 1794 71 86 U+3066 183 1877 48 101 U+6B21 1127 889 101 108 U+4E39 336 1063 112 107 U+7C73 1131 1084 79 123 U+72AC 1510 312 93 109 U+308B 961 452 42 77 U+5EA6 1129 1418 93 142 U+307B 1525 2311 79 91 U+3052 748 1667 89 117 U+516B 931 1978 108 71 U+308C 1521 2408 82 109 U+80CC 737 317 90 148 U+308C 1330 1550 73 102 U+306E 1330 399 68 77 U+3092 167 2439 83 62 U+5C45 152 2000 100 117 U+306E 1519 962 72 82 U+306D 552 2474 86 85 U+3042 746 1578 80 95 U+524D 339 395 99 121 U+3080 1332 1750 88 90 U+3072 349 1823 95 86 U+30A6 571 2036 57 92 U+694A 154 2206 109 127 U+3084 1116 316 94 61 U+3066 1341 804 44 117 U+307B 179 2500 72 59 U+3084 1514 1558 89 85 U+306F 950 2050 60 118 U+304F 565 986 38 99 U+7709 719 1237 96 134 U+3046 964 2172 41 91 U+9055 139 1360 108 120 U+306D 353 2182 97 115 U+306A 1519 1252 73 99 U+3046 1156 375 30 81 U+30A2 570 2399 59 70 U+3078 345 2296 115 59 U+3064 934 1004 85 72 U+3068 1146 992 49 82 U+3064 1132 1922 88 119 U+9577 1416 2248 53 77 U+3078 152 1833 111 52 U+3055 162 1487 61 78 U+30A2 182 1101 52 95 U+3055 1332 2528 63 84 U+3064 744 930 84 112 U+3072 153 312 84 92 U+3078 350 2128 109 66 U+306F 355 1418 82 56 U+3069 1343 1654 66 84 U+3084 549 2324 93 71 U+30CF 1336 2366 66 39 U+6B21 352 1174 92 94 U+3061 365 2465 68 89 U+6885 1116 775 109 106 U+308D 939 2369 83 94 U+3082 945 895 54 105 U+30A2 358 868 70 90 U+6BDB 735 1373 103 117 U+3057 1350 1299 21 139 U+3061 171 919 72 97 U+3081 647 1886 48 69 U+5973 1306 312 103 83 U+90CE 943 751 71 142 U+3089 766 2368 39 89 U+3060 162 402 76 68 U+3044 556 2141 87 67 U+3042 1142 1665 79 89 U+5150 355 670 89 103 U+3092 941 1747 80 84 U+30C8 186 1580 34 72 U+304F 160 1660 75 78 U+306A 739 2203 105 101 U+3068 1535 1158 52 87 U+3072 748 692 78 86 U+306F 1525 2239 76 56 U+3084 162 1010 90 89 U+306B 752 1889 69 101 U+4E0A 939 1297 83 95 U+5EFB 1524 1932 80 76 U+3068 1539 1833 51 82 U+308A 1332 1836 61 111 U+9AA8 1501 433 99 129 U+3078 927 1565 111 46 U+304A 352 2063 90 65 U+6B21 937 648 90 102 U+968E 1124 2402 96 118 U+5E30 530 1162 104 103 U+3066 1530 683 39 107 U+4E39 927 542 104 102 U+306D 638 761 63 66 U+3092 1131 2514 96 98 U+3081 752 1045 70 84 U+306B 555 1368 72 92 U+305B 1515 1646 81 90 U+3093 1519 1730 105 105 U+3044 937 1127 82 80 U+304C 366 2554 66 59 U+304B 965 2464 36 62 U+3084 542 910 86 76 U+3089 958 2529 44 90 U+306F 356 520 74 52 U+3075 152 2561 109 74 U+5E38 1321 489 84 125 U+305A 1340 2144 63 93 U+305F 172 2122 65 75 U+4E00 1129 1374 94 23 U+308A 1529 1343 53 107 U+306A 1326 1951 93 100 U+679D 153 2340 122 111 U+306F 548 565 78 60 U+3059 555 474 64 87 U+308A 1553 2004 42 78 U+884C 936 1611 100 128 U+3078 536 2563 119 48 U+3089 579 1540 29 91 U+3089 1139 563 44 108 U+30A2 185 605 48 66 U+306B 376 1484 42 77 U+304F 765 840 38 85 U+3089 773 1991 33 119 U+3055 1146 1836 62 83 U+3044 1138 1756 82 77 U+3058 587 2246 50 83 U+308F 178 1743 38 85 U+304C 376 1561 67 66 U+308F 370 1628 43 108 U+3088 656 695 31 64 U+308A 738 1127 74 113 U+91CE 1310 930 97 111 U+6298 1503 577 95 94 U+306F 559 816 58 94 U+30E2 556 1966 75 59 U+308A 552 1260 62 102 U+3069 765 775 54 68 U+7C73 936 1839 88 129 U+308A 958 1398 42 96 U+306E 757 2570 63 56 U+306D 254 541 45 65 U+307F 770 2110 40 89 U+308A 528 624 83 124 U+3046 661 1820 25 62 U+5143 737 2466 110 109 U+306A 1130 473 72 88 U+304C 773 2302 67 68 U+53E3 950 1492 68 56 U+308F 177 718 47 89 U+3044 549 1768 75 71 U+304F 551 1460 74 73 U+3089 361 1735 44 95 U+3057 969 2261 27 108 U+9DF9 1518 786 68 167 U+3057 1169 2042 21 127 seg_fp 535 439 89 25 U+3089 1354 2054 32 94 U+309E 967 1072 55 52 U+3057 581 1639 19 126 U+309D 592 2207 32 40 U+30FD 194 669 26 30 U+306B 1344 632 42 80 U+3088 264 475 32 69 U+3057 1359 708 24 93 seg_fp 520 769 134 109 U+30C8 1161 681 23 75,umgy004-023
U+4E2D 786 934 79 141 U+306E 591 1364 78 83 U+3092 783 1685 87 77 U+3084 1552 1780 95 72 U+90CE 984 2431 90 141 U+3093 1556 1652 121 115 U+3092 397 2200 82 76 U+91CF 380 1518 95 132 U+306E 1564 992 72 93 U+4E39 577 2098 114 100 U+90CE 599 2306 85 126 U+306B 594 830 72 68 U+3082 601 2442 58 85 U+3084 390 2123 94 83 U+6298 1158 1041 94 167 U+306A 795 1165 65 86 U+6D6E 1536 398 95 123 U+306A 1563 1467 75 99 U+306E 591 1873 79 79 U+3066 977 713 70 86 U+304B 194 1953 97 83 U+7F6E 976 802 81 128 U+9053 195 476 84 105 U+6709 1382 1715 60 114 U+76EE 1569 901 60 94 U+65AF 767 383 102 151 U+8C48 1555 654 79 129 U+3061 596 566 66 95 U+4E39 956 2232 120 99 U+306A 398 806 75 100 U+5CA1 1557 796 76 104 U+6240 1555 1343 96 124 U+6642 1615 2185 62 74 U+3078 196 658 100 58 U+7ACB 402 2286 78 128 U+3070 401 1664 85 44 U+6C88 1535 533 109 113 U+516B 384 507 109 76 U+4ED5 573 1459 102 95 U+306C 387 1012 92 76 U+5F7C 383 1741 110 107 U+304E 388 2044 106 86 U+306C 581 1032 90 82 U+7C73 391 380 85 116 U+304D 797 826 61 103 U+898B 193 1317 82 109 U+304A 1558 1092 86 64 U+306F 212 702 49 91 U+308C 985 457 55 105 U+306B 213 1879 54 63 U+3070 197 1532 94 51 U+3046 420 1843 37 108 U+6DF1 780 709 91 117 U+6211 777 2238 104 120 U+5E2D 1593 2267 83 108 U+5973 1161 2348 110 77 U+4E0A 1618 2382 60 55 U+304A 974 1059 83 53 U+898B 786 1775 73 107 U+7AF9 1345 761 102 133 U+3051 592 724 77 105 U+6B8A 780 1366 91 121 U+5951 389 1092 86 112 U+7CF8 1365 575 79 179 U+6B21 590 2207 92 101 U+3084 973 1463 85 81 U+307B 1364 1191 88 109 U+3084 1160 1237 93 106 U+690E 379 1396 108 114 U+308C 207 1424 58 104 U+7336 193 1589 95 110 U+306A 399 1950 73 93 U+3067 782 617 83 85 U+3044 582 910 83 61 U+308C 403 907 65 103 U+3076 1552 1248 94 79 U+306F 396 652 79 56 U+3064 586 667 81 64 U+306A 1365 1843 93 94 U+304C 1003 2600 62 55 U+3082 218 2478 46 85 U+7537 785 1564 86 124 U+7C73 979 2042 81 106 U+3070 604 1112 62 91 U+3089 1387 2002 42 97 U+306B 806 1485 37 70 U+3082 999 1367 40 96 U+5F7C 965 943 103 99 U+3082 810 2350 44 87 U+6B21 978 2338 94 83 U+59FF 189 1104 94 125 U+304A 979 1631 88 60 U+3072 977 1791 82 87 U+308B 1177 2089 85 103 U+3042 1625 2063 62 73 U+306F 409 706 46 98 U+306A 795 2501 65 83 U+7D99 775 1894 103 109 U+3068 409 1297 50 93 U+898B 1173 1852 79 122 U+308B 218 387 47 75 U+3059 1188 1345 51 120 U+3089 222 2195 40 95 U+516B 972 2162 105 71 U+3086 198 2118 86 77 U+308A 604 1255 46 109 U+8005 1612 1966 68 95 U+306A 592 1637 70 92 U+306F 979 567 77 46 U+3072 1537 2016 63 72 U+3092 200 1231 84 91 U+306C 187 1027 102 76 U+3066 392 2496 75 72 U+3051 785 2077 78 107 U+308A 791 1247 62 117 U+3055 209 583 57 74 U+5E30 377 2584 107 78 U+307E 614 2532 44 78 U+306E 796 2433 66 68 U+4F5C 1610 1882 76 88 U+9577 976 1110 67 108 U+3053 986 388 51 67 U+3070 792 2181 73 48 U+305F 602 2614 63 65 U+3066 1608 2505 63 64 U+7BC0 1376 1453 79 142 U+5504 1165 2211 103 89 U+3068 806 1078 41 80 U+3055 216 1698 55 92 U+3055 1377 1098 48 89 U+306F 984 1220 70 48 U+3052 1174 1472 103 122 U+3089 1586 1565 33 85 U+3057 1011 1863 19 158 U+304A 782 2022 82 57 U+3055 985 630 58 80 U+3086 1179 1974 80 116 U+308B 1633 2132 40 52 U+307E 798 538 49 78 U+305F 1544 1951 43 62 U+3081 1543 2083 49 67 U+304B 220 791 39 57 U+306B 1381 897 34 73 U+3092 1537 2143 62 66 U+308B 1546 2364 35 73 U+304C 1396 1936 56 66 U+308A 807 2580 44 89 U+308A 417 1206 42 91 U+306F 593 975 72 52 U+3046 606 483 39 85 U+307F 616 1953 40 87 U+51FA 395 2416 96 75 U+306F 1382 1602 49 105 U+304F 225 2403 44 80 U+3046 1553 1885 30 67 U+3057 242 2299 19 106 U+3081 1530 2297 55 69 U+306B 1632 2448 27 56 U+308F 223 2033 39 86 U+3053 608 1568 45 65 U+3068 609 382 48 87 U+306E 1366 1300 80 139 U+3068 994 1543 45 77 U+304B 612 2039 41 53 U+3088 1004 1275 42 93 U+3082 998 1699 44 92 U+624B 1185 875 56 164 U+304B 613 1205 34 52 U+3069 217 847 63 81 U+306B 1195 1595 35 211 U+3089 230 1791 26 89 U+307F 1384 990 38 105 U+3088 1585 1155 32 91 U+3088 1554 2218 25 75 U+3089 214 937 38 95 U+3068 413 565 47 85 U+3057 623 1712 32 130 seg_fp 1219 2294 49 41 U+3046 229 2567 32 86 U+308B 224 2628 41 56 seg_fp 9 67 90 129,umgy004-027
U+4E39 150 1639 94 82 U+839F 1408 601 118 132 U+3092 1053 1143 80 69 U+306B 854 1186 85 79 U+6CE3 1232 747 92 100 U+4E39 731 1256 83 76 U+306E 861 1495 68 70 U+3064 273 1376 88 117 U+306B 858 770 81 67 U+3082 99 2420 60 74 U+3064 279 2570 83 109 U+306E 477 2020 72 67 U+6709 93 1180 60 110 U+7C73 470 1636 82 124 U+306A 1250 2464 77 73 U+304A 667 794 86 58 U+306E 868 956 65 89 U+3082 483 1527 50 98 U+3064 858 2149 90 113 U+3066 491 1179 46 106 U+524D 1043 899 95 132 U+7A00 1417 1714 119 156 U+5074 1424 1270 101 123 U+3070 1045 585 84 60 U+4E39 560 387 78 72 U+884C 1241 1363 84 125 U+4E39 1037 1645 114 105 U+34B5 278 646 75 105 U+3044 473 1006 80 59 U+304D 1428 521 86 82 U+6B66 1435 1963 98 144 U+90CE 1056 1851 81 131 U+306E 288 1776 71 89 U+3066 1248 1150 66 82 U+306A 1052 2288 74 87 U+304A 1429 1020 85 49 U+3044 1048 474 80 59 U+306E 1440 934 67 70 U+3066 1050 2495 76 76 U+306F 666 1983 80 42 U+306F 1429 380 85 50 U+3059 282 1284 59 96 U+306E 1440 738 64 80 U+305F 489 2481 52 72 U+3046 114 1988 34 98 U+308C 858 2580 77 89 U+305D 107 1898 53 87 U+5F15 855 2486 85 104 U+5C0F 1436 2226 92 71 U+3064 466 1059 88 121 U+304C 1447 1198 66 61 U+3066 296 1485 38 102 U+3066 868 1961 66 84 U+306B 683 2173 49 76 U+306A 1238 571 77 91 U+8AA0 644 2051 121 124 U+306A 280 1187 75 97 U+3064 472 2367 85 118 U+304A 1050 668 87 47 U+9577 561 650 51 75 U+91E3 1045 2576 96 95 U+5DE6 852 838 87 118 U+3093 665 1140 104 98 U+3064 275 1658 88 127 U+304A 276 1033 82 62 U+82B1 1433 822 73 113 U+3044 91 2104 77 57 U+3044 278 1608 83 57 U+306A 1441 1870 76 80 U+3075 77 2163 94 81 U+306A 475 737 75 97 U+308B 883 520 38 72 U+3066 83 382 74 75 U+30F1 1240 1591 69 47 U+592B 262 2210 116 121 U+3067 85 591 68 85 U+3082 1450 1619 49 88 U+3057 860 2060 79 90 U+3093 669 1882 98 91 U+76F4 1250 2262 76 118 U+516B 461 1774 111 67 U+77E5 276 386 89 100 U+5BB6 1435 2090 85 123 U+9577 752 666 57 73 U+624B 868 1046 52 136 U+305C 461 826 97 81 U+3044 474 2305 78 61 U+9577 752 1477 51 72 U+3088 1265 2568 42 77 U+6765 1439 1488 73 129 U+306A 672 384 70 103 U+304A 1233 379 85 74 U+30F1 1254 1522 72 45 U+9577 1051 732 72 100 U+9577 1421 1078 88 124 U+5F8C 1049 1032 104 106 U+30CB 106 1837 67 40 U+65B9 852 1371 83 108 U+3058 114 912 43 90 U+3089 687 546 35 100 U+3051 95 2328 75 88 U+3084 82 997 83 71 U+306A 286 2492 66 92 U+306E 1057 1988 73 86 U+30A4 698 974 37 78 U+6B21 1051 1749 84 102 U+3044 84 2581 82 58 U+3092 277 751 82 85 U+305C 1233 655 100 76 U+304B 94 1567 47 64 U+304C 106 2626 70 56 U+3078 649 1754 111 58 U+618E 656 2274 97 112 U+3089 497 2569 35 88 U+306F 1062 831 69 44 U+34B5 1246 856 68 109 U+5148 472 1301 79 123 U+51FA 279 1099 88 83 U+3078 1223 533 105 49 U+5A66 261 2322 107 108 U+3051 865 1861 76 107 U+5ACC 1230 2065 104 121 U+304C 880 456 56 61 U+6B69 1245 1236 81 129 U+30A2 106 1070 40 84 U+307E 96 1298 53 92 U+9593 289 1876 62 102 U+304A 83 462 81 64 U+304A 1429 2512 89 59 U+3068 878 2406 50 80 U+30CA 117 1765 53 71 U+3081 1240 451 68 80 U+30C8 1080 384 34 74 U+3055 1250 1848 59 78 U+3066 287 937 62 79 U+306C 274 555 86 80 U+9577 1435 2608 73 57 U+3044 90 528 66 65 U+5144 668 873 90 94 U+3092 471 2202 93 89 U+4E39 1521 2430 75 70 U+3068 490 909 51 88 U+306A 85 679 77 82 U+3092 854 1710 89 90 U+3092 1245 964 84 84 U+5F80 1427 1390 96 96 U+4E21 865 1263 65 105 U+6A5F 1233 1939 109 127 U+308C 1251 1740 70 101 U+523B 463 1423 96 111 U+304A 667 1610 84 67 U+8DEF 1430 2306 106 92 U+5FA1 279 2127 79 80 U+30E8 708 2626 40 41 U+9854 1043 2078 100 113 U+304B 873 1794 48 69 U+3053 1254 1663 53 74 U+3092 1250 2185 83 84 U+3055 871 383 58 71 U+3081 1060 2426 59 72 U+3055 680 1070 54 69 U+3057 1079 1477 20 138 U+308A 885 2323 38 85 U+3084 857 605 81 63 U+306A 93 2503 75 78 U+305B 80 1387 76 81 U+3093 473 1920 104 98 U+3055 673 1810 61 73 U+308F 109 2244 41 84 U+306B 300 2429 40 59 U+3093 82 1463 109 102 U+3044 665 2564 80 58 U+305C 467 549 94 72 U+304B 885 2272 37 53 U+3046 865 665 49 100 U+3092 1055 2188 89 90 U+3055 97 763 55 71 U+308B 108 834 34 65 U+306A 479 467 73 84 U+307E 673 1676 64 74 U+306B 298 1990 44 76 U+30F1 675 1378 71 53 U+306F 1058 1433 68 47 U+3078 1039 540 96 41 U+3089 692 2387 34 86 U+304C 687 486 52 61 U+304C 1072 2372 60 55 U+304B 298 2061 37 62 U+3057 307 831 17 103 U+3057 1452 416 31 105 seg_fp 1457 2566 36 44 U+3057 1275 2383 23 85 U+624B 870 1577 50 136 U+3057 1274 1056 16 92 seg_fp 482 1851 89 70 U+3057 686 2473 29 91 U+3089 304 482 31 79 U+898B 1054 1222 64 99 U+307E 1069 1318 43 105,umgy004-028
U+4EBA 1522 789 112 118 U+3066 1335 358 79 71 U+306A 766 617 72 88 U+4E39 1216 910 94 75 U+6C17 1552 2048 61 137 U+306E 1553 2198 70 74 U+306A 1147 639 75 88 U+884C 178 1750 105 124 U+3064 566 1942 97 118 U+3066 1566 1373 41 112 U+4F55 1341 1776 97 105 U+5A66 1128 357 100 131 U+4E39 443 1770 97 76 U+3055 387 2341 63 79 U+306B 1147 481 91 81 U+306F 581 1112 73 48 U+304F 210 2437 36 105 U+4E39 1037 2146 90 81 U+304B 1167 817 43 75 U+3092 1340 873 84 72 U+306B 393 1599 46 72 U+306A 1157 1489 71 90 U+7D04 945 1015 102 124 U+3064 1536 1260 87 119 U+3031 995 2328 51 176 U+6B69 183 1612 83 133 U+304A 191 1896 83 54 U+5F7C 1326 443 102 102 U+6240 946 404 97 124 U+5A66 1138 1261 93 139 U+3082 1170 2284 51 89 U+304F 596 2050 40 98 U+592B 959 2534 95 106 U+3059 204 2559 64 94 U+3042 967 1544 76 91 U+75C5 1538 1902 92 140 U+9577 1238 1893 55 72 U+304A 769 2003 81 65 U+3067 1159 2211 81 77 U+304A 1145 575 81 63 U+306B 395 2253 56 73 U+592B 1140 1144 112 119 U+5C45 1532 1497 98 116 U+9577 1436 2271 56 81 U+306A 776 2450 71 84 U+62B1 169 1260 109 107 U+3084 372 922 94 81 U+306B 974 530 45 67 U+30E4 384 1305 62 68 U+3066 203 1505 45 108 U+3064 177 971 85 111 U+675F 952 1143 87 116 U+306E 1361 2098 66 85 U+304B 1364 1418 38 78 U+306E 568 353 80 77 U+306B 1171 1399 47 74 U+6B8A 1532 1714 102 112 U+3093 959 1900 117 111 U+3066 1537 1000 77 81 U+592B 1342 2532 103 108 U+51E6 362 1504 100 90 U+3066 1550 1615 63 84 U+3075 945 931 93 78 U+662F 1345 558 71 113 U+672B 1160 2375 82 123 U+3092 770 1896 85 85 U+307E 1550 1166 54 95 U+6D6A 1527 669 97 116 U+307E 972 1726 56 93 U+30C4 1371 1607 43 52 U+3093 580 999 93 102 U+306B 792 2384 47 65 U+308C 386 1998 72 99 U+306D 765 1044 74 89 U+306B 1568 1825 46 71 U+3082 1175 1666 48 85 U+3044 1538 420 71 58 U+3066 781 1601 63 82 U+3082 587 1760 57 91 U+30E8 804 1197 44 51 U+5A66 746 361 103 122 U+308C 1162 2100 71 99 U+4F55 359 1393 98 107 U+30CB 1154 1090 71 38 U+30C8 412 2429 33 52 U+3057 768 956 80 87 U+8A71 1335 766 89 102 U+3066 1347 1060 70 84 U+3046 206 2109 40 109 U+306A 962 611 64 88 U+30A2 781 862 50 90 U+4E2D 1549 2398 71 128 U+304C 1545 590 66 73 U+306E 1155 1748 73 74 U+3084 762 781 84 73 U+3042 382 743 80 91 U+3089 1372 1495 27 95 U+308A 1170 723 40 91 U+5BC4 178 1381 97 124 U+5341 565 1582 86 61 U+30F1 397 1688 68 45 U+3060 1360 2180 77 75 U+3078 561 496 101 55 U+3093 768 2307 104 78 U+30A4 1362 1673 35 83 U+9577 845 1282 53 72 U+3078 952 2071 107 55 U+3055 778 2534 59 66 U+306F 1155 2577 81 61 U+3084 956 1368 87 80 U+30A2 976 1454 51 88 U+308C 1344 1227 65 110 U+3044 573 2269 79 60 U+308C 778 1783 65 108 U+4E16 1327 677 99 83 U+6700 1543 2276 80 121 U+3044 962 860 74 73 U+304B 596 2341 44 68 U+7C73 573 1184 79 110 U+306A 176 359 94 100 U+3089 602 2570 36 79 U+3060 771 1684 95 97 U+305F 1356 2017 60 77 U+308C 190 2214 74 96 U+3053 1550 1100 60 63 U+3092 180 787 89 90 U+3057 188 887 77 86 U+30CA 1165 1017 58 65 U+304A 1532 357 84 60 U+9577 188 1951 77 109 U+3057 1382 1888 17 123 U+307F 788 2134 46 87 U+3044 383 2490 76 69 U+7230 377 2118 82 133 U+305B 961 1819 74 85 U+304A 572 695 84 62 U+3072 382 2565 100 81 U+6BB5 562 1654 97 106 U+306F 767 555 82 51 U+3055 776 2238 57 73 U+304F 1342 1148 78 76 U+3046 587 1863 45 102 U+30F2 404 1227 45 87 U+308A 189 1142 55 114 U+3089 1555 482 35 105 U+3044 576 2505 80 59 U+305D 780 1407 62 78 U+308A 789 701 34 85 U+3059 379 1004 78 91 U+30CA 986 2260 52 69 U+308A 602 1461 32 97 U+3055 582 926 57 73 U+304B 983 2017 43 48 U+308A 984 1634 42 92 U+305F 1349 1342 59 71 U+308A 401 833 42 88 U+304B 1162 1822 54 65 U+5A18 368 542 108 123 U+305D 1171 2009 59 92 U+3058 991 1269 40 98 U+306B 1177 2500 42 77 U+3057 224 2328 20 106 U+308B 1165 1571 48 67 U+3078 763 1141 101 44 U+30C4 1367 2380 51 39 U+308B 787 2598 42 56 U+3060 572 430 80 65 U+3057 799 1491 19 110 U+3053 395 1915 57 74 U+4E00 954 357 85 23 U+306F 193 2061 75 50 U+304C 396 673 71 61 U+304A 171 626 106 56 U+304B 211 1082 28 61 U+307F 598 828 41 87 U+3044 374 472 77 65 U+308B 975 691 39 66 U+306B 784 483 37 71 U+9577 179 691 76 90 U+3057 1371 954 19 108 U+3068 973 765 49 91 U+9577 465 1111 51 86 U+6765 1545 2543 69 101 U+304B 788 2067 38 69 U+4E39 642 575 77 81 U+3057 1568 889 19 114 U+304B 593 759 37 71 U+30A4 1362 2425 42 82 U+3088 599 1382 32 81 U+516B 565 1310 86 62 U+3057 399 358 27 112 U+308F 596 2409 43 96 U+30CB 979 2325 43 35 seg_fp 600 2147 27 120 U+304C 204 463 62 43 U+3089 200 509 38 102,umgy004-029
U+3082 302 1442 50 101 U+4F59 1233 1437 112 136 U+65B9 662 429 95 102 U+516B 1053 1406 93 63 U+3082 887 1054 37 112 U+3066 298 498 44 110 U+306F 1439 948 79 54 U+3066 500 1337 42 120 U+306F 1251 1379 75 52 U+3072 1242 432 83 78 U+3066 885 946 37 109 U+3066 702 2510 38 111 U+308A 867 338 72 93 U+3066 884 1740 38 102 U+3066 1437 1305 75 72 U+60C5 1243 2384 94 111 U+306B 1047 877 88 83 U+3089 1254 327 60 105 U+306B 1450 538 44 68 U+306B 679 2212 84 77 U+307B 493 1892 71 96 U+8A00 279 1728 94 114 U+3067 671 538 72 78 U+3031 695 1389 51 211 U+FA55 673 626 88 134 U+85E4 1238 1263 95 112 U+3059 1436 1904 79 95 U+306B 673 1877 95 82 U+30A4 1070 1169 37 86 U+306E 287 816 73 73 U+6761 853 710 99 119 U+7A0B 1238 1578 99 103 U+304F 313 1357 35 100 U+3064 96 567 80 95 U+FA55 863 1478 86 139 U+3068 314 2159 47 78 U+304B 883 2443 44 76 U+6B64 666 331 92 97 U+306A 94 1149 79 87 U+3064 479 1233 77 107 U+819D 1233 517 101 117 U+3064 673 2388 86 122 U+639B 852 1625 114 110 U+306D 280 1551 93 113 U+85E4 1132 964 72 86 U+304A 475 1083 78 59 U+306A 99 1826 65 99 U+3084 471 499 86 65 U+3090 483 340 69 72 U+3066 472 415 72 71 U+308C 98 892 74 97 U+3064 281 390 86 109 U+7406 1428 441 92 86 U+9E7F 671 2083 87 128 U+9762 278 1176 96 102 U+306E 1066 2274 67 86 U+5C45 1235 1071 97 113 U+548C 666 1590 100 115 U+306A 684 2303 70 92 U+3084 477 2491 90 75 U+305F 100 1610 64 91 U+307E 1261 1864 50 105 U+3067 90 1523 75 82 U+30A2 876 2201 55 90 U+3078 272 1663 109 62 U+3093 1247 872 107 103 U+9152 1243 1698 95 103 U+9AD8 1050 745 69 129 U+3059 1260 2519 57 90 U+306F 1437 1753 83 61 U+7121 1435 334 81 86 U+85E4 91 2354 84 109 U+3078 283 2117 108 62 U+3089 865 2519 73 106 U+3055 1067 1480 54 71 U+3075 479 2207 91 88 U+4E0B 300 2573 60 60 U+304B 668 772 85 69 U+30F2 1074 1088 46 94 U+3051 493 2390 71 100 U+306E 294 2379 69 79 U+53E3 865 442 65 45 U+304D 1444 1455 62 98 U+304A 1436 1392 79 60 U+5E97 268 2458 100 118 U+98A8 1243 2286 109 100 U+3078 273 1113 103 61 U+7A81 1055 2370 88 137 U+305E 1070 2099 71 81 U+304C 1271 1797 61 60 U+3070 113 482 58 83 U+3066 482 1756 74 76 U+3051 489 1656 78 105 U+3093 101 2544 113 93 U+306D 294 2029 76 86 U+3078 474 2163 108 59 U+7C73 1053 1287 80 104 U+99AC 676 1969 73 109 U+629C 852 846 94 99 U+305F 99 1049 66 97 U+3042 1443 2435 74 88 U+3059 1446 1654 61 95 U+3093 1055 1545 107 99 U+80FD 467 818 92 122 U+307E 1444 615 58 101 U+304B 1050 2505 86 70 U+3068 877 2297 56 76 U+306A 287 613 72 100 U+3078 464 1836 114 56 U+305A 1440 863 96 82 U+3084 864 2127 83 71 U+8ABF 1039 541 103 112 U+9F3B 1431 2220 89 134 U+305D 1076 2190 55 84 U+306F 1063 1865 71 55 U+306E 674 947 67 65 U+3057 127 330 17 145 U+3089 1248 702 51 96 U+3082 495 1138 39 100 U+308D 96 1312 72 107 U+3069 1254 803 70 73 U+305B 1434 1160 80 81 U+30C8 1472 1813 31 79 U+3051 871 1932 69 105 U+3075 479 1461 86 106 U+3067 1429 2359 81 78 U+30A2 466 718 77 115 U+3075 853 2376 98 76 U+3093 280 701 107 112 U+305B 90 1995 72 85 U+30F1 112 1001 70 45 U+304A 92 1241 82 67 U+3078 1432 1247 99 47 U+3067 670 1242 81 74 U+5BA2 279 2247 95 133 U+65E5 1075 1791 45 73 U+307E 1456 1556 43 98 U+308A 499 564 33 86 U+767D 298 1274 54 83 U+3044 673 1110 75 63 U+308B 1268 1183 40 69 U+3067 486 2082 80 79 U+3053 1065 336 54 59 U+306F 1258 1971 67 58 U+3064 673 1174 76 75 U+3084 478 646 76 68 U+3044 1439 712 71 68 U+308C 99 2170 71 96 U+4E0A 872 503 68 80 U+308A 875 2033 56 91 U+3075 853 1305 91 76 U+308A 115 720 40 85 U+3060 674 1013 82 81 U+304B 119 664 33 58 U+3057 1083 396 16 137 U+30A2 484 2569 67 63 U+304B 1268 648 35 57 U+304B 500 941 35 58 U+304C 310 1960 61 64 U+304C 302 337 68 56 U+306F 866 1249 71 56 U+3089 675 1707 59 106 U+3053 104 819 52 70 U+3053 1457 2000 49 67 U+3068 491 995 51 71 U+308A 1253 2026 62 95 U+5B50 1066 653 58 82 U+4E00 865 661 83 18 U+4ECA 1048 1646 102 150 U+3056 489 1572 85 86 U+3088 881 1367 45 98 U+3068 1454 1000 47 81 U+3053 300 894 49 67 U+307E 100 1923 66 76 U+3069 1071 1930 75 77 U+306F 869 583 77 53 U+3064 286 966 77 68 U+305F 286 1032 63 78 U+3057 129 1698 21 117 U+3057 1282 2106 19 166 U+3055 111 2477 49 64 U+304B 688 1809 44 73 U+3053 1447 1095 58 65 U+3088 887 1844 40 87 U+3082 693 1316 49 85 U+3056 495 2298 83 87 U+3057 1474 2063 16 145 U+3057 113 1416 25 108 U+3075 1048 2010 90 86 U+308B 116 2266 44 58 U+308B 684 864 41 57 U+3089 1448 782 43 88 U+3046 502 1988 37 105 U+3089 882 1163 34 90 U+3068 1260 962 53 90 U+3057 1482 2521 18 98 U+3089 113 2080 37 97 U+309D 1092 2568 24 48 U+309D 709 837 18 33,umgy004-032
U+3092 1357 2037 85 76 U+3092 198 1963 88 70 U+306E 597 2464 67 83 U+4ED8 1360 2119 77 127 U+5C0F 1548 665 95 80 U+6240 969 503 96 126 U+3082 1370 723 51 86 U+306E 1362 365 78 93 U+576A 177 556 120 127 U+571F 594 1434 72 77 U+547D 777 1866 112 148 U+3092 1164 1962 84 72 U+3031 804 1653 50 198 U+3092 975 638 78 69 U+3082 407 1053 53 97 U+3044 397 2435 77 67 U+7AF9 779 502 110 110 U+306A 201 2047 75 92 U+306E 990 1505 70 71 U+6D6E 1159 2059 99 118 U+5834 953 360 111 131 U+5149 1362 1693 99 129 U+3092 1166 790 83 70 U+305F 599 2071 61 84 U+306E 792 1034 68 82 U+7406 1358 2389 91 87 U+3089 1374 1059 61 116 U+307E 213 1508 58 95 U+3044 1553 759 74 61 U+3093 199 2408 110 72 U+6C17 981 1268 98 124 U+3064 1360 552 81 105 U+68F9 778 2240 97 141 U+7FA9 1365 2256 82 126 U+3067 792 1430 71 85 U+306A 1364 1593 79 91 U+3082 1564 1638 52 94 U+7B4B 783 1285 92 137 U+990C 1352 1914 97 109 U+3064 1165 1028 81 72 U+3064 589 1050 86 112 U+306E 1174 462 78 83 U+3084 782 2473 83 96 U+306B 415 362 45 70 U+306A 595 968 72 92 U+5A66 962 1588 113 125 U+306F 400 1310 70 51 U+306B 1572 573 41 69 U+66FF 965 715 90 117 U+4FAD 1152 2476 103 102 U+3073 391 441 99 79 U+3078 386 1608 102 55 U+3058 1396 924 38 141 U+3082 217 2331 44 84 U+3061 1366 468 69 86 U+9244 1161 552 96 123 U+308A 1001 930 42 92 U+516D 199 363 96 87 U+7D99 779 2118 101 110 U+76F4 592 1813 88 126 U+5143 781 803 91 95 U+305D 1569 364 58 104 U+805E 1550 2215 81 130 U+304C 604 574 70 60 U+624B 800 905 53 125 U+30CA 1586 1741 35 72 U+68F9 1151 1823 103 135 U+3042 204 1327 78 89 U+85E4 384 2106 101 138 U+308B 1386 1835 42 69 U+9EC4 1348 1316 92 134 U+3093 397 2312 113 104 U+304F 418 510 32 98 U+3060 595 1333 87 87 U+30A2 802 2577 52 64 U+6BB5 586 1526 93 104 U+571F 1557 2443 66 81 U+304C 222 684 68 58 U+308C 1557 1920 76 107 U+4E38 1159 673 109 105 U+3068 992 1032 56 76 U+5DDD 978 1851 79 114 U+3064 203 1104 83 111 U+8EAB 1159 2347 87 124 U+3057 389 621 82 81 U+591A 980 1712 69 145 U+69D8 575 2548 111 105 U+304A 594 641 79 53 U+306A 589 2257 84 96 U+308C 596 459 72 105 U+305C 390 1658 93 80 U+5E74 1166 1265 81 144 U+306E 595 1250 73 79 U+3084 780 1525 90 64 U+5834 573 1629 111 124 U+306D 974 2215 75 80 U+6B6F 390 1163 93 136 U+3066 227 1212 33 108 U+4E07 196 468 94 84 U+7CF8 789 1120 73 160 U+306B 399 2577 70 68 U+3088 1573 2338 39 74 U+306D 1356 1172 79 87 U+6069 1357 2554 89 101 U+3092 786 2017 84 90 U+306D 391 1500 93 105 U+304E 600 2359 83 92 U+3093 201 1412 100 102 U+5730 967 1403 113 93 U+3078 961 2297 110 65 U+3066 1552 1557 75 79 U+3044 204 1041 79 64 U+3084 1552 820 80 87 U+304F 419 774 33 96 U+3066 394 973 79 84 U+30F1 406 2049 70 50 U+3067 610 861 69 100 U+5834 1531 2538 120 124 U+308A 228 1603 40 103 U+3082 419 1838 41 105 U+3078 587 1753 97 53 U+9577 1168 1678 79 137 U+3046 809 1586 38 96 U+3057 823 368 16 129 U+8FD1 192 756 100 118 U+3084 192 2529 85 66 U+3046 1577 468 35 109 U+305F 596 1163 63 76 U+305F 402 1359 61 99 U+306F 989 843 51 90 U+852D 586 709 91 138 U+3088 1580 2037 40 91 U+3055 985 2030 63 86 U+304F 223 1867 36 86 U+3078 1351 1258 92 45 U+3068 1184 2572 48 82 U+3044 202 878 77 78 U+30A2 222 2602 45 50 U+3068 1381 2460 47 72 U+7D30 779 608 88 107 U+3054 219 1717 76 78 U+3055 410 2243 52 71 U+3051 1176 921 69 107 U+3057 629 1940 15 124 U+3044 1170 1191 76 62 U+9762 973 2365 88 103 U+306B 806 2391 39 80 U+3048 975 2115 77 98 U+6D12 972 2575 102 78 U+3066 1169 2274 71 73 U+3084 398 703 77 71 U+3058 225 2459 53 78 U+304F 1580 2123 32 76 U+307E 1371 819 50 106 U+3060 597 361 76 96 U+304D 1564 1365 60 107 U+3068 1190 365 47 96 U+3092 979 2471 86 83 U+3044 1558 1121 71 67 U+610F 980 1122 76 135 U+3044 1561 1472 72 82 U+3046 606 2163 38 106 U+3078 972 1974 89 29 U+306E 1174 1591 69 75 U+305F 213 1800 55 71 U+3053 1565 1835 59 76 U+3068 1375 655 53 68 U+304B 414 2500 40 74 U+306D 496 1808 54 55 U+3089 1585 911 25 96 U+3092 1560 1261 82 95 U+3079 190 2218 101 51 U+304B 1184 868 42 60 U+3068 224 951 45 79 U+5B63 1170 1418 75 156 U+3057 424 865 19 107 U+308B 219 2273 47 52 U+3057 434 1940 15 99 seg_fp 1197 2177 18 100 U+3044 788 712 71 69 U+8272 1373 1456 60 135 U+3088 509 1754 26 55 U+3089 226 2140 26 83 U+53E3 1568 1210 60 54 U+3089 1181 1103 35 93 seg_fp 380 1806 134 79 U+3057 1579 1013 21 109 seg_fp 515 1722 20 39 U+309D 412 1457 34 45,umgy004-035
U+3068 1497 509 38 51 U+306A 520 2096 53 61 U+3091 1487 685 50 60 U+3046 1495 563 31 76 U+3079 1491 632 49 43 U+3075 511 2037 60 54 U+3084 514 2159 56 36 U+3069 526 2201 40 60,umgy004-036
U+7AF9 1068 593 108 143 U+3046 367 802 37 107 U+4EAD 1247 667 92 114 U+3044 1083 381 90 78 U+8A13 1234 580 100 94 U+306B 545 945 76 86 U+3052 549 833 88 113 U+3081 346 1069 62 109 U+3089 769 958 38 96 U+308A 653 799 60 116 U+3088 218 1313 32 76 U+4E3B 1249 782 85 79 U+4EBA 1230 865 146 68 U+306B 1110 734 39 74 U+304C 764 869 69 89 U+306A 748 763 101 101 U+3072 345 975 83 89 U+308B 439 919 85 103 U+3092 642 704 79 90 U+3086 446 813 80 99 U+3068 1099 462 73 132 U+306F 865 744 48 76 U+3042 857 825 76 102 U+306E 968 758 71 96 U+72C2 1249 502 92 78 U+306D 201 1390 61 78 U+307F 983 465 33 84 U+3084 538 662 94 81 U+3059 549 758 57 76 U+305F 349 911 58 63 U+3055 975 553 45 76 U+516B 200 1482 65 57 U+305F 653 539 60 152 U+307B 949 628 87 124 U+307F 464 722 42 89 U+308A 869 926 39 82 U+3075 855 561 76 86 U+3057 887 637 37 91,umgy004-037
U+306E 115 1723 73 78 U+65B9 487 2181 96 103 U+306E 498 2297 72 79 U+3064 491 1265 88 119 U+306B 1064 963 95 83 U+306E 885 357 75 77 U+7FA9 881 444 82 119 U+52DD 1054 704 115 126 U+624B 1088 351 56 130 U+3084 108 1099 88 89 U+306A 883 2574 83 82 U+306E 1078 618 74 78 U+7FA9 1267 2252 76 127 U+3082 892 1826 54 88 U+7FA9 1073 1220 76 123 U+5E7E 684 1686 95 136 U+304C 1467 2362 63 61 U+3082 507 423 57 98 U+304C 1261 1565 78 73 U+306E 878 2067 76 79 U+7406 1261 2393 91 86 U+3066 1461 362 73 75 U+4F55 874 745 95 101 U+3066 126 870 44 116 U+30CA 1475 2128 53 76 U+79C1 1436 2255 108 104 U+305E 1276 1834 79 85 U+77E5 877 1513 93 113 U+306A 1077 1049 67 94 U+308C 111 1877 79 109 U+662F 305 529 67 113 U+306B 324 2485 54 65 U+3060 110 2480 86 80 U+4E0D 497 2390 79 81 U+306A 303 1512 89 89 U+5DF1 1087 2496 68 81 U+7537 111 1583 77 127 U+3057 489 2583 79 71 U+6B64 689 1041 86 98 U+3064 881 1622 87 122 U+308A 132 2122 45 109 U+3072 689 2127 86 88 U+610F 886 2154 69 128 U+306B 514 1495 54 76 U+7537 872 1924 89 129 U+30B5 1296 507 51 81 U+3066 887 1747 72 79 U+7121 877 1207 87 99 U+3082 1084 2084 47 94 U+5176 480 2041 93 132 U+5730 862 2281 118 98 U+4FAD 1061 2301 100 111 U+624B 1078 831 60 134 U+751F 503 1592 66 95 U+30A6 324 878 46 85 U+3086 293 2578 91 69 U+66AE 292 1360 88 149 U+30A2 1465 1899 57 94 U+304B 1288 355 43 65 U+7406 1070 1358 84 100 U+3081 1078 491 68 74 U+9762 495 1398 90 92 U+7121 87 2249 105 109 U+304A 109 1812 85 70 U+30A2 318 1943 53 86 U+3078 291 1183 114 59 U+3078 1064 2584 111 52 U+3064 684 791 90 115 U+7406 875 1326 95 86 U+306E 500 613 79 73 U+898B 111 998 76 103 U+304C 315 1800 67 64 U+308F 1470 2438 47 80 U+304B 1284 961 42 70 U+3044 1458 1769 77 63 U+6211 1060 2188 108 117 U+3064 883 2452 80 118 U+304B 323 642 37 66 U+3066 688 2419 74 73 U+305D 507 528 55 85 U+4ED8 502 1793 67 107 U+77E5 1254 1224 94 95 U+3068 129 2567 54 79 U+3044 1266 1039 77 64 U+304F 515 858 39 86 U+3064 684 2574 75 73 U+3078 1247 1518 110 56 U+30E2 301 809 73 59 U+304A 879 2395 86 61 U+304B 1474 620 42 68 U+3061 313 2277 73 80 U+306D 300 1100 76 84 U+6587 1529 797 54 64 U+3070 127 1995 59 88 U+7406 877 581 89 91 U+65B9 677 1152 97 106 U+308C 500 1686 77 106 U+5EA6 675 1811 98 163 U+304B 701 1959 41 67 U+3066 505 351 70 71 U+3044 499 1049 76 73 U+30DE 1476 1845 50 41 U+3075 1253 2083 99 83 U+305F 1081 1509 67 100 U+30A2 1478 1514 47 69 U+306F 1072 1455 83 59 U+306D 1260 1407 89 106 U+3093 300 2401 118 87 U+3057 496 1132 80 81 U+3089 1467 688 44 95 U+601D 686 2036 84 91 U+304B 326 354 41 72 U+3078 1060 568 103 57 U+3066 1072 1612 76 82 U+3084 1457 1437 84 75 U+308F 1287 726 46 84 U+3068 703 1587 54 88 U+3089 1277 419 45 100 U+304C 515 1974 63 64 U+6765 1455 434 72 124 U+8FF7 675 675 94 114 U+7406 113 2378 91 98 U+3066 1075 2006 73 78 U+308C 1463 1232 75 104 U+3044 689 1510 78 69 U+3093 109 1277 116 109 U+3044 306 981 81 53 U+91CE 298 1263 93 89 U+308F 1474 1596 46 98 U+307B 1078 1781 72 84 U+306F 704 346 49 86 U+3056 121 1387 74 81 U+304C 699 1262 66 69 U+306B 707 594 46 70 U+308A 128 436 47 100 U+3068 1084 1697 54 81 U+306F 121 617 49 87 U+30DE 320 1886 57 44 U+3084 492 1216 83 61 U+85E4 1345 588 75 94 U+3065 685 432 101 71 U+8DE1 293 2036 100 104 U+306A 112 705 68 98 U+305D 1466 1143 58 88 U+306A 1463 925 68 92 U+3060 305 1723 80 78 U+308B 898 1121 43 73 U+307E 126 1192 50 90 U+76F4 697 2222 67 96 U+3064 493 785 82 75 U+3089 111 1469 59 115 U+306F 302 1038 81 60 U+306B 1094 2415 36 64 U+904B 472 2481 122 103 U+306A 1268 1642 70 95 U+306D 1546 2012 59 67 U+305F 500 1899 68 71 U+306F 887 674 73 55 U+308F 706 1342 40 91 U+3068 1278 2159 55 86 U+308B 132 355 50 78 U+3067 884 941 72 95 U+3081 1264 2589 70 62 U+3067 319 2143 67 112 U+51E6 881 848 90 88 U+3044 1260 891 83 70 U+3058 1490 1337 41 104 U+3093 1266 1723 110 104 U+3044 1446 2588 90 64 U+5E30 676 2492 90 79 U+3044 1272 2010 71 71 U+308B 1468 557 44 58 U+30CB 1471 2201 57 37 U+3089 308 707 51 107 U+3065 1259 2482 100 60 U+304B 1276 1151 39 69 U+3068 899 1410 42 99 U+3084 293 2355 92 51 U+3078 1444 1099 98 56 U+308B 1085 1135 46 75 U+307F 712 504 33 84 U+306F 695 984 67 56 U+305F 688 899 63 79 U+3068 128 527 38 81 U+305C 1451 1016 89 80 U+304B 133 2080 36 45 U+3088 1567 1937 29 73 U+308A 1476 1692 40 83 U+308A 704 1432 41 84 U+3046 518 701 39 83 U+3057 722 2319 17 104 U+3068 1283 1920 42 87 U+3057 1108 1861 22 129 U+3089 1274 1318 41 91 U+308A 1465 2520 38 77 U+3057 333 420 23 105 U+3059 898 1034 58 91 U+308A 1284 811 43 84 U+3057 527 947 18 99 U+304F 1281 2534 39 55 U+309D 1293 1107 29 43 U+3057 143 795 22 78,umgy004-042
U+306E 378 1421 72 69 U+884C 360 1157 106 111 U+3082 1538 627 58 99 U+5FC3 368 1500 90 77 U+3092 1531 2557 83 62 U+6642 1147 1534 95 105 U+4FE1 168 1695 111 112 U+4ED8 1533 532 74 105 U+4E8C 949 2349 89 66 U+3066 389 1024 44 122 U+3092 183 2553 82 70 U+3031 210 335 52 186 U+6C17 567 1176 70 140 U+3066 1359 542 42 105 U+306E 1541 1986 77 80 U+898B 373 2217 84 92 U+306A 1156 1442 79 89 U+4ED8 572 1399 76 104 U+7537 377 1291 75 115 U+91D1 752 527 107 129 U+306A 1342 912 77 88 U+5BDF 378 1870 75 140 U+305D 191 1517 58 88 U+5B9C 1147 1646 76 97 U+306F 183 1900 76 55 U+8FB0 1131 2159 104 106 U+3066 392 446 43 111 U+65E6 1348 1162 76 90 U+3031 586 2093 51 168 U+306B 206 503 45 65 U+306A 179 1290 77 96 U+89AA 177 579 107 116 U+7C73 373 1594 85 120 U+3064 1536 1771 81 113 U+306E 185 1604 75 82 U+3066 1557 1598 39 102 U+3082 774 2203 50 90 U+304C 390 1791 72 60 U+90A3 1335 1270 92 84 U+3058 986 2188 36 152 U+3082 1359 1550 45 80 U+306A 192 2086 70 92 U+4EBA 748 1696 106 93 U+6587 1419 1009 66 66 U+306B 1169 1754 44 74 U+6570 173 1966 108 107 U+885B 954 552 92 107 U+6765 1149 495 69 122 U+3084 758 1033 85 78 U+306D 1622 1037 55 66 U+306B 1336 2550 94 70 U+76EE 964 2530 63 92 U+5207 169 1820 105 70 U+3068 776 1796 58 79 U+304C 587 1336 56 56 U+304D 185 1386 67 113 U+3066 382 2128 63 81 U+5175 964 450 60 100 U+308C 762 2020 72 110 U+3064 1145 1926 88 110 U+540C 956 2097 81 98 U+3057 1532 744 77 88 U+30E4 569 2544 73 67 U+3082 182 935 61 97 U+304D 763 458 78 76 U+307E 1168 328 45 97 U+5A66 1136 2366 97 119 U+304A 179 1046 84 65 U+304C 1544 460 70 61 U+3066 590 1509 42 108 U+306E 1156 2563 68 54 U+6B64 191 2330 83 106 U+3046 585 948 39 119 U+76F4 1346 334 68 104 U+8EAB 178 2430 82 120 U+3064 1343 1782 83 107 U+661F 758 2310 75 116 U+30DE 1556 1135 52 40 U+5FCD 1532 1388 89 107 U+3067 760 2447 84 72 U+5DF3 1154 2281 75 84 U+5ACC 1518 2431 104 111 U+9063 767 744 73 121 U+5B9A 1527 327 86 132 U+901A 1525 2079 99 115 U+304A 1334 665 87 57 U+306E 955 1296 69 82 U+884C 365 335 89 108 U+305F 1157 426 59 65 U+3075 1332 1631 90 68 U+3060 1158 1092 81 87 U+30DE 1362 1376 48 46 U+516B 379 1728 99 59 U+30A2 1357 1438 53 78 U+306A 385 2491 63 77 U+5E30 1327 2361 103 111 U+5F1F 174 812 82 120 U+308C 378 2311 70 104 U+3073 181 1196 94 81 U+582A 1513 1266 111 112 U+3084 565 1785 84 75 U+85E4 947 329 99 110 U+3068 1359 1877 47 76 U+308C 759 1265 68 111 U+3061 1358 1695 55 90 U+3046 395 746 35 111 U+3044 1535 1716 79 57 U+8A00 1157 2483 63 77 U+30F1 1338 2181 76 54 U+3078 1521 920 101 51 U+6765 368 562 77 117 U+3066 785 870 37 107 U+3081 1539 833 68 82 U+4F3C 939 1016 105 82 U+304C 786 338 72 56 U+3068 578 1070 53 84 U+308A 593 1709 37 92 U+3084 1143 620 88 75 U+305B 1141 696 78 82 U+308A 970 1184 46 108 U+679A 949 2433 109 100 U+306A 1157 911 66 89 U+3082 762 2518 66 94 U+6A5F 1516 2308 111 121 U+3066 1166 2038 45 99 U+30A4 1355 2092 36 81 U+306A 1156 1839 70 93 U+3044 765 973 79 61 U+3070 581 1944 57 105 U+3082 1553 1883 45 91 U+3046 1169 780 38 117 U+3070 381 2416 91 58 U+3093 1153 992 90 96 U+304A 1150 1242 84 71 U+30A2 1357 2298 46 59 U+5144 179 713 91 93 U+3078 946 1966 93 58 U+3044 564 521 82 61 U+308D 575 867 67 80 U+306F 764 1951 77 69 U+308A 1358 821 44 92 U+3044 575 2326 74 62 U+304B 964 932 47 85 U+306C 181 2252 95 80 U+5F79 941 1379 104 112 U+3088 1642 976 29 63 U+306C 753 1604 88 70 U+30C9 612 2410 48 57 U+306B 972 670 47 66 U+305F 766 394 63 64 U+3088 978 1096 36 88 U+85E4 1423 1959 68 88 U+3044 762 1891 79 54 U+5E30 1332 739 94 80 U+308B 776 2128 49 58 U+308F 590 338 38 93 U+304C 783 1113 67 65 U+5E74 566 595 64 160 U+51FA 373 939 89 87 U+3046 979 834 40 107 U+30A2 589 1863 48 97 U+3057 1570 1498 15 101 U+30EA 599 2481 29 70 U+3092 764 658 90 84 U+3057 409 2028 15 98 U+307F 594 1622 38 89 U+308A 1349 2473 52 87 U+3084 367 684 87 64 U+308A 1556 2193 53 114 U+30DE 1359 2253 47 32 U+3082 972 2005 42 88 U+3069 973 742 53 88 U+3060 568 776 87 86 U+3057 1371 447 14 94 U+304B 590 2047 35 60 U+304B 396 2569 41 50 U+304B 1174 1303 36 57 U+304B 1162 1177 48 70 U+3055 966 1874 52 91 U+3088 203 1107 40 89 U+308A 583 431 42 92 U+3089 783 1182 31 89 U+307E 974 1493 41 90 U+3089 792 1521 25 85 U+3089 215 2175 24 79 U+30A2 1526 1190 76 95 U+308F 783 1385 46 92 U+540D 952 1759 80 114 U+3057 1176 1354 27 90 U+306F 956 1581 77 68 U+30C8 408 860 17 67 U+3057 601 2241 24 84 seg_fp 983 1648 39 92 U+304B 785 1474 39 47,umgy004-043
U+306E 108 863 73 80 U+4ECA 487 1840 102 135 U+91D1 1054 1314 117 122 U+306F 309 1223 53 111 U+306A 496 1685 83 81 U+3031 887 831 61 187 U+306E 1074 1212 71 89 U+5F15 103 1309 85 133 U+306B 501 338 62 87 U+4EBA 275 1131 125 108 U+307B 1461 1960 76 84 U+3068 704 1955 57 83 U+306E 1260 1617 73 87 U+306B 1264 1860 91 82 U+306A 483 425 83 101 U+306E 493 1983 78 82 U+3078 285 1959 118 66 U+30A6 898 1949 52 88 U+304B 318 2444 39 78 U+60C5 1263 2313 87 115 U+610F 301 797 76 129 U+6069 1063 1085 87 116 U+6D6E 485 2073 96 117 U+3092 105 1949 91 76 U+516B 873 2178 103 70 U+3044 1262 1005 78 54 U+3064 484 513 94 115 U+5927 1064 979 90 103 U+85E4 1064 1968 89 117 U+6709 308 1021 60 104 U+898B 110 1825 93 116 U+3031 706 1757 58 192 U+8033 686 2053 93 120 U+898B 493 1574 87 106 U+3066 1475 1263 42 118 U+7530 106 957 77 75 U+306A 110 1595 76 93 U+306E 1467 1858 69 89 U+3092 102 1222 85 82 U+306E 305 926 71 89 U+3066 497 1474 75 95 U+3044 1264 1964 77 61 U+304A 1450 2560 97 63 U+308C 1272 2087 64 117 U+5FDD 1451 2139 99 146 U+304C 695 1052 73 70 U+60C5 1448 1722 96 133 U+4FAD 1051 484 102 110 U+7570 89 1696 108 115 U+306C 1261 2207 86 79 U+304F 703 625 39 92 U+306D 299 2275 94 114 U+7CF8 1262 1279 82 146 U+304A 1454 995 83 56 U+30A2 506 830 51 69 U+6B64 1257 1175 91 105 U+3084 105 1445 85 59 U+3064 1449 1145 91 115 U+6C17 113 2175 62 134 U+624B 115 587 58 150 U+7C73 883 2054 80 111 U+3082 1278 336 44 101 U+3066 695 2449 64 76 U+3072 878 1502 88 86 U+3093 879 2314 105 86 U+6C17 694 2524 66 121 U+3061 697 1624 70 100 U+3068 1083 1492 49 88 U+304A 878 2420 81 60 U+3081 307 1879 68 82 U+3066 122 477 41 98 U+3068 1481 2473 44 65 U+3044 1460 827 72 75 U+3078 682 1009 99 55 U+3032 1089 2440 60 156 U+3093 1268 1516 94 96 U+3075 101 2103 102 82 U+305F 886 1585 64 99 U+6DF1 1439 351 99 124 U+3044 1074 1590 75 64 U+30B3 898 1898 49 42 U+3042 301 1730 80 80 U+8EAB 1060 336 93 131 U+306F 1071 1440 74 54 U+3078 289 2389 112 57 U+3086 1452 749 76 75 U+6587 970 1786 59 55 U+304C 887 484 75 48 U+3093 871 398 93 90 U+306B 297 581 77 64 U+304F 1477 476 29 88 U+3078 92 816 105 54 U+4E86 510 1100 47 123 U+3064 1062 2264 88 120 U+6C34 107 1077 74 145 U+305F 300 1488 67 90 U+7C21 498 1222 71 139 U+3044 115 2034 78 74 U+521D 1254 702 103 111 U+3064 679 1184 88 70 U+3070 1265 1110 93 66 U+305B 1454 1406 76 82 U+3078 869 533 96 47 U+304B 1258 2447 92 76 U+3078 98 1045 102 44 U+3068 310 2543 61 94 U+3044 1270 1709 71 66 U+306D 684 927 79 86 U+3075 1251 1777 99 78 U+77E5 684 728 96 94 U+307E 889 1412 52 92 U+306A 1460 2290 64 107 U+3070 1082 1711 63 89 U+30A2 908 2576 42 54 U+3058 327 1999 48 115 U+3084 300 2107 83 73 U+305F 1078 897 62 74 U+3031 126 2487 66 165 U+3044 106 350 78 60 U+3064 1055 781 94 116 U+3089 911 2480 28 91 U+4E16 470 2200 112 84 U+3064 690 2379 77 70 U+3066 1260 507 71 83 U+3057 878 1319 81 91 U+304F 681 347 79 70 U+30E8 525 1784 37 46 U+306E 291 346 85 87 U+3044 880 1690 80 66 U+3084 283 433 88 63 U+3064 98 406 87 73 U+3081 108 735 67 77 U+304C 507 711 64 57 U+304F 510 1002 44 83 U+30A6 895 769 46 101 U+3046 314 495 37 91 U+3044 689 1123 76 58 U+3055 117 2367 60 84 U+3088 505 916 45 92 U+3093 872 1144 107 88 U+3064 1252 435 85 79 U+6B7B 870 1040 80 110 U+308F 705 417 44 88 U+30A2 314 2183 54 97 U+5B9F 293 655 86 149 U+3069 1477 2042 64 81 U+3082 1269 588 46 101 U+3082 1473 1046 48 109 U+4E2D 682 1326 82 144 U+308F 1471 652 43 89 U+3093 1075 2157 95 93 U+3064 289 1418 87 71 U+3089 1279 2525 59 101 U+3081 301 1342 68 77 U+30E2 886 710 62 49 U+3092 1266 893 85 91 U+3046 126 1501 43 96 U+304F 1093 2375 33 96 U+3067 879 1231 67 88 U+3055 1271 1449 58 70 U+306F 115 2311 69 54 U+3089 700 1527 43 99 U+306F 1276 2025 65 58 U+3068 1473 900 49 77 U+304B 895 341 41 57 U+306B 1086 600 40 75 U+3089 124 2451 40 89 U+305F 495 627 69 83 U+306A 1071 693 66 87 U+306F 305 1666 72 58 U+3055 506 2487 48 69 U+308B 313 1805 47 62 U+85E4 487 2386 95 115 seg_fp 887 2251 85 65 U+3044 1455 2396 81 57 U+3044 690 2306 75 69 U+3093 497 2555 105 91 U+3078 1062 1662 89 41 U+3078 1256 1062 88 45 U+3081 1270 819 63 73 U+30A2 1093 1821 54 65 U+306B 318 1583 40 79 U+30CE 1088 1885 33 71 U+3057 718 504 19 120 U+308B 1475 1586 48 80 U+3089 704 822 45 107 U+3055 1082 2091 49 69 U+30DE 511 781 49 35 U+3057 522 1368 17 110 U+304B 708 1467 40 60 U+3089 1478 1491 33 102 U+3089 703 1726 39 95 U+30A2 899 597 48 63 U+304B 706 1254 38 72 U+306F 702 2210 46 92 U+304B 1473 595 39 56 U+3067 512 2284 44 107 U+3078 703 2174 84 66 U+309D 1486 1665 27 55 U+30FD 910 649 14 28 seg_fp 887 1838 93 102,umgy004-044
U+7BC0 103 1622 87 152 U+306F 693 1503 79 53 U+306B 1273 953 95 95 U+306E 310 1478 78 64 U+3092 873 319 101 82 U+59C9 284 1563 111 117 U+3082 307 988 66 97 U+304C 1469 2020 67 66 U+3031 333 2311 59 141 U+5916 287 787 118 113 U+304C 512 1425 68 60 U+304C 320 1259 70 66 U+3092 1281 309 80 110 U+4E39 1444 1436 109 112 U+898B 1455 2107 86 90 U+3044 493 2333 82 66 U+6368 1056 318 122 129 U+306E 1461 930 71 70 U+4E39 99 2302 116 101 U+4EBA 290 2455 129 91 U+3093 692 1400 105 89 U+4E09 880 2482 88 66 U+304C 1471 316 83 64 U+306F 685 2314 73 62 U+7C73 1451 1845 91 99 U+9580 880 1608 87 106 U+3093 482 1336 130 93 U+4E39 1065 2349 100 103 U+306F 1271 1727 79 69 U+4ECA 682 2104 101 125 U+3044 1269 1059 92 51 U+65B9 495 319 80 105 U+6D3B 880 421 100 112 U+3044 289 1192 106 58 U+305B 491 1250 86 93 U+601D 870 900 109 103 U+3092 102 2549 100 84 U+306E 114 2214 86 80 U+9060 689 2505 82 121 U+306B 1469 2313 61 81 U+306B 1254 1899 96 86 U+7559 701 1570 71 116 U+306A 109 761 85 90 U+3068 1085 1243 67 100 U+8EAB 1067 2048 85 106 U+60C5 1450 1128 97 114 U+516B 1452 1957 102 55 U+6708 1463 2423 61 100 U+305D 1462 846 68 82 U+3044 304 2186 83 81 U+544A 1258 1994 92 106 U+3078 483 442 113 56 U+3072 108 1119 100 119 U+6848 867 1015 110 142 U+308A 1092 2243 48 90 U+8005 879 2312 96 95 U+308B 888 1528 57 69 U+304B 510 2575 50 52 U+306D 1262 2100 87 91 U+306A 1077 1038 80 102 U+30A4 730 2034 31 66 U+5FC3 1249 2299 118 84 U+3092 109 546 103 103 U+3082 1461 1738 58 99 U+3067 486 2032 86 90 U+5973 288 1849 109 78 U+6642 1054 798 112 111 U+305F 1457 1334 74 87 U+3086 1270 641 90 89 U+3055 303 456 77 100 U+3067 286 907 111 80 U+82E5 878 2191 85 121 U+308D 1459 477 82 100 U+30B5 340 710 53 66 U+306F 304 1767 80 71 U+4E2D 1261 1431 87 100 U+306A 304 1104 82 85 U+3054 510 1757 84 85 U+3067 300 2077 79 95 U+90CE 1076 2510 84 126 U+898B 879 1822 88 100 U+4E8C 886 2422 87 44 U+306C 882 2111 83 80 U+3070 1076 1536 91 78 U+30CF 721 2003 54 30 U+3069 1276 2192 73 93 U+59C9 682 1223 108 104 U+306A 888 1926 82 96 U+305E 1075 1821 89 100 U+5176 1066 1935 94 112 U+306E 308 2553 78 65 U+3075 283 633 116 92 U+5B9C 1064 927 102 100 U+307E 1477 1236 48 96 U+305E 1275 1532 98 103 U+8005 108 2108 95 106 U+8A71 103 426 95 121 U+7D99 1448 2200 95 110 U+53C8 1251 2538 122 88 U+65E5 1477 2554 42 64 U+90CE 94 2406 121 148 U+308A 1094 1138 39 94 U+9054 305 1941 73 129 U+90CE 1448 1617 86 131 U+3054 510 2146 89 77 U+696D 876 546 95 154 U+4F55 495 1525 89 104 U+308C 877 2023 87 91 U+98A8 1459 1021 109 100 U+3057 106 646 97 109 U+6B64 90 1526 117 77 U+601D 1074 1368 86 96 U+30A2 721 436 50 62 U+3066 494 957 87 80 U+308C 1077 573 66 117 U+304F 869 1267 100 78 U+3055 709 1323 64 78 U+308C 1273 1208 72 121 U+3069 1083 1622 95 86 U+307E 516 1153 52 95 U+4E16 108 315 97 92 U+6B21 1059 2456 111 70 U+3068 124 1408 61 105 U+5728 491 1045 96 110 U+3059 495 2484 85 86 U+308B 1469 758 50 70 U+306B 1255 2387 100 98 U+307E 511 2392 49 91 U+304A 104 1781 100 80 U+3088 1101 2157 38 88 U+305F 877 1450 76 82 U+3075 1248 869 119 79 U+308B 126 956 59 77 U+308D 305 2271 69 72 U+308C 885 1348 72 104 U+3065 105 1942 110 79 U+3089 1090 454 67 120 U+9577 739 1903 45 58 U+306F 1281 1123 56 87 U+4EBA 876 2554 118 76 U+3055 110 870 72 89 U+305E 508 1636 82 101 U+53E3 1279 1817 67 79 U+3054 702 588 90 74 U+3053 313 1337 71 87 U+4E09 347 315 53 58 U+306C 1266 1327 82 97 U+306B 1440 584 109 91 U+3044 1270 790 87 79 U+3064 103 1329 85 83 U+306B 896 1163 55 97 U+3078 689 1032 100 71 U+307E 509 484 54 95 U+30E4 732 1161 51 53 U+3059 1443 671 94 92 U+305F 107 1863 83 79 U+5B88 706 1688 59 85 U+3078 1272 731 109 74 U+3088 129 1237 46 88 U+306A 706 831 72 99 U+306D 120 2018 83 82 U+305F 875 700 77 90 U+307E 506 757 56 104 U+304C 124 1032 72 62 U+3046 1087 1715 49 121 U+306F 1261 2486 79 57 U+6B21 1451 1559 98 71 U+65E5 701 2227 47 82 U+9001 1252 438 105 115 U+5FA1 316 1682 64 83 U+3093 679 740 122 78 U+305B 696 930 83 96 U+3056 506 2227 87 97 U+3078 676 1835 120 69 U+306C 1071 696 83 101 U+4EBA 338 373 75 49 U+3088 324 558 55 76 U+30C8 735 2453 28 62 U+3081 693 664 77 83 U+3044 488 589 86 68 U+3046 511 1933 42 106 U+30C1 716 2383 49 67 U+304F 897 780 41 106 U+3068 1284 1629 52 96 U+30F2 743 1100 35 63 U+308A 508 657 50 114 U+3078 1065 1470 109 59 U+3088 518 1843 40 85 U+304B 707 1774 45 62 U+30A4 730 476 38 91 U+3057 538 856 16 98 U+308B 1286 552 62 76 U+4EBA 722 314 69 84 U+3057 1482 381 25 94 U+309D 345 1429 28 33 seg_fp 869 1715 103 100,umgy005-002
U+3082 758 1913 62 99 U+306E 562 1391 79 69 U+306B 1304 1511 108 79 U+306E 934 335 81 86 U+3082 562 716 71 95 U+304C 1136 1017 80 69 U+3082 378 1211 68 95 U+4E39 162 1656 121 103 U+304C 575 1051 78 64 U+4E39 537 1128 129 116 U+306F 558 335 85 60 U+3066 1511 693 50 130 U+306E 750 1590 85 77 U+306F 371 2087 75 51 U+53C8 741 1149 118 96 U+3051 758 1470 73 101 U+59C9 1101 806 118 120 U+3066 566 2015 51 102 U+7FA9 1315 870 87 128 U+3082 173 1066 78 110 U+3046 767 1817 42 93 U+3082 755 1035 64 103 U+3067 738 952 103 79 U+59C9 344 945 133 113 U+76EE 753 468 77 123 U+306A 1132 1657 78 93 U+3066 356 857 96 80 U+3067 1314 1908 98 78 U+3066 1116 2055 90 78 U+3070 556 1769 93 76 U+5FA1 1318 665 83 58 U+3044 927 997 105 77 U+3066 1110 529 82 91 U+307E 1516 500 48 110 U+3066 175 2438 82 85 U+7E04 745 331 107 130 U+7559 562 412 84 111 U+3044 932 1385 94 87 U+304B 1334 2293 48 53 U+5B88 574 521 63 102 U+5C0B 1498 1479 78 142 U+3072 176 2078 102 86 U+306E 940 2183 76 66 U+305F 1311 1004 96 102 U+306B 1112 1328 102 86 U+3067 552 630 100 85 U+5FA1 1134 936 80 70 U+8A6E 1301 747 115 111 U+4ED8 945 1569 69 119 U+3082 377 1409 72 98 U+3093 732 866 116 80 U+3044 1119 1768 98 58 U+3068 192 1909 70 79 U+65B9 351 1980 114 98 U+3066 1497 1740 88 102 U+3078 1485 1419 109 64 U+3042 175 528 103 103 U+306A 374 1805 86 80 U+304A 933 913 99 76 U+5B85 1301 1372 106 113 U+53B3 1308 329 104 144 U+3057 170 918 101 94 U+5F79 921 442 119 113 U+3072 935 1474 83 96 U+76EE 950 559 63 111 U+306D 1492 1319 87 101 U+3055 564 1233 73 77 U+306B 1311 2564 106 74 U+304D 1116 705 106 94 U+5728 541 1475 100 106 U+3044 1307 569 92 65 U+3057 933 684 96 95 U+3092 547 1696 98 72 U+308C 939 1796 87 105 U+6355 1109 2455 117 108 U+304A 738 689 104 95 U+304C 1140 2392 68 53 U+51E6 1306 2194 104 97 U+308C 1504 1205 81 116 U+306E 170 786 98 68 U+3078 919 2578 129 66 U+306D 355 2500 92 85 U+5225 170 2537 97 100 U+5C45 542 2131 98 111 U+79C1 357 1307 104 107 U+3046 571 2497 46 91 U+8FD1 1295 2376 119 95 U+805E 1126 1935 82 112 U+4ED5 739 1667 97 91 U+3055 377 1063 77 83 U+3082 1497 987 77 108 U+304A 1315 1609 99 74 U+3093 554 1304 102 75 U+3093 358 1142 142 80 U+3078 352 2587 125 53 U+3044 171 2003 95 73 U+304A 1123 2147 98 64 U+6709 752 2022 84 109 U+3069 383 622 94 97 U+306E 373 1602 79 87 U+306A 181 2173 88 95 U+3089 957 1695 66 109 U+305D 185 1479 75 93 U+3064 1489 614 109 83 U+304B 1528 2475 45 59 U+3057 1493 1110 103 94 U+304A 1115 622 98 82 U+304A 365 1900 107 79 U+5408 932 2325 111 99 U+305D 380 1513 72 88 U+3078 1306 1841 115 75 U+3055 183 1753 75 82 U+8A00 760 1255 69 120 U+3093 738 2573 122 62 U+3051 184 2346 90 89 U+69D8 352 1695 110 112 U+3084 741 1753 103 65 U+3081 182 1258 88 87 U+9054 933 1175 84 126 U+304A 748 2259 90 80 U+3093 167 1830 123 80 U+306B 763 595 61 90 U+308B 192 627 58 64 U+898B 1127 1103 78 100 U+624B 1137 2550 65 90 U+3081 568 904 78 86 U+3068 1516 2028 58 98 U+5BB6 550 1583 96 109 U+3078 552 987 123 69 U+306E 177 1572 90 75 U+9577 415 328 61 69 U+4F55 1316 2098 90 95 U+3068 1146 1827 51 91 U+3044 1492 1959 89 65 U+30CA 410 2271 55 47 U+59C9 725 2441 121 80 U+3042 1500 821 96 116 U+76F8 1123 1426 86 100 U+306D 1317 1740 86 100 U+3065 174 2264 121 83 U+6240 1309 2479 105 91 U+304A 560 821 106 84 U+4EE3 1498 2140 104 103 U+304A 177 1184 113 77 U+3082 188 700 70 90 U+6240 1494 2325 106 118 U+3082 1322 1983 53 99 U+9055 1098 1526 113 126 U+77E5 353 2354 115 86 U+5A18 726 2341 119 97 U+6B64 1305 1280 101 90 U+3089 1540 2535 30 95 U+306D 1498 1623 84 110 U+304C 945 1301 75 71 U+7D99 1109 1205 109 118 U+3089 951 1077 44 96 U+4ED5 931 2257 95 86 U+30A6 756 2166 70 89 U+3053 1514 1865 59 86 U+3060 549 2323 97 90 U+3068 1329 1110 63 83 U+304C 186 443 90 80 U+306F 184 1410 78 60 U+77E5 546 1853 98 112 U+308B 572 2244 56 66 U+3053 947 2042 71 76 U+3057 939 790 87 111 U+30CB 411 2322 59 27 U+308F 767 1378 45 91 U+3078 160 1346 125 58 U+304B 192 851 52 63 U+3055 755 2522 62 55 U+306F 941 1988 79 67 U+304B 1488 339 110 78 U+4EBA 412 2199 73 49 U+30A4 401 428 48 70 U+3089 576 2413 62 84 U+305F 939 1900 72 82 U+3031 416 510 60 133 U+4E8B 166 326 100 119 U+3044 1116 2228 105 75 U+304B 188 1011 59 61 U+3088 771 776 55 93 U+3089 1159 2309 28 76 U+305F 935 2429 79 74 U+308B 1514 932 54 64 U+3057 369 736 90 113 U+3057 1123 425 76 96 U+5B98 1508 2228 78 100 U+304B 1342 1682 45 61 U+304B 1102 337 109 73 U+4E09 417 2156 64 46 U+3078 1340 1190 75 96 U+3089 388 2435 44 66 U+30F1 390 500 66 46 U+30CE 577 2587 49 40 U+304B 961 782 41 59 U+3046 401 727 30 88 U+309D 987 2116 27 50 U+3057 1341 481 26 85 U+304F 1524 382 60 116 U+30CE 790 2131 40 35 U+3068 965 2505 42 72 U+3064 558 1952 87 39,umgy005-003
U+306E 386 338 83 72 U+306F 760 338 91 65 U+3082 774 1770 58 102 U+7E04 1502 596 117 125 U+306E 1138 335 86 74 U+6D99 949 1130 89 117 U+306E 1510 1143 84 75 U+3092 1504 737 107 74 U+306B 1502 483 101 99 U+8FFD 1127 625 110 103 U+76EE 250 818 48 81 U+306E 192 2217 83 67 U+306E 1332 464 85 79 U+3084 372 1209 105 101 U+305A 383 1735 107 127 U+306E 1515 1865 75 59 U+90CE 1509 334 97 147 U+3082 403 1015 58 92 U+76EE 1382 1073 47 71 U+306E 760 1569 89 77 U+304D 765 1079 79 116 U+59C9 171 1236 120 112 U+3051 1512 887 75 122 U+3060 195 1859 91 96 U+304C 1341 1692 83 62 U+6240 1508 1759 92 105 U+5B85 1323 328 87 120 U+3092 939 1436 100 82 U+62BC 169 539 112 121 U+306E 1145 812 79 78 U+3059 381 2244 87 88 U+304A 948 846 96 88 U+6B64 1317 1774 101 66 U+3066 1138 2084 71 82 U+3052 381 2551 108 93 U+3070 954 1993 100 73 U+306F 382 1516 84 68 U+3093 180 1783 108 77 U+3066 1141 741 79 76 U+306F 1141 1483 78 48 U+7E04 757 1653 112 117 U+6D99 379 422 95 112 U+54C0 947 2072 104 122 U+9053 366 887 126 125 U+306B 377 539 106 93 U+3092 1328 773 98 76 U+306E 950 1241 84 78 U+304C 1528 2597 70 51 U+80F8 570 1286 103 113 U+3046 789 1883 41 92 U+3070 1516 1680 94 72 U+3082 568 1699 72 91 U+5B85 1129 1665 92 112 U+6C70 1135 1105 98 108 U+306E 1146 1309 85 84 U+6C99 1132 996 105 107 U+5F79 1499 1224 113 114 U+898B 957 1801 89 104 U+3078 184 1348 121 74 U+305B 388 1108 78 100 U+3067 375 2153 98 82 U+305D 1149 1214 72 96 U+3051 1144 1972 74 112 U+6751 1502 1003 99 124 U+3069 200 1400 99 85 U+3072 947 1703 93 93 U+306A 580 462 92 118 U+3092 177 445 103 78 U+4EBA 171 2129 136 80 U+9577 378 1387 82 124 U+304F 567 1406 95 66 U+65AF 749 2553 106 92 U+3078 185 2398 114 70 U+4E39 934 2391 124 96 U+3081 763 1467 87 96 U+3075 930 524 118 87 U+306F 944 1054 93 71 U+3065 194 2469 114 104 U+5FA1 1143 920 78 78 U+3068 196 1966 74 79 U+5074 177 2301 113 96 U+308C 950 1904 88 93 U+9694 178 663 115 134 U+5B50 1340 676 79 87 U+5BB9 1330 548 95 128 U+6065 553 1799 126 95 U+3042 1149 1816 82 91 U+308A 395 1996 55 81 U+3066 567 668 84 90 U+3082 203 1703 63 96 U+304F 183 339 86 98 U+3066 1323 972 93 83 U+6182 756 2215 104 144 U+304C 208 2044 85 61 U+898B 761 780 96 137 U+34B5 562 2105 93 140 U+76EE 957 1325 77 106 U+3044 758 1211 100 67 U+304B 1354 2326 38 54 U+3044 564 2394 90 61 U+8005 1131 426 109 116 U+308C 770 510 74 122 U+3031 223 1088 61 152 U+304A 382 1311 104 76 U+58F0 946 603 98 142 U+3057 381 638 104 90 U+308A 400 2383 51 80 U+3057 1325 2056 90 84 U+3044 385 2097 88 55 U+90CE 956 2560 91 94 U+306F 959 1530 61 99 U+6765 566 758 111 129 U+304D 577 1986 76 109 U+3078 745 722 120 79 U+9577 943 946 85 100 U+660E 1504 2038 91 93 U+901A 1311 1859 111 110 U+6765 1135 2360 97 117 U+601D 380 1583 99 88 U+5973 1123 1390 113 85 U+308C 1138 2534 88 110 U+306F 385 1673 90 71 U+306A 381 2475 88 85 U+306B 750 920 111 90 U+3055 570 2241 72 80 U+306E 568 1057 91 72 U+3081 764 2032 85 89 U+9644 1513 1417 94 113 U+3078 1128 1786 113 50 U+3082 588 971 64 93 U+305D 1522 1533 62 90 U+306B 961 739 65 100 U+306F 393 1855 62 79 U+91CD 570 338 96 118 U+4EBA 1321 1604 127 91 U+30B5 1162 2184 65 55 U+305F 189 1611 78 86 U+308C 961 2192 61 104 U+3089 1360 2380 30 93 U+30A2 1159 1583 59 79 U+4EBA 1500 1343 115 89 U+308A 1329 1967 69 90 U+308F 778 412 57 97 U+3081 386 730 90 76 U+3084 937 2305 100 81 U+307E 775 1272 54 108 U+306E 760 2491 87 68 U+982D 1327 1508 88 100 U+7531 1516 2515 66 77 U+308B 398 805 60 64 U+3055 762 634 79 93 U+306F 1144 549 83 71 U+304F 560 1625 87 73 U+4EBA 1505 2363 114 79 U+3044 942 449 94 74 U+898B 1341 857 72 106 U+4E09 1506 2295 90 58 U+30E2 1347 1363 45 50 U+304A 1505 2443 86 73 U+304C 402 2328 73 57 U+3031 1379 1254 47 123 U+304B 591 1123 48 55 U+3068 968 331 58 114 U+3068 588 1185 62 102 U+304B 1526 820 52 68 U+3065 1131 1898 117 83 U+3057 1545 2140 19 97 U+8449 1323 2563 93 93 U+679D 1317 2474 115 103 U+61D0 564 2545 123 107 U+76EE 1523 1938 67 99 U+3084 1130 2478 105 61 U+30F2 1367 1172 44 58 U+6B21 945 2498 96 60 U+30DE 1176 1540 42 44 U+3053 204 936 61 74 U+305F 1325 2232 84 79 U+3078 1503 1630 107 45 U+308B 591 883 57 73 U+30A4 1369 1224 36 67 U+3057 577 1893 76 91 U+30A6 1342 1432 47 63 U+308C 194 1012 66 112 U+4E8B 767 2368 69 125 U+4E8C 1503 2248 80 33 U+308C 1329 2140 81 94 U+3057 198 1491 77 118 U+308B 591 1470 57 67 U+3057 797 2120 19 94 U+3031 1188 2254 40 119 U+30A2 1167 2237 55 57 U+3057 604 2317 19 92 U+304B 214 2576 42 46 U+308A 593 578 47 99 U+3057 799 1371 23 101 U+3057 612 1536 14 89 U+3089 970 1629 33 75 U+304F 787 991 61 112 U+3089 791 1973 29 68 seg_fp 591 2455 46 87 seg_fp 431 1930 18 66 seg_fp 1351 1408 36 35,umgy005-007
U+3088 464 948 27 56 U+304A 450 898 47 51 U+304A 618 2348 62 53 U+9577 629 2421 48 71 U+3057 467 999 18 86 seg_fp 1560 647 57 50 seg_fp 628 2471 52 34 seg_fp 1548 797 58 41,umgy005-010
U+96E8 567 2175 58 95 U+6625 557 2030 70 141 U+3064 455 2081 83 124 U+5357 673 2351 73 107 U+8776 242 2107 108 142 U+9D2C 673 2457 72 99 U+4EAD 759 2332 76 88 U+6625 747 2230 94 93 U+3057 366 2145 77 95 U+3055 476 2299 52 86 U+3070 478 2206 61 93 U+308B 382 2329 52 86 U+306B 568 2280 45 176 U+307B 373 2240 79 81 U+306E 269 2249 59 151 U+309D 404 2417 23 50 U+5922 197 2360 89 148,umgy005-011
U+4ECA 1227 403 111 137 U+4E39 1464 321 86 75 U+306E 662 1978 80 67 U+306F 458 339 95 61 U+3066 1242 1816 49 112 U+306B 1034 1905 99 88 U+306F 1241 327 80 62 U+6597 1233 858 92 121 U+3044 268 1812 87 72 U+306B 1214 2201 101 83 U+6765 1410 2002 95 120 U+304A 1415 2366 98 66 U+306B 62 1806 102 99 U+3066 275 1953 64 110 U+4E39 904 1617 62 67 U+306A 86 755 84 86 U+3031 101 2114 61 159 U+306A 1038 2400 86 115 U+306A 659 688 96 113 U+3092 67 1257 111 92 U+9577 1416 700 82 119 U+4E39 513 2153 77 67 U+304B 1437 832 49 50 U+3044 652 1017 92 72 U+3044 836 1546 92 53 U+305F 1424 1366 75 85 U+3046 1443 1663 48 100 U+3082 471 571 57 100 U+6765 1032 418 106 125 U+884C 1217 1454 114 106 U+306E 464 2558 86 68 U+6765 1406 1240 113 138 U+306B 1020 2523 104 85 U+3068 279 1711 77 91 U+306A 850 1443 87 98 U+3066 1425 1147 76 83 U+306B 830 2208 115 89 U+306E 74 2363 79 83 U+306B 270 745 75 89 U+3060 460 1994 93 73 U+305F 1414 2126 76 86 U+3068 1247 1550 75 104 U+3044 837 333 99 81 U+3044 1411 2459 90 57 U+306A 264 846 101 113 U+4E39 993 887 84 78 U+79C1 251 2055 104 111 U+3044 69 1049 95 67 U+306A 470 1516 91 103 U+306E 1040 626 82 76 U+3066 458 1420 86 84 U+5922 75 1115 98 134 U+306E 257 1022 87 83 U+30E4 1433 501 61 54 U+9577 303 1310 58 71 U+3066 656 1158 86 84 U+306A 1229 2094 93 104 U+307E 669 1671 60 104 U+3069 1429 906 96 91 U+3044 833 2307 104 63 U+3066 1037 325 86 89 U+308A 1254 976 52 86 U+3067 840 2531 93 87 U+9577 688 574 63 66 U+898B 75 1348 79 111 U+305F 1230 753 81 93 U+304D 1236 635 72 115 U+6765 649 322 97 142 U+305D 854 1952 68 84 U+3064 268 1881 91 75 U+3084 257 333 111 76 U+306B 260 1541 114 90 U+306B 252 517 110 86 U+306A 655 2418 82 77 U+3069 469 406 92 87 U+305D 474 2473 68 86 U+3093 650 1900 124 77 U+3069 1045 2213 90 85 U+305D 82 2263 68 101 U+9577 1093 1648 57 63 U+306F 1093 1028 70 52 U+898B 650 2322 93 95 U+304F 461 1269 91 93 U+305D 1429 1567 75 95 U+5185 651 2531 83 91 U+8AA0 1029 1764 124 126 U+3089 1432 2517 44 88 U+3044 1232 1663 90 78 U+304F 1424 1890 58 108 U+3060 1239 1060 85 100 U+3084 73 678 102 72 U+79C1 640 1249 110 125 U+60B2 450 1050 109 107 U+306A 473 1835 75 87 U+304F 1241 2424 39 105 U+3060 266 1101 92 82 U+3055 1096 1268 54 57 U+306F 267 2173 80 53 U+307E 855 826 58 88 U+30C4 492 1358 51 51 U+6765 828 703 113 130 U+3086 261 2342 81 90 U+306A 77 1914 82 84 U+65E9 1226 2313 76 112 U+305C 841 1825 109 111 U+3092 1089 1204 75 56 U+305F 654 466 71 90 U+3067 454 944 87 96 U+8AA0 238 2544 132 98 U+304C 295 1628 71 62 U+4F55 1230 1177 101 100 U+6C17 74 1677 102 124 U+5927 1412 1471 105 94 U+52B4 456 814 100 132 U+305D 856 416 68 106 U+30F2 1441 441 51 67 U+3064 653 1088 92 70 U+65E9 1413 1777 92 114 U+305D 1233 1936 76 88 U+82E6 453 676 97 140 U+3078 49 2577 121 54 U+3093 457 1910 100 72 U+30A6 1454 2266 44 73 U+3060 1033 703 97 84 U+304A 1417 594 97 83 U+3067 841 599 86 95 U+306A 269 1428 109 113 U+3078 1230 1394 102 52 U+30E2 1064 2012 57 53 U+3064 1232 1739 89 77 U+306A 851 2122 92 83 U+306B 63 339 110 92 U+306A 1091 1441 67 58 U+30E8 487 2083 42 44 U+3044 76 593 103 83 U+306A 849 1721 90 113 U+3089 92 1594 43 83 U+3046 79 2447 44 119 U+305C 646 790 115 116 U+305D 852 2376 73 92 U+306D 1098 1139 60 64 U+51E6 1219 1280 115 107 U+5207 831 1356 111 90 U+3079 247 2493 113 69 U+3093 842 2034 82 69 U+3031 1088 2096 46 120 U+304B 91 1523 52 73 U+305F 67 1457 91 73 U+3055 664 1829 78 79 U+3093 1025 2293 120 78 U+304A 656 1597 113 75 U+4F55 454 2295 99 91 U+3093 1223 2016 102 72 U+51FA 1234 2540 100 67 U+305F 1040 543 73 88 U+3068 667 906 72 105 U+6B21 998 965 74 59 U+308A 481 1618 54 93 U+3057 1423 1035 87 108 U+3075 830 1190 107 81 U+3089 1096 1548 41 64 U+3070 1009 1244 62 73 U+305F 834 999 86 91 U+3066 65 2067 81 80 U+3046 290 405 38 119 U+3078 995 1322 83 51 U+304A 1232 553 108 86 U+308A 1014 1494 43 79 U+3080 1097 1084 73 58 U+3057 497 1173 16 91 U+308F 88 936 50 107 U+30A6 1068 2070 52 63 U+308A 1104 1384 39 56 U+305D 1008 1163 61 78 U+308B 278 958 58 64 U+3075 253 2427 90 69 U+3059 1096 1325 54 57 U+3075 440 495 111 78 U+30E2 686 1449 53 46 U+30A6 696 1505 48 76 U+30A2 305 2278 38 52 U+90CE 1027 1018 36 69 U+304C 483 2390 67 55 U+3092 666 2206 69 110 U+3044 835 2466 102 62 U+304C 1013 1093 63 68 U+3053 88 855 74 76 U+304C 1103 1499 65 48 U+3078 646 1777 113 50 U+304A 1100 879 82 65 U+306F 1005 1448 61 48 U+30A6 305 1213 50 82 U+9577 1097 945 55 76 U+3044 833 528 104 70 U+6C17 276 605 90 137 U+3064 69 2001 80 66 U+30CE 1454 2220 43 37 U+3089 863 1091 62 101 U+3044 637 2497 106 38 U+3046 1448 1002 40 98 U+30F1 1046 788 87 55 U+34B5 650 2069 90 132 U+307E 483 1703 51 99 U+30A6 96 506 71 85 U+306F 658 1380 81 57 U+3057 878 912 19 86 U+3059 1001 1365 69 84 U+30DE 298 2231 55 42 U+30A2 899 1267 45 44 U+30E2 108 424 51 79 U+30FD 899 1312 29 36 U+30CE 316 1179 34 42 seg_fp 642 655 122 53,umgy005-016
U+3082 882 450 63 97 U+306F 286 338 94 63 U+306E 1059 1839 93 73 U+4E39 148 813 79 75 U+4E39 1482 698 76 68 U+306B 1240 1142 114 84 U+4E39 699 2221 89 70 U+3066 857 1348 85 86 U+306E 1064 432 88 91 U+3070 1266 667 91 85 U+305D 677 2340 72 98 U+3067 480 1568 88 83 U+3072 1253 1517 86 90 U+3031 1466 1797 56 152 U+305D 495 1384 74 97 U+306B 84 1275 116 83 U+306D 482 1239 81 91 U+3044 477 2480 94 71 U+306E 96 612 91 77 U+3093 1428 1501 104 77 U+4E8B 674 2034 70 125 U+9577 137 1808 54 67 U+3052 1064 2364 95 101 U+3044 865 1782 98 67 U+3084 852 1004 119 83 U+4E39 533 2302 88 67 U+9577 726 1098 58 66 U+3059 683 668 84 117 U+3092 860 1699 96 73 U+7C73 281 1780 96 110 U+3075 76 1548 111 93 U+304A 483 2393 83 66 U+306B 302 581 71 85 U+3044 475 1156 90 74 U+4E39 914 2395 84 71 U+3092 1431 2083 96 68 U+6240 671 1281 106 101 U+306A 1443 1578 94 84 U+3067 284 2122 79 85 U+3058 485 1801 103 96 U+30B5 702 2140 58 70 U+3089 507 2551 38 87 U+304B 79 1375 121 65 U+307E 109 1439 58 110 U+30A2 498 1962 64 75 U+9577 1307 1594 50 70 U+3068 693 1725 64 96 U+3066 1055 2208 84 74 U+3069 489 341 102 85 U+3070 298 857 86 91 U+591C 863 331 129 126 U+3044 96 522 95 76 U+3066 671 2557 78 87 U+5C45 665 1479 91 120 U+3070 102 2253 85 82 U+6240 280 473 107 106 U+65AF 1049 1161 101 108 U+3093 281 2045 109 74 U+308B 505 615 52 67 U+305A 1506 388 73 79 U+3044 859 948 101 67 U+3066 1056 1562 82 91 U+308A 1078 2543 49 98 U+9577 1296 2280 53 65 U+5144 1253 1784 98 96 U+308A 108 2455 51 92 U+306B 693 1384 59 78 U+3042 107 1033 90 105 U+6CE3 1440 1226 105 105 U+30F2 119 1910 50 69 U+3066 1053 1348 84 82 U+308F 1520 460 41 73 U+306A 1442 2340 86 87 U+3078 476 1328 107 60 U+304B 698 332 52 65 U+3059 664 1923 87 113 U+306A 868 841 99 106 U+3055 1449 987 70 107 U+3042 1259 2403 87 88 U+304A 1255 1709 91 64 U+3064 90 1203 102 74 U+308C 1270 551 75 114 U+306E 481 697 89 71 U+4F55 1051 1657 111 113 U+308C 471 1481 100 90 U+7528 1063 1925 78 105 U+3075 1235 1065 118 87 U+6DFB 1249 1407 110 111 U+3046 891 1082 42 87 U+3093 1240 1958 88 69 U+4E39 1302 2111 72 59 U+3044 482 1746 91 66 U+306F 291 2572 82 69 U+304B 117 2405 39 51 U+305F 1057 2472 73 76 U+30E8 1478 1669 50 46 U+3042 1070 329 86 100 U+3092 1063 2024 81 102 U+308F 114 338 55 108 U+306A 1403 331 70 66 U+3044 477 2138 91 56 U+3084 473 1900 105 63 U+308B 312 783 53 63 U+3075 1423 2162 111 75 U+30CA 133 923 55 67 U+5B09 1256 761 95 108 U+305E 1066 790 101 101 U+34B5 1434 1948 91 130 U+306A 486 2036 85 97 U+30CD 1270 2565 76 67 U+3075 468 429 115 87 U+306E 669 851 93 87 U+3068 1457 2449 48 88 U+30A2 1461 1155 62 64 U+306A 1454 1331 78 83 U+3044 95 1138 92 68 U+3055 288 1964 79 85 U+6DCB 862 568 120 110 U+9577 339 1430 56 60 U+3059 862 1916 89 117 U+5C45 1055 1436 81 123 U+305D 1269 966 76 103 U+3060 672 938 103 84 U+5C45 286 674 89 110 U+3064 1507 536 64 57 U+306B 854 1172 110 81 U+305D 95 2145 70 98 U+304B 105 1729 51 73 U+7269 85 1632 100 99 U+305F 680 1600 76 75 U+3069 1069 599 96 98 U+308C 1456 864 80 120 U+9577 531 867 56 63 U+3042 1062 2289 93 83 U+30B5 1441 1729 68 54 U+3046 890 2102 42 97 U+3066 858 2310 84 83 U+3078 661 1023 113 59 U+308C 862 2560 114 78 U+3055 1257 1884 73 77 U+3088 1288 1237 34 67 U+304F 1074 1032 47 118 U+3084 859 2031 104 76 U+62B1 1419 2544 134 91 U+306E 1252 2491 86 76 U+3044 672 1677 95 66 U+30F1 1276 2039 80 44 U+304A 856 1436 113 90 U+3068 1513 595 50 70 U+305F 869 1849 76 70 U+304A 481 970 108 67 U+30A2 292 1236 73 76 U+30E4 120 1969 58 61 U+306A 295 1528 89 105 U+30C4 119 2336 56 60 U+516B 278 1899 111 63 U+3084 289 1171 98 61 U+3053 1462 798 62 67 U+3075 663 577 108 95 U+304D 1446 2238 65 100 U+5927 74 2552 124 98 U+30A2 1458 1779 44 58 U+30F1 108 745 93 45 U+3078 462 2234 115 54 U+3059 495 501 71 117 U+308A 1271 1305 56 108 U+305B 1264 440 87 108 U+304D 1411 397 51 76 U+3078 278 1718 114 77 U+304B 1072 1774 62 66 U+65E9 1055 909 94 124 U+3060 481 763 100 88 U+304F 880 750 49 88 U+30F1 1276 2195 73 46 U+308B 692 785 57 69 U+3075 1046 700 111 88 U+30DE 1475 1105 59 47 U+30A6 1100 522 46 73 U+3088 1291 327 44 103 U+3055 1441 1414 79 91 U+3066 288 2484 79 78 U+308B 117 448 47 68 U+3088 514 1662 38 76 U+305C 285 1626 105 98 U+3069 681 485 106 89 U+30CB 133 985 61 30 U+308A 313 998 49 98 U+4E00 292 425 99 19 U+304B 122 682 45 56 U+5484 855 1528 122 76 U+304B 310 950 47 50 U+3044 1404 481 64 46 U+3089 684 395 56 98 U+304B 513 1034 39 73 U+306F 1515 331 43 61 U+3057 1296 867 17 79 U+3057 910 1613 15 82 U+306B 877 2197 57 80 U+3046 115 2030 40 123 U+304F 301 2286 76 130 U+7533 697 1838 51 92 U+3057 1089 2129 22 79 U+3057 688 2459 33 98 U+304B 505 2187 38 50 U+4E00 676 1229 93 20 U+30C4 324 2432 44 46 U+3060 1407 520 69 56 U+5426 281 1307 99 102 U+306A 296 2229 77 95 U+305D 878 2488 72 69 U+3057 896 1264 21 80 U+3059 1404 579 52 89 U+3057 913 678 19 82 U+3057 1089 1268 23 77 U+3058 324 1089 65 88 seg_fp 794 1201 54 54,umgy005-022
U+3032 1460 1225 90 161 U+5DFB 81 2209 111 118 U+306E 282 2000 88 68 U+58F2 88 969 98 166 U+304C 103 2146 80 63 U+3067 88 457 83 100 U+5EA7 1043 477 98 132 U+3092 278 2324 92 67 U+3066 95 1297 57 130 U+306F 1251 1570 88 60 U+304B 451 357 116 75 U+4E39 1241 1640 115 108 U+898B 1428 360 111 124 U+304C 1263 1939 82 83 U+306B 1244 1328 109 98 U+62BC 256 1142 116 110 U+306B 462 1460 110 90 U+501F 665 1627 106 107 U+306B 463 2409 99 85 U+306E 1431 717 92 96 U+3052 92 2419 99 98 U+306E 283 2257 84 71 U+3066 1249 426 72 114 U+306B 1056 2549 107 77 U+8CB8 672 1484 102 138 U+3070 676 1286 97 69 U+305D 1437 608 86 109 U+3053 869 1388 80 77 U+3044 666 357 85 78 U+304C 876 1474 80 71 U+352B 1252 2216 98 103 U+53F3 1232 2018 112 101 U+90CE 1049 1941 99 133 U+3064 83 1142 98 68 U+3044 670 1929 86 64 U+304A 468 1055 104 82 U+4E39 511 602 85 79 U+306B 1450 1387 69 91 U+3084 274 363 113 73 U+8449 475 2036 95 135 U+308A 486 498 56 109 U+306F 281 1072 92 58 U+7560 292 1587 68 131 U+304A 469 1833 112 69 U+5F15 265 2400 108 90 U+3064 1243 2467 103 101 U+3044 855 880 96 81 U+3070 1437 2028 100 76 U+304C 281 1250 93 84 U+3082 303 2179 55 83 U+6B8B 78 1612 113 136 U+3075 649 435 105 88 U+308F 1264 536 61 105 U+4EBA 453 1210 149 103 U+5370 1032 1050 54 100 U+3084 663 2304 94 85 U+3051 91 1206 96 94 U+308A 302 2560 50 72 U+68B6 76 558 120 112 U+30A2 712 1415 51 59 U+4EBA 1233 1488 137 85 U+4EBA 848 2458 125 84 U+306A 482 1737 82 88 U+3078 1224 745 136 62 U+304B 1219 809 137 72 U+305A 86 1802 109 133 U+3068 485 1289 87 79 U+306E 1435 1050 80 83 U+3064 279 1334 101 108 U+306F 849 466 92 69 U+4EBA 1414 1142 143 88 U+30A2 690 2397 52 64 U+3044 667 2221 88 79 U+3064 858 960 94 70 U+306F 93 1549 82 78 U+30E4 469 858 76 61 U+308C 857 652 76 110 U+4F55 472 2176 99 99 U+4E16 78 2521 109 89 U+304D 1246 645 95 104 U+5B9D 281 2081 99 96 U+3070 1034 960 49 78 U+3069 1257 2383 108 78 U+308B 1259 1134 58 71 U+306D 863 1816 77 99 U+5C71 279 1720 96 87 U+3068 1264 2119 70 92 U+3081 91 2010 85 79 U+6642 1230 1209 125 122 U+4E8C 1243 1430 103 50 U+90CE 1250 1811 99 129 U+305D 871 2062 74 92 U+3078 833 1914 139 66 U+3042 92 2332 90 86 U+5F62 653 907 107 91 U+306A 861 357 90 106 U+3075 1420 2486 120 85 U+307E 1266 1041 60 96 U+3061 862 1023 83 101 U+3044 672 1140 84 91 U+3057 1460 489 30 107 U+3078 1232 364 115 50 U+3082 494 1367 66 97 U+3068 883 2537 65 74 U+305D 1446 2176 83 97 U+3075 850 2155 115 88 U+307E 279 1898 92 93 U+304B 835 551 121 75 U+30A2 662 2541 67 92 U+3078 265 1542 120 61 U+601D 1438 1872 90 95 U+30A2 670 683 71 82 U+76D7 865 2338 94 121 U+304A 1436 2103 106 74 U+4E39 1043 1778 119 90 U+3068 1451 1751 68 99 U+3084 844 1123 104 80 U+8FBC 69 359 107 94 U+91D1 70 1442 121 106 U+8A00 480 1916 74 119 U+305A 288 2460 105 98 U+6B21 1238 1748 122 75 U+8005 1047 1593 105 106 U+3091 285 1445 86 96 U+3058 659 510 109 96 U+3078 1244 2340 117 38 U+3055 284 1808 77 92 U+539F 77 679 105 121 U+53EF 854 1552 100 82 U+3078 74 2094 127 58 U+304B 1270 2561 64 59 U+304A 79 1931 112 78 U+5176 469 2499 102 124 U+3068 289 966 76 102 U+3086 483 2271 77 84 U+305F 475 425 76 77 U+305D 867 1279 76 103 U+4F55 274 721 99 108 U+3078 75 930 118 66 U+305C 1053 2400 123 72 U+308B 1110 936 41 50 U+6B21 1047 1881 101 71 U+304F 682 1048 54 93 U+4FD7 1414 938 134 108 U+5BB6 85 798 106 136 U+3078 246 922 146 75 U+3068 1069 356 68 105 U+3046 304 428 49 121 U+304A 467 1557 106 73 U+4E8C 473 1161 100 50 U+305F 1057 1342 89 81 U+98A8 1429 817 125 119 U+4F3C 1414 1502 129 82 U+306D 1054 1507 100 79 U+3093 1046 2327 146 84 U+3058 1056 2266 110 71 U+304A 1044 1264 113 80 U+308A 1462 1650 50 106 U+30B5 1090 2163 57 51 U+3053 1260 962 71 79 U+3089 109 1723 64 86 U+308B 1457 2566 58 57 U+3068 868 763 70 96 U+3086 287 823 86 100 U+3078 1417 1969 128 56 U+305F 1444 1575 81 75 U+3084 651 609 104 74 U+308F 1112 872 38 66 U+3088 878 2233 56 81 U+30A2 878 1207 68 72 U+306E 1061 1698 82 80 U+306A 290 548 93 99 U+3065 1051 1421 120 83 U+25CF 1108 1168 44 45 U+308B 686 2091 48 59 U+30A4 491 795 39 67 U+30DE 712 1370 61 41 U+30A2 500 723 56 59 U+3057 1087 612 16 138 U+3078 456 2352 122 52 U+25B2 1031 806 61 41 U+30A2 1099 2210 49 48 U+3078 655 1230 120 53 U+7B11 866 1632 104 117 U+3057 479 1633 85 100 U+3057 1290 860 19 102 U+30E2 502 931 58 53 U+30B7 513 988 79 59 U+25B2 721 1754 61 36 U+3088 693 989 46 65 U+30DE 672 2486 67 49 U+25CF 921 1982 39 36 U+3066 677 1843 71 82 U+308F 690 2000 44 94 U+304F 687 2146 34 76 U+3046 1075 2469 45 87 U+304B 501 1624 41 61 U+3057 1434 2285 96 114 U+25B2 1109 2085 58 36 U+3057 667 763 91 113 U+3082 1107 993 51 68 U+304F 1452 2389 75 111 U+304F 878 1725 61 94 U+25CF 343 640 43 46 U+25CF 1112 802 44 44 U+309D 908 616 30 34 U+306E 1102 1048 57 46 U+309D 1125 1085 26 52 seg_fp 1038 884 44 75,umgy005-026
U+672C 1057 2075 60 51 seg_fp 1060 2127 58 76 U+90CE 1066 2241 53 68,umgy005-028
U+7E04 262 593 121 121 U+3046 1507 890 35 75 U+3066 1500 836 49 52 U+307E 544 378 87 126 U+3061 222 951 82 129 U+624B 295 726 61 117 U+671D 883 363 112 133 U+304A 1495 780 58 46 U+3084 690 653 101 66 U+3060 567 508 81 97 U+3084 434 769 104 72 U+971C 768 476 90 135 U+89E3 526 640 90 124 U+306C 444 905 104 70 U+307F 248 867 42 91 U+3089 478 838 50 71 seg_fp 630 625 37 49,umgy005-029
U+306E 60 2191 80 77 U+5E74 633 726 94 138 U+304C 1034 1084 78 71 U+4E39 674 2125 82 70 U+3046 1421 1497 52 97 U+306F 821 350 93 64 U+4EE3 242 351 117 115 U+3092 1200 1715 107 70 U+91D1 1209 672 118 138 U+4E39 1197 1440 127 110 U+304C 1236 821 70 62 U+304A 1019 855 91 85 U+5F15 1389 1163 99 120 U+7FA9 443 423 94 145 U+3067 827 1428 82 86 U+304A 631 883 100 77 U+5C0F 806 1204 113 97 U+304C 1036 1975 73 65 U+4EF2 1006 1185 104 114 U+306F 439 353 93 57 U+3059 1010 460 94 145 U+306B 630 1238 108 80 U+3059 838 408 76 125 U+3044 1216 902 97 83 U+305A 1412 1267 96 128 U+4E8C 626 655 105 51 U+5224 818 1310 96 118 U+3068 835 1709 67 88 U+304B 1417 1603 56 72 U+305E 65 743 106 111 U+898B 1012 2051 110 109 U+305D 1027 1462 75 96 U+5A18 997 956 126 125 U+3092 1451 2132 77 68 U+3059 1203 2051 99 87 U+5341 826 1890 87 83 U+5F85 44 980 117 132 U+304A 61 870 115 89 U+3066 1019 2358 87 90 U+306A 73 1106 86 99 U+306B 632 1771 101 89 U+6E08 629 1987 104 120 U+306E 447 1455 90 95 U+304C 655 472 79 81 U+306A 207 2354 61 60 U+307E 1031 344 55 113 U+3070 249 1671 118 83 U+304B 36 2277 120 68 U+3093 1015 1555 128 85 U+306A 639 1325 86 105 U+4EE3 1389 756 109 121 U+3055 1216 1546 81 84 U+3066 59 1378 90 96 U+4EBA 1006 1891 123 77 U+4E39 1448 1771 88 82 U+304A 1210 571 97 82 U+5FCD 1204 1920 113 134 U+306B 40 2553 96 86 U+7406 432 587 103 95 U+6B64 1010 2447 105 81 U+59B9 413 896 133 113 U+3044 48 1668 93 62 U+307E 74 1707 57 109 U+304B 1034 1379 54 60 U+5A18 619 343 119 130 U+9000 1001 2158 127 107 U+4E21 830 1975 87 106 U+304C 1468 1991 60 57 U+3066 435 1261 94 78 U+3069 452 1026 97 88 U+3042 448 696 90 117 U+90CE 1464 1920 59 70 U+3044 623 981 109 72 U+5176 829 772 68 137 U+3081 1398 349 86 95 U+3060 256 1336 89 91 U+5185 644 1864 83 112 U+624B 1459 2051 65 90 U+3067 441 2088 101 76 U+4E94 811 1803 115 81 U+3078 245 703 111 63 U+306A 1025 1636 94 121 U+3069 270 1156 88 95 U+76F4 440 2462 89 116 U+582A 1199 1797 113 118 U+3064 823 1623 89 89 U+30A2 1430 682 58 61 U+3069 75 551 97 96 U+3058 253 1585 107 87 U+304D 452 2167 74 116 U+305D 455 1353 85 99 U+306B 433 2585 107 69 U+3093 1209 1624 114 85 U+308A 836 1095 56 110 U+308B 1224 2136 58 73 U+3042 1221 1160 91 98 U+3089 1427 1397 65 102 U+3081 251 989 91 89 U+3068 1462 2204 54 70 U+3031 114 428 44 128 U+3044 1368 2271 62 62 U+4E39 45 1919 101 95 U+30A2 467 2390 61 70 U+30B5 1417 619 76 67 U+3093 52 2099 114 76 U+76F4 636 1642 87 125 U+3059 818 637 94 140 U+3089 1241 1065 42 94 U+69D8 435 1552 112 122 U+3055 63 1212 82 97 U+304F 1379 2000 34 88 U+30F2 1049 750 58 60 U+3046 276 1255 52 84 U+308B 464 805 53 71 U+3093 243 1074 133 81 U+3056 831 1522 97 98 U+30C8 1439 1677 36 80 U+304B 808 910 119 75 U+306F 202 2310 66 49 U+3055 61 2014 68 89 U+308D 315 2131 57 68 U+306A 459 1676 80 88 U+6240 245 580 108 115 U+4EBA 1003 1294 135 91 U+3078 1382 1110 122 64 U+3078 1384 447 125 74 U+3056 451 2295 98 91 U+3051 1373 2182 61 82 U+3066 1455 2491 74 58 U+5834 1001 2535 118 120 U+3093 250 1506 127 74 U+3093 632 1155 115 76 U+30A2 644 1574 64 83 U+308A 69 2448 52 101 U+3075 49 650 115 98 U+304F 1213 979 98 85 U+30A4 669 2232 35 71 U+3068 297 2445 53 61 U+3055 60 1572 81 89 U+306A 304 2324 66 75 U+3089 657 1056 64 105 U+306F 1463 2603 59 43 U+6B21 1454 1857 75 66 U+308F 1378 2099 43 80 U+30F1 1029 587 97 60 U+25B2 297 768 52 48 U+4E8B 1222 2224 71 112 U+306B 820 2477 100 89 U+304A 1455 2430 76 60 U+25B2 883 2101 55 40 U+308A 309 2258 46 64 U+308A 308 2503 41 59 U+304B 847 2196 58 64 U+3075 299 1943 81 62 U+5B98 1400 864 99 122 U+3075 244 1438 108 72 U+3089 1037 1754 46 84 U+9577 1255 345 53 62 U+308C 254 1740 88 122 U+6765 1202 2510 114 129 U+3070 1460 2362 70 63 U+5B50 624 2557 106 84 U+304B 1375 1771 44 55 U+5B98 262 455 77 122 U+4E0B 51 1484 103 86 U+355D 442 1770 98 130 U+308F 846 987 50 110 U+308F 75 2343 48 107 U+307E 825 535 98 103 U+6240 1385 989 113 118 U+9577 196 2232 67 74 U+306F 302 2406 59 41 U+6B64 624 2475 103 76 U+51FA 1217 2427 96 79 U+308A 658 1426 45 92 U+304C 1224 2338 66 67 U+3053 315 2072 53 56 U+25CF 1074 668 40 39 U+308C 1457 2272 64 89 U+304C 456 1906 78 64 U+308B 1230 1258 59 63 U+3068 1233 1314 62 103 U+3084 630 1515 87 57 U+3046 470 1121 37 102 U+9577 302 2564 55 63 U+30A2 103 396 47 69 U+4E8C 1010 1848 107 41 U+25CF 492 1984 39 39 U+308A 856 2376 46 91 U+30A2 1238 454 57 77 U+3044 211 1945 59 48 U+308A 1377 2334 44 85 U+3088 326 2202 30 54 U+306A 1368 1827 63 68 U+304A 826 2576 91 65 U+3060 213 1990 71 54 U+3046 1472 2551 34 58 U+3057 97 1813 20 96 U+3068 319 2001 49 69 U+30F1 265 870 87 68 U+30FD 1072 810 28 43 U+25CF 1447 527 43 43 U+3066 1377 2418 34 117 U+3057 1396 1897 14 95 U+30C8 297 1857 38 72 U+4E00 628 598 102 19 U+30DE 97 330 65 60 U+30C4 92 1311 51 61 U+304A 204 2171 80 62 U+3031 683 2332 53 125 U+30FD 318 931 27 54 U+30F1 653 2309 69 44 U+304D 197 2416 65 50 U+305B 205 2046 72 63 U+3057 1054 2275 19 77 U+3057 197 2474 66 70 U+3070 212 2119 68 52 U+308F 851 2267 52 104 seg_fp 1392 584 122 70 seg_fp 216 2457 57 48,umgy005-030
U+90CE 1393 1459 100 155 U+306E 65 751 93 83 U+306E 1406 1169 86 77 U+5E2F 1013 536 110 164 U+7FA9 1411 1027 84 129 U+4ED8 58 1663 82 141 U+306E 1393 2523 92 81 U+3059 54 2191 81 135 U+4EE3 1009 1654 115 115 U+90CE 450 526 88 149 U+3092 817 1162 104 84 U+306B 1381 783 124 93 U+4F8D 1443 1624 73 81 U+4EBA 1384 2398 116 89 U+4E39 438 330 118 118 U+5370 436 2497 91 112 U+8A6E 1388 893 124 116 U+5E74 56 1196 96 155 U+91D1 55 843 93 142 U+306E 243 1613 95 84 U+4E39 1386 1278 125 100 U+9000 810 1255 110 125 U+4E38 1016 1065 111 106 U+3092 52 1111 108 83 U+3067 1389 2272 87 106 U+5224 240 675 107 121 U+5BB6 1209 1691 103 130 U+5C3A 1023 430 91 100 U+308A 270 890 59 97 U+5272 45 1539 107 121 U+3082 252 1073 79 100 U+6765 1203 1819 102 122 U+888D 1192 2385 116 117 U+901A 808 946 106 121 U+306E 242 1851 103 79 U+3044 47 2022 97 87 U+3070 1021 976 94 94 U+6708 1022 1530 75 114 U+8EAB 241 1475 86 117 U+306B 1187 2525 115 80 U+898B 1026 719 79 126 U+30CF 1047 1780 65 39 U+306B 42 1443 120 89 U+3089 1045 2023 60 98 U+98A8 1013 2512 121 90 U+5FA1 1212 1624 90 72 U+3092 674 2146 74 60 U+307B 1400 603 101 105 U+5439 1194 1965 111 107 U+5206 1009 1404 119 116 U+4EE3 432 1953 105 136 U+843D 236 2212 111 146 U+624B 448 1831 75 123 U+8B00 244 527 107 140 U+305A 443 1531 103 112 U+5B50 52 1000 110 106 U+73CD 1011 1893 122 124 U+5176 455 687 65 132 U+3068 255 1005 84 69 U+6E29 1199 2259 107 103 U+76EE 826 816 85 121 U+304F 838 669 51 120 U+3044 1010 2200 101 61 U+8170 1015 1181 114 111 U+3060 824 336 102 102 U+306A 50 2349 89 95 U+53F3 49 606 118 120 U+3070 44 2536 98 72 U+306E 1220 786 91 92 U+3070 692 757 75 61 U+5F62 1379 2165 106 111 U+53BB 239 2510 94 95 U+307E 463 939 52 106 U+4F8D 679 2429 63 57 U+3086 833 1625 80 99 U+305F 645 1229 74 90 U+30E4 1385 530 83 54 U+5B58 430 1297 121 128 U+5F62 245 329 96 106 U+30A4 655 1669 37 86 U+7D0D 40 1897 107 120 U+65B9 431 822 104 113 U+6B21 1386 1390 113 76 U+308C 1216 1409 86 113 U+305F 434 2332 83 86 U+3069 1223 994 107 85 U+3068 636 1781 83 88 U+8EAB 1389 2041 86 104 U+65B9 1210 881 99 108 U+308A 848 1068 50 83 U+308C 248 1996 85 112 U+306A 256 778 101 121 U+3046 266 1697 43 88 U+3078 423 2272 123 70 U+8A6E 1214 328 112 136 U+306F 695 942 69 57 U+306A 699 329 71 75 U+306F 259 442 79 66 U+4E0A 38 1810 115 78 U+306A 69 325 104 112 U+305D 1230 684 73 101 U+308C 1023 844 83 131 U+306C 827 2001 93 103 U+303B 80 1357 42 81 U+3052 612 629 69 93 U+5EA6 237 2374 108 133 U+3042 1402 1741 94 111 U+4E94 1015 1317 101 83 U+305D 264 1188 67 109 U+306F 1217 1181 85 70 U+3044 1375 1974 110 70 U+306E 1209 1523 94 91 U+3064 771 2468 72 80 U+308B 450 2416 62 72 U+6B21 441 456 101 71 U+3065 1214 1330 117 83 U+306F 827 1546 85 80 U+304C 626 1152 140 80 U+3064 438 1047 96 79 U+306E 878 2488 72 54 U+3044 676 2277 65 47 U+305F 682 2005 60 81 U+3059 436 2158 89 116 U+305C 460 1420 87 109 U+3064 700 586 64 75 U+30A2 662 1605 53 54 U+304B 1422 707 56 76 U+3082 447 1724 75 99 U+3078 233 1791 121 52 U+30C6 1049 1817 69 59 U+3044 681 2091 63 43 U+305A 824 1440 100 108 U+3064 886 2296 67 61 U+3066 685 2326 35 85 U+3061 258 1298 90 96 U+3044 1207 1263 102 67 U+5BB6 1012 2365 104 147 U+305F 698 508 56 74 U+3066 770 2548 60 71 U+65E9 825 545 92 125 U+304C 454 2074 76 86 U+30CA 858 438 51 57 U+3084 628 1531 98 69 U+3057 1019 2077 79 112 U+304E 706 404 68 107 U+304F 1235 561 46 98 U+4E09 1017 339 100 79 U+305F 441 1125 77 78 U+3064 676 2223 65 53 U+304C 272 1389 81 75 U+305F 53 2104 85 85 U+306B 600 555 84 74 U+306C 238 2109 90 100 U+30E4 645 2529 59 52 U+3092 786 2297 62 96 U+304C 268 1929 83 69 U+3078 608 510 80 53 U+3064 634 1443 95 88 U+3055 1224 467 72 97 U+30C8 862 2109 45 78 U+3082 1235 1078 64 108 U+3089 54 2446 53 109 U+4EBA 684 869 89 70 U+304F 457 1197 43 88 U+3068 452 1644 70 81 U+4E8C 689 823 72 45 U+307C 884 2354 83 69 U+3042 688 1880 61 76 U+5FA1 1021 2283 87 77 U+304A 818 1857 111 77 U+305D 620 338 51 74 U+30F1 1440 333 70 62 U+25B2 697 1044 61 36 U+3068 782 2394 63 63 U+6247 866 2544 90 80 U+3057 818 1729 85 119 U+3084 1376 1850 125 71 U+3089 89 505 41 111 U+306B 586 1886 79 59 U+308C 695 659 59 97 U+5B50 788 2211 71 81 U+304B 843 1381 57 68 U+304C 88 436 78 68 U+30A4 1418 446 32 51 U+3066 582 2335 51 75 U+30FD 1472 395 34 52 U+8DE1 576 2186 78 66 U+306D 888 2419 71 64 U+3066 879 2207 69 83 U+3068 623 415 35 93 U+306B 597 2258 27 74 U+5176 591 2111 42 71 U+3052 588 1941 77 60 U+3086 590 1988 63 63 U+3044 612 739 65 42 U+304F 702 1941 42 78 U+304B 845 1933 50 66 U+30A4 612 2559 34 60 U+3060 618 778 59 64 U+8CAB 1194 2071 108 169 U+304F 602 2050 35 59 U+307F 656 1339 44 96 U+3057 631 843 18 75 U+3057 1434 1909 18 63,umgy005-032
U+5341 1142 831 89 94 U+306E 783 2196 85 73 U+4E0B 578 1140 94 91 U+9262 573 995 107 138 U+306E 590 2081 75 72 U+5C0F 572 892 111 84 U+306B 572 1905 105 93 U+304C 214 768 79 73 U+306E 581 2481 82 74 U+3066 216 433 52 121 U+516B 380 335 123 85 U+6625 1500 335 132 141 U+4EAD 1325 1879 93 137 U+8A89 1505 837 123 155 U+4F5C 1315 2321 107 112 U+3061 594 329 88 112 U+306B 401 1774 99 83 U+3064 190 334 104 100 U+306E 207 1755 86 79 U+3092 950 2365 101 69 U+304B 571 2022 108 64 U+308A 224 1943 56 93 U+8272 1511 482 96 121 U+306B 767 1340 104 95 U+304C 407 417 82 73 U+516B 192 1236 121 73 U+6885 1491 615 138 110 U+7740 398 1455 92 135 U+3066 201 1657 96 83 U+77E5 189 1485 105 99 U+3042 404 1855 92 108 U+4E8C 772 2018 100 40 U+306E 594 1690 72 90 U+3066 772 329 82 100 U+7CF8 199 631 97 126 U+5C4B 769 984 110 118 U+9CE5 970 328 89 145 U+8868 762 1890 121 110 U+306B 388 608 109 97 U+671D 766 445 98 126 U+685C 939 1340 123 115 U+306F 958 2168 87 72 U+3059 783 1513 77 111 U+305B 391 1588 97 104 U+305D 595 1596 74 94 U+3092 957 1617 103 111 U+5BA2 951 2236 108 123 U+968E 777 2062 101 125 U+308B 601 726 60 76 U+81EA 215 2258 61 116 U+308A 984 1074 50 117 U+5150 1524 742 101 91 U+6B64 951 1957 110 68 U+901A 203 1834 93 108 U+79C1 191 2060 107 108 U+3093 191 1393 120 80 U+5A66 565 2163 117 108 U+304D 773 738 101 89 U+306D 392 2048 93 97 U+3066 958 804 85 90 U+604B 395 999 102 120 U+3072 777 1686 90 89 U+306B 379 1365 115 97 U+9F63 1126 999 111 111 U+8DE1 580 1787 110 113 U+8863 391 1127 115 100 U+307E 796 562 45 95 U+3055 210 1301 68 97 U+4EBA 1307 2199 124 86 U+306B 420 2417 53 80 U+3078 578 1249 111 47 U+671D 948 1201 99 120 U+304C 216 2178 70 66 U+542B 948 1720 104 135 U+306E 269 888 45 43 U+7CF8 963 2037 85 130 U+3069 401 2155 99 81 U+8A13 1323 1722 101 119 U+7FBD 950 557 96 98 U+308A 801 2542 54 92 U+306C 400 892 83 92 U+5FC3 387 502 116 102 U+3089 618 441 39 79 U+3919 387 1244 113 116 U+80F8 395 2315 100 106 U+6301 575 1293 112 108 U+5BB6 776 1207 95 132 U+7C73 203 1118 111 111 U+308B 412 1691 62 76 U+3082 409 2238 66 79 U+6FE1 964 669 94 137 U+8FCE 766 2278 106 100 U+601D 401 722 93 97 U+3084 765 1436 103 81 U+308A 982 2564 52 78 U+76BF 561 817 128 63 U+9727 773 834 107 146 U+3042 390 2506 102 86 U+3089 416 1964 45 85 U+30E2 226 966 59 54 U+304C 798 1115 72 65 U+30F1 187 1063 80 47 U+3060 777 651 93 85 U+307E 214 2373 47 102 U+51FA 964 910 97 87 U+3086 589 1400 85 85 U+9152 769 2373 102 112 U+3053 276 847 39 42 U+305F 589 651 77 75 U+6B64 193 559 114 68 U+306F 403 824 79 69 U+5DDD 576 2364 87 120 U+4E00 958 508 93 15 U+3067 198 2565 88 69 U+3057 814 1761 19 120 U+9732 956 1472 116 146 U+4E00 1136 946 95 17 U+3064 206 1583 89 67 U+7C73 566 2560 118 83 U+3051 973 998 64 75 U+591A 570 2262 82 122 U+304A 954 2448 113 64 U+3093 201 2477 98 86 U+6C5F 1348 994 92 89 U+7B2C 1132 649 103 154 U+3057 627 530 21 127 U+304F 615 1479 37 117 U+3068 787 2472 80 75 U+3057 998 1852 16 96 U+304F 959 2510 90 55 U+4E3B 1323 2058 90 95 U+3089 804 1622 36 69 U+6238 1333 1095 109 103 U+305F 401 2592 70 50 U+7F8E 1518 1010 113 130 U+30B7 245 1025 68 47 U+72C2 1313 1585 92 102,umgy006-001
U+304C 885 1508 70 56 U+306E 1069 1192 87 80 U+306B 1044 1592 114 90 U+4ECA 288 1748 112 120 U+5C11 289 611 110 82 U+3082 1061 2065 67 96 U+307B 1061 391 112 93 U+306B 285 2606 104 86 U+306B 850 1828 107 81 U+3092 670 804 100 80 U+304B 1262 2180 63 63 U+3092 477 2001 102 71 U+306B 663 1395 111 94 U+3082 293 498 85 100 U+307E 1277 1284 59 96 U+8A00 1046 1939 101 127 U+5FC3 1422 2371 120 81 U+306B 1455 2461 54 84 U+306F 1061 904 83 58 U+306F 1443 975 92 71 U+3067 93 2001 107 79 U+3075 851 819 110 80 U+3042 1251 1687 105 101 U+5207 657 712 116 86 U+79C1 858 1377 103 118 U+8B6C 859 377 105 146 U+62F5 90 817 115 119 U+3084 278 2413 108 78 U+65AF 665 891 99 133 U+7981 1424 2011 108 146 U+304A 859 1584 107 77 U+305D 495 1202 88 93 U+306B 880 1095 63 84 U+307E 116 2369 58 112 U+3075 659 1099 111 91 U+4FE1 662 587 113 112 U+3051 1441 1245 97 110 U+3057 675 385 99 102 U+3042 1264 1120 93 101 U+3093 478 481 130 86 U+3044 486 879 93 73 U+3067 859 2140 85 78 U+3044 1055 1282 103 67 U+307E 884 1657 49 107 U+308A 1272 1379 59 96 U+307E 697 2188 50 94 U+304C 300 2151 84 78 U+3066 295 388 85 105 U+3069 1081 485 78 89 U+79C1 277 2046 109 104 U+305F 681 488 77 89 U+3082 92 2075 79 93 U+308A 508 1292 49 92 U+3046 294 2490 59 111 U+3081 1254 2043 82 83 U+3042 101 2181 95 101 U+306F 290 1203 91 74 U+3068 1446 2261 73 97 U+305B 281 1578 103 84 U+307E 887 2442 50 90 U+308A 501 2383 52 102 U+3044 1433 1956 96 74 U+30A6 494 1574 63 94 U+308A 680 2280 66 101 U+3065 1053 1420 119 84 U+5FC3 1053 1096 115 85 U+611A 1441 381 109 131 U+3093 281 1658 112 85 U+306B 841 2623 129 75 U+3084 473 1376 112 82 U+9054 839 1920 132 123 U+3057 1438 1435 103 95 U+3046 1082 2569 43 76 U+3084 1239 2434 105 74 U+3093 1249 1209 125 74 U+304A 473 786 113 81 U+4F55 1046 1694 110 101 U+4F55 474 1669 107 111 U+3068 113 1584 73 92 U+3051 872 995 89 102 U+3093 668 2115 110 73 U+3084 473 2321 108 64 U+308A 116 2274 60 101 U+306A 1058 2174 96 104 U+3084 655 2451 108 73 U+7406 294 999 94 116 U+3093 475 1032 123 87 U+308D 865 1275 90 100 U+7537 1069 969 76 129 U+3093 1050 820 116 77 U+3044 678 1026 90 75 U+3084 1247 1550 103 69 U+3068 497 1783 79 86 U+304C 1454 1179 84 77 U+3082 314 787 65 94 U+305E 292 1277 112 82 U+667A 1437 533 107 114 U+30A2 1278 1616 64 75 U+3057 482 2238 99 83 U+304B 504 577 49 56 U+3064 475 2165 101 74 U+3089 124 1342 66 103 U+306E 298 2313 81 74 U+3066 1256 396 89 91 U+308F 882 897 57 96 U+7269 1416 2152 114 104 U+3069 879 532 93 91 U+3055 295 1864 73 86 U+6068 479 1879 107 117 U+304C 1066 2635 91 58 U+30E2 484 1510 75 62 U+3042 683 2031 89 91 U+3092 1430 1349 104 71 U+304A 1259 492 108 77 U+3067 863 2531 103 86 U+3058 1295 1474 49 82 U+3046 119 2583 49 100 U+307E 313 1481 51 99 U+3059 1267 1923 70 119 U+3072 1428 1775 120 89 U+601D 95 1687 105 98 U+305B 477 380 101 102 U+3066 99 493 85 88 U+7121 291 890 103 107 U+30F1 507 1132 94 49 U+306A 680 1495 95 111 U+305F 106 1004 82 93 U+3044 89 1528 104 69 U+304A 486 2082 102 77 U+3057 680 1175 92 95 U+8A00 102 1107 89 118 U+53EC 100 1886 80 114 U+306F 680 1962 84 66 U+305D 1251 2260 85 86 U+3089 1083 2508 64 60 U+3069 298 2230 94 78 U+305F 1062 1349 85 78 U+30A2 514 1451 66 60 U+3058 709 2380 45 74 U+3044 1444 729 90 78 U+5F15 851 2035 92 105 U+308C 871 2313 77 114 U+305B 95 2483 94 99 U+3066 670 1867 90 86 U+307E 502 2474 52 111 U+3089 1083 1503 43 87 U+8A33 91 1222 110 124 U+308A 1272 2346 50 95 U+6210 1240 2593 122 102 U+306D 552 681 58 59 U+305F 1051 2413 93 95 U+3044 871 740 92 78 U+3084 1436 648 103 71 U+308A 693 1606 56 97 U+304E 682 1278 97 116 U+308A 1269 1784 62 95 U+3078 86 947 104 49 U+305F 1444 1528 84 73 U+305F 1262 844 81 82 U+3068 1067 1797 74 79 U+30A2 1271 2525 59 76 U+3089 494 952 53 93 U+85E4 1055 587 109 133 U+3093 1040 2271 144 66 U+3089 326 1954 26 82 U+3078 853 1765 115 58 U+8A93 1425 2554 112 77 U+3082 110 584 64 107 U+3055 1070 739 70 83 U+3093 283 1352 108 95 U+308A 1291 567 44 93 U+9858 1412 1056 126 117 U+308A 1458 1686 54 91 U+3078 1238 2130 109 37 U+3053 876 2231 68 80 U+30A2 701 2517 53 54 U+3068 316 1113 55 92 U+30A4 1288 1853 47 96 U+53D6 107 693 101 116 U+304B 1076 1875 53 57 U+304C 1272 925 77 67 U+3057 337 699 17 89 U+30A2 1302 1044 51 67 U+3057 134 1786 21 106 U+7533 118 385 58 108 U+3057 519 2580 27 117 U+3088 1469 1601 42 85 U+6709 676 2577 89 80 seg_fp 905 1187 20 89 U+3046 892 633 46 109 U+3088 577 637 33 44 U+30A4 1298 641 41 79 U+3084 1445 810 94 54 U+3069 1449 1864 75 92 U+30A4 704 1670 50 89 U+3057 1090 2335 27 79 U+3057 716 1754 19 117 seg_fp 1456 2634 57 63 U+3057 1302 718 18 128 U+3057 120 1444 31 85 U+307F 1459 880 55 93 U+30A4 724 2635 55 59 seg_fp 305 1420 65 62,umgy006-002
U+3070 370 1066 107 83 U+306E 1508 507 80 81 U+306B 1305 1364 107 82 U+3082 562 1431 71 106 U+306E 563 1950 82 63 U+306B 1482 780 122 85 U+3050 959 1940 60 100 U+821F 1112 645 118 129 U+304C 1332 1179 79 64 U+308D 757 1782 77 80 U+306E 948 2181 85 76 U+3084 359 2122 103 78 U+3919 929 958 121 120 U+3051 375 842 85 110 U+3044 755 1698 85 81 U+821F 352 1339 120 123 U+624B 759 1037 77 123 U+306E 373 2395 80 64 U+65AD 750 2036 87 128 U+3092 166 1265 104 78 U+3092 163 918 113 78 U+7FA9 939 583 84 126 U+8CAC 930 2255 100 139 U+306E 369 1590 88 78 U+4EAD 367 1677 93 139 U+308C 560 1209 91 120 U+54C1 174 1139 94 121 U+7406 934 728 95 109 U+3092 928 1489 100 72 U+5973 1302 1269 123 75 U+8A00 377 621 85 117 U+3072 746 933 92 99 U+60C5 937 1572 90 127 U+305F 1315 720 82 106 U+8A70 742 1175 105 121 U+85E4 1313 841 101 121 U+543E 544 469 116 123 U+3066 1492 2441 89 89 U+3092 1123 325 91 73 U+306E 755 1293 77 88 U+3089 193 1630 44 96 U+3092 174 2410 100 68 U+624B 182 779 81 134 U+4EBA 158 453 129 97 U+306C 746 519 93 95 U+304B 162 1005 109 85 U+5408 731 1480 128 119 U+9053 928 1362 108 119 U+304F 579 911 43 105 U+306C 1495 1186 88 93 U+8AAC 358 393 109 129 U+5411 753 811 84 121 U+5F80 1297 321 123 106 U+308C 757 404 78 116 U+5C24 1141 2093 102 104 U+306E 941 2592 79 74 U+306E 947 1175 76 92 U+306C 373 747 91 95 U+3067 942 1705 88 97 U+3084 1122 560 94 67 U+65E5 1336 2233 53 93 U+308C 379 953 74 112 U+306E 1322 2397 91 69 U+306F 562 1143 89 79 U+304B 1115 1103 108 76 U+3066 558 1343 85 88 U+85E4 1126 1779 106 122 U+306E 1502 1693 76 77 U+3031 785 1821 75 138 U+3092 556 2162 101 110 U+3092 1312 1651 106 72 U+4F1D 167 536 110 155 U+3093 359 2031 125 82 U+5F15 1493 2207 98 100 U+306A 170 1469 104 107 U+3068 760 312 79 87 U+3064 375 529 91 78 U+3042 1141 2217 87 95 U+5BBF 1123 774 87 127 U+3066 170 2199 85 79 U+8336 1122 407 89 149 U+5BBF 362 1469 88 120 U+8846 167 308 106 130 U+306B 1313 2129 104 86 U+304D 945 2500 74 86 U+3044 553 1632 95 75 U+308C 1499 1064 81 124 U+304B 1488 2318 104 67 U+3092 743 1604 102 81 U+8179 161 2290 116 109 U+5207 1475 1489 121 94 U+604B 946 2057 94 118 U+3093 554 1781 122 97 U+307E 389 1129 51 113 U+51FA 755 1393 98 82 U+52D5 927 2403 112 98 U+3060 936 316 103 103 U+3075 1475 692 126 91 U+4E8C 939 1293 94 51 U+306F 571 387 74 63 U+3082 764 2316 73 79 U+3093 1494 410 127 87 U+306B 197 684 51 84 U+662F 180 1890 92 121 U+3068 951 1091 72 79 U+4FE1 1483 1369 104 116 U+3078 552 1897 114 34 U+3055 374 1951 76 84 U+3044 1494 602 100 90 U+3093 731 2580 139 82 U+3093 1314 1076 121 84 U+4E3B 374 1821 74 123 U+3046 1348 2018 40 109 U+3044 1497 883 101 74 U+85E4 749 2400 99 107 U+304E 170 2012 102 102 U+5BA2 1120 1575 114 138 U+3078 168 1089 118 62 U+3064 552 2590 96 62 U+3055 1316 985 80 98 U+304A 1121 2496 115 68 U+6CE3 550 2476 99 109 U+305F 558 2264 68 102 U+3068 771 1930 60 93 U+5FA1 1504 1298 79 76 U+601D 558 1035 96 106 U+3084 1318 1946 110 74 U+3068 957 838 61 105 U+305D 1511 1593 71 102 U+3093 1132 1989 113 92 U+63BB 1305 1735 115 116 U+9053 568 2019 71 139 U+5B09 1483 1779 116 112 U+3066 566 2370 45 89 U+53E3 381 319 76 73 U+3055 1505 2005 76 93 U+585E 940 1819 103 117 U+76F8 348 2197 113 100 U+305F 375 1247 74 88 U+308F 1337 441 54 104 U+3055 1501 320 86 92 U+306F 1508 956 64 103 U+5EA7 1293 2478 119 99 U+3055 762 620 64 89 U+308C 1126 1255 80 112 U+304A 559 1547 104 83 U+3075 1121 2420 111 73 U+306F 1119 1030 86 55 U+306F 1133 1714 82 68 U+8846 363 2299 117 90 U+3089 951 489 48 89 U+30A2 1528 2559 53 66 U+307E 577 583 55 103 U+3053 1339 1461 55 71 U+304A 1133 1493 100 81 U+3066 171 2585 95 77 U+30E2 217 1734 51 55 U+305F 1326 1851 75 88 U+3055 744 2512 87 77 U+3069 1137 1363 79 109 U+305F 1315 545 78 87 U+306F 1136 1181 78 71 U+30A6 224 1792 46 73 U+306B 1493 2103 108 81 U+3064 1313 633 90 80 U+3078 552 319 120 59 U+65B9 1120 2567 106 92 U+6577 1319 2569 96 100 U+3044 751 2182 86 59 U+304C 190 1569 81 59 U+3055 1129 1902 77 90 U+304B 962 417 40 65 U+5B85 1127 916 88 117 U+308A 188 2114 57 93 U+3078 1494 2385 111 55 U+82B8 357 2466 100 95 U+7ACB 181 2494 78 87 U+8005 354 2565 110 93 U+303B 1352 2332 27 58 U+3075 730 2242 117 82 U+3057 1541 1890 16 94 U+3057 792 707 18 91 U+3089 595 1702 27 78 seg_fp 196 1359 48 54 U+3078 157 1418 122 44 U+30CE 1533 2607 42 44 U+3089 587 755 60 112 U+3044 1131 2351 88 67 U+3068 1342 1530 49 113 U+309D 597 694 26 44 U+309D 1153 2315 56 33,umgy006-005
U+306E 495 1656 88 83 U+306E 103 1587 89 85 U+306E 296 2577 88 75 U+3050 105 2185 70 116 U+4E8B 1270 2044 63 129 U+3082 1264 1308 76 101 U+306E 1069 2113 83 74 U+306A 1081 500 87 91 U+306E 497 1982 85 63 U+3082 885 604 62 103 U+60DA 285 982 116 143 U+3082 1074 873 66 111 U+3051 497 1352 87 114 U+8272 881 333 88 114 U+306E 491 1043 94 87 U+308C 1467 715 75 117 U+306A 1469 840 75 100 U+65AD 685 332 94 124 U+306E 1262 2182 78 79 U+5B50 477 1756 108 104 U+9577 278 1353 114 129 U+770B 1258 1060 92 149 U+4E39 85 1286 132 113 U+3082 886 855 65 112 U+8CA7 92 1676 112 152 U+3072 668 2225 105 93 U+3070 296 801 112 82 U+52FF 1451 2028 85 108 U+4E09 876 2450 93 84 U+307B 1456 2467 89 75 U+5FC3 664 2002 128 90 U+79C1 472 1134 116 135 U+521D 96 820 115 128 U+3044 93 2371 100 76 U+3064 1249 1737 105 99 U+306E 93 2589 94 78 U+3066 1263 965 85 92 U+4F53 1444 2135 105 129 U+5DF1 299 891 97 92 U+898B 692 852 92 115 U+81EA 506 329 66 137 U+3052 491 2558 106 100 U+304A 91 2299 102 66 U+3051 1073 2571 90 96 U+3092 104 960 112 79 U+5207 1274 467 89 94 U+90E8 661 1548 129 119 U+3066 1260 1217 78 88 U+6765 1243 2350 110 135 U+3070 684 755 108 76 U+5897 279 1211 114 140 U+3064 1073 794 96 79 U+611B 1066 1603 87 140 U+3092 295 2007 109 120 U+3078 475 1603 113 36 U+3044 1258 686 100 64 U+65E5 1473 1685 49 71 U+304B 1048 1338 111 79 U+3081 873 1073 87 85 U+4FE1 1257 331 101 119 U+62B1 471 1475 127 111 U+3082 496 2212 74 100 U+306F 882 1176 62 100 U+5EA6 868 2302 121 129 U+79C1 1057 999 99 122 U+4F9B 476 1869 113 106 U+3092 87 1955 104 81 U+547C 1443 342 108 123 U+80F8 292 2446 105 117 U+3044 103 1064 99 75 U+306B 1282 560 61 98 U+30C4 1295 1422 54 48 U+3065 676 2094 118 76 U+306F 1076 425 92 74 U+FA55 1066 1198 103 122 U+304C 318 1125 85 64 U+306E 680 2325 89 75 U+3075 1435 1485 107 88 U+304C 1082 1119 72 61 U+3066 855 1284 95 80 U+3044 288 2127 102 73 U+3061 1267 1550 76 108 U+3057 1109 599 22 117 U+3075 851 1459 120 83 U+3066 877 1544 70 100 U+6C17 877 465 103 125 U+3070 102 1204 115 72 U+307E 699 1780 51 113 U+3078 475 581 116 73 U+3082 118 700 79 111 U+852D 292 1751 94 152 U+3042 498 2325 91 82 U+304F 99 333 114 92 U+306B 698 1081 67 111 U+308C 1256 858 103 109 U+3046 897 1957 46 101 U+3060 485 1268 108 83 U+3044 1073 722 94 74 U+3093 95 1483 136 91 U+3067 1067 332 100 90 U+306F 1457 568 83 79 U+308C 293 2264 89 107 U+307E 511 467 47 111 U+591C 1445 1895 105 132 U+51FA 1265 2273 87 76 U+5EA6 859 2545 137 117 U+5BD0 864 1656 103 122 U+7269 663 2569 121 95 U+8A00 286 1905 107 110 U+304F 1453 647 92 68 U+308B 888 1366 57 74 U+3068 313 1631 65 110 U+7FCC 1435 1571 111 107 U+6765 672 1196 111 136 U+3056 1063 2498 100 74 U+3067 1462 473 91 89 U+3055 102 1403 82 88 U+3069 1462 2546 75 99 U+3081 1464 1108 68 97 U+308A 505 2407 60 75 U+8FD4 1237 1938 109 101 U+306F 297 2204 84 65 U+76F8 1043 1759 107 120 U+3059 474 2484 106 81 U+3093 1065 2427 118 70 U+8336 1060 2192 99 142 U+3059 290 1484 93 101 U+7FCC 1436 1773 104 121 U+306F 1279 747 58 109 U+306A 1464 2274 71 93 U+82E6 91 1817 97 137 U+5C45 484 758 93 142 U+307E 505 2059 54 101 U+306E 877 1775 77 76 U+601D 1455 1389 85 94 U+30A4 1298 1470 38 77 U+3067 676 1892 92 104 U+7523 668 2463 104 102 U+3055 104 603 83 96 U+3055 884 977 75 93 U+3067 873 2141 80 93 U+3044 682 622 94 68 U+308B 1276 2483 49 60 U+3068 1472 1264 66 102 U+305F 679 1333 89 82 U+8A33 1243 2555 117 98 U+5EFB 685 975 90 107 U+308F 1087 2334 45 92 U+3093 84 2511 157 74 U+3068 699 1413 64 117 U+3088 1283 1657 41 77 U+3059 292 566 98 88 U+3088 903 1856 40 98 U+3057 1099 2015 26 86 U+308A 693 467 73 130 U+3084 670 1671 105 72 U+8846 490 898 122 142 U+51FA 490 645 114 106 U+3055 1457 947 71 90 U+3078 1438 1208 115 57 U+604B 869 722 115 143 U+571F 666 2396 120 66 U+307F 83 2041 103 82 U+3044 1442 2374 89 60 U+308B 1474 1036 45 78 U+306A 305 336 100 130 U+4E8C 873 2243 97 45 U+3068 1280 1808 57 104 U+308B 323 1578 42 63 U+3078 666 1744 116 50 U+308C 303 719 86 80 U+3078 99 1140 118 59 U+3065 1061 1881 106 76 U+3078 478 2164 112 51 U+3078 658 690 130 67 U+3089 126 2445 51 71 U+308B 311 2374 54 65 U+3064 88 2127 91 57 U+304B 700 2169 40 54 U+308A 1075 1459 70 128 U+304B 1089 1949 50 54 U+3057 145 495 22 96 seg_fp 323 650 36 72 seg_fp 132 439 48 56 U+3058 876 2008 82 127 U+304F 321 436 68 121 seg_fp 1117 1406 23 39,umgy006-006
U+4ECA 744 1970 114 136 U+66F8 740 1179 109 142 U+5C0F 1483 1688 108 97 U+3059 929 611 97 123 U+306B 555 592 105 92 U+8AA0 1479 1445 140 138 U+3082 371 2366 74 106 U+304D 936 2327 105 96 U+304C 766 2486 83 67 U+91DD 737 2196 111 138 U+306F 941 2182 76 57 U+306B 1480 1581 109 94 U+3044 937 2244 96 83 U+3084 1305 1615 104 87 U+3044 551 2407 88 70 U+306B 742 1082 107 93 U+6C17 1493 2213 110 125 U+3066 380 1050 56 137 U+968E 747 383 100 125 U+3042 942 317 93 103 U+3051 1322 1009 89 121 U+65B0 927 1620 96 110 U+305B 936 2412 89 88 U+3044 933 1885 97 70 U+6298 923 1036 116 125 U+305B 169 2356 103 96 U+304A 744 2571 109 74 U+306E 362 2479 102 59 U+304C 1513 2363 79 66 U+3059 1129 1998 85 89 U+3052 567 794 106 113 U+308D 371 795 94 84 U+306E 1174 373 57 59 U+306F 380 634 83 58 U+3042 1326 2310 91 103 U+306A 380 1382 97 112 U+3064 1114 1060 104 102 U+7D19 756 949 104 137 U+82B1 935 2050 103 116 U+3093 558 483 115 92 U+3078 1481 2159 122 63 U+60DA 1117 1730 114 110 U+3044 554 328 101 72 U+3064 1498 840 101 83 U+4F55 748 776 100 106 U+3064 1500 2435 95 107 U+4E8C 748 323 97 50 U+3044 1311 921 101 92 U+3066 551 906 97 89 U+304A 370 319 107 79 U+308C 562 1076 72 118 U+306D 173 614 94 115 U+8A00 1322 1390 80 125 U+6240 1485 2032 110 123 U+3092 549 2328 95 71 U+7269 743 1407 108 114 U+3044 373 408 89 75 U+3092 740 1528 102 70 U+82B1 221 756 68 85 U+306D 232 1966 63 61 U+3044 359 2246 97 64 U+3068 1140 1144 75 96 U+3044 1309 1222 96 64 U+3042 568 692 97 102 U+3088 249 1911 40 54 U+7CF8 927 1412 106 121 U+3093 1119 1920 119 81 U+306E 181 1333 80 85 U+304F 551 1003 95 74 U+3061 1320 1516 82 101 U+3089 942 1222 52 113 U+306E 451 1697 49 46 U+82B1 787 1845 80 81 U+3064 359 2309 104 64 U+871C 1491 1796 104 128 U+3046 396 687 47 108 U+3093 165 1239 128 85 U+304D 366 1295 108 97 U+3089 392 1558 42 86 U+5999 154 895 127 112 U+304B 953 1155 51 69 U+306A 1494 1929 91 100 U+30A4 212 457 38 76 U+30B9 185 544 67 66 U+304A 1122 1245 107 77 U+30A2 1351 1705 52 68 U+3084 1113 1387 117 73 U+308A 1512 1009 65 116 U+7B11 1498 1110 110 128 U+3088 1216 2145 34 57 U+3068 954 1956 60 91 U+305B 1309 2020 95 97 U+305F 374 890 78 87 U+3068 1334 1272 71 110 U+306A 180 2452 97 81 U+3075 918 962 117 86 U+308D 554 1198 98 99 U+898B 180 1000 78 143 U+6765 755 569 94 119 U+30C8 980 805 39 78 U+9020 909 1763 115 108 U+3059 552 2549 88 95 U+3093 1310 2113 108 89 U+3057 1308 325 105 99 U+62AB 356 1173 115 115 U+3060 1124 1551 102 80 U+3093 749 2397 119 77 U+3053 1180 324 49 53 U+3067 1320 2543 88 98 U+3055 758 2307 71 93 U+306A 1323 1130 89 92 U+30C8 596 1976 41 75 U+3075 1480 1237 118 94 U+3055 180 2532 78 75 U+304A 745 2108 103 95 U+3059 171 1616 88 111 U+30E8 972 728 47 61 U+3068 572 1296 71 105 U+3058 587 2217 44 129 U+6B64 924 1333 106 77 U+3089 586 399 46 87 U+3075 1108 1310 119 85 U+3088 1345 2213 41 93 U+3053 1508 931 70 80 U+3061 1140 948 75 115 U+304C 947 1530 86 69 U+30A6 1354 825 54 96 U+306B 1495 756 105 78 U+3046 1147 1456 44 99 U+304C 1486 328 138 84 U+30A2 381 2174 63 67 U+3089 1343 654 38 97 U+3067 1123 2566 102 88 U+306F 366 2605 99 53 U+308A 772 684 54 93 U+3053 462 1650 35 49 U+30B5 204 1828 66 78 U+3044 170 2605 103 51 U+3044 935 879 98 85 U+3057 556 1777 94 105 U+3060 554 2472 104 78 U+3078 350 981 121 63 U+3078 746 512 107 66 U+3053 381 1922 73 84 U+30F2 402 1787 55 68 U+308A 959 419 53 94 U+3064 1490 415 102 82 U+306A 1133 1849 87 83 U+305F 551 1888 92 83 U+304B 1145 2085 51 56 U+307E 1332 1891 53 127 U+304A 178 2176 115 89 U+30EC 209 2115 78 54 U+3068 376 2534 68 71 U+9055 181 330 88 120 U+3067 1122 678 86 95 U+304C 394 1493 77 66 U+304B 773 885 48 57 U+306D 1585 1365 53 61 U+304D 935 2499 83 90 U+3084 1311 427 99 70 U+6709 1326 1789 65 105 U+3088 582 1401 57 104 U+3084 357 2095 109 74 U+3055 181 1151 82 93 U+5426 1119 2445 111 118 U+306D 1203 2198 51 55 U+3042 1126 465 90 96 U+308B 1337 498 51 68 U+30A4 1175 2288 33 61 U+30C9 215 2059 59 72 U+3053 566 1510 79 90 U+3060 746 1671 103 74 U+304B 1523 2542 55 62 U+308A 394 2003 46 100 U+30C4 1531 2601 60 49 U+304B 1338 576 49 80 U+30A6 1160 854 68 94 U+3093 360 552 126 65 U+308C 1128 564 84 109 U+3068 1140 1630 64 100 U+3057 789 1323 26 102 U+3068 947 2588 62 72 U+307F 198 2266 51 86 U+3066 1497 502 95 85 U+307F 543 2070 98 74 U+3056 183 1425 98 99 U+3044 758 1609 82 64 U+3088 1601 1320 36 50 U+30E2 1170 792 55 59 U+3086 1496 595 99 80 U+304F 539 2148 106 66 U+3078 1485 685 128 60 U+3068 185 1727 77 107 U+307E 957 512 52 99 U+307E 172 1526 81 89 U+30E4 393 1852 59 68 U+30E2 1355 762 53 61 U+3057 599 1602 19 90 U+308C 1329 2415 75 121 U+3089 406 482 26 81 U+3057 791 1753 14 88 U+30A4 608 1697 27 83 U+30F1 1153 2388 83 46 seg_fp 1168 2356 47 46,umgy006-009
U+4ECA 1336 2099 110 132 U+306E 575 1891 89 82 U+3059 759 1651 98 129 U+52B4 1315 369 98 126 U+7533 216 2395 50 131 U+304F 771 524 47 134 U+30B5 1537 863 58 65 U+305F 940 894 87 86 U+7BC0 1513 2361 97 145 U+6709 1316 1324 103 126 U+306F 1144 2329 88 61 U+3058 1180 2204 47 115 U+4ECA 937 678 114 145 U+3082 950 1499 76 108 U+3059 1319 1552 101 128 U+306F 943 816 87 73 U+3082 399 2182 63 94 U+304C 963 2559 93 64 U+3059 1314 992 96 124 U+306B 1493 557 114 99 U+3044 1505 1747 102 77 U+306B 1330 499 62 94 U+304B 197 1171 57 62 U+3093 164 463 135 91 U+306B 560 2186 108 87 U+3065 1507 1034 114 94 U+3082 761 1286 74 109 U+3068 208 2294 66 88 U+305B 167 379 102 83 U+306F 384 2344 95 69 U+82E6 1113 357 97 137 U+3093 1502 1907 140 85 U+307E 202 2067 65 114 U+3082 577 1649 69 99 U+4EBA 544 1013 150 110 U+3092 370 1958 110 82 U+306A 763 1391 94 97 U+3042 383 642 102 103 U+82E6 1506 2509 100 117 U+3090 370 1514 94 89 U+306E 383 2272 86 79 U+82B1 233 551 62 87 U+3093 555 793 135 89 U+3066 378 530 61 119 U+304F 174 1515 109 81 U+304A 181 1751 108 88 U+60AA 569 902 94 110 U+304C 1151 1308 77 57 U+305B 1128 1132 95 84 U+306A 1153 1840 84 96 U+30A4 414 2536 43 91 U+3044 1316 828 98 67 U+4E8B 1334 1109 69 145 U+6C17 378 1829 110 129 U+59CB 1317 2241 117 108 U+30CA 1377 1993 51 55 U+63C9 356 2054 124 122 U+306A 196 1979 89 94 U+3064 370 447 96 85 U+52B4 1124 491 94 127 U+4F55 763 2076 97 103 U+3072 954 2455 98 85 U+304A 1506 1666 106 74 U+3046 203 787 48 97 U+306A 383 1609 100 120 U+308F 582 2296 53 102 U+308A 781 1483 57 96 U+3059 183 1080 86 99 U+306E 1588 702 55 45 U+79C1 1127 1386 107 116 U+304C 1340 1243 86 75 U+306B 1498 1196 123 97 U+308C 763 1845 86 116 U+30A4 224 2541 44 83 U+306A 760 822 92 97 U+3066 564 1555 95 90 U+306E 1333 1680 85 74 U+8EAB 552 1757 107 120 U+306F 180 1684 93 72 U+3093 1124 1213 126 84 U+3081 376 950 89 95 U+3068 958 2177 89 85 U+601D 955 2347 101 107 U+697D 752 1024 107 161 U+308C 361 1152 106 108 U+306B 747 1189 119 97 U+3057 213 2188 33 104 U+308F 578 375 55 105 U+305F 565 2003 84 85 U+6709 386 2419 92 118 U+4F55 1506 2048 107 111 U+3089 410 1729 34 94 U+306A 1329 612 95 121 U+30A2 789 2555 55 72 U+307E 1343 1444 60 109 U+308F 962 1106 52 98 U+3068 757 361 81 91 U+3056 178 881 105 92 U+3066 947 1414 86 86 U+3078 1504 2004 123 60 U+3044 365 372 101 73 U+306E 1402 1912 51 45 U+5ACC 1124 2397 121 108 U+3072 1146 2514 98 90 U+304D 380 747 82 120 U+307E 1355 2352 57 99 U+30A2 1144 790 59 76 U+304A 1133 1948 113 83 U+672B 948 1605 101 129 U+306A 1517 1297 92 106 U+3060 766 2180 101 84 U+3056 941 364 97 114 U+3068 954 978 62 75 U+306B 945 1734 113 97 U+3042 1137 863 89 106 U+307E 1335 879 51 110 U+6B64 1499 2271 116 84 U+3089 400 1047 64 106 U+308A 577 539 58 110 U+3078 932 1056 118 63 U+307E 196 976 54 109 U+3059 940 580 96 96 U+304F 1130 2127 113 71 U+3057 1505 936 100 98 U+3084 755 2493 108 59 U+304A 173 1325 115 93 U+306F 569 1217 90 72 U+30A4 800 1559 43 81 U+305F 1498 366 87 89 U+3089 778 922 45 103 U+305F 1342 2521 80 98 U+662F 759 2326 100 106 U+3084 1120 717 103 63 U+3081 572 2088 90 98 U+3064 1333 2453 89 72 U+3044 947 2092 94 73 U+3067 570 1115 103 98 U+304F 952 1254 53 103 U+3068 772 660 65 96 U+304F 372 1340 97 91 U+5B09 935 1893 115 115 U+305B 566 711 92 87 U+3078 1307 1808 140 60 U+304B 769 756 62 57 U+3044 551 2451 108 73 U+3081 1503 458 97 96 U+3055 1324 736 76 89 U+304B 775 2259 58 57 U+3053 1590 661 50 40 U+307F 197 1416 56 90 U+3053 1152 1672 65 73 U+309E 797 457 50 57 U+308B 393 1260 61 68 U+306D 1590 1584 49 50 U+3069 777 1961 80 99 U+3051 778 1776 61 67 U+304B 1532 1134 54 61 U+30A2 1537 776 53 50 U+3089 401 868 38 83 U+3088 1603 1532 34 53 U+30A2 1164 1590 59 63 U+306F 956 1839 72 61 U+3058 1156 622 60 94 U+3068 580 2514 80 103 U+30A4 1170 1033 34 86 U+3053 1407 1871 46 41 U+3084 1130 1517 101 67 U+3089 198 1233 45 94 U+304B 591 477 41 64 U+306A 577 1283 93 119 U+307E 951 480 55 97 U+307F 1164 2033 51 88 U+3089 1554 1826 25 74 U+3058 797 2429 64 69 U+308A 1147 965 52 90 U+308B 961 1204 53 52 U+3057 1509 1412 115 104 U+30A4 591 627 41 76 U+304B 974 2264 58 68 U+308B 578 2397 59 55 U+30CB 1372 2050 58 30 U+305D 188 670 82 111 U+3057 195 1847 105 118 U+3058 218 1597 59 84 U+305E 1526 2154 95 110 U+304B 1345 1752 52 55 U+30C4 606 1508 53 47 U+3093 1153 1741 108 84 U+30C4 981 1360 60 44 U+30EC 1540 827 69 37 seg_fp 582 1372 81 129 U+3089 399 1435 41 78 U+3057 977 2008 30 85 seg_fp 1370 1862 23 56,umgy006-013
U+5947 660 2289 96 130 U+5947 1040 2021 108 119 U+306E 483 1234 89 74 U+306E 1436 582 90 92 U+6BB5 464 632 109 117 U+85E4 1238 902 113 142 U+770B 1233 620 110 147 U+624B 102 875 86 125 U+3066 855 636 90 94 U+5B98 1250 769 95 130 U+516B 73 327 130 88 U+4F5C 1043 1403 112 112 U+308A 495 839 58 101 U+307E 500 1515 50 97 U+7DE8 1417 439 117 130 U+516B 862 2169 104 68 U+5E02 475 1085 92 122 U+306E 477 2316 86 79 U+308A 876 954 59 107 U+9045 74 1234 118 123 U+9593 83 1005 104 127 U+3092 1049 2282 93 72 U+9F63 242 880 123 121 U+306E 93 1625 86 94 U+3092 1059 633 86 123 U+5341 250 732 104 94 U+306B 82 1133 105 88 U+6885 82 1480 110 130 U+767A 469 963 103 111 U+624B 671 2505 83 108 U+4E09 1431 321 101 93 U+8A55 1232 2512 116 108 U+3066 1235 1995 84 104 U+4E2D 1058 1796 73 104 U+3079 1416 1232 114 88 U+306B 1225 1700 121 96 U+306A 1062 1100 81 97 U+307E 877 734 58 121 U+65B0 652 2159 121 131 U+6C17 867 1442 90 131 U+885B 1241 1164 102 129 U+5BFE 658 1478 107 130 U+3092 666 1133 100 89 U+82B1 81 1709 116 123 U+3068 115 540 66 97 U+3068 677 1613 79 80 U+3092 469 1425 100 85 U+5B9F 672 858 87 129 U+306B 1418 976 114 98 U+308C 1058 1260 84 126 U+3051 1055 2526 98 96 U+3059 1048 761 87 104 U+5883 1038 2142 123 126 U+7D66 486 1818 71 81 U+4E09 675 1251 92 78 U+3044 666 1848 96 82 U+8005 1048 1512 94 118 U+306E 664 2428 95 62 U+3042 479 746 88 95 U+7B2C 240 558 109 170 U+5E45 660 1354 101 108 U+306F 1433 679 77 111 U+91CD 86 409 99 115 U+7C73 854 2035 105 108 U+80F8 1057 1635 82 155 U+5175 1239 1052 93 115 U+6B64 851 2533 114 76 U+3079 848 1933 112 73 U+3044 91 648 99 78 U+6642 63 2183 128 125 U+306B 1061 1905 59 102 U+3075 77 724 119 90 U+304B 689 2079 46 72 U+307E 1074 2359 46 83 U+3072 77 1848 120 101 U+7CF8 665 629 94 135 U+3092 855 1672 98 77 U+306D 465 2063 85 108 U+65E5 490 1324 63 95 U+3075 457 2230 113 84 U+3060 1249 2254 83 100 U+8776 849 2346 110 107 U+4E8B 1253 1580 70 120 U+308A 94 2493 66 122 U+89E3 1418 1091 112 131 U+306F 86 2306 84 65 U+308B 1067 863 54 80 U+6279 1224 2388 128 88 U+7CF8 1251 1375 93 124 U+60C5 656 994 104 131 U+305B 467 1693 96 114 U+306C 861 1342 88 88 U+303B 883 1578 38 94 U+304C 685 765 79 65 U+307E 1260 2167 51 89 U+304C 1260 1498 80 64 U+5DE5 85 810 110 59 U+306A 864 1753 88 100 U+3044 1239 2101 101 78 U+3088 1267 1818 45 81 U+3081 1428 874 90 101 U+4E8C 249 829 108 40 U+3042 89 2385 98 104 U+304F 72 2035 116 75 U+3089 82 1951 69 96 U+3046 1062 2441 55 93 U+304A 859 1067 98 88 U+3057 708 1706 15 145 U+305F 486 1612 69 77 U+3055 675 1927 68 95 U+307F 492 2396 59 87 U+6B64 1237 1305 108 70 U+3068 871 1157 77 97 U+3057 126 1364 20 119 U+3055 864 857 77 95 U+3068 498 1947 54 106 U+3057 1470 1299 23 224 U+308A 1258 1898 49 103 U+3058 1468 788 51 86 U+3078 459 1907 119 48 U+304A 865 2288 86 58 U+304B 1071 1194 56 70 U+308B 104 2114 60 68 U+304C 500 2174 62 59 U+309D 711 2024 22 45 U+3089 888 1257 33 88 U+3089 883 1852 34 85 seg_fp 1070 979 71 98 seg_fp 853 2005 108 55,umgy006-016
U+3031 1054 576 77 143 U+91D1 642 775 146 151 U+3066 1435 920 48 148 U+91D1 453 1685 132 127 U+3082 1433 453 66 110 U+304C 299 1917 104 83 U+304B 475 1114 77 71 U+3082 1058 1547 92 97 U+30E4 1092 2482 65 54 U+306E 1420 562 80 81 U+6709 1039 2329 118 128 U+65B9 273 2129 124 149 U+308B 673 483 105 106 U+306E 480 2508 103 87 U+3067 1025 1461 159 94 U+305F 270 1821 130 97 U+306E 268 2251 150 127 U+672C 84 563 126 138 U+3091 79 2331 131 122 U+6D5A 1413 669 107 137 U+3093 459 2089 140 102 U+3059 110 1058 90 117 U+306A 87 1175 126 113 U+3068 298 1070 81 81 U+4E00 1410 1103 109 22 U+30A2 1056 2547 54 65 U+305E 479 606 108 107 U+4E2D 844 1615 122 127 U+306E 289 830 106 80 U+51FA 1421 339 102 99 U+306B 828 977 130 88 U+308A 328 2521 68 94 U+3069 649 2499 136 97 U+3075 1400 812 121 99 U+6B7B 1025 1647 147 124 U+306F 458 1816 110 73 U+3067 469 2176 118 92 U+306C 468 1893 126 93 U+306B 1436 1264 69 97 U+3082 681 675 90 92 U+5176 635 1945 110 150 U+306E 650 1861 106 97 U+4E8B 1052 2101 121 137 U+3068 481 722 93 83 U+6642 833 1943 139 95 U+3044 90 2455 109 74 U+3075 82 2158 128 100 U+6B64 831 1527 142 107 U+306E 70 1363 162 114 U+305D 868 477 93 118 U+308F 483 1273 74 124 U+3075 447 486 142 128 U+3075 254 1734 138 92 U+3072 645 1048 117 113 U+3090 99 1552 109 88 U+6545 635 926 142 111 U+3060 856 2025 118 103 U+3044 1030 1402 141 79 U+3084 836 691 138 90 U+304C 1059 2236 123 89 U+306E 865 1451 96 96 U+3070 842 1281 135 103 U+5FC3 440 1006 137 102 U+305B 643 588 150 85 U+3055 645 2363 103 112 U+304B 644 2106 101 75 U+305D 89 712 106 101 U+306B 96 963 116 93 U+305F 487 2397 94 91 U+7269 283 2351 130 101 U+3082 110 1950 92 87 U+5FC3 1418 1158 108 101 U+5FA1 88 1469 137 102 U+306D 1025 1761 132 131 U+3068 292 1542 89 85 U+308A 884 594 69 103 U+89AA 260 2009 146 129 U+3068 103 1284 88 92 U+3075 447 913 134 97 U+3057 274 1156 139 120 U+3044 267 740 136 97 U+3068 118 2252 79 75 U+3093 82 1694 159 80 U+3067 95 2550 117 76 U+3059 483 1986 87 109 U+3069 106 1776 111 95 U+306E 848 2259 104 72 U+304D 851 1745 107 127 U+304D 617 1761 153 129 U+601D 265 1638 129 98 U+306A 623 2176 150 114 U+3084 831 2506 132 110 U+306A 828 784 133 108 U+308C 846 1176 104 105 U+5484 817 2325 159 85 U+308C 1062 1287 84 122 U+304D 486 2272 94 127 U+308F 1046 934 98 131 U+3068 645 1665 106 103 U+305C 826 881 153 88 U+59C9 1018 711 153 134 U+30CA 1087 467 66 64 U+3061 292 2444 113 79 U+69D8 1020 839 145 110 U+3068 652 1343 103 82 U+306C 1035 2015 143 95 U+3044 839 1381 131 81 U+3093 271 1267 148 93 U+3089 482 1182 83 92 U+3084 81 2042 137 89 U+304F 269 904 122 85 U+3055 839 1063 103 112 U+30F2 1066 527 63 68 U+3058 267 1335 147 116 U+3075 79 1877 130 87 U+3086 637 1216 134 101 U+3093 628 1151 136 91 U+6B64 443 1569 142 124 U+3057 449 1398 119 114 U+601D 452 815 136 96 U+3088 285 1456 87 83 U+3078 627 1315 150 61 U+4E0A 1303 397 49 52 U+5207 1008 1144 160 156 U+3084 447 1508 126 78 U+3058 261 486 158 135 U+4E00 85 505 119 41 U+305F 854 1871 92 68 U+307E 95 809 97 110 U+308B 291 993 77 64 U+805E 622 1430 144 102 U+3051 114 1638 94 75 U+308A 1305 490 38 74 U+305F 649 1556 106 106 U+3064 89 913 119 73 U+306F 95 2514 100 59 U+3089 143 2112 63 62 U+6210 1035 1879 142 145 U+3093 828 2118 128 86 U+3057 909 2410 23 92 U+306F 275 681 119 74 U+3084 259 613 140 88 U+3031 852 2156 112 131 seg_fp 724 2272 21 106 seg_fp 1040 1063 119 121 U+308B 1318 445 23 39 seg_fp 650 1512 107 82 U+30C4 187 538 37 39,umgy006-018
U+6CE3 394 836 110 116 U+3082 400 370 63 120 U+306E 200 1559 95 79 U+306E 585 1487 98 82 U+306F 1352 1702 80 58 U+306B 572 701 110 85 U+4E2D 398 2003 88 118 U+3092 197 1800 109 84 U+306F 1165 2372 82 68 U+524D 1520 1721 95 126 U+306F 190 483 97 58 U+304F 215 1135 44 136 U+305A 776 1681 99 135 U+306E 783 2167 83 84 U+306B 949 1551 113 94 U+304A 400 2369 91 73 U+963F 392 2474 107 85 U+3092 582 1992 99 81 U+306A 589 821 96 131 U+4E3B 1343 1791 103 109 U+308C 967 1783 90 118 U+4E16 393 1768 117 106 U+304F 597 2573 57 99 U+624B 783 1215 83 129 U+91D1 1160 2099 103 126 U+304A 1530 1283 107 78 U+305E 972 1920 102 94 U+3078 937 827 123 56 U+4E39 1578 879 85 79 U+5973 175 378 136 82 U+6BCD 1310 370 144 106 U+62B1 941 687 119 116 U+3092 1526 2583 94 71 U+540C 580 371 92 105 U+65E5 596 2109 64 74 U+5B50 199 1424 106 101 U+306E 399 1913 94 86 U+306E 1346 1303 83 93 U+306E 776 920 91 82 U+308C 402 1153 88 129 U+5475 1138 974 110 95 U+304E 1147 467 105 117 U+305F 1146 588 73 110 U+306E 1158 1989 84 86 U+305C 570 502 125 99 U+304F 273 2421 62 53 U+624B 1530 2442 77 122 U+305D 790 2061 77 105 U+3066 1351 1053 53 141 U+3072 1516 2008 89 100 U+3066 777 1927 76 100 U+308C 1346 2309 97 114 U+3081 783 2267 82 93 U+3042 404 970 92 116 U+3064 194 728 103 87 U+3073 392 710 96 113 U+4EBA 1322 1924 141 88 U+307E 270 2473 65 64 U+306A 599 1726 78 130 U+304B 1331 624 113 70 U+591C 571 2206 121 116 U+8A3C 1336 1546 114 127 U+5185 1351 1400 78 120 U+3089 977 552 47 108 U+308A 791 1100 53 107 U+306B 602 2334 67 94 U+3057 1380 698 25 133 U+3044 194 580 105 84 U+4EE5 1519 1619 107 90 U+306A 408 2145 84 99 U+8001 388 2571 124 97 U+3057 779 1495 95 107 U+306A 966 377 83 107 U+53E3 1156 1328 79 70 U+304C 1596 1074 61 61 U+624B 1163 1726 80 129 U+304D 406 1616 70 140 U+306F 1588 819 67 58 U+6B4E 581 2466 109 113 U+3057 393 515 95 103 U+62D9 572 1594 112 108 U+3072 1160 2553 97 102 U+3078 753 480 119 77 U+3068 981 2017 73 103 U+3055 1162 1571 74 123 U+3084 770 1024 106 80 U+304B 988 1379 48 72 U+53E3 1149 371 79 72 U+3093 577 599 107 90 U+968E 199 1291 103 126 U+3068 1360 2015 63 96 U+3068 795 1346 56 115 U+3064 780 2463 87 68 U+305D 976 1679 79 104 U+3055 596 1856 62 116 U+306A 211 2187 97 88 U+904B 571 1336 114 121 U+3064 1529 1879 89 71 U+3072 772 2578 108 90 U+306A 410 1512 86 103 U+3068 1363 482 47 113 U+3065 1341 847 115 85 U+308A 985 1253 52 104 U+8A70 1149 1874 102 121 U+9577 1521 1397 85 117 U+308A 1532 2344 65 104 U+6BB5 202 1665 116 108 U+308B 1541 2215 55 63 U+671D 1336 2435 112 106 U+5BB6 779 784 94 131 U+3044 1159 2472 92 79 U+308A 419 2244 54 108 U+305D 1357 1211 63 96 U+306E 1591 644 57 62 U+304C 215 828 77 68 U+5915 1347 2561 85 97 U+308A 1535 440 63 132 U+5FC3 958 2143 121 99 U+305F 203 1910 82 104 U+3086 768 366 85 110 U+304C 784 677 81 73 U+3089 231 2331 40 81 U+304D 212 2045 71 119 U+3053 1599 577 48 64 U+65B9 1582 1131 69 85 U+306F 1532 1522 85 65 U+305F 1529 2134 73 83 U+6B21 1581 963 73 57 U+91D1 1587 714 92 102 U+3078 1575 1219 85 36 U+307E 209 894 61 106 U+306F 409 1300 66 106 U+304A 960 1167 110 88 U+305D 1365 2217 66 96 U+306A 1152 718 88 123 U+308A 605 948 52 113 U+306E 396 623 89 86 U+3057 235 998 26 126 U+60DC 1154 1433 97 130 U+3089 985 900 64 98 U+308F 789 567 52 104 U+3065 966 2244 115 89 U+304A 1502 583 82 60 U+304D 1353 931 67 121 U+3084 1517 2286 116 65 U+306F 400 1082 88 74 U+3089 1171 1071 67 104 U+3057 973 2545 86 107 U+3056 977 2403 94 86 U+304A 1338 2137 116 83 U+304F 1168 804 72 140 U+306B 599 1084 55 94 U+308A 1521 705 41 87 U+3051 1543 370 62 68 U+3057 1525 799 21 109 U+304C 228 2273 77 58 U+304F 1504 644 68 61 U+3057 629 1174 24 123 U+304C 984 484 68 70 U+308A 995 2488 43 115 U+309D 993 1058 31 89 U+3089 988 1452 38 102 U+30B3 248 2572 48 41 U+30B5 188 2597 64 74 U+308B 1167 1169 53 65 U+304B 219 663 48 65 U+304B 981 2329 53 59 U+90CE 1605 1019 31 57 U+3057 816 2359 16 87 U+304B 411 1407 56 76 U+3068 1515 930 37 78 U+308B 983 995 51 66 U+304B 800 2524 46 54 U+305E 1505 1008 66 76 U+309D 1180 1233 28 66 U+3057 814 1826 25 98 U+304B 1552 1945 41 62 U+30EC 253 2617 60 35 U+3089 805 1602 37 90 U+3068 1177 2226 60 117 seg_fp 242 2019 23 32,umgy006-021
U+4ECA 541 2270 123 128 U+306E 1309 2186 87 86 U+3092 363 2235 97 76 U+6709 362 1568 104 115 U+4F59 1307 1906 111 126 U+3066 1146 620 51 121 U+6240 1297 2046 108 125 U+306A 938 2364 90 87 U+6C17 1139 744 101 130 U+3046 1328 524 67 151 U+306B 1479 1689 112 90 U+5B50 936 1059 110 109 U+6885 170 1250 122 114 U+306B 374 545 115 85 U+306E 942 1268 91 81 U+5B50 1301 2295 105 101 U+304B 742 416 121 87 U+3082 1509 1121 66 117 U+306A 960 554 82 92 U+6C17 374 2101 98 124 U+3059 1306 1477 95 136 U+3082 1519 821 58 114 U+304C 1144 872 77 76 U+3066 579 612 79 90 U+306A 958 840 84 88 U+65B9 920 2471 112 103 U+306F 539 2483 103 47 U+306F 185 1176 86 69 U+7533 1336 1224 52 129 U+306F 180 2406 85 52 U+3067 550 2167 96 94 U+306F 377 1504 86 71 U+304A 1322 842 99 88 U+304A 363 1897 92 83 U+591C 361 418 135 121 U+9577 805 2463 50 68 U+3044 571 411 100 92 U+308D 1489 1912 86 108 U+3059 1112 1828 89 132 U+3046 1127 2524 58 122 U+3046 754 2282 62 114 U+308C 1509 669 79 124 U+663C 534 2538 121 104 U+6BCD 1084 2296 137 103 U+3059 744 1669 95 122 U+5171 928 1166 105 94 U+308F 772 501 52 110 U+3064 564 504 102 107 U+307E 589 928 51 108 U+9577 254 408 60 69 U+3059 557 1043 98 134 U+53C2 571 704 101 134 U+306A 390 638 97 92 U+308A 763 1472 66 102 U+305B 738 2189 100 92 U+3084 1480 1463 109 85 U+4ED8 1128 953 72 140 U+30E4 580 1909 66 50 U+3053 942 2264 74 83 U+3072 1321 1102 85 106 U+3067 1490 1034 103 86 U+3046 1490 1548 63 135 U+4FD7 173 1064 127 111 U+306D 1494 1267 80 113 U+7ACB 186 841 94 101 U+308A 600 839 47 93 U+3046 1495 2232 59 115 U+6211 163 1361 121 116 U+304C 942 2582 89 71 U+306D 360 2490 91 87 U+3064 1130 547 91 76 U+3066 754 1037 86 95 U+3051 369 2388 93 101 U+306A 563 1648 97 111 U+3084 740 2111 100 76 U+3067 1129 1252 81 88 U+306D 1127 1087 82 112 U+5A18 927 930 119 120 U+306F 938 1750 92 73 U+3069 1331 427 105 95 U+308F 1522 425 53 123 U+3069 566 1967 102 95 U+3093 942 744 136 85 U+3055 952 660 77 88 U+9055 1117 417 108 123 U+306E 1493 932 86 92 U+3044 754 613 103 73 U+5171 1294 2422 108 118 U+65E5 566 2402 54 68 U+304D 944 1432 77 120 U+308C 367 1402 96 104 U+3059 1499 554 90 123 U+3059 373 912 101 108 U+8776 350 1988 114 105 U+3031 1346 1725 51 174 U+8A00 951 415 85 136 U+30A4 588 1834 49 73 U+3044 925 2005 96 64 U+7740 176 2280 96 117 U+304A 1121 2207 87 74 U+305D 1123 2433 84 88 U+307E 1329 1357 58 114 U+3078 1108 1198 114 69 U+307E 196 1561 53 98 U+3089 1514 2446 37 80 U+9858 1304 979 105 118 U+3053 1138 1351 64 79 U+306A 1488 2354 92 91 U+3089 784 685 37 91 U+30CD 775 2383 83 63 U+53C2 743 1897 94 131 U+3046 583 1542 49 113 U+3068 1323 2541 67 103 U+3068 213 629 71 106 U+306B 196 1463 56 91 U+4F7F 607 1148 89 83 U+3064 367 2328 92 61 U+304C 395 1685 72 63 U+3084 554 1463 109 82 U+3075 343 1821 120 88 U+3075 740 1224 111 93 U+308F 956 1818 49 90 U+307E 771 1562 55 107 U+51FA 197 744 94 94 U+3089 571 1757 50 92 U+307C 931 2168 111 96 U+656C 160 1958 133 110 U+98A8 182 953 127 106 U+4E0A 168 2201 111 77 U+307E 1140 1431 52 114 U+3067 943 1351 98 82 U+30A4 597 1290 47 79 U+3067 172 2553 98 88 U+3084 1472 2150 121 83 U+308A 770 2027 46 95 U+307E 434 1102 62 58 U+305D 390 1307 72 92 U+3055 1495 2043 71 104 U+611B 174 1810 97 153 U+30A2 787 1824 48 66 U+3056 757 1382 103 92 U+904E 941 1568 85 99 U+5207 1111 1648 111 84 U+3054 764 1303 99 77 U+307E 401 818 45 90 U+308A 1130 1542 63 106 U+4F7F 1161 1937 70 86 U+3055 184 1657 71 84 U+308B 187 1738 61 67 U+305F 936 1668 85 83 U+30E2 1507 2538 75 49 U+30CA 1159 2051 45 56 U+305E 1330 692 97 119 U+304A 929 2083 102 81 U+30CF 593 1265 67 45 U+3055 569 1367 76 95 U+308A 406 727 57 98 U+3078 1474 1394 117 49 U+3088 788 1138 42 90 U+3078 351 2578 112 68 U+305F 376 1747 71 67 U+30CF 752 2559 85 43 U+34B5 174 2064 94 139 U+30A4 767 2587 51 66 U+304F 753 890 91 92 U+306F 189 2447 61 99 U+307E 1142 1732 47 91 U+3057 790 773 26 112 U+30B5 1127 2139 63 67 U+304F 439 1063 55 42 U+30E2 1340 1623 55 60 U+30B5 776 1768 69 60 U+30C4 792 982 52 51 U+30A2 214 514 71 91 U+3046 574 2065 46 108 U+3057 1517 1811 26 96 U+30E8 412 1013 47 49 U+30A6 1337 1689 55 83 U+30A4 408 1204 53 95 U+308A 952 1907 52 105 U+30B7 1532 2581 103 70 U+30CB 1168 2106 40 26 U+30E8 408 2622 39 37,umgy006-033
U+5370 1098 517 102 126 U+5B50 1474 752 107 103 U+887F 1282 1551 119 134 U+4E01 1288 837 103 93 U+306E 1101 417 97 90 U+306F 1099 1021 88 59 U+306E 908 416 95 75 U+306F 912 2569 81 67 U+5150 144 837 103 116 U+4E03 1470 665 102 71 U+306F 712 1709 86 59 U+306E 1293 1461 84 70 U+66F8 1283 2416 101 124 U+304B 353 2051 48 68 U+306A 1487 409 98 111 U+6731 1268 2104 112 128 U+3082 915 1071 73 103 U+306F 1292 1689 85 58 U+306B 1278 2000 103 88 U+306B 892 1287 111 81 U+8A89 142 960 111 129 U+306F 1095 1522 90 72 U+306B 1079 2193 111 82 U+306E 906 2229 87 75 U+3082 537 2322 75 88 U+5B50 1281 939 104 97 U+76EE 916 1183 77 106 U+306E 1480 1285 82 79 U+3082 347 1771 67 95 U+5E2F 1086 1393 108 128 U+4F34 1274 1324 115 126 U+91CE 508 604 108 94 U+5E2F 906 2400 102 145 U+4E0B 1476 1771 91 90 U+6625 125 429 131 137 U+5CF6 1477 527 105 130 U+306B 516 1596 96 84 U+306E 1481 1071 88 93 U+3067 1289 2324 81 84 U+7DCB 1087 1092 109 105 U+884C 511 421 119 108 U+6885 130 702 119 126 U+304A 528 2412 96 66 U+52FF 721 1397 80 106 U+306E 1091 2379 97 57 U+304C 540 2585 86 61 U+306F 343 621 86 69 U+7740 1483 1859 84 128 U+3065 1105 658 114 114 U+306B 512 524 112 79 U+306E 719 962 87 73 U+3089 919 646 76 104 U+306A 534 2053 90 90 U+5EA7 336 2493 88 117 U+7D05 1084 2290 121 94 U+8EAB 326 418 96 115 U+83C5 1476 1364 94 141 U+67D3 1296 620 105 115 U+306B 1495 2418 65 102 U+308C 533 2140 84 104 U+3052 528 1497 104 99 U+767D 1300 1743 68 106 U+91D1 712 1035 114 116 U+7FBD 1466 964 99 88 U+306C 336 1590 91 80 U+767D 726 746 74 107 U+8272 147 566 84 126 U+697D 336 1382 95 127 U+4E16 325 1966 106 81 U+7D2B 1472 2276 105 136 U+3073 1091 1857 106 88 U+7E2B 1477 1500 99 126 U+5B2C 1295 1194 104 126 U+306B 334 887 107 75 U+306F 146 2248 76 55 U+3082 352 961 70 81 U+3067 335 1296 84 84 U+516D 141 1226 101 76 U+3093 517 910 115 87 U+304F 900 497 105 72 U+308C 124 2532 122 93 U+83F1 1292 1045 92 127 U+3078 134 2027 104 64 U+7F8E 141 1092 97 137 U+5B50 1093 1303 93 98 U+8776 1462 1165 117 109 U+3069 533 2247 97 76 U+82E5 527 1164 88 104 U+3046 1110 2023 50 92 U+9E7F 1076 1194 115 108 U+304D 1305 407 81 106 U+3064 336 688 94 59 U+5C71 1086 2429 114 83 U+3073 519 827 117 99 U+306A 717 498 99 104 U+306B 153 2390 52 73 U+8846 523 1264 108 106 U+7D05 1283 2219 114 106 U+9F20 1480 2062 112 119 U+4ED5 891 755 121 105 U+304A 706 410 123 87 U+4E86 173 1323 45 73 U+753B 1282 2558 108 90 U+308D 1097 1942 85 82 U+3082 719 2284 65 85 U+5B50 902 1807 102 86 U+683C 881 1702 135 102 U+306B 345 538 87 87 U+5DFE 710 1622 90 85 U+7DBE 1280 1857 110 121 U+5927 1478 2539 120 87 U+4E0A 1485 863 89 82 U+7FA8 524 1679 91 121 U+3069 1104 2115 86 71 U+662F 336 1673 95 98 U+7D0B 1477 1639 121 113 U+8896 1080 909 115 100 U+306A 528 1001 88 94 U+306C 328 2411 91 78 U+3053 155 2071 62 76 U+5BF8 713 1792 93 95 U+90CE 539 700 64 128 U+305D 154 2151 73 96 U+307E 355 1509 51 79 U+8AD6 711 1500 113 119 U+8170 897 2305 118 97 U+307E 351 2124 50 97 U+3064 897 1454 101 72 U+306C 706 2475 87 68 U+6D6E 337 1861 96 109 U+8336 699 842 135 121 U+307E 1116 1568 53 93 U+5FC3 323 1209 116 85 U+3051 145 2469 64 63 U+6577 142 1889 95 131 U+3069 731 657 88 92 U+5730 1465 2170 111 101 U+306F 1479 1994 81 70 U+8776 513 2482 118 101 U+52A3 336 1045 104 110 U+9AF7 510 1372 100 116 U+5347 894 1593 96 117 U+308B 540 1093 60 68 U+3067 712 2207 88 74 U+900F 688 2372 115 105 U+51FA 140 2310 96 78 U+305F 1106 1660 67 80 U+308B 739 1327 49 63 U+3057 907 933 100 85 U+3093 704 593 150 73 U+304F 1319 508 50 103 U+3057 1329 741 26 84 U+305F 904 1373 86 83 U+9ED2 1096 1748 92 103 U+7ACB 891 850 125 82 U+307E 1117 2496 49 83 U+3086 1090 2577 86 70 U+3046 746 1248 46 87 U+306A 347 2265 75 85 U+6D41 706 2551 115 95 U+307E 742 1150 53 98 U+5206 698 2107 132 92 U+308C 341 774 97 107 U+308B 361 1152 54 55 U+4E09 901 1529 103 67 U+3058 947 569 59 76 U+304B 932 1017 53 55 U+4E94 705 2041 103 70 U+5206 724 1942 80 100 U+59FF 519 1935 112 108 U+3089 362 2353 28 59 U+4E09 715 1877 85 71 U+3057 1098 765 118 133 U+304D 523 1858 101 93 U+309E 373 744 61 43 U+4E00 703 1772 99 18 U+3057 554 1795 23 63 seg_fp 216 262 39 63 U+309D 359 2225 37 35 seg_fp 154 264 42 73 seg_fp 899 2064 76 153 seg_fp 998 1889 54 74 seg_fp 898 1924 28 74 seg_fp 278 269 27 55,umgy006-034
U+862D 1478 749 74 107 U+4E2D 564 2319 57 124 U+5929 973 577 77 76 U+6842 1468 454 85 81 U+6AC2 1466 556 79 79 U+6CDD 1271 559 82 102 U+3086 563 2451 63 72 U+3084 726 2293 83 112 U+4E00 975 691 67 17 U+6D41 1275 673 86 90 U+6E3A 1157 454 93 95 U+516E 1472 660 68 83 U+9CE5 395 2460 68 130 U+4EBA 1045 761 128 93 U+660E 1370 771 78 85 U+7A7A 721 2370 51 94 U+7A7A 1375 682 66 74 U+61D0 1049 453 94 102 U+304F 575 2517 35 80 U+6708 649 2244 49 123 U+69F3 1378 458 73 102 U+6C34 746 2180 56 107 U+3053 478 2469 67 81 U+6483 1370 561 93 105 U+306E 640 2368 73 69 U+516E 973 461 59 80 U+303B 1194 576 23 46 U+5149 1273 766 81 90 U+4E88 1186 767 52 101 seg_fp 1170 671 69 36 U+5BF8 956 749 83 88 U+3084 457 2391 88 69 U+671B 1061 571 81 82 U+307F 486 2310 31 77 seg_fp 1281 456 69 35 U+7F8E 1081 665 57 85 seg_fp 1197 703 33 55 seg_fp 1292 483 46 68,umgy007-007
U+5343 319 1758 88 72 U+306E 330 1940 58 47 U+8449 313 1833 86 99 U+8896 1327 487 103 110 U+963F 1165 2178 85 88 U+5A66 1321 2021 99 109 U+5E02 447 1682 88 100 U+3044 1193 544 75 58 U+65BC 1164 2066 94 88 U+85E4 313 1994 95 110 U+3064 777 525 78 105 U+6563 628 587 81 126 U+6BD2 1321 1815 105 112 U+264B3 1324 1927 89 88 U+306E 992 656 77 89 U+5712 1098 637 77 112 U+3056 1207 603 62 87 U+885B 297 2179 106 96 U+305F 1343 599 56 122 U+5150 448 1864 92 82 U+308C 1324 717 97 108 U+3059 649 718 46 88 U+305F 800 622 47 62 U+82B1 409 645 90 90 U+306B 1123 753 33 134 U+90ED 440 1776 95 87 U+5175 300 2110 97 64 U+898B 415 737 64 86 U+6211 1200 707 71 115 U+9D2C 982 526 77 129 U+3093 409 819 105 90 U+3072 734 653 80 85 U+306E 526 653 63 107 U+6885 493 531 102 126 U+6728 884 517 67 97 U+3066 1285 757 40 108,umgy007-008
U+306E 595 1186 64 60 U+5148 366 836 106 129 U+306E 985 2566 67 57 U+3044 373 1028 95 73 U+3051 571 2082 91 110 U+306E 591 688 62 68 U+5FD7 969 691 95 128 U+3078 361 969 127 66 U+306A 980 328 74 91 U+4E2D 1538 953 78 117 U+3082 190 1182 53 90 U+3089 380 2274 67 116 U+304B 395 2198 54 76 U+306A 780 1897 75 79 U+306E 1544 873 67 74 U+3092 577 1365 91 82 U+4EBA 1519 1581 119 104 U+604B 158 322 116 125 U+4EBA 1515 790 116 83 U+3059 981 1068 70 99 U+5C3D 963 932 114 130 U+4F55 1341 640 109 119 U+3082 993 1258 45 107 U+3044 766 985 85 69 U+3078 1143 2151 125 63 U+306E 1553 1384 59 66 U+4E39 839 2244 68 69 U+7C73 573 2388 95 119 U+9055 368 324 115 128 U+308C 383 1159 75 117 U+3066 375 1915 76 77 U+9577 263 1285 56 65 U+3082 389 1273 60 91 U+308D 1354 1828 83 115 U+3067 171 2327 96 76 U+52E4 749 330 114 141 U+3066 1360 549 75 78 U+4ECA 160 2034 130 123 U+3092 981 2019 70 92 U+3064 969 1179 101 80 U+3082 599 867 52 86 U+3082 1378 856 49 128 U+305E 1371 759 87 93 U+304A 1150 2211 112 88 U+305A 1167 2525 97 103 U+5FD8 580 1455 91 109 U+6709 1537 1455 83 140 U+3057 1356 1738 87 91 U+3057 573 1821 94 107 U+6D99 962 1915 100 105 U+304C 190 949 77 73 U+308A 1175 943 63 104 U+3066 775 1583 68 88 U+306A 1169 460 75 86 U+3066 1352 2261 76 86 U+306F 185 652 73 59 U+3064 377 450 90 97 U+305D 780 2348 67 73 U+3067 1343 1565 84 80 U+3044 1346 2100 92 74 U+3069 774 560 97 71 U+3069 179 1791 95 72 U+305E 772 709 97 84 U+3078 563 2026 115 63 U+9060 364 1565 110 138 U+3082 1552 1131 51 77 U+305B 366 1375 94 84 U+3068 593 2569 49 63 U+671D 1341 2366 107 128 U+5C45 358 2003 100 113 U+3082 1355 1637 64 94 U+6577 978 2446 85 112 U+601D 762 1410 102 96 U+5949 971 1561 74 126 U+308C 581 2186 76 107 U+304A 1530 1811 101 75 U+6765 1542 592 81 128 U+306D 580 1930 72 96 U+3055 1170 1960 62 101 U+7528 1358 1427 72 125 U+516B 570 2511 105 60 U+92AD 1536 1273 104 105 U+3064 170 723 91 75 U+306E 1360 1947 73 70 U+3089 984 490 55 115 U+3067 1533 1070 101 64 U+3072 172 560 86 91 U+9593 567 778 114 103 U+62F6 1336 330 115 112 U+306B 1544 514 86 80 U+3073 1543 431 86 89 U+3057 175 2405 92 81 U+30A6 602 386 55 83 U+3078 1149 1903 115 83 U+3078 562 1122 120 63 U+79C1 153 1607 113 109 U+7B97 1349 1297 91 128 U+3057 1541 1987 89 89 U+3081 776 466 72 86 U+5915 1345 2489 83 133 U+308B 396 2116 54 74 U+308D 1543 2077 80 105 U+3075 162 1119 106 83 U+306B 182 2151 84 70 U+904A 1526 328 103 104 U+5C11 577 480 99 93 U+30E2 603 326 53 54 U+3059 979 2242 67 87 U+3069 581 2293 87 83 U+304A 1528 1212 99 60 U+5426 1165 324 75 136 U+3067 180 1946 74 80 U+6B7B 177 2230 96 103 U+305D 780 1067 67 92 U+3060 777 1232 93 98 U+304B 794 809 49 84 U+3092 975 827 84 96 U+30E8 804 2171 40 45 U+3082 1560 1881 53 98 U+3075 760 634 100 77 U+304A 572 951 100 81 U+3064 1345 2175 96 92 U+3064 763 1510 94 73 U+3084 570 1672 101 59 U+3093 770 1819 111 92 U+3044 174 1468 93 74 U+306E 981 1475 67 72 U+30A2 591 1732 60 93 U+306F 1551 1742 73 67 U+30E8 214 1548 42 46 U+303B 400 2544 39 84 U+3075 1349 1107 87 78 U+308C 585 1563 76 109 U+80F8 1339 1191 109 107 U+304A 760 1674 111 74 U+616E 376 1706 98 121 U+304A 1149 1737 107 69 U+3055 787 1978 60 99 U+306E 180 796 77 80 U+304A 1540 2189 91 63 U+3068 778 1335 64 64 U+3075 163 1863 94 82 U+7336 359 2403 113 124 U+3044 774 2078 97 79 U+304C 991 416 73 72 U+3069 188 1033 83 95 U+305A 381 1457 88 101 U+308B 189 873 57 77 U+3093 1163 2056 105 84 U+308F 789 890 45 92 U+5750 970 2335 89 108 U+3075 770 1160 90 82 U+3070 1173 706 78 99 U+3084 767 2512 91 61 U+6328 1526 2530 112 100 U+3068 987 1789 65 98 U+3088 1185 2297 50 90 U+307E 186 2483 71 70 U+3068 1171 627 58 70 U+3066 388 531 63 105 U+3081 586 1036 75 85 U+3088 197 1371 56 100 U+304F 1544 2441 71 95 U+3070 1172 2390 75 130 U+3082 988 599 50 87 U+3068 1363 2015 67 82 U+3053 1166 559 69 65 U+3057 410 1820 20 99 U+306F 178 1720 79 69 U+3089 1366 991 69 116 U+5949 379 620 69 120 U+30A2 777 2572 64 64 U+96A0 964 2126 105 112 U+308A 978 1367 68 109 U+3078 1522 1696 114 40 U+308B 1558 714 54 64 U+308A 779 2419 66 95 U+3064 1165 810 82 65 U+3057 1570 2315 20 123 U+516C 969 1702 86 85 U+3075 173 2555 90 79 U+3057 619 560 19 111 U+305D 1167 1058 70 98 U+304B 1562 2250 52 61 U+3057 1388 437 20 116 U+304B 392 1100 58 75 U+516C 386 760 69 69 U+304B 1187 879 43 66 U+304F 781 1748 84 67 U+306F 1160 1622 82 95 U+304D 1153 1562 88 59 U+3057 199 462 23 98 U+308C 1161 1159 75 117 U+307E 1186 1815 53 85 U+3061 1166 1449 77 97,umgy007-017
U+4ECA 1260 2144 103 133 U+65AD 1077 1023 97 119 U+3066 891 1102 52 124 U+554C 1258 286 105 106 U+304A 866 1237 104 78 U+3082 904 490 49 111 U+5922 1463 483 91 145 U+3082 1474 400 48 76 U+30C8 121 1230 47 81 U+516B 1073 2026 101 71 U+3042 1081 507 87 108 U+3070 308 1238 100 64 U+4E39 944 1686 79 70 U+3082 1479 1998 55 104 U+4E39 1318 1159 89 79 U+306B 492 1285 92 74 U+304C 699 1173 69 63 U+306A 306 2316 80 79 U+306D 1467 1210 72 103 U+9577 377 1752 54 78 U+884C 292 563 97 141 U+3044 88 1328 93 77 U+306A 97 465 72 88 U+6CB9 1072 898 106 123 U+3059 294 1305 97 90 U+3031 115 1920 69 169 U+3031 121 2037 62 179 U+306E 887 601 79 87 U+304A 85 755 105 82 U+306F 1088 1150 70 43 U+306E 682 556 74 76 U+306A 1473 1495 64 87 U+3060 687 1247 87 98 U+9577 1535 2280 49 76 U+6B64 675 2068 95 90 U+3042 312 986 74 92 U+675F 678 1740 89 132 U+3042 1464 1830 84 94 U+51FA 873 1334 106 71 U+306D 86 1064 89 107 U+591C 1263 2284 91 111 U+3078 83 1169 121 75 U+304D 309 1632 67 103 U+30F2 1477 2430 54 81 U+90E8 282 271 100 120 U+304A 492 2081 97 82 U+308A 704 813 47 106 U+3078 287 506 108 68 U+3092 85 2319 98 64 U+306A 1090 1211 71 97 U+3078 1447 1314 114 70 U+5C4B 287 388 103 115 U+30E4 1464 2523 64 53 U+305F 1475 906 60 98 U+7D04 666 1617 105 131 U+30A2 516 2379 59 82 U+3089 1077 776 68 118 U+306D 1268 1745 76 104 U+591C 1443 290 107 114 U+4F9B 486 2478 110 106 U+306E 1278 2402 67 54 U+3075 98 2388 87 72 U+306B 1469 629 77 78 U+304B 1100 695 42 84 U+308C 310 1126 69 114 U+7ACB 294 856 93 126 U+3084 882 2186 80 77 U+7C73 1080 1895 88 124 U+306D 884 2368 82 121 U+304C 1106 2258 65 58 U+3084 1270 1576 78 79 U+308B 902 413 42 65 U+3075 282 704 106 82 U+3078 1254 1849 121 66 U+3066 1464 822 74 82 U+3089 698 441 47 103 U+304A 669 289 103 78 U+305D 889 1931 71 94 U+308C 684 1347 73 112 U+3089 877 868 71 118 U+3067 682 2497 87 79 U+3075 873 2023 97 84 U+305D 96 285 69 92 U+3072 92 1407 86 91 U+5F85 474 272 111 138 U+306A 497 1362 78 89 U+3060 96 971 92 87 U+8EAB 83 2203 87 125 U+3089 502 849 66 108 U+3089 520 2249 42 120 U+306D 1081 1417 80 109 U+3053 1085 283 67 65 U+308A 1287 594 55 95 U+9644 875 972 104 127 U+3060 893 689 75 86 U+3092 1456 2190 91 72 U+5E7F 490 1160 79 109 U+30A2 301 2056 46 71 U+304B 902 786 47 83 U+308B 1098 609 49 75 U+6642 1450 1382 102 115 U+90AA 475 1041 111 119 U+3092 85 664 89 79 U+30BC 323 1931 75 65 U+304B 521 1894 45 75 U+554C 1259 1399 108 114 U+30A4 1104 1709 51 73 U+308B 1474 1923 53 66 U+6D99 88 1639 96 132 U+306A 1277 2536 71 57 U+304C 1104 432 65 61 U+306F 104 1763 59 99 U+30A2 917 2266 49 60 U+304B 321 2395 51 70 U+3060 498 767 81 77 U+898B 1469 708 71 110 U+5C4B 678 2380 98 113 U+9577 1161 1594 56 75 U+306E 493 679 77 84 U+3044 682 372 77 69 U+3044 500 2165 86 79 U+6570 663 2166 110 119 U+30E8 913 1586 40 51 U+3078 662 1105 123 69 U+3070 1282 398 71 81 U+304B 892 288 55 69 U+5EA6 1274 2011 91 132 U+3093 1471 1571 90 85 U+304A 668 939 104 76 U+3089 113 1861 43 107 U+304B 1292 537 40 59 U+30A2 1298 1660 50 66 U+3089 1113 1310 37 95 U+306E 893 1416 67 74 U+304C 1479 1759 64 62 U+3044 497 1827 94 72 U+3089 1478 1102 47 106 U+30C8 331 781 39 74 U+30CA 1291 1273 50 63 U+69D8 1245 2456 119 85 U+4E01 1273 1926 77 85 U+308B 508 585 44 79 U+3068 1083 351 69 78 U+308F 515 1621 53 92 U+3044 1267 1065 90 71 U+3089 519 1968 52 101 U+5408 476 400 109 109 U+3058 916 2093 52 104 U+3093 303 2222 95 97 U+3075 489 954 87 75 U+305D 303 2139 73 87 U+306B 1270 695 79 81 U+3060 890 1492 84 83 U+3068 505 1538 65 69 U+30CA 914 1800 55 81 U+3081 685 1018 75 86 U+3064 294 1569 96 62 U+3064 91 1502 84 67 U+6C17 1081 2332 106 146 U+305B 483 504 84 84 U+30F1 1103 1832 66 54 U+3075 87 377 86 89 U+30DE 289 2006 63 41 U+306E 1460 2098 83 95 U+308A 316 1459 59 112 U+5947 690 2271 89 108 U+30CB 912 1875 60 37 U+3044 302 2539 80 46 U+30CA 323 1868 61 80 U+306B 1102 2488 48 85 U+307E 1466 1006 72 97 U+3078 1072 1529 108 51 U+308B 510 1445 56 89 U+3066 690 1981 61 82 U+304C 324 1395 74 67 U+30C4 1282 480 68 60 U+305E 1466 1658 83 97 U+306F 108 2522 72 60 U+304C 320 1069 73 65 U+3078 873 2493 112 82 U+3089 1287 860 44 104 U+3068 694 1455 62 89 U+3088 696 729 43 84 U+30CB 1291 1330 61 41 U+308F 321 2462 47 75 U+304B 686 1544 61 71 U+308B 121 2459 46 58 U+308A 508 1714 55 124 U+3093 1087 2155 85 88 seg_fp 1095 2081 59 74 U+3057 705 1882 25 101 U+304F 1267 790 81 65 U+30FD 1124 1788 24 29 U+8A00 81 832 95 142 U+309D 911 356 27 42 seg_fp 115 1560 42 73 U+3058 1288 1507 64 77 U+3057 1298 959 23 103 seg_fp 1300 1324 37 20,umgy007-022
U+3032 1213 1276 69 174 U+4ECA 1164 752 121 144 U+79CB 186 1343 122 117 U+90CE 1392 1571 73 156 U+4ECA 788 2401 116 121 U+898B 404 1458 90 121 U+304D 1376 943 93 103 U+304F 220 1234 50 98 U+304D 611 2523 67 95 U+8526 195 582 86 151 U+9577 874 2181 62 71 U+306E 1576 727 64 63 U+3082 1207 2098 55 107 U+304C 1028 1853 70 59 U+4E39 1360 1359 123 120 U+34B5 396 1235 97 124 U+884C 590 1146 115 144 U+3051 611 1667 95 101 U+5144 607 514 90 107 U+3089 216 890 56 103 U+306B 1196 660 60 86 U+3059 804 1888 75 93 U+306B 1568 1014 81 75 U+3092 811 1457 73 104 U+8F9B 1003 1928 86 140 U+4ED8 186 316 96 107 U+304A 605 2465 92 61 U+3066 1388 1234 60 123 U+306A 1011 2540 78 79 U+4EBA 1176 1636 120 90 U+3046 1410 2009 41 100 U+65E5 622 2384 57 73 U+7F6E 613 2153 76 125 U+308C 619 1775 75 106 U+30C8 435 2489 41 64 U+3057 1184 2213 98 96 U+6B21 1378 1469 96 111 U+6CE3 1563 499 89 109 U+3067 395 1050 92 84 U+4E8C 1191 1567 91 55 U+304A 982 313 110 65 U+3044 1373 778 87 73 U+3059 199 1562 102 106 U+3068 1202 1447 60 91 U+3057 405 2082 96 91 U+3064 199 1719 99 111 U+304C 426 1363 68 72 U+4E39 1446 1727 83 63 U+3067 1186 1734 73 82 U+3051 211 2297 87 114 U+304B 825 1987 50 81 U+3066 1570 388 56 109 U+3066 798 1139 76 88 U+306D 1563 1630 87 104 U+306E 215 1460 75 90 U+30CA 831 2295 47 53 U+3089 822 2066 54 104 U+3061 800 528 79 90 U+307C 1584 2344 88 97 U+7121 795 2534 92 86 U+3060 1196 2467 99 94 U+306E 1570 1272 75 80 U+305D 1586 1933 55 94 U+5143 1570 909 84 104 U+306F 1202 1820 56 104 U+65E5 622 2073 57 74 U+3058 1377 1858 115 95 U+3044 1005 376 74 75 U+308F 1394 309 54 89 U+5176 786 311 94 108 U+591C 207 2076 97 134 U+3061 399 718 89 80 U+3093 1193 2389 106 102 U+76EE 1572 801 64 105 U+304A 588 879 117 89 U+3057 1180 309 92 90 U+7406 590 316 113 103 U+3089 411 1583 66 105 U+3042 1570 1454 83 109 U+3066 1009 2254 71 83 U+4E8C 614 1987 90 58 U+3082 416 1128 53 103 U+306D 1372 577 89 106 U+3075 212 2204 88 91 U+3068 623 1383 54 80 U+582A 1362 2433 133 103 U+3093 604 697 93 91 U+3089 1024 1465 43 110 U+4E09 605 2299 88 74 U+3065 198 1126 131 117 U+306E 615 794 66 72 U+3050 391 317 100 84 U+306A 1190 400 73 87 U+3059 1568 1816 89 114 U+3057 1563 309 76 81 U+308F 224 2399 52 85 U+306A 1199 1927 68 92 U+5C0F 203 2001 115 74 U+306A 1200 2310 61 87 U+305B 1369 1131 90 100 U+3088 1402 1033 47 97 U+52B4 995 1028 88 131 U+305F 219 1897 66 93 U+308D 1580 2443 81 99 U+305F 217 2488 67 79 U+304C 1207 2562 78 61 U+306B 1584 2541 79 77 U+307B 1187 491 84 89 U+6B64 982 807 103 90 U+308C 412 1685 71 105 U+3060 1396 2275 77 97 U+304B 1026 1582 47 85 U+305F 202 414 63 93 U+307E 1198 898 53 117 U+3093 1569 1171 104 97 U+62B1 383 2552 124 79 U+307B 1576 1088 77 88 U+8272 211 1004 74 129 U+3055 1580 1726 63 92 U+3060 1382 850 81 90 U+3069 626 1885 73 87 U+62B1 990 2067 112 93 U+5074 592 971 112 117 U+3044 605 1565 100 85 U+304B 220 743 56 70 U+3064 1001 1378 89 85 U+308A 801 1650 71 110 U+3060 1396 2120 88 91 U+308B 226 2564 50 65 U+306B 404 626 87 77 U+3069 1391 679 70 87 U+69D8 393 1875 104 112 U+305A 612 1288 94 96 U+34B5 1564 613 80 114 U+30E8 1417 2378 41 49 U+304A 1565 2256 99 91 U+306B 607 418 82 78 U+306D 404 2361 79 90 U+3068 805 1566 65 79 U+3072 397 523 87 101 U+308A 1572 1345 61 116 U+3075 1001 1775 93 81 U+3089 1022 1666 64 113 U+3065 196 815 121 75 U+308B 212 503 51 76 U+3084 1390 1952 85 63 U+3093 1181 570 102 92 U+308C 1565 2022 86 117 U+3078 592 1092 125 44 U+3089 1002 452 59 106 U+3088 625 1476 57 87 U+3086 991 553 94 81 U+306B 423 1988 46 83 U+305F 420 2177 66 91 U+3078 377 2452 142 47 U+3064 388 876 93 84 U+3093 1389 2208 107 88 U+3078 1552 2216 126 61 U+304B 231 1824 48 74 U+304B 1397 395 45 66 U+308B 422 1789 55 75 U+30CB 836 2365 47 29 U+3093 1004 2426 105 95 U+3044 405 2273 96 88 U+3057 1189 1130 89 104 U+5FCD 1371 2535 103 99 U+3046 814 429 43 102 U+3091 995 642 86 88 U+3068 408 959 61 74 U+3089 416 406 46 120 U+304A 788 1235 110 84 U+3089 1397 461 47 118 U+82E6 999 893 77 137 U+3057 1037 2157 17 105 U+3078 771 1831 133 56 U+304B 821 1768 51 65 U+304F 1003 2343 91 81 U+3075 791 861 93 87 U+3078 783 1397 121 63 U+304B 817 951 49 67 U+3057 827 1019 25 119 U+3078 195 1662 117 60 U+3055 1580 2137 67 76 U+3055 617 616 62 85 U+3081 813 1320 68 78 U+3055 1008 1161 64 96 U+304B 1585 1560 44 72 U+306B 807 625 49 82 U+3088 411 797 46 75 U+306B 1002 738 82 58 U+3057 1243 2006 23 105 U+3069 809 779 86 82 U+306F 800 710 74 58 U+3067 1190 1018 82 113 U+305E 1006 1261 77 99 U+307F 1207 1238 46 73,umgy007-023
U+306E 1179 681 62 69 U+306E 395 504 70 75 U+3067 1182 1448 89 122 U+3082 614 1361 53 97 U+306E 789 2302 73 73 U+3067 976 1105 89 87 U+306B 596 1201 80 75 U+3066 1360 1189 88 90 U+4E39 252 1722 75 78 U+3058 1016 1401 52 146 U+3092 1372 486 75 88 U+4E39 649 2008 83 76 U+8846 394 350 93 139 U+3082 990 1192 57 100 U+97F3 1154 774 106 141 U+3089 1574 1488 43 102 U+304C 1390 2061 73 61 U+5DDD 969 481 97 114 U+304A 577 1285 111 83 U+3044 1545 1157 87 81 U+663C 778 1398 120 125 U+4E2D 382 590 84 118 U+5185 791 2190 79 108 U+304C 805 1993 78 59 U+3057 590 1467 94 108 U+306A 1558 1333 68 89 U+3067 207 642 79 113 U+3060 199 2025 87 100 U+30CA 1389 1713 53 67 U+306E 994 602 60 72 U+3090 1362 1286 97 104 U+7B11 1172 1854 99 139 U+82B8 976 681 89 160 U+3057 182 354 94 97 U+3072 1177 1994 84 80 U+3093 1375 2224 99 90 U+3092 1560 1751 74 92 U+308D 593 1575 85 94 U+3060 795 1217 93 102 U+3060 396 2221 90 111 U+3072 1553 927 85 87 U+3068 1380 780 53 95 U+6B21 1548 2376 98 113 U+5BD4 604 1029 83 158 U+8776 380 996 107 137 U+9593 779 1529 99 118 U+304C 612 873 73 75 U+685C 960 346 118 126 U+3070 403 1296 87 105 U+9854 1348 351 112 131 U+3066 1559 2197 70 80 U+567A 174 2138 119 124 U+3042 1559 1848 84 98 U+3064 1359 680 92 102 U+306B 387 1743 95 89 U+3064 1356 1007 94 72 U+3057 1368 2134 89 97 U+9577 471 2330 55 76 U+5C3D 975 849 110 113 U+308A 398 1934 63 115 U+898B 1354 881 86 129 U+306E 790 600 67 71 U+304B 215 1225 47 83 U+304A 198 747 89 89 U+3058 1363 583 97 105 U+304D 1178 982 75 115 U+4E39 1545 2285 108 108 U+307E 994 1557 68 93 U+306A 402 1840 66 96 U+805E 1162 2315 111 130 U+904A 377 887 113 113 U+7ADC 766 355 120 121 U+30CD 219 1641 71 69 U+306A 202 941 67 93 U+3092 187 2347 102 81 U+5473 1153 432 115 106 U+9577 1069 2249 51 72 U+304F 1539 475 94 72 U+8CDE 186 2434 101 150 U+3068 1386 2301 45 99 U+308B 1386 1389 51 82 U+7DDA 1151 541 114 130 U+306A 205 1851 68 92 U+3064 783 2532 74 58 U+3093 990 2138 77 91 U+304E 394 2399 107 103 U+3059 1564 550 66 96 U+3089 208 1309 50 121 U+6642 1168 1743 101 108 U+3082 807 1632 45 86 U+305F 793 2591 55 66 U+3057 592 675 89 105 U+7BC0 1169 1578 100 158 U+90CE 1559 2488 80 105 U+8776 768 482 118 117 U+30A2 1579 353 44 66 U+904A 759 1729 136 127 U+305F 1558 812 69 111 U+843D 768 675 112 168 U+65B0 771 2064 109 119 U+3072 1549 1237 84 94 U+306A 193 452 71 90 U+304C 1193 2587 81 62 U+3067 394 710 93 94 U+3093 190 1940 107 103 U+305F 606 1835 69 92 U+8776 761 1861 122 130 U+305D 395 2046 68 103 U+306A 1180 1236 76 101 U+3072 188 544 88 94 U+4E09 1164 355 101 76 U+4E39 1415 1487 99 72 U+30A6 618 2195 58 81 U+306F 1177 920 74 54 U+4E00 381 1243 106 20 U+5484 769 1009 129 75 U+3044 775 2478 83 58 U+3057 816 1086 20 136 U+30A4 1012 2330 43 68 U+3081 1379 1085 71 96 U+9854 1542 1605 104 143 U+3092 588 591 90 78 U+3075 570 2426 112 84 U+305F 606 785 63 89 U+304C 412 1136 80 67 U+30C8 1585 1075 33 72 U+304B 617 1681 42 76 U+30E8 625 1934 42 51 U+3089 1024 2042 33 93 U+306F 992 1301 70 105 U+77E5 972 1930 112 114 U+305D 594 2331 79 97 U+4E0A 388 1512 99 115 U+3050 1549 653 88 86 U+30D5 625 2137 52 60 U+304C 1575 2595 74 55 U+3072 1171 1342 94 101 U+3064 985 1659 86 80 U+306F 798 2382 51 97 U+306F 392 808 74 68 U+305F 1005 1749 57 100 U+30E8 825 1333 35 46 U+30CD 629 951 62 74 U+3093 397 1400 98 93 U+3057 815 839 15 152 U+304C 1563 1416 77 71 U+5750 1355 1801 95 96 U+3059 387 2505 89 81 U+3088 218 1438 50 106 U+567A 576 348 118 112 U+3075 379 2150 96 90 U+304F 1567 1999 58 102 U+3044 189 1141 96 83 U+3044 193 1547 99 92 U+3064 590 1756 88 79 U+3057 1014 971 17 130 U+624B 394 1631 74 109 U+304C 1200 2245 72 63 U+30EC 1580 417 67 35 U+3078 1151 1175 133 56 U+304B 1018 2596 36 45 U+3053 1186 1100 56 72 U+30C4 1576 738 57 66 U+3057 1396 2402 24 150 U+308B 212 2589 54 65 U+30F1 1006 2439 63 49 U+308B 1198 2500 41 85 U+3057 1581 2074 25 124 U+3078 1165 2449 112 45 U+3068 220 837 44 99 U+30E8 1569 1019 45 34 U+304B 1013 1852 40 61 U+30CF 1382 1594 59 46 U+3066 1365 2552 78 98 U+6577 1366 1901 86 148 U+6165 965 2494 111 97 U+304B 1579 1939 45 72 U+82E5 592 2578 85 85 U+30E0 622 2269 62 50 U+58F0 1170 2088 92 139 U+3031 399 2580 65 74 U+304B 599 2499 57 59 U+30FD 1026 2399 29 40 U+3057 223 1027 39 111 U+3057 612 462 28 131 U+3057 225 2256 23 92 U+30C6 1390 1648 61 64 seg_fp 591 2552 70 35,umgy007-027
U+5A66 1253 923 94 144 U+306E 882 2126 74 80 U+3082 503 1637 54 93 U+306A 303 1099 75 86 U+91D1 1249 2206 113 122 U+306E 1458 1358 70 93 U+3092 111 811 77 78 U+5931 105 1175 94 124 U+6DEB 1444 1125 101 107 U+3092 1070 2585 80 66 U+6570 1254 1329 93 118 U+306A 494 1349 76 96 U+306A 110 1293 76 90 U+3066 1470 1825 47 120 U+307B 306 1186 80 78 U+3082 1270 2112 57 95 U+304E 493 2145 102 93 U+306E 499 905 70 82 U+5927 298 569 91 101 U+7531 682 1923 79 85 U+516B 673 2203 110 71 U+98A8 491 988 95 118 U+4E08 291 652 103 106 U+306E 311 1477 74 67 U+5C3E 294 1369 106 105 U+8C9E 1461 1944 69 139 U+305A 878 791 100 93 U+8276 867 1132 98 117 U+6FC1 679 574 98 111 U+3079 109 1721 97 49 U+884C 1452 1229 88 128 U+306E 1074 1233 70 83 U+7CF8 692 1339 74 131 U+3092 1072 696 72 82 U+3066 1277 1205 44 119 U+592B 295 743 94 105 U+5DFB 865 883 112 106 U+60C5 1252 573 94 110 U+767A 1053 781 93 129 U+6A2A 1058 1019 102 123 U+3044 501 1998 72 66 U+5FD7 875 2214 94 106 U+3066 686 1110 73 83 U+898B 107 1566 84 104 U+591A 875 1360 70 132 U+308C 501 1441 68 104 U+3066 112 1089 78 81 U+3066 299 1891 79 81 U+306E 1267 2327 71 74 U+70C8 494 1876 86 108 U+6642 298 1539 93 106 U+306B 1469 1645 56 65 U+5B88 122 896 66 104 U+5176 113 567 80 124 U+4E2D 872 1003 82 135 U+304F 327 2338 39 113 U+6E80 300 1254 101 118 U+3082 888 1844 55 94 U+60C5 1054 574 98 121 U+9053 1066 2021 88 107 U+6DF1 1451 2537 99 104 U+3084 1255 1857 88 73 U+65BC 673 1817 94 106 U+7C73 685 2081 78 108 U+6B64 687 1248 77 96 U+25CB 704 1482 48 52 U+305F 1465 572 69 97 U+6B63 307 2175 85 64 U+304A 493 572 78 59 U+3031 511 664 66 188 U+7570 483 1227 91 120 U+592B 1251 1438 120 111 U+3092 684 833 76 79 U+5973 869 2057 103 73 U+6065 299 911 95 92 U+7537 874 1942 86 120 U+25CB 700 2019 52 49 U+3044 879 1652 78 61 U+3092 112 1479 94 95 U+3044 1260 1800 80 55 U+305A 1468 752 66 90 U+5409 695 1654 62 100 U+8A9E 867 1259 92 100 U+6B32 1248 2553 108 97 U+9053 1066 1133 83 102 U+306E 1270 680 61 83 U+6B20 1065 2202 87 113 U+3066 520 2537 44 98 U+5B50 1464 1553 68 83 U+4F40 1445 1721 95 96 U+59FF 477 1097 105 122 U+306B 1092 2128 43 66 U+6D41 682 2544 109 100 U+307F 1286 765 42 83 U+4EBA 663 2395 120 93 U+308B 129 1665 47 58 U+8776 674 1537 101 115 U+25CB 701 1202 54 54 U+3079 679 1060 101 62 U+5A66 1056 1923 99 93 U+306A 686 912 73 87 U+7537 113 695 71 122 U+25CB 707 1771 43 45 U+306E 499 629 67 69 U+70BA 1258 2400 86 114 U+64CD 1449 2088 99 109 U+3055 1467 854 63 76 U+304F 517 2306 45 100 U+3068 897 2549 41 84 U+4EA4 1253 1616 90 114 U+5FB3 298 2073 99 105 U+3055 504 2064 60 85 U+306B 321 850 45 65 U+3069 516 1551 59 78 U+7136 872 2426 101 97 U+304D 122 1384 61 94 U+6E05 870 2326 82 108 U+3044 311 1688 71 58 U+305F 314 1750 60 66 U+4E00 1252 869 95 23 U+3057 873 575 82 77 U+306A 689 683 68 78 U+3075 1058 1321 86 98 U+3092 1072 1649 86 91 U+305D 507 829 52 78 U+3088 320 2452 52 98 U+306E 1074 2520 70 66 U+5973 1440 1455 100 94 U+306B 1273 1549 50 64 U+3069 1477 1040 60 73 U+304D 680 759 84 86 U+8C9E 499 1737 76 148 U+3072 1070 1572 79 85 U+308C 1468 930 58 108 U+5A66 302 1975 92 99 U+7BC0 1453 2203 88 152 U+3055 887 716 56 74 U+305A 311 1003 70 88 U+25CB 704 2291 46 45 U+7FA9 1463 2368 78 107 U+3057 1100 908 17 122 U+306B 324 1632 49 60 U+306A 1073 1738 70 84 U+306E 1467 2476 56 63 U+3078 871 1720 96 41 U+3057 140 1758 24 177 U+305F 1070 2299 69 86 U+308B 1084 2385 43 57 U+304F 1278 2040 44 75 U+306B 1277 1053 39 73 U+3057 1293 1925 17 120 U+3089 1479 672 34 86 U+307E 1080 1471 43 101 U+5973 675 2461 96 82 U+308A 328 1814 38 87 U+304F 319 2542 43 95 U+308A 135 998 37 96 U+306B 1279 2510 48 45 U+56DB 685 2336 82 62 U+308B 889 650 51 65 U+3082 1088 2438 45 85 U+3088 519 2216 41 98 U+308B 1089 1412 39 57 U+3069 897 1761 65 83 U+3057 344 2238 17 101 U+3057 912 1470 16 109 U+3057 531 2407 19 127 U+3089 715 997 27 72 U+308A 1278 1728 46 82 U+3068 897 1562 44 92 U+3057 1103 1812 24 121 U+3057 1296 1122 18 85,umgy007-030
U+308C 488 311 72 110 U+306E 487 843 67 99 U+4ECA 486 2425 97 109 U+725B 111 1358 62 140 U+3082 696 1968 44 103 U+5FC3 1250 1723 97 89 U+306E 106 1935 73 73 U+4EBA 1034 1455 133 126 U+4F1A 852 663 118 129 U+306E 873 796 74 97 U+821F 464 737 107 107 U+66AE 1246 779 113 152 U+5E2D 845 902 99 191 U+6CB3 477 445 88 107 U+8904 865 1204 100 125 U+306B 1242 325 103 84 U+3082 308 2163 56 99 U+901A 1435 2067 96 111 U+7D20 301 1934 80 121 U+843D 1241 1138 109 134 U+5EA7 1440 318 75 141 U+306B 1450 1685 83 67 U+888B 98 425 100 115 U+58EB 482 2121 83 78 U+3059 484 1781 92 96 U+9593 1057 1595 90 110 U+5420 1054 1989 116 95 U+4E0A 484 569 82 72 U+3082 126 1003 43 95 U+306E 1066 1708 80 101 U+306E 1264 2214 67 81 U+3066 117 2492 54 111 U+308C 307 1812 68 112 U+5BA2 1442 1232 96 124 U+306E 1455 1358 71 84 U+7B51 485 2205 110 115 U+3070 871 1914 80 63 U+5BA2 1437 2282 94 126 U+306B 686 1238 83 83 U+5F15 667 308 86 123 U+306E 1065 714 70 87 U+306E 1261 2078 70 86 U+305F 869 334 70 85 U+307B 1074 1898 80 87 U+3064 104 1111 85 108 U+306B 867 1099 94 92 U+304C 1458 457 61 54 U+3051 1451 1069 74 96 U+51FA 495 2555 88 55 U+308C 1072 2510 74 99 U+3042 1253 416 80 90 U+308C 1065 1336 75 110 U+306B 495 656 64 58 U+6D12 1245 1030 98 102 U+304D 881 2091 60 98 U+3092 868 1352 72 75 U+3051 298 1652 76 90 U+6D45 1246 1834 105 125 U+3070 1454 1982 82 56 U+6DCB 1438 529 101 112 U+3068 702 1683 43 67 U+308C 880 1704 61 119 U+88FE 860 2384 95 113 U+304D 113 693 62 93 U+3065 682 2529 100 73 U+3082 884 1427 46 98 U+3084 290 1146 90 65 U+5BD2 107 797 77 121 U+91CE 1251 670 93 98 U+4E03 1041 317 98 78 U+304B 319 1219 38 66 U+6975 674 1768 88 106 U+898B 677 1557 85 101 U+5BA2 662 667 100 116 U+304F 1466 757 34 88 U+308A 1092 2251 39 94 U+91CE 290 2270 94 118 U+306E 111 1615 72 84 U+8DB3 108 316 71 105 U+308B 877 414 48 69 U+306E 689 2173 73 81 U+9593 1254 1446 83 110 U+66AE 291 2394 77 128 U+5BCC 489 1988 71 123 U+8DB3 300 2064 80 99 U+6C17 1454 2489 96 120 U+571F 116 1712 59 76 U+7656 667 1102 90 134 U+306E 1258 1354 78 92 U+304A 294 922 86 54 U+306E 1447 1778 78 89 U+306E 490 1283 68 71 U+5019 673 2354 93 105 U+306B 1085 2098 50 65 U+58F0 1039 568 87 152 U+3057 683 1887 81 80 U+307B 107 543 73 81 U+8ABF 1429 1460 102 107 U+898B 477 943 79 96 U+306B 305 1368 74 68 U+306E 1454 2414 68 65 U+306C 668 1016 93 69 U+6642 677 2256 91 92 U+306A 304 2526 75 66 U+96C1 87 2021 100 97 U+53C2 865 497 92 142 U+306D 482 1138 86 98 U+624B 121 1793 53 129 U+305B 290 507 76 77 U+3078 475 1236 101 47 U+5B50 1452 2187 67 93 U+67AF 674 1340 87 98 U+3072 873 1995 76 93 U+4EA4 1051 982 89 144 U+3082 316 974 43 99 U+305A 688 443 69 90 U+306D 860 1822 93 98 U+308C 1455 1868 56 116 U+67AF 675 2078 89 97 U+5B50 1457 1570 65 102 U+3084 105 1292 88 66 U+3068 1276 936 42 80 U+305A 883 2201 64 93 U+3048 482 1042 88 92 U+73FE 283 316 92 107 U+6CE2 481 2329 109 99 U+3068 1267 2445 57 68 U+91CE 675 1446 78 94 U+304A 674 610 80 55 U+3068 1082 2174 53 78 U+306F 1077 1130 51 104 U+3075 108 2309 80 96 U+3075 282 1069 98 80 U+305C 484 1697 94 86 U+308B 886 2290 46 60 U+5C71 488 1417 87 91 U+6728 111 2129 72 94 U+3092 290 1505 92 95 U+3044 683 805 70 53 U+307E 1077 2354 49 98 U+5B57 1253 2327 82 114 U+304B 307 1598 46 59 U+9593 1263 1972 58 107 U+3054 500 1648 75 56 U+305F 1065 891 63 75 U+305A 1261 567 74 93 U+306F 1255 1629 84 70 U+3075 1445 867 81 97 U+3053 1069 1253 55 61 U+3078 109 2456 87 40 U+5CF6 97 1510 88 101 U+3068 887 1533 47 84 U+3092 111 2223 81 79 U+3092 295 424 83 94 U+304C 500 1353 64 58 U+305F 694 866 52 68 U+3068 512 1880 42 84 U+304F 317 834 42 77 U+308B 695 534 39 56 U+8272 1059 415 86 136 U+308A 1279 2512 38 88 U+308B 128 2399 42 55 U+306F 1255 505 73 60 U+306F 686 2467 48 70 U+3089 322 1285 29 87 U+53E3 307 1447 60 59 U+3068 894 2514 44 89 U+3068 1075 1806 58 87 U+308B 1463 1168 50 54 U+3068 1277 1267 41 85 U+3055 121 922 56 81 U+304B 1082 2447 35 69 U+3089 138 1217 29 84 U+3089 891 1620 32 90 U+3067 503 1517 58 98 U+306B 1277 1556 32 75 U+3089 317 1743 36 80 U+3057 330 581 23 131 U+3054 1071 804 75 80 U+3057 1482 629 19 124 U+3056 1455 968 63 93 U+3089 700 935 29 85 U+309D 1291 2296 25 31 U+3057 125 616 35 84 seg_fp 1279 2171 30 22,umgy007-032
U+53EF 1326 1830 85 105 U+8A00 163 907 81 128 U+306E 367 340 76 85 U+534A 1333 1704 57 121 U+306E 1529 1397 63 69 U+3082 1338 1329 50 97 U+305D 1149 2075 56 83 U+3082 379 1551 49 96 U+3066 185 2141 49 105 U+306E 1333 2049 66 80 U+8208 1510 1025 101 116 U+8217 362 572 89 148 U+4E57 1332 557 72 121 U+60C5 743 471 93 127 U+306E 1144 584 59 80 U+55DA 929 632 100 111 U+5206 1529 612 72 123 U+305F 1330 1027 76 89 U+307B 947 1991 76 71 U+5B9F 751 344 81 133 U+5FC3 1326 1241 88 80 U+306E 373 733 68 80 U+5EA7 359 434 86 138 U+60AA 1134 1883 84 111 U+865A 742 1015 89 133 U+308B 201 341 48 74 U+304C 573 1012 60 63 U+9593 369 923 77 104 U+4EE3 1318 689 95 116 U+3082 765 2399 50 95 U+82E6 739 2515 93 111 U+306B 1525 940 70 56 U+8A08 740 1150 92 128 U+3051 945 1692 73 93 U+3066 1149 1746 50 115 U+6C17 949 1412 59 139 U+8535 1132 797 92 106 U+9154 158 2010 93 125 U+306E 180 1724 63 95 U+7C8B 936 1851 89 129 U+3066 370 2367 70 74 U+547C 932 767 95 98 U+540C 562 547 72 97 U+5175 381 1132 50 106 U+99D5 1331 344 81 130 U+5BFA 1533 1272 62 94 U+308C 171 2374 58 110 U+308C 742 1792 87 98 U+82B8 1324 2315 103 127 U+9577 359 1662 88 126 U+8272 947 2383 74 121 U+3082 580 2031 39 102 U+5BA2 1314 2137 97 118 U+3082 376 2442 55 81 U+3066 560 2283 77 80 U+3092 1527 1682 71 86 U+6B8B 352 2533 101 97 U+901A 1316 1943 110 97 U+306F 1326 2259 79 55 U+798F 1516 1159 90 109 U+306E 184 552 67 82 U+3082 1347 2549 48 74 U+821F 544 1823 100 125 U+5165 1507 1489 98 67 U+3072 557 2206 80 84 U+305A 1137 1527 93 95 U+885B 371 1237 78 109 U+3070 944 1778 83 62 U+3046 1537 1987 45 111 U+305A 1327 1607 90 96 U+9053 931 2529 90 99 U+3042 760 2039 72 94 U+89AA 1127 458 101 112 U+604B 177 422 81 125 U+3066 173 1429 70 83 U+304A 945 345 79 55 U+79D8 1129 677 95 111 U+306A 944 1229 81 86 U+3044 368 1426 76 48 U+601D 1142 1384 75 83 U+85E4 361 1031 90 110 U+67F1 359 2121 90 105 U+308C 757 1526 63 116 U+306B 176 1912 81 81 U+3084 1517 2187 86 59 U+77E5 1322 1434 87 99 U+306E 1524 738 65 91 U+91CE 1515 499 80 120 U+5A18 1127 910 97 98 U+3051 168 1203 78 111 U+3057 172 1047 79 82 U+98A8 1518 827 89 112 U+304B 1331 806 74 63 U+306D 746 2219 94 108 U+516B 553 941 99 61 U+306B 568 1741 69 63 U+898B 744 680 78 102 U+3064 363 1476 85 76 U+7121 166 1519 88 101 U+7406 560 1236 79 88 U+7C73 557 809 78 109 U+304C 381 1349 53 68 U+3042 745 1280 84 86 U+67F5 548 1638 102 100 U+3092 562 1946 76 84 U+3069 968 2058 53 72 U+3064 941 1630 74 68 U+306E 1527 2247 68 76 U+3068 1358 469 40 76 U+67C4 349 1801 107 92 U+6A4B 356 1994 99 108 U+7A7F 1134 2406 79 144 U+306E 566 1543 66 80 U+5012 156 2258 102 113 U+60B2 944 877 85 107 U+304C 961 1574 55 54 U+306A 1141 1029 64 76 U+305D 758 1717 56 72 U+3068 959 1328 47 75 U+4E0A 1527 353 65 87 U+6216 1133 342 91 100 U+7FA9 551 1089 99 144 U+76F8 1513 1569 86 95 U+60C5 552 1421 86 117 U+754C 549 351 96 114 U+826F 571 2436 59 105 U+3069 774 2323 56 78 U+304D 1531 1790 59 95 U+306F 556 472 78 64 U+306B 755 1897 72 76 U+610F 182 646 69 145 U+306E 368 1889 67 90 U+8005 1322 2447 84 101 U+3084 553 2129 90 75 U+3068 578 1341 36 67 U+6BD4 558 2363 84 79 U+3092 1138 2310 84 87 U+3092 1138 1271 80 85 U+304F 366 2224 74 67 U+306F 752 1973 75 59 U+305B 750 774 71 85 U+306F 752 1650 78 56 U+4EAD 1516 2521 86 120 U+53E3 1141 2017 59 48 U+3068 774 598 40 71 U+639B 1512 2321 91 92 U+3072 948 1086 77 76 U+304D 1344 1128 51 92 U+7406 168 1629 78 85 U+3061 383 2294 58 73 U+8336 1524 2410 73 103 U+5CA9 562 2544 83 93 U+3082 962 400 38 95 U+308B 1149 2244 45 64 U+5730 166 793 98 102 U+308A 951 539 56 107 U+304F 1549 1883 25 100 U+3058 588 639 31 157 U+307E 947 2233 67 70 U+304B 963 1173 39 58 U+3053 767 1460 50 64 U+3068 1147 2544 51 84 U+306F 1137 1469 79 55 U+308B 1537 439 40 60 U+3089 1339 1529 43 84 U+307F 185 1819 33 94 U+3089 770 2132 37 91 U+3057 206 2487 17 119 U+308A 766 1359 42 100 U+3057 784 854 25 129 U+306F 963 2142 41 91 U+308B 963 2304 41 64 U+3078 1330 874 78 38 U+308A 1351 912 43 101 U+3078 946 498 72 41 U+3089 179 1129 45 88 U+308B 1152 1103 37 63 U+3057 1167 2158 14 90 U+3057 1165 1627 18 116 U+3057 1552 2096 18 93 U+30C8 414 854 19 56 U+4E00 364 829 80 15 U+3057 195 1313 22 118 U+3057 974 991 19 91,umgy007-033
U+306E 1439 1097 74 98 U+3082 1449 1631 55 108 U+306E 104 1176 67 72 U+3082 1447 894 52 101 U+4E57 460 1203 106 147 U+306E 1058 1825 64 62 U+6625 96 313 110 132 U+3084 1228 1661 102 74 U+4E03 93 1251 87 71 U+514D 1244 1819 94 125 U+306E 1443 1745 72 90 U+30C8 1463 499 49 67 U+3044 1442 570 75 70 U+725B 624 945 71 149 U+6C34 276 2181 96 78 U+306E 884 906 60 64 U+8A89 81 811 98 114 U+3060 1244 1944 83 94 U+5DFB 79 1061 118 101 U+518D 258 2279 113 96 U+820E 707 2186 99 97 U+3066 646 842 44 118 U+306E 897 2217 61 62 U+306E 1058 1279 61 65 U+4EAD 1048 1047 78 112 U+304C 1073 2033 52 50 U+3084 879 841 74 66 U+5CF6 626 1078 76 133 U+901A 709 2080 104 90 U+6625 268 2037 109 122 U+3073 1058 2499 89 68 U+5824 1414 998 120 100 U+306E 485 2116 82 97 U+4F5C 1040 683 86 97 U+8272 91 461 89 126 U+5B50 1446 1470 66 87 U+306E 902 1260 55 63 U+9053 479 2001 81 121 U+7F8E 93 940 106 111 U+4E0A 1434 1191 88 86 U+30A2 1269 1584 44 68 U+3066 1459 1363 50 106 U+307E 900 1819 49 80 U+304B 1256 1518 54 62 U+304B 463 1367 91 72 U+58F0 1415 1841 91 154 U+306B 1071 2314 44 53 U+304C 1068 1170 56 46 U+99D5 478 2230 82 109 U+6885 83 601 107 99 U+5411 887 1088 77 89 U+308C 895 2344 66 86 U+3075 1427 641 97 73 U+8A13 1042 952 78 96 U+6587 890 1509 85 84 U+4EBA 874 2155 105 78 U+99D5 877 975 75 109 U+99AC 481 1880 80 112 U+67AF 609 521 106 114 U+304D 1436 778 76 83 U+4EBA 678 2400 174 97 U+5EB5 1045 2201 88 112 U+305F 899 2494 59 59 U+898B 629 735 78 107 U+30C4 1276 1457 42 47 U+5FA1 1244 1754 79 54 U+5150 92 713 99 93 U+306E 900 1429 58 74 U+308F 1074 1960 35 71 U+30A6 1254 2100 52 103 U+4E86 123 1344 48 76 U+8005 1044 774 78 95 U+8349 1063 1355 51 112 U+72C2 1045 870 85 87 U+3042 1064 2373 62 71 U+8B58 242 2384 137 118 U+4E3B 732 2306 60 84 U+3092 899 1673 59 67 U+53CB 894 2078 72 85 U+3069 1452 1560 78 72 U+307F 653 1756 41 80 U+3080 631 1652 89 98 U+8349 1066 2089 45 113 U+7BED 482 2344 86 145 U+3064 1061 1640 68 97 U+3046 913 2431 34 64 U+7A3F 1035 1470 94 105 U+305E 1446 397 74 93 U+8D8A 886 1180 83 81 U+65E5 1073 1895 37 54 U+821F 883 1337 89 86 U+7434 715 1968 101 92 U+91CE 623 631 86 99 U+6BB5 893 1592 73 83 U+3066 908 2000 46 92 U+3092 1057 1572 71 63 U+3053 1068 1226 43 51 U+3055 648 1571 47 77 U+3056 898 2289 71 55 U+30E8 1267 2050 39 40 U+3078 458 1446 107 58 U+3068 1454 698 44 79 U+3060 1442 303 81 87 U+305D 1069 2445 36 60 U+3078 604 1294 109 62 U+306F 492 1779 57 89 U+91D1 364 1824 77 72 U+4EBA 363 2021 103 73 U+821F 623 1454 93 107 U+3088 913 1743 35 77 U+308B 1072 1763 37 55 U+306B 1457 1287 35 72 U+7ADC 361 1903 91 78 U+308C 900 1901 60 96 U+3057 908 764 13 86 U+305F 488 1522 61 119 U+304B 639 1211 40 80 U+304A 1236 1395 87 50 U+3057 1485 844 20 83 U+304D 485 1642 83 117 U+5C71 379 1980 54 44 seg_fp 1267 2193 26 75 U+3046 901 682 36 80 U+308B 638 1359 62 87 seg_fp 1296 2241 14 194 U+309E 1091 1730 36 37,umgy007-044
U+4ECA 1074 1139 127 117 U+306E 150 1212 70 65 U+306E 1491 1185 78 72 U+5341 1290 2064 96 85 U+3082 1288 728 64 96 U+91D1 1276 1141 116 129 U+964D 1264 350 107 159 U+4F59 1284 2308 123 127 U+306E 1303 2241 81 69 U+52D8 1475 1461 114 126 U+3031 541 1550 58 175 U+306B 146 1410 94 83 U+4E2D 137 1281 88 128 U+306E 516 609 80 68 U+6255 1467 1997 123 133 U+3065 149 1771 104 120 U+307E 164 2478 55 98 U+3066 551 2069 55 120 U+6577 1475 1045 106 141 U+3066 1275 651 76 74 U+3082 1482 823 62 101 U+65B9 502 476 103 114 U+756A 1481 1854 96 137 U+770B 331 2335 83 169 U+306A 342 1842 79 84 U+307C 520 959 97 93 U+307B 708 835 90 81 U+30A2 537 1353 61 101 U+65B9 714 1751 104 114 U+306B 531 1861 87 71 U+3089 1093 352 63 102 U+306E 907 1076 74 78 U+306A 523 1185 80 86 U+306B 344 1536 76 66 U+5F15 336 1714 88 130 U+8776 406 1215 83 81 U+65E5 1312 2160 54 76 U+30A6 1312 1339 53 96 U+30E4 1115 2329 75 62 U+306E 916 1375 71 74 U+5E30 524 2195 104 145 U+5F15 708 581 80 136 U+5272 1473 1342 105 128 U+8179 496 683 112 121 U+4E09 141 1032 86 74 U+6B64 502 372 108 99 U+5F15 1294 2430 93 114 U+6B62 717 984 85 90 U+306E 732 1867 77 83 U+306E 911 2583 82 68 U+3093 139 786 119 90 U+305D 164 2327 65 74 U+4F2F 123 520 99 109 U+306E 1097 1012 76 69 U+3067 1092 1344 85 76 U+65E5 1502 1267 50 77 U+65E5 531 876 53 72 U+308D 721 2383 84 80 U+663C 1489 2299 83 117 U+3078 899 1568 111 42 U+304C 150 864 72 65 U+306D 1280 1006 94 107 U+3068 722 366 60 89 U+3060 162 1884 82 83 U+3059 141 366 64 89 U+5EA7 1462 911 99 148 U+308C 1082 452 77 108 U+304C 532 798 65 68 U+30B5 536 1446 69 72 U+898B 1482 1724 107 131 U+3064 1469 649 89 122 U+884C 891 871 98 123 U+52DD 715 1954 117 116 U+306B 922 2330 75 60 U+306F 162 1692 54 89 U+305F 1285 831 73 94 U+65E5 1117 1566 55 81 U+3066 1098 566 49 108 U+591C 1488 2416 109 111 U+6765 152 1495 73 130 U+4FDD 889 1156 112 112 U+306B 522 1109 80 74 U+3084 708 1453 98 70 U+5EF6 686 467 125 124 U+304D 905 2253 94 82 U+306A 1465 367 79 87 U+3084 1292 1678 93 66 U+3076 1092 2012 118 77 U+3064 911 2462 81 59 U+3046 735 2459 49 104 U+30B3 1314 1283 54 47 U+3067 155 2573 86 78 U+5927 331 1343 95 89 U+76F4 530 1731 86 126 U+3069 736 908 58 65 U+5F10 1293 1446 104 87 U+65E5 159 1116 51 80 U+30A2 737 1524 57 93 U+305B 1459 451 90 77 U+6B69 1286 1539 97 140 U+3078 877 512 110 55 U+306B 915 796 55 79 U+3044 915 2079 84 57 U+3051 1275 560 87 94 U+3069 898 371 83 69 U+3066 288 425 72 53 U+3082 1113 913 45 102 U+9023 519 1939 104 124 U+53D6 896 703 85 97 U+3061 730 1384 72 72 U+75C5 334 2515 103 138 U+306E 1494 2217 77 78 U+3081 299 368 58 60 U+304C 729 2573 86 71 U+3067 1290 1968 86 87 U+5E7E 1093 1418 103 151 U+308B 152 453 50 64 U+308B 1108 848 45 62 U+308B 556 2338 53 71 U+3075 1094 2254 98 82 U+3092 386 987 58 54 U+304A 907 1608 91 65 U+3092 1108 1776 77 80 U+3084 907 2398 92 63 U+308C 725 1268 71 111 U+3089 166 2025 47 93 U+305F 911 993 62 90 U+5176 713 1620 93 130 U+308C 152 2402 144 90 U+3068 1498 757 49 67 U+5F35 905 1671 108 113 U+3093 302 919 77 54 U+5EF6 321 1613 121 109 U+3082 298 797 51 70 U+90AA 372 584 80 69 U+3082 1490 560 45 96 U+3069 166 2118 80 66 U+91CC 903 1274 83 92 U+5B9A 1491 1586 97 133 U+63DA 1279 2549 117 96 U+8005 1096 2531 100 116 U+7559 713 1085 87 103 U+6BCD 121 631 107 89 U+307E 358 2005 51 92 U+3078 1275 1112 120 53 U+30C8 566 2412 32 90 U+5FA1 913 1792 83 68 U+304D 349 1436 66 95 U+305F 908 2521 81 60 U+5185 908 1450 81 111 U+3042 386 1042 64 60 U+898B 379 653 66 81 U+60AA 375 370 69 82 U+304C 360 2283 76 52 U+4E21 135 936 95 90 U+306F 1502 2594 86 53 U+3078 1459 529 107 62 U+3072 1488 2134 85 87 U+304B 174 1967 37 60 U+306F 1117 1859 65 91 U+305F 501 2560 54 51 U+305B 291 866 65 55 U+3064 1073 690 93 58 U+305F 922 2136 61 69 U+306E 889 438 75 74 U+3089 543 1269 42 91 U+305F 348 2211 68 72 U+305E 168 2250 88 76 U+3092 918 1990 91 80 U+307E 1101 752 51 97 U+6B69 1294 1847 81 116 U+3075 144 2186 101 75 U+3089 1296 924 42 90 U+3066 706 713 79 64 U+85AC 890 568 86 132 U+8DB3 1106 1658 84 109 U+306A 286 645 66 59 U+65E5 1110 1265 50 80 U+304B 1113 1076 46 61 U+304B 309 968 38 43 U+3088 740 2237 57 87 U+533B 1104 2428 96 97 U+3078 703 782 99 43 U+308B 165 1620 47 64 U+3055 148 723 58 66 U+3089 393 1135 37 66 U+304B 744 2325 37 53 U+304A 374 740 72 40 U+304B 378 885 70 54 U+304F 315 1127 35 74 U+309E 931 2206 69 55 U+304B 1283 511 45 55 U+3053 1123 1954 56 60 U+306B 1515 2535 47 59 U+30A2 543 1517 51 73 U+308B 512 2609 42 42 U+4E09 1300 1757 73 82 U+308A 519 2481 31 82 U+307B 386 938 62 50 U+308A 363 1923 46 90 U+3089 743 1191 31 83 U+305F 306 1010 47 50 U+624B 739 2069 54 124 U+5A46 371 452 83 87 U+306F 728 2188 84 62 U+8776 370 773 79 90 U+601D 1109 2166 85 91 U+30EC 1125 2382 66 47 U+3068 1129 2083 40 82 U+7B26 915 1857 81 136 U+304C 388 534 54 53 U+3089 315 736 26 65 U+306A 298 1062 70 70 U+7ACB 581 2489 57 85 U+304B 571 2575 67 63 U+3057 385 2089 19 124 U+3057 317 567 13 75 U+304C 305 701 50 36 U+304B 399 1096 31 39 U+304F 293 495 64 75 seg_fp 545 1041 36 75 U+306F 384 850 60 36,umgy008-010
U+884C 1150 943 108 121 U+5206 565 912 124 123 U+306E 391 462 79 81 U+59C9 1334 2141 122 141 U+304C 1372 1059 66 69 U+90A3 376 669 105 129 U+304A 391 1858 85 54 U+3082 1555 1097 58 99 U+7434 957 1735 107 142 U+4EBA 745 326 126 105 U+306A 1164 1064 79 83 U+306E 398 2356 76 89 U+30E4 1538 510 74 61 U+306E 1531 1612 57 56 U+65E6 389 558 84 95 U+6728 587 2546 92 97 U+3066 1177 558 43 122 U+306E 979 1983 71 74 U+3066 217 2040 55 112 U+3082 203 1595 62 91 U+304A 578 1046 85 52 U+9023 1148 682 104 137 U+639B 1135 324 115 123 U+306D 1535 736 97 104 U+5C71 581 1516 93 74 U+90A3 388 1334 92 84 U+5408 1140 431 109 124 U+3059 1174 1150 57 95 U+3089 218 2561 65 86 U+304C 587 329 80 59 U+3064 198 1934 88 105 U+3042 588 2261 85 83 U+306A 1539 571 83 85 U+3082 1367 1626 56 97 U+5B50 205 1407 81 100 U+5834 369 330 111 137 U+65B9 1533 994 105 101 U+3046 1188 1764 37 91 U+304A 203 1793 86 60 U+3081 218 2366 74 91 U+968F 575 808 103 108 U+306A 592 2345 82 82 U+968E 961 2133 102 113 U+898B 958 659 102 104 U+4E8C 968 2076 97 48 U+6CA2 576 1399 109 114 U+306E 1354 1725 78 88 U+306F 597 2497 76 59 U+306D 1539 1182 98 109 U+9014 1526 877 117 121 U+3067 579 669 90 71 U+7269 767 1385 105 93 U+30C8 1579 1327 37 84 U+65E6 392 1220 88 102 U+30A4 1560 375 46 86 U+306F 582 741 77 60 U+305F 219 2468 66 89 U+85E4 1595 1876 80 86 U+3066 777 2068 83 85 U+3075 381 1566 99 80 U+3092 587 1311 74 74 U+5FDC 776 1756 95 138 U+3089 1376 2045 42 88 U+77E5 1342 738 103 99 U+3066 1183 830 45 108 U+3093 188 755 119 97 U+3084 1356 2429 94 63 U+304A 384 953 93 71 U+305D 203 423 59 84 U+305F 977 2521 73 71 U+305B 583 1680 80 78 U+306D 1354 908 95 108 U+306D 1152 2122 97 105 U+306E 1363 1205 75 77 U+306F 391 2036 81 57 U+4EBA 168 325 131 101 U+5175 785 967 62 103 U+307B 596 2035 80 86 U+85E4 770 851 99 116 U+6577 580 543 90 131 U+305C 587 1840 87 72 U+306B 609 2188 45 67 U+3055 592 1606 64 73 U+3082 222 1849 40 92 U+5143 390 2460 101 112 U+3082 788 1560 55 82 U+308C 972 943 79 99 U+306F 1355 1393 81 57 U+3044 396 1512 79 54 U+306F 396 1799 74 48 U+5C4B 962 1881 107 102 U+3064 1156 1249 84 69 U+304A 1164 2462 93 63 U+306A 1593 1655 70 69 U+30A6 1566 2118 60 84 U+3093 1550 2421 126 90 U+85E4 453 811 86 91 U+30A2 1002 2594 48 52 U+3069 215 1512 63 86 U+308D 1165 1677 77 89 U+3084 1158 1963 91 67 U+305F 1167 1324 60 100 U+306B 1364 2585 79 57 U+3060 193 837 88 94 U+3059 975 851 69 90 U+308C 199 508 64 98 U+304C 985 1515 59 59 U+306B 788 1898 75 63 U+304D 1533 1544 51 71 U+77E5 772 494 99 90 U+306B 781 425 66 65 U+306F 1529 1515 59 38 U+5B50 1360 1452 74 98 U+8EFD 201 2165 99 99 U+3078 1534 841 113 55 U+8776 375 1921 114 111 U+304A 1543 2210 91 66 U+306F 965 466 80 48 U+5C11 978 2440 78 89 U+30A6 799 2417 51 93 U+3068 414 1423 53 81 U+4E3B 408 2568 69 81 U+305F 786 2271 71 72 U+3053 1369 1138 58 65 U+7D0B 768 1188 117 105 U+5510 949 1584 94 138 U+30B3 1574 2062 51 44 U+7F6E 783 2148 92 123 U+3068 223 1691 48 94 U+76F8 773 1659 100 94 U+8CB4 393 2100 73 108 U+305F 594 1758 62 74 U+5FA1 1360 2282 79 72 U+3092 189 609 93 88 U+307E 679 1966 50 58 U+3078 1544 1293 105 52 U+304B 1180 2266 40 52 U+3055 966 324 66 75 U+306A 196 1234 78 83 U+307E 1267 2334 54 50 U+3084 977 2317 82 60 U+3089 1180 1424 39 97 U+3091 1527 1454 56 58 U+308C 397 1025 66 108 U+65E5 795 1490 46 66 U+3092 394 1133 93 83 U+304D 1607 1724 53 79 U+30B3 803 2359 46 45 U+7CF8 782 2563 84 86 U+3051 1352 591 82 100 U+3089 1380 2491 42 95 U+3088 414 1636 39 85 U+65E5 793 1298 46 70 U+3093 594 2112 108 81 U+3051 1603 1585 60 70 U+305F 779 771 76 72 U+304B 1377 1994 37 52 U+6B64 783 2486 89 86 U+3089 1381 834 32 80 U+30A2 1171 2031 64 90 U+304E 587 1210 85 101 U+305F 602 2426 70 66 U+306F 1354 687 82 53 U+308F 985 763 43 88 U+307E 399 2285 77 73 U+85E4 1034 523 82 97 U+308C 786 660 58 110 U+3092 1604 1805 62 70 U+3058 1192 1860 40 105 U+5B50 1357 1286 82 106 U+3068 1379 2354 45 69 U+3078 1347 1018 104 39 U+3072 1525 1925 65 59 U+3081 1169 2519 69 75 U+53E3 198 989 69 64 U+304F 1637 313 52 50 U+3070 1561 2277 64 77 U+30A2 999 2377 46 61 U+306A 195 686 78 83 U+304B 217 927 35 48 U+306F 1548 2566 88 62 U+3055 1559 2357 60 69 U+3089 1559 654 42 86 U+3093 965 395 116 71 U+305F 202 1155 65 77 U+3069 1372 1552 61 72 U+3058 1005 2241 40 80 U+304A 1520 1823 70 43 U+3078 1152 2600 106 47 U+3082 1536 1859 37 75 U+3060 1363 1920 86 75 U+3055 402 2212 62 72 U+304D 1605 1412 59 76 U+30A4 1190 2406 41 61 U+308A 415 1718 40 84 U+3078 1149 2230 104 37 U+3088 1180 1525 46 90 U+304F 220 1300 50 93 U+3069 1535 1669 46 54 U+304E 203 1056 90 96 U+3058 603 1108 54 106 U+3089 798 584 33 79 U+304F 679 1922 48 43 U+307E 1635 358 57 54 U+3044 1349 422 81 68 U+306B 1539 1769 43 59 U+304F 1546 2491 86 72 U+885B 786 1071 71 110 U+304F 1543 1718 35 58 U+306D 964 1387 99 85 U+304F 1268 2295 44 39 U+3057 811 1973 18 95 U+5EA7 574 399 84 144 U+308F 1367 495 45 93 U+308F 1615 1521 31 63 U+304B 1182 1613 37 62 U+30CF 1185 2378 65 35 U+304B 986 1139 42 59 U+3057 1372 311 26 109 U+77E5 963 1210 97 93 U+3079 1532 1417 55 35 U+305F 975 1047 66 92 U+3057 241 2265 23 105 U+30FD 1573 460 22 30 U+3089 983 1298 41 85 seg_fp 960 1482 81 28 U+309D 1623 1490 21 35,umgy008-011
U+4ECA 873 1224 107 108 U+91D1 475 2493 115 122 U+306E 502 2414 70 67 U+306F 900 682 54 110 U+624B 513 641 61 141 U+3084 878 1442 89 85 U+3082 1080 1407 62 87 U+3082 702 1850 52 90 U+306E 884 345 83 84 U+5229 1449 807 100 115 U+3082 895 873 55 106 U+304B 301 541 95 67 U+6642 689 939 103 107 U+5143 482 2208 108 107 U+3066 325 951 50 112 U+304C 1481 916 61 58 U+5F01 108 1720 100 126 U+306E 700 852 73 85 U+306E 1078 995 76 82 U+5341 492 1454 85 85 U+4EBA 663 1596 132 102 U+7528 504 1905 72 121 U+89AA 681 357 113 133 U+3072 880 1773 87 82 U+3066 1476 1763 46 119 U+5229 488 2309 93 113 U+3042 314 1776 74 81 U+7537 118 1016 79 120 U+55B0 484 1648 105 135 U+3052 1461 2059 91 100 U+3080 1261 2332 91 80 U+5143 881 559 100 125 U+305F 505 1275 62 88 U+304B 493 2031 88 66 U+3064 305 1174 86 112 U+3067 303 2580 88 64 U+3084 302 1939 87 76 U+885B 1258 2162 102 108 U+3072 1278 581 85 80 U+308D 315 788 77 85 U+898B 1269 906 78 113 U+3072 1259 2454 92 81 U+5207 668 2018 114 81 U+306A 1067 1503 82 88 U+306F 1075 682 85 57 U+306E 1081 815 78 71 U+308C 293 2510 117 82 U+5B50 702 500 71 92 U+5949 693 1358 66 138 U+3066 1275 811 79 86 U+516C 692 1509 74 79 U+307E 1472 503 56 99 U+3064 309 422 85 112 U+3093 1077 599 113 86 U+3081 1464 1330 68 76 U+3052 311 1850 92 97 U+305F 1459 2166 74 85 U+3089 699 2368 59 85 U+304C 505 2624 65 60 U+304C 138 1135 59 55 U+5C11 1274 356 91 119 U+4FE1 1050 2063 108 115 U+3082 134 1843 48 80 U+304A 1075 358 86 67 U+3042 1463 1189 79 88 U+304B 107 1331 91 65 U+62B1 687 1111 104 103 U+306B 888 1857 72 60 U+96D1 483 1787 105 115 U+3059 1272 1645 66 92 U+4E21 491 1547 92 91 U+3042 119 1194 83 87 U+3082 311 2627 55 61 U+3078 1447 1408 114 58 U+306B 1276 2274 50 56 U+53D6 506 788 71 99 U+5FA1 113 1499 88 69 U+8A3C 291 1472 113 115 U+305F 324 1280 58 82 U+3042 1467 355 75 85 U+52D8 106 1579 108 133 U+6E21 493 1042 107 126 U+306A 505 362 75 89 U+5FC3 879 2054 91 85 U+3058 914 1341 37 113 U+3089 135 1392 46 100 U+3065 878 2138 99 68 U+306E 698 1269 71 75 U+5BC6 112 869 97 121 U+3064 310 879 84 72 U+4E8C 504 1383 76 56 U+8868 877 2418 82 123 U+5FA1 1073 1981 81 74 U+308C 1460 1657 73 106 U+3067 521 525 67 118 U+3066 1275 1832 56 109 U+3091 1265 1738 85 91 U+3057 307 2241 82 87 U+308B 1087 1667 48 63 U+3089 513 2096 43 98 U+3044 125 427 77 57 U+30CD 906 487 52 68 U+308B 1472 2249 46 68 U+3084 301 2086 90 59 U+304A 1063 2329 85 60 U+304F 140 767 38 97 U+304A 1453 2323 87 59 U+3081 1080 420 75 74 U+307E 707 600 49 109 U+5FC3 1259 1462 98 98 U+5F97 872 1928 104 128 U+305F 1274 1104 69 94 U+3046 331 2142 35 98 U+5C0F 119 352 99 82 U+85E4 1251 1944 112 120 U+6B6F 109 2175 96 104 U+3059 311 356 78 79 U+3044 1451 1542 91 55 U+305B 105 2504 83 70 U+3082 895 1122 58 88 U+3068 896 803 58 70 U+3057 1453 1889 92 96 U+308A 321 601 58 96 U+3067 1090 1296 69 110 U+306F 1464 1599 74 64 U+30C8 1489 1449 38 98 U+3089 139 555 46 93 U+306B 1083 2259 54 64 U+3067 1064 1890 85 84 U+5175 1274 2057 68 104 U+30C8 145 2093 33 74 U+51A5 1458 677 91 130 U+5411 876 2541 89 86 U+6C17 1072 1729 64 166 U+3084 121 480 85 72 U+308B 1080 2625 47 53 U+305D 321 700 60 84 U+307E 1472 2449 51 81 U+3055 1088 534 60 72 U+306B 507 968 73 65 U+8FD4 294 1077 104 98 U+306F 879 2625 81 48 U+306F 701 1043 73 54 U+3056 111 2577 87 72 U+305F 892 1616 60 96 U+306F 1463 1141 81 53 U+30A2 907 1528 50 83 U+5207 1052 2167 102 85 U+3092 310 1704 73 67 U+3057 696 1702 79 87 U+3089 337 1366 29 88 U+3078 1071 495 105 56 U+306E 125 1927 67 78 U+6587 308 1581 103 118 U+3053 316 2449 51 61 U+304C 1285 1402 64 55 U+3064 1070 2390 77 69 U+3057 1304 464 22 127 U+3060 114 2009 85 78 U+308A 1291 1196 41 85 U+3055 1080 1593 67 76 U+305F 697 2194 61 63 U+3093 1464 432 106 72 U+3048 1265 1023 96 98 U+3044 505 452 77 70 U+3067 899 2294 54 120 U+308B 1473 1277 45 51 U+3092 1265 1560 94 87 U+3055 701 709 64 86 U+304F 901 2204 46 88 U+304C 899 1714 57 63 U+8A71 1070 1181 98 113 U+308A 1479 600 50 85 U+8863 118 2334 73 93 U+4E16 1061 1089 114 88 U+3084 1061 2573 86 55 U+307E 698 2520 44 109 U+304B 904 980 36 61 U+4E00 687 1962 87 22 U+3088 1477 1985 40 77 U+30B7 1277 2642 72 48 U+3053 1093 750 50 64 U+308B 136 1277 41 53 U+304C 707 2450 57 46 U+306B 134 2278 46 59 U+304B 717 796 34 51 U+3078 685 1229 100 40 U+304B 904 425 42 53 U+308A 525 884 35 83 U+3088 1489 978 36 89 U+5B50 1085 897 74 95 U+304B 704 2628 38 52 U+308F 703 2106 49 85 U+5A46 1438 2531 108 115 U+3057 535 1167 16 108 U+308B 1295 657 43 60 U+308B 127 2647 47 41 U+3057 724 2256 14 107 U+304F 900 1035 47 89 U+304B 1277 2413 40 48 U+307F 1298 720 41 89 U+30E2 1279 2596 53 44 U+304F 1486 1060 37 79 U+3057 1300 1282 18 122 U+3057 147 648 27 121 U+304B 714 1791 37 59 U+304D 123 2426 53 81 U+303B 1483 2648 32 35 U+304B 330 2327 33 43 U+307E 1354 2563 58 53 U+304F 1454 2381 83 70 U+3057 337 2009 15 77 U+3057 340 2367 15 72 U+304F 1351 2523 52 46 U+3057 1088 2463 23 109,umgy008-012
U+3031 109 1814 65 194 U+3082 298 2244 49 90 U+5EF6 474 389 113 104 U+30A4 1076 967 50 87 U+3082 295 1511 58 93 U+65E6 1253 1930 86 99 U+6BD2 288 597 101 124 U+4E09 668 2213 85 71 U+304F 128 486 38 81 U+3082 107 2322 57 86 U+6BD2 1244 311 110 131 U+3060 303 727 82 92 U+5F8C 862 734 109 117 U+3070 287 2076 101 66 U+306A 491 663 87 82 U+90A3 1240 2045 106 114 U+3066 1072 2201 49 107 U+306E 302 505 75 86 U+308C 673 1143 123 85 U+4EF2 658 1292 105 113 U+4EBA 646 1408 129 107 U+3046 891 1085 38 104 U+3067 1257 451 77 76 U+306E 1443 2578 72 58 U+3064 668 1653 84 106 U+304A 869 317 92 66 U+4F55 274 2153 105 94 U+5973 908 1954 82 58 U+6C17 291 376 78 125 U+30BC 1087 717 80 69 U+304B 655 1990 95 65 U+3066 690 1758 48 104 U+304C 108 1410 71 63 U+3042 485 2372 75 84 U+304C 692 1216 69 55 U+304A 297 306 89 71 U+5012 1041 1614 105 122 U+306A 478 2457 79 82 U+6C17 1433 2437 87 139 U+304A 1440 2376 86 62 U+7531 1324 1787 62 53 U+30A2 704 767 55 65 U+662F 478 2026 86 119 U+30A2 1054 2564 58 73 U+3044 683 844 83 53 U+30CA 511 1899 48 62 U+3092 493 498 78 70 U+306A 673 1573 79 86 U+304C 109 2556 69 63 U+3059 1073 617 66 95 U+6765 1052 2070 84 129 U+30CB 483 1971 70 37 U+308C 96 2134 87 111 U+6765 1451 540 78 134 U+308F 305 1834 48 90 U+308B 684 1932 43 60 U+65E5 511 319 53 75 U+7531 1064 1067 83 91 U+306B 96 2252 76 68 U+307E 114 305 72 96 U+306F 1239 2485 85 54 U+306F 109 843 78 55 U+308A 128 1059 42 89 U+30C8 522 750 31 86 U+3044 95 2014 92 53 U+3051 1418 1373 60 69 U+3044 1453 323 81 59 U+306F 459 1014 57 40 U+308C 286 1978 76 102 U+3064 454 1325 67 60 U+308C 685 966 74 104 U+3067 665 2569 79 70 U+3084 258 2509 110 78 U+306E 920 1891 59 55 U+3054 108 887 99 97 U+305F 531 1253 58 56 U+306B 919 2126 59 53 U+3044 111 578 78 57 U+3078 278 1790 118 53 U+305B 526 969 62 62 U+51FA 1056 1989 98 80 U+304A 675 1082 86 65 U+3057 496 577 76 83 U+3082 924 2435 39 75 U+3051 1416 899 64 68 U+306B 887 847 48 69 U+30E2 1270 2535 56 54 U+30B5 708 705 52 59 U+51E6 1435 410 102 91 U+307E 104 1155 61 100 U+305B 91 1251 84 81 U+3075 92 637 101 80 U+30A6 1230 2576 60 70 U+306F 874 672 82 48 U+306A 1056 1723 88 78 U+30DE 1068 2506 65 46 U+8033 1493 978 76 84 U+3078 1438 507 110 53 U+30C1 1092 1292 58 74 U+4E8C 670 2147 84 45 U+3042 1067 313 85 85 U+306B 1499 1062 64 51 U+304B 294 2584 49 54 U+3093 1445 2019 107 85 U+304A 88 2416 90 59 U+306B 693 1504 48 61 U+30F1 494 1834 65 46 U+3089 697 2047 35 88 U+304B 822 2108 75 54 U+3078 462 2596 119 46 U+30E8 896 1199 52 52 U+306B 1442 2304 77 60 U+65E5 687 2302 43 62 U+304D 1058 2308 75 105 U+30A4 498 1740 44 85 U+306B 746 535 47 54 U+3057 872 928 82 90 U+9762 1054 1513 102 99 U+30F2 1086 899 53 75 U+3053 681 2383 52 63 U+3055 843 2291 50 60 U+3084 664 1868 93 65 U+6E6F 865 552 106 118 U+304F 1242 2343 82 60 U+306E 1505 907 61 58 U+8776 1513 1703 81 82 U+3055 293 1719 69 69 U+85E4 1431 1822 104 119 U+3046 309 2414 31 83 U+3053 458 1385 46 51 U+3081 746 310 58 61 U+3084 870 1017 88 65 U+30CA 317 833 56 69 U+3056 112 984 84 77 U+3093 93 1327 141 94 U+30C8 901 1261 33 81 U+30C8 1484 758 29 74 U+3065 681 891 95 75 U+308C 88 2475 135 83 U+85E4 170 1464 87 108 U+306B 527 1407 64 46 U+3070 1421 959 64 50 U+7406 276 1611 102 93 U+3055 1448 1944 68 79 U+3044 1258 681 78 61 U+3082 1305 1015 43 82 U+305D 301 2341 47 76 U+3066 292 1443 82 79 U+6C17 106 710 115 132 U+308A 466 1434 33 64 U+305F 1446 674 72 79 U+306E 1229 1558 56 61 U+4E21 523 1535 67 75 U+3088 1511 1292 35 68 U+85E4 767 603 61 92 U+30A2 896 462 48 68 U+305F 1053 2411 76 82 U+3092 1497 1229 65 59 U+306F 1295 1718 66 34 U+304A 456 849 74 47 U+5B5D 1047 1156 108 120 U+306E 907 2508 65 58 U+30A2 501 2302 46 64 U+305F 537 923 55 49 U+308F 682 321 35 76 U+3092 907 2564 77 72 U+304F 1491 1117 75 50 U+30C8 1087 1422 36 79 U+307E 1455 2089 48 107 U+305F 484 2533 67 59 U+308F 312 958 54 91 U+306B 1495 1488 62 54 U+305F 1256 2267 67 72 U+3084 478 2239 80 58 U+306B 455 1212 64 49 U+5175 845 1899 41 71 U+3058 506 2148 45 93 U+3044 919 1737 64 41 U+3065 92 2062 109 71 U+305B 1494 1357 60 67 U+5305 913 2191 69 83 U+3042 832 2468 64 56 U+304C 1078 1917 57 63 U+306F 531 1219 57 39 U+3031 1309 1129 51 133 U+3064 285 1383 88 62 U+305D 1428 1118 46 65 U+3061 1503 1170 56 59 U+58F1 522 1455 65 77 U+308F 544 848 41 76 U+308C 674 2456 64 110 U+306F 1412 1070 66 44 U+85E4 1131 788 80 95 U+30B5 117 1784 48 64 U+304D 1230 1693 54 72 U+308B 931 1688 36 47 U+305F 661 399 62 54 U+304F 918 1636 63 52 U+304B 913 2016 67 50 U+305F 829 2579 60 50 U+3066 1423 1550 61 52 U+305F 847 1681 48 54 U+306B 467 1271 36 54 U+3092 1227 1499 65 61 U+5442 1303 1548 56 61 U+304F 461 895 58 48 U+306A 1495 1425 62 60 U+3050 835 2349 73 43 U+307E 461 942 54 61 U+3059 1267 844 67 90 U+307E 1081 520 50 98 U+3090 1294 1366 67 66 U+3088 1312 1614 30 56 U+306D 520 1149 67 67 U+305E 1231 1625 58 65 U+85E4 839 1817 65 80 U+3046 1435 1183 44 68 U+308A 1083 435 46 83 U+308A 1312 1668 32 50 U+5B50 1232 1429 52 72 U+308D 917 1557 60 58 U+3056 1257 601 98 80 U+306B 843 1546 52 50 U+308F 1259 2171 56 96 U+3060 300 1304 89 78 U+307E 567 1670 52 53 U+3066 447 1568 57 45 U+307F 937 2062 29 64 U+3054 1275 532 67 63 U+30C8 1291 943 29 75 U+5973 1406 1003 82 65 U+5973 1499 839 75 68 U+3059 846 1735 52 81 U+98A8 1294 1473 79 79 U+307E 746 479 55 57 U+3075 915 1382 73 59 U+3091 841 1468 62 77 U+304B 539 1106 35 45 U+3068 931 1437 38 68 U+308F 855 1612 38 69 U+3044 924 1343 63 40 U+3066 1292 1307 62 58 U+3092 834 2223 65 63 U+30CB 311 900 58 35 U+3086 1420 1603 65 52 U+30C4 1077 1371 44 49 U+307F 925 2276 28 60 U+304B 1425 1330 36 50 U+3055 1496 1590 51 57 U+683C 1217 1344 74 82 U+305F 297 1050 72 64 U+3055 1252 1019 39 50 U+304B 1506 1543 35 40 U+304A 737 392 71 44 U+3088 116 1584 41 91 U+3053 469 1062 42 50 U+85E4 832 1345 73 89 U+308A 855 2390 30 61 U+885B 837 1970 62 87 U+51FA 1417 1445 74 58 U+304B 533 1366 35 41 U+5DDD 1229 1186 69 92 U+304C 1246 1278 47 39 U+304C 1095 396 58 40 U+3031 1434 1240 37 89 U+304B 308 1923 38 58 U+305C 917 1776 69 62 U+3089 859 2517 27 66 U+308B 1311 1429 36 46 U+3084 1418 840 68 58 U+304F 288 1112 83 55 U+3057 152 394 21 93 U+3057 938 2333 16 93 U+3093 918 1835 96 67 U+3058 1319 1092 37 69 U+3057 684 453 14 129 U+307F 851 2161 29 59 U+308D 451 1152 61 58 U+3057 1274 2396 21 87 U+304F 1435 1651 39 48 U+304F 1232 1074 60 52 U+3057 131 1668 22 113 U+3089 900 382 32 81 U+304F 561 1637 55 36 U+304F 742 433 58 47 U+3089 1251 1130 28 62 U+3053 935 1503 30 57 U+306F 835 2056 52 39 U+3057 563 1031 15 76 U+3057 325 1168 22 140 U+3057 556 1306 15 63 U+3057 468 1504 16 68 U+3078 912 1618 82 24 U+309D 1490 382 21 33 U+3079 841 1430 73 38 U+309D 1512 1654 20 27 U+3057 1312 1222 19 89 U+307E 1280 754 45 88 U+309D 479 1111 22 35 U+3057 1449 1496 24 56 seg_fp 1457 2198 49 99,umgy008-014
U+5408 1028 511 118 116 U+306E 1241 1647 72 71 U+306E 284 2319 72 85 U+306E 1048 955 70 59 U+6240 72 550 117 141 U+306A 473 1874 85 75 U+306E 1237 1165 75 68 U+304C 865 2465 76 72 U+5C0F 1232 967 96 74 U+53EF 835 1306 103 105 U+304A 465 1057 84 51 U+305F 286 1965 68 83 U+524D 257 2501 110 125 U+725B 280 2175 84 139 U+3066 661 2377 83 64 U+4EC1 1216 1455 115 84 U+6301 453 1527 116 127 U+3060 854 1206 87 80 U+5175 1055 1802 59 100 U+3064 665 1189 81 109 U+305B 1421 310 85 79 U+304A 1232 1238 91 59 U+304C 484 2317 71 68 U+306E 90 462 77 88 U+3089 681 497 40 85 U+3069 1063 1595 67 83 U+65B9 262 675 101 108 U+7CF8 1039 1033 81 131 U+306B 854 1735 81 69 U+304B 675 434 46 64 U+5642 1230 1735 100 110 U+3084 652 2444 100 62 U+306E 1429 835 79 83 U+3092 1429 1012 79 65 U+6765 1426 1830 91 124 U+306E 1436 2186 73 75 U+3066 684 1294 45 104 U+306E 850 990 75 75 U+3042 664 1111 81 86 U+6D3B 1429 2401 105 99 U+662F 659 314 94 115 U+304C 678 1879 71 77 U+3046 105 1475 43 115 U+5BDB 1425 2271 110 128 U+30A2 1059 2395 52 85 U+30A2 1061 2558 55 59 U+6765 471 1746 82 127 U+3044 473 2229 85 51 U+7E01 1020 824 114 117 U+304C 1062 2014 69 68 U+3066 489 1636 42 103 U+6B64 459 1955 104 98 U+3092 468 1213 83 72 U+65B9 652 1966 107 106 U+306A 1430 1492 75 72 U+304A 261 424 94 60 U+3084 1042 2326 84 66 U+306E 1242 630 75 83 U+306F 278 306 70 116 U+98EF 261 489 107 98 U+98EF 451 1112 115 103 U+3082 1046 719 58 96 U+3055 95 314 62 68 U+5B5D 264 1486 114 130 U+6C17 1228 406 114 126 U+59C9 640 820 114 142 U+30A6 475 960 61 80 U+304C 1256 1386 65 67 U+4FA0 1215 1543 124 106 U+3059 96 2540 71 91 U+3060 857 439 84 86 U+7531 265 1407 101 87 U+3092 665 2064 78 75 U+6848 829 2079 112 140 U+305D 1053 2181 70 81 U+304F 484 1433 42 79 U+7537 1231 717 86 120 U+306A 84 1151 73 81 U+3046 299 1072 37 96 U+30C8 492 317 39 76 U+6885 1221 1056 116 107 U+7531 1229 1304 91 87 U+885B 1052 1901 89 97 U+7336 1235 1918 100 119 U+77E5 1041 1344 91 95 U+30C8 313 1190 32 72 U+3046 677 1482 44 118 U+308D 86 1400 77 79 U+3072 1433 2514 84 71 U+304A 655 593 87 66 U+306B 1255 1840 51 68 U+798F 1422 2086 103 98 U+304F 1428 1085 79 74 U+305D 867 1563 60 81 U+85E4 1039 1692 103 120 U+3064 86 2226 91 66 U+306C 1226 320 101 82 U+306A 847 784 85 78 U+3066 110 2289 56 102 U+3093 846 380 108 80 U+306B 86 691 76 62 U+8EAB 1416 708 89 128 U+306D 843 2318 101 105 U+304B 664 1596 59 73 U+3075 647 2570 104 60 U+85E4 141 758 95 105 U+30AD 288 1270 60 79 U+306F 479 1295 61 75 U+3044 857 2546 81 53 U+306B 474 2575 80 52 U+304F 110 1929 44 91 U+304C 296 790 58 60 U+5B50 480 2476 83 90 U+3069 671 1405 81 73 U+305B 1423 1574 81 79 U+3046 294 1746 48 112 U+306F 477 2176 76 43 U+306B 666 1050 79 59 U+3046 98 963 50 115 U+6368 1219 2208 115 118 U+6B64 471 2379 90 87 U+3068 855 314 67 69 U+30CB 278 1346 77 45 U+306E 284 584 75 81 U+308F 99 1778 52 92 U+3070 1430 1656 94 53 U+308B 104 1865 49 66 U+306D 1045 1516 85 75 U+306F 98 2378 62 77 U+6C17 1029 316 117 126 U+5F15 656 2148 86 121 U+6C17 86 2016 119 138 U+5143 1425 1720 97 102 U+3046 876 1647 36 93 U+9152 513 617 77 77 U+308D 276 994 78 79 U+308A 1071 2264 40 69 U+6027 1217 538 112 96 U+4E0A 1424 916 88 86 U+96E2 652 2257 119 122 U+306F 278 1616 81 60 U+8EAB 840 869 87 120 U+3069 114 2149 58 75 U+52B4 833 649 96 121 U+30A2 107 1686 61 78 U+308B 447 743 41 54 U+3069 294 1675 77 67 U+5F15 1035 1172 84 105 U+304B 97 1068 48 70 U+5BCC 1424 1957 86 119 U+9054 1224 846 112 110 U+304D 1433 608 63 100 U+3084 464 1374 87 63 U+85E4 1123 2072 78 95 U+3089 1250 2114 51 95 U+308C 1252 2404 69 89 U+3075 506 436 80 53 U+3055 523 701 48 56 U+611B 846 1413 90 143 U+304D 440 614 58 79 U+308D 662 2508 72 63 U+307E 93 377 75 88 U+82E6 828 528 112 125 U+306F 1439 1404 52 85 U+306F 1432 1169 71 47 U+3057 847 1820 89 82 U+3092 435 462 61 60 U+306A 435 398 71 63 U+5FA1 276 2415 76 82 U+30B3 489 907 51 44 U+308C 666 659 69 103 U+30CF 110 1597 72 42 U+305F 444 694 48 52 U+3065 83 2457 98 83 U+30DE 1058 2495 56 45 U+304B 532 758 34 46 U+304C 676 764 67 56 U+65B9 462 2055 89 111 U+3060 85 1314 86 75 U+303B 687 1816 43 67 U+3078 840 2421 115 48 U+6301 424 529 83 90 U+3061 521 553 59 66 U+5A46 648 1665 118 142 U+3055 1250 2042 58 70 U+3089 1076 1440 30 78 U+540C 1244 2555 87 81 U+304F 1409 1309 75 83 U+305D 95 880 62 84 U+85E4 547 788 79 95 U+305C 78 1229 96 80 U+306E 1039 438 74 72 U+5FA1 672 965 78 90 U+3068 1065 1259 51 80 U+3058 891 2214 35 101 U+3088 295 848 51 84 U+3046 527 488 34 68 U+3044 519 394 64 41 U+306C 1231 2496 100 61 U+304B 293 931 41 63 U+304B 1452 2581 48 54 U+5973 338 2048 88 71 U+3089 1264 2329 37 78 U+3057 1461 387 24 105 U+3046 860 1073 50 111 U+3057 311 1851 19 110 U+3057 885 1951 18 115 U+3057 1464 1204 19 112 U+304B 876 1903 35 51 U+3057 1071 631 17 87 U+309D 505 2277 35 38 U+3078 841 1185 100 39 U+30FD 138 1640 28 39 U+309D 892 2596 25 31 seg_fp 1437 500 72 32,umgy008-016
U+306E 1137 316 74 68 U+4ECA 1124 1083 116 144 U+3082 571 950 54 103 U+304A 1518 1213 87 54 U+306E 562 532 75 68 U+7533 761 865 56 134 U+304A 1518 310 88 58 U+304A 361 1125 94 63 U+3031 578 1571 55 216 U+3082 1537 1412 53 80 U+304A 747 1446 85 62 U+5408 163 2516 124 102 U+3066 190 1767 64 128 U+304A 564 1804 89 61 U+901A 1513 373 92 106 U+898B 185 2377 88 119 U+9060 925 397 115 110 U+304A 1328 1339 87 56 U+30A6 1154 1432 49 69 U+7533 1543 629 44 127 U+5EA7 361 1365 88 144 U+3066 966 2203 52 111 U+7531 1207 694 59 63 U+306A 1522 768 87 75 U+3067 946 1208 77 67 U+304B 737 310 95 70 U+34B5 176 2235 88 117 U+30A2 764 2546 59 66 U+306A 572 2530 89 83 U+5EA6 546 740 105 136 U+3068 197 1029 53 84 U+3064 361 645 90 120 U+3064 1329 1673 85 118 U+7ACB 1535 2382 80 112 U+8336 552 377 86 131 U+4E0A 178 1133 85 81 U+306A 372 2053 80 87 U+51FA 1328 1406 94 86 U+304A 555 312 90 65 U+51FA 1528 2532 94 79 U+3051 172 378 87 96 U+7531 363 1214 92 80 U+3052 1536 1825 92 105 U+3067 558 881 81 68 U+306A 1328 1504 81 86 U+3092 944 2317 88 79 U+306B 1539 1928 71 69 U+3065 169 635 100 83 U+3059 952 2539 105 73 U+3042 371 406 77 94 U+305F 189 1892 67 96 U+652F 553 623 101 123 U+306E 1540 2106 71 91 U+9593 1540 2199 61 109 U+30E2 1144 1371 66 52 U+30A4 1539 1023 40 85 U+30DE 774 2491 57 46 U+514D 364 1905 112 133 U+3089 769 379 39 95 U+3072 566 2031 97 81 U+30F1 563 1519 85 54 U+3053 769 2030 63 71 U+3078 1327 2315 107 48 U+6B21 1528 2006 105 105 U+8776 731 1527 115 113 U+306A 944 661 76 95 U+30C8 404 317 27 74 U+306B 380 2549 76 59 U+6577 368 1504 98 128 U+3066 1358 1793 39 100 U+306B 1141 585 73 77 U+308D 1140 1903 81 74 U+30CA 1164 965 64 69 U+3046 1167 2099 33 100 U+3084 753 2271 85 82 U+306B 1148 1726 72 68 U+616E 942 517 87 162 U+8FCE 739 645 104 130 U+3059 1141 2536 103 79 U+8776 1585 844 76 83 U+3078 158 1471 124 55 U+3059 187 1526 68 89 U+3059 1345 1593 55 86 U+306F 772 2181 51 92 U+3070 168 459 95 72 U+85E4 1315 408 104 126 U+3093 756 1179 121 103 U+3059 563 2444 96 87 U+304C 386 1301 64 51 U+5EA7 162 1343 89 111 U+3089 387 1006 43 102 U+307E 951 925 55 101 U+3078 1517 2315 112 64 U+3078 744 2119 115 54 U+308C 1539 1581 57 110 U+3072 746 778 92 85 U+307E 763 1010 53 99 U+304F 781 2354 39 111 U+3046 778 1731 41 115 U+5927 1134 1517 88 98 U+3093 1330 604 123 101 U+51FA 751 556 92 78 U+8776 1510 1292 107 105 U+306B 189 2145 69 62 U+304A 747 482 84 68 U+6301 1322 2520 110 97 U+30E4 772 1863 70 63 U+307C 759 1658 112 74 U+30A6 768 1358 52 81 U+85E4 630 1301 79 96 U+3064 164 302 93 78 U+307E 182 532 54 107 U+30C8 409 2310 28 77 U+5FA1 370 1827 87 60 U+306A 565 2116 81 93 U+3069 1341 709 70 74 U+5FA1 936 314 84 67 U+3044 373 2230 83 67 U+3072 174 2055 91 86 U+4E71 923 2007 130 93 U+306A 366 866 86 84 U+304A 560 1065 82 60 U+30CB 1144 1034 65 38 U+85E4 1403 1921 79 94 U+305B 748 1106 82 78 U+305D 771 1935 55 85 U+3081 181 1684 73 82 U+3046 1550 1496 35 86 U+305E 1341 886 67 93 U+3078 941 1828 118 63 U+305B 938 1021 79 75 U+304D 1148 1624 69 97 U+3061 186 818 65 88 U+30A4 578 1447 44 52 U+3093 942 1093 118 109 U+307E 968 2468 45 78 U+3044 946 848 76 64 U+3044 1142 2378 79 55 U+30B3 783 1299 43 39 U+305E 959 1472 67 88 U+3078 169 981 110 67 U+3054 1162 2225 81 62 U+3061 1338 1067 63 96 U+306E 187 1236 67 68 U+85E4 438 1662 78 93 U+3044 566 2286 80 64 U+30CF 1539 981 68 37 U+3056 1157 2289 78 86 U+304B 1348 2256 42 47 U+60AA 1131 399 85 108 U+30F1 1142 892 77 53 U+304B 553 1871 96 68 U+53D6 951 1878 80 123 U+307E 570 1944 70 86 U+3053 181 726 57 88 U+3078 1318 1254 108 69 U+3055 572 2213 65 72 U+307E 1148 2441 61 97 U+3069 958 1284 79 79 U+3046 1349 786 43 109 U+3044 365 501 82 68 U+308A 972 2396 40 75 U+307E 585 2357 45 94 U+3044 1139 514 72 68 U+3055 377 2144 67 79 U+3046 969 1368 38 110 U+3055 1340 538 55 70 U+30A4 1158 809 48 84 U+3061 960 1661 67 91 U+3055 378 572 57 76 U+304C 191 1989 69 70 U+30E8 594 1255 35 41 U+8776 1400 309 79 79 U+3057 1174 1997 15 100 U+5EA7 368 2405 85 139 U+3088 1363 2037 34 91 U+3088 1170 1805 40 94 U+3055 948 758 62 82 U+304C 397 943 50 64 U+3057 1565 478 13 148 U+3057 1570 1686 27 136 U+30C8 1591 1138 23 65 U+3053 961 1575 57 79 U+3057 985 2106 16 97 U+3053 1340 995 53 67 U+3057 1373 2127 20 123 U+306F 1139 1304 76 53 U+3089 1354 1165 30 86 U+6C17 1335 2365 80 156 U+3057 394 748 20 116 U+3089 969 1752 37 78 U+3089 193 906 35 81 U+309D 201 1617 35 76 U+65E5 1156 1233 48 71 U+3057 609 1119 19 109 seg_fp 202 1308 18 34 U+304A 1342 2362 75 46,umgy008-025
U+6D99 1223 956 115 130 U+8005 256 1217 102 128 U+7531 1310 1313 70 59 U+306E 658 853 73 69 U+306E 278 513 81 71 U+82B8 272 1062 106 158 U+964D 835 786 105 161 U+3082 280 1945 58 103 U+306E 1038 1739 69 77 U+4E8C 848 1516 81 53 U+304A 1412 1509 95 60 U+306E 459 2138 77 72 U+5E38 1410 2465 95 144 U+3058 491 1045 40 179 U+3066 673 502 53 126 U+306F 1435 1682 51 101 U+3067 263 1723 86 80 U+524D 1219 2397 99 114 U+3081 1420 2360 74 93 U+5E74 1224 2152 91 161 U+3044 1423 317 88 59 U+7ACB 88 1108 72 128 U+5009 1011 313 117 130 U+5916 442 1649 120 111 U+8EAB 251 1581 98 138 U+308C 94 1323 61 107 U+4E03 1206 2070 92 68 U+6642 638 2208 104 118 U+6D6E 84 789 102 111 U+65C5 267 932 94 116 U+62BC 439 2221 110 98 U+6C17 1231 587 76 143 U+3046 871 401 37 111 U+3064 648 1375 87 117 U+304C 1432 1432 67 62 U+304B 1020 1502 93 69 U+7FA9 662 1058 80 124 U+306A 1230 1523 87 92 U+3054 81 2204 80 73 U+7531 723 1634 58 64 U+639B 436 2319 128 94 U+98A8 1419 872 110 109 U+3051 847 685 81 92 U+4F50 1200 2512 124 97 U+306A 656 1292 74 88 U+6065 253 2056 116 93 U+304F 279 2305 39 102 U+6210 1029 1293 98 121 U+3065 1418 2286 97 75 U+304B 1247 1995 39 65 U+308F 106 310 49 107 U+3093 457 947 122 102 U+306F 1234 404 84 56 U+4EE5 1221 2311 105 80 U+306E 844 1827 71 70 U+306A 1227 736 94 96 U+3044 1425 464 87 58 U+305F 98 413 67 82 U+4F55 440 487 111 108 U+304F 1255 835 32 103 U+3057 1425 2214 78 76 U+304A 656 642 80 64 U+306E 1046 665 69 69 U+80F8 1408 1802 113 123 U+968E 833 1590 98 114 U+3082 470 677 48 97 U+307F 1247 1189 41 83 U+304A 76 1649 87 70 U+5965 847 1355 80 137 U+3042 656 2344 76 93 U+304B 637 321 107 71 U+7530 1038 1417 75 67 U+306A 273 318 82 90 U+5B85 1031 1068 94 134 U+3068 676 1188 52 84 U+3076 1419 531 100 79 U+540D 76 913 87 114 U+306A 277 761 71 88 U+4F3C 1218 486 107 93 U+306B 1041 2539 72 56 U+304F 92 506 74 67 U+3078 644 787 109 63 U+55A7 432 2416 119 100 U+306F 293 598 52 95 U+96E3 645 935 94 117 U+3067 1033 2104 76 82 U+60C5 1411 980 107 124 U+3042 1236 1426 79 94 U+3044 72 2382 80 63 U+305D 665 2045 58 81 U+76F8 821 1913 105 99 U+3092 1419 1928 94 83 U+5C4B 1026 861 102 105 U+304B 287 2149 43 64 U+305F 651 2531 76 73 U+306A 459 1228 77 97 U+304D 1433 770 73 89 U+306B 1056 1213 49 64 U+306E 1046 996 71 68 U+85E4 1114 2205 76 92 U+69CC 1018 749 114 105 U+9152 826 1718 96 104 U+5BBF 1027 538 92 122 U+3093 270 399 132 107 U+306B 1235 315 81 88 U+306B 676 1956 44 62 U+305F 1238 1770 64 92 U+7531 1416 1587 87 94 U+308F 295 1441 39 82 U+305E 90 1536 68 107 U+306A 1425 1103 76 89 U+306E 657 2131 69 84 U+3066 671 1503 42 100 U+305D 862 320 54 80 U+3068 864 2150 43 82 U+304A 1416 2015 94 73 U+3092 82 1028 93 86 U+307E 74 2475 64 127 U+3068 294 1341 49 71 U+304C 855 2550 60 57 U+3056 83 2296 76 80 U+3055 88 1457 62 79 U+3057 1455 1281 16 130 U+3093 1037 2436 114 100 U+3081 666 708 58 78 U+3044 272 855 84 62 U+3093 828 2367 129 92 U+306F 455 396 89 59 U+307B 658 1789 77 73 U+5FC3 450 2018 102 82 U+5629 434 2527 108 85 U+6CCA 1023 1917 97 104 U+3067 71 2104 84 82 U+983C 830 2246 79 127 U+3060 839 2451 82 94 U+3093 656 1857 112 95 U+306F 1235 1710 78 55 U+3075 258 2537 90 73 U+3092 456 1535 96 88 U+3060 845 519 86 82 U+308A 1451 1187 37 88 U+306A 651 2439 87 88 U+3078 257 1901 102 49 U+5FA1 467 784 78 70 U+307B 1045 2370 67 74 U+306B 77 1720 73 88 U+305F 1230 1614 71 92 U+3057 1265 1857 19 131 U+306B 94 706 73 64 U+601D 255 2434 94 101 U+306B 483 321 39 75 U+304B 1449 616 35 54 U+3068 1451 373 45 79 U+3050 1233 1099 78 84 U+304C 293 1521 53 67 U+305E 475 860 71 94 U+3057 98 1873 23 121 U+3055 282 1817 60 76 U+3064 844 605 76 78 U+76EE 468 1793 64 106 U+5FA1 1028 1830 82 89 U+8FBC 838 955 98 93 U+306E 1043 447 69 95 U+306B 464 597 74 81 U+304F 97 1795 47 98 U+308A 1034 1619 63 119 U+305F 847 1252 66 87 U+3089 102 1239 35 89 U+3044 462 1329 78 81 U+3057 1462 2085 16 127 U+3064 649 406 103 96 U+624B 856 2014 44 125 U+59AC 453 1899 91 116 U+308C 852 1144 55 106 U+3078 1028 1573 88 42 U+307F 92 2020 34 81 U+3057 302 2208 21 107 U+308A 1058 2016 37 96 U+3089 862 1054 34 93 U+304B 292 688 42 74 U+3057 112 572 24 131 U+3057 1446 669 32 105,umgy008-026
U+306E 1220 976 75 85 U+5916 250 2288 106 139 U+5439 247 733 104 119 U+306B 1028 2553 83 63 U+5341 642 887 86 97 U+30A2 843 374 60 79 U+65C5 416 1451 119 122 U+4F59 1397 2297 94 123 U+884C 435 525 98 135 U+6577 69 1193 89 138 U+3067 633 1329 85 86 U+3082 79 309 54 112 U+5009 805 1744 130 141 U+3067 831 1880 80 87 U+5E74 634 1528 97 184 U+4E5D 635 999 104 92 U+8A00 1204 1323 79 147 U+4F50 809 1607 110 127 U+306E 75 1332 74 69 U+306A 1018 1006 83 83 U+6B73 635 1186 95 144 U+306A 818 1084 99 97 U+53C2 641 2477 81 140 U+3042 1410 1280 79 81 U+82B8 251 2485 98 143 U+3066 468 2102 55 114 U+306E 260 2188 76 89 U+3044 1209 1818 85 63 U+304A 1399 1620 91 62 U+5384 623 1429 115 113 U+9022 818 1966 100 153 U+3066 86 2141 55 122 U+7ACB 76 686 67 122 U+8449 1217 1475 78 141 U+5FC3 818 1194 110 93 U+9999 1015 704 89 138 U+3064 1395 2412 97 115 U+8272 1009 544 107 157 U+6210 636 1991 93 122 U+304C 1422 1795 65 58 U+6D99 1211 828 110 133 U+3072 1405 2205 99 79 U+616E 1214 470 79 155 U+306B 452 450 74 65 U+8A63 420 324 120 124 U+60C5 1008 321 106 129 U+306E 834 2307 76 96 U+7531 1388 1698 103 87 U+98A8 1397 1860 108 117 U+85E4 1006 1725 112 133 U+8EAB 57 420 93 156 U+306A 68 947 80 75 U+3068 279 1921 48 73 U+308C 259 1403 68 126 U+7A0B 1012 1112 101 117 U+5FC3 1014 1528 104 115 U+60C5 1396 1966 96 121 U+3044 1214 2290 83 57 U+5B50 458 1083 69 102 U+306E 452 1339 73 102 U+306E 265 445 74 83 U+306B 265 659 71 61 U+306B 268 2419 58 62 U+5143 1210 1198 106 112 U+7C8B 1008 859 105 149 U+3082 76 548 55 118 U+60C5 241 314 106 128 U+305F 646 318 69 102 U+98A8 248 534 112 135 U+3059 1414 1516 64 94 U+3075 1193 2150 103 81 U+305A 1222 1711 70 94 U+3059 248 1315 83 97 U+3068 471 1864 47 96 U+6D41 248 878 102 120 U+6642 823 2403 101 126 U+9023 441 1190 97 147 U+9060 1212 322 83 143 U+8DEF 434 683 107 118 U+5175 1036 1864 54 111 U+306F 1032 2108 60 103 U+3044 1219 2095 75 60 U+308C 267 1096 66 126 U+885B 1022 1976 85 129 U+3081 645 690 73 79 U+601D 1398 2113 90 92 U+304B 434 1597 95 70 U+306F 68 2571 87 47 U+305F 460 2209 63 97 U+3089 662 1885 39 98 U+773C 1197 1084 112 107 U+6D3E 61 810 118 112 U+306B 1028 1649 72 67 U+3060 1409 404 91 86 U+53D6 69 1413 76 120 U+304A 634 622 93 68 U+304A 69 2282 79 61 U+8584 435 2517 98 111 U+3059 1225 629 62 107 U+306E 1027 455 76 85 U+3078 630 2398 113 77 U+89AA 436 938 110 138 U+308C 73 2015 70 122 U+304F 1407 319 81 86 U+3082 848 1296 45 121 U+305F 263 1224 76 82 U+307B 1028 2376 81 90 U+5EA7 67 1029 86 163 U+307E 1224 2417 57 84 U+304E 455 1751 79 103 U+3068 1423 967 55 72 U+3055 1220 2502 64 69 U+898B 822 747 87 106 U+306B 1223 2230 70 56 U+6B21 441 811 102 114 U+5BDF 1017 1241 85 153 U+305D 839 2224 63 83 U+7530 633 2134 87 87 U+3061 837 1421 70 92 U+308B 1230 733 45 76 U+8AA0 1385 1058 117 121 U+3060 645 1721 87 94 U+308B 1232 2572 43 53 U+3060 837 1516 82 74 U+306F 846 2526 53 91 U+3088 84 2348 42 95 U+306E 647 1109 67 74 U+306F 644 820 85 61 U+3092 1406 1183 89 90 U+3093 1031 2455 121 87 U+3055 1412 499 72 88 U+307E 1420 672 51 113 U+306C 1201 1942 100 86 U+601D 250 2012 91 88 U+30DE 841 322 61 42 U+305B 430 1657 95 90 U+805E 445 1969 92 143 U+304B 1229 1633 46 78 U+306F 1213 1883 76 58 U+85E4 1086 2212 86 98 U+3044 63 1880 86 61 U+304B 469 2414 39 54 U+306F 1215 2029 82 52 U+3089 275 1596 40 113 U+305F 831 2121 76 82 U+3072 255 2099 88 87 U+3055 270 1007 56 86 U+306F 1406 1450 86 67 U+3044 1404 587 79 86 U+3066 1427 2518 47 98 U+3055 648 2224 66 76 U+3084 828 940 82 54 U+306B 453 2466 79 52 U+306F 64 1944 83 74 U+307E 642 2297 74 97 U+3084 1207 2345 93 66 U+304B 640 545 62 73 U+30C8 96 1796 29 89 U+308B 844 853 47 72 U+3046 841 994 40 101 U+3057 677 416 19 126 U+304B 659 1817 37 70 U+5EFB 63 1532 75 91 U+3057 283 1699 23 198 U+3057 489 2300 18 113 U+3078 631 773 101 46 U+3057 105 2441 14 112 U+304B 279 1531 34 66 U+3057 1445 782 19 156 U+3089 1431 1386 32 64 U+3057 1058 1388 21 147 U+5922 818 469 91 133 U+3057 104 1619 28 160 seg_fp 809 577 89 71 seg_fp 1042 2851 69 12 seg_fp 825 658 41 36,umgy008-028
U+5C0F 1473 985 82 58 U+306E 1477 1143 66 55 U+65BC 1332 1059 97 83 U+7531 1351 1166 72 65 U+6885 1466 1060 91 81,umgy008-033
U+6ADB 836 682 102 114 U+306E 444 2124 69 59 U+306B 449 978 77 71 U+306E 153 1190 52 75 U+5E74 596 1139 96 120 U+306E 618 691 68 82 U+6625 992 2225 129 130 U+3082 299 633 48 97 U+306E 614 1440 65 63 U+306E 452 771 69 58 U+8349 602 768 84 124 U+304C 629 2383 55 52 U+6C34 1012 2369 117 90 U+6C38 76 1626 114 116 U+4F5C 598 1623 100 113 U+3086 449 1436 74 80 U+306A 440 2359 64 75 U+7980 69 2410 106 153 U+6625 1411 2330 132 103 U+6C38 1005 2102 111 103 U+306A 611 2448 73 81 U+4E39 414 1913 123 88 U+7A0B 280 1264 90 99 U+67F3 843 1962 108 116 U+4E3B 88 2000 83 119 U+6587 82 1480 114 123 U+672C 421 2269 110 85 U+305A 440 1196 90 77 U+4F5C 1002 2515 113 107 U+70BA 613 2158 79 115 U+9EC4 823 362 112 122 U+3084 443 634 80 53 U+5DDD 849 2105 86 108 U+8AA0 418 2010 113 107 U+3042 448 1050 68 85 U+672C 142 1099 90 82 U+8EAB 882 1421 186 174 U+5A66 1286 403 223 280 U+306E 852 788 65 57 U+70BA 1016 1960 102 141 U+4E38 117 1359 120 91 U+306A 435 1602 87 84 U+91CD 835 2227 94 103 U+3081 286 796 68 67 U+306E 288 1197 58 66 U+306E 618 2078 71 77 U+3052 613 2522 78 87 U+5C0F 846 626 83 63 U+4F1D 1282 1283 234 250 U+6301 869 1587 201 176 U+7D19 608 894 100 112 U+5F53 607 1029 82 112 U+9999 1247 1854 121 117 U+5973 1291 679 215 156 U+56FD 1252 2324 90 86 U+5802 68 1762 115 122 U+5947 605 1511 84 112 U+7B2C 615 1267 62 115 U+697D 1000 365 99 109 U+306E 1027 711 62 52 U+5DDD 1254 2232 94 99 U+7269 136 931 101 95 U+5949 284 1504 64 119 U+9AD8 282 937 85 115 U+6728 837 479 88 93 U+504F 270 1370 108 133 U+4F0F 55 2295 135 100 U+8C9E 1246 2406 96 116 U+4F5C 1399 2500 132 106 U+4EBA 51 2129 159 130 U+4FE1 825 2377 120 111 U+6ADB 1009 603 99 111 U+308A 465 685 37 86 U+713C 997 470 125 94 U+306E 74 1894 87 93 U+9858 272 1623 87 90 U+3082 454 1830 51 69 U+8CE2 1305 1030 193 258 U+5A18 857 1286 226 149 U+306E 1027 563 64 47 U+6C38 1417 2252 133 72 U+304F 471 1505 32 87 U+4EAD 1428 2030 111 118 U+6C38 610 2273 91 97 U+753B 1239 2520 117 83 U+6247 857 1731 188 196 U+5FA1 285 874 70 63 U+653F 1007 764 114 74 U+554F 126 1278 91 90 U+4F73 425 2189 100 74 U+4F8B 595 1978 101 103 U+306E 857 572 64 52 U+5F62 996 899 104 98 U+5FA1 435 2534 80 62 U+4E0A 277 1712 82 60 U+64CD 827 843 110 92 U+3058 446 1361 92 77 U+7B46 445 833 75 145 U+3053 629 634 44 56 U+70BA 1422 2140 107 115 U+6C34 1407 2428 112 80 U+308A 443 2430 48 90 U+306B 633 1740 36 62 U+306E 145 1029 69 60 U+516B 1304 903 185 87 U+304C 463 1682 52 57 U+72C2 1416 1854 131 97 U+89A7 287 1063 98 124 U+306F 615 979 67 42 U+8776 1247 1966 120 90 U+6B4C 1240 2146 123 94 U+697C 1250 2054 110 97 U+8A13 1410 1948 123 94 U+753B 838 2534 111 83 U+5B50 1021 840 68 64 U+3066 635 1875 49 100 seg_fp 294 1781 35 82 U+5F53 879 997 201 191 U+4E16 876 1191 196 94 U+4E00 609 1399 75 13 U+3089 457 1132 40 70 U+307F 464 1285 35 72 U+5168 1200 1157 79 83 U+3068 301 726 36 68 U+5F62 826 925 104 90 U+5165 1197 1058 93 46 U+3057 648 1801 19 74 U+888B 1194 936 79 108 U+5341 1202 1262 65 55 U+30CB 336 1475 25 42,umgy008-040
U+3082 265 2317 52 87 U+591C 77 458 89 148 U+3031 1432 759 61 181 U+8EAB 628 1330 98 126 U+3031 1242 856 56 204 U+3082 1032 561 59 98 U+306F 1022 365 84 46 U+3082 644 2369 53 82 U+3082 1038 949 54 102 U+3089 1407 2111 70 97 U+639B 241 1255 118 123 U+306F 663 355 56 119 U+6B69 1213 1059 90 148 U+898B 1015 1059 96 114 U+304A 67 1334 85 53 U+3067 832 356 83 85 U+3051 830 1494 84 91 U+3066 275 1383 47 108 U+884C 1206 1214 109 124 U+3044 629 2540 87 57 U+304A 824 2507 85 51 U+7BC0 74 1156 81 163 U+3084 250 1513 92 73 U+3051 1411 1267 89 111 U+8584 431 2230 101 135 U+3066 663 1217 49 109 U+30E8 1246 1524 49 49 U+3046 293 651 36 106 U+3067 629 2302 89 66 U+3081 447 1620 74 83 U+85E4 635 474 108 125 U+30C8 865 1802 35 82 U+306B 455 581 72 67 U+306A 827 2125 77 85 U+7740 435 2372 91 119 U+3067 1222 2038 72 106 U+3059 1408 1169 98 94 U+308A 273 1586 42 103 U+3044 1406 1894 96 56 U+529B 1411 2484 66 92 U+9577 1194 2164 101 137 U+6B7B 626 2102 91 111 U+304C 663 814 68 56 U+3067 1430 461 67 116 U+308C 828 1582 89 115 U+3084 1211 731 104 72 U+3042 1030 420 85 83 U+3084 1394 1947 103 79 U+6765 64 2290 85 143 U+3044 823 2378 79 55 U+308C 1027 844 72 104 U+5BD2 257 355 99 131 U+3072 822 2035 97 84 U+3066 473 1044 45 119 U+7531 700 1971 61 62 U+3068 84 1948 51 92 U+6298 70 1036 88 110 U+308D 1413 682 80 92 U+307E 1434 354 52 102 U+8D64 445 1396 90 138 U+3048 1020 1176 86 109 U+7C21 839 811 70 137 U+606F 62 1580 89 154 U+306A 831 959 81 81 U+85E4 324 1686 68 95 U+898B 634 1106 101 111 U+884C 1403 961 102 120 U+308C 1412 1372 74 108 U+34B5 448 1168 82 137 U+5BD2 244 2416 82 142 U+30C8 115 362 34 79 U+308A 73 2432 56 91 U+305D 1424 595 69 85 U+3075 802 2431 109 68 U+306D 829 445 99 103 U+306D 1016 1289 107 102 U+3064 1009 2232 102 126 U+308D 271 560 72 92 U+3059 1210 1421 92 96 U+3092 442 1307 90 91 U+34B5 644 894 85 128 U+75C5 1198 2307 101 133 U+7F8E 1022 1566 84 138 U+304D 74 1832 60 113 U+3078 1018 1387 107 59 U+4F55 239 1935 106 99 U+30C8 507 358 26 75 U+308C 243 2239 118 84 U+7740 246 1004 82 141 U+304A 244 2173 94 65 U+7531 820 2572 89 74 U+819D 436 454 110 121 U+5175 656 593 61 102 U+306D 823 1134 102 103 U+3078 821 1239 114 55 U+3060 835 1407 80 80 U+3068 1040 2047 50 94 U+3092 644 1017 93 85 U+7740 70 612 75 147 U+306B 1418 1809 78 72 U+308A 1213 1928 74 107 U+3089 854 2269 25 91 U+75C5 1008 2428 105 129 U+51E6 813 1303 110 102 U+904E 1022 1855 79 113 U+306A 1227 365 82 74 U+4EBA 991 2556 138 94 U+601D 1011 2148 96 93 U+3075 631 1539 90 100 U+7A0B 1388 2374 110 102 U+591C 260 860 87 139 U+307F 1428 2029 40 83 U+5E30 55 2052 108 120 U+3057 1057 1701 18 132 U+305B 60 1736 79 94 U+3066 1209 2580 75 77 U+3092 262 1152 81 89 U+8776 55 1399 103 123 U+3092 646 1452 86 83 U+3068 854 580 50 90 U+85E4 512 2060 74 98 U+304C 1406 2586 72 53 U+30A2 273 1835 52 55 U+885B 656 695 83 108 U+308A 100 2170 39 93 U+30E8 665 2594 46 51 U+3092 81 760 86 87 U+85E4 1283 1587 79 95 U+305F 1032 2343 60 78 U+3057 455 668 85 82 U+304B 290 490 39 74 U+3054 1036 768 81 76 U+3067 1041 1443 68 109 U+3089 852 1040 41 89 U+3069 1222 1733 72 80 U+3046 1224 1818 56 119 U+3067 442 2503 82 72 U+3078 829 553 108 44 U+307E 1421 1080 53 96 U+7B11 824 1897 83 139 U+3044 454 973 79 70 U+307E 1232 1322 41 103 U+3069 1425 1478 68 87 U+307E 1425 1571 55 93 U+3093 629 2203 122 95 U+3060 254 2035 86 84 U+3046 1244 803 36 96 U+3066 1240 588 45 106 U+306F 73 1526 75 47 U+3069 853 1702 54 94 U+3088 1046 667 42 97 U+307F 478 806 36 87 U+3064 450 908 82 62 U+3044 1400 2307 85 65 U+3064 435 1815 89 81 U+304B 263 2118 46 56 U+3076 65 904 97 69 U+304C 850 2207 61 61 U+3080 450 1895 83 78 U+30C8 324 775 31 78 U+3057 95 2524 16 120 U+304B 99 843 38 63 U+306F 445 2584 72 52 U+3088 656 2465 40 72 U+3044 243 2563 86 67 U+3057 674 1789 25 151 U+3046 462 1720 36 98 U+308B 92 971 45 58 U+304B 1048 498 42 62 U+306B 1223 2441 40 66 U+304F 1244 424 61 95 U+308F 657 1701 43 92 U+308B 1040 1969 49 62 U+3089 465 1535 33 97 U+308B 652 1636 46 60 U+304C 478 753 61 52 U+304F 471 1951 49 106 U+30FD 285 1889 22 28 U+30C4 1248 531 50 52 seg_fp 1425 1661 49 56 U+4E86 839 689 64 112 U+3057 1425 2206 22 102 seg_fp 1429 1719 47 89 U+3057 1237 2506 26 80,umgy009-006
U+3082 182 1663 49 100 U+3082 183 1279 52 93 U+306E 1519 1524 70 66 U+306E 1333 1037 66 58 U+306E 1521 1727 73 72 U+3084 1126 617 85 75 U+514D 748 564 100 130 U+304A 1134 435 80 52 U+5185 743 2233 89 102 U+91D1 163 2079 107 110 U+304A 1133 1025 80 57 U+5206 727 2346 110 107 U+3093 931 1326 105 119 U+306E 1135 933 76 74 U+7537 1518 1379 80 124 U+304A 1129 1579 87 57 U+8EAB 1502 1593 92 129 U+304A 740 1737 88 60 U+30A4 378 637 53 85 U+639B 736 2001 116 116 U+80F8 1500 578 121 128 U+304A 359 1074 85 53 U+3092 1135 1206 75 65 U+3082 582 755 44 98 U+3064 1326 603 81 111 U+306A 1129 2024 83 75 U+306A 179 2366 77 78 U+306A 171 572 84 71 U+3078 161 2018 116 55 U+306E 614 1644 60 59 U+65B9 161 1902 92 102 U+306B 754 1916 75 67 U+304C 190 2207 63 58 U+4ED5 1311 1616 107 97 U+3084 1514 2139 85 83 U+5165 161 2281 108 67 U+7533 1148 1895 44 119 U+8776 1192 2204 79 85 U+8776 1123 500 101 112 U+7537 447 485 51 89 U+30A2 949 779 59 82 U+5927 1318 1302 94 95 U+82E5 1317 335 91 119 U+304A 933 1187 92 51 U+30A6 381 958 53 91 U+3092 1322 1533 76 75 U+8AF8 162 1774 109 116 U+3078 1516 723 97 38 U+3052 559 534 95 96 U+304A 545 2357 92 53 U+305D 1143 856 57 73 U+7FA9 1336 903 73 127 U+3078 1507 1905 105 53 U+3059 361 1494 92 94 U+3066 574 338 48 110 U+76EE 761 1813 60 100 U+4E0A 942 1256 76 71 U+305E 757 1623 69 93 U+7531 1216 335 53 61 U+304A 1516 331 90 70 U+5F53 1517 1156 87 144 U+65B9 1131 1090 78 93 U+30CF 381 602 70 42 U+3092 552 2553 85 71 U+30A4 569 2248 51 93 U+3078 1129 1518 101 58 U+8AA0 339 2448 120 98 U+96E3 1324 789 101 105 U+30E2 373 895 62 51 U+5185 416 2166 59 83 U+3072 417 1828 58 58 U+304A 935 333 84 68 U+304C 1533 502 74 68 U+306A 420 1887 57 65 U+306A 622 1184 54 65 U+305F 1334 1893 59 93 U+30C4 405 379 46 65 U+306B 378 2557 46 65 U+6848 1317 2189 90 132 U+5C11 942 2525 79 91 U+901A 1123 1649 91 107 U+3090 175 905 85 74 U+5FA1 756 497 78 53 U+30A4 939 2108 60 84 U+3044 525 1932 60 38 U+7D50 169 342 92 98 U+3066 769 2116 43 109 U+7531 1518 401 89 82 U+3066 562 646 66 65 U+304A 1507 2340 93 69 U+308B 191 2542 52 83 U+304B 356 1140 94 74 U+3068 1349 699 44 77 U+30C8 589 1101 34 72 U+30A2 1147 760 53 86 U+8776 630 2112 77 81 U+30CF 950 2063 71 42 U+69CB 168 448 96 109 U+308C 1329 2542 54 79 U+7537 1015 1953 50 88 U+3072 1329 457 81 80 U+30DE 954 723 61 42 U+5909 1333 1396 64 133 U+3060 180 987 78 90 U+30CA 1149 2100 55 79 U+3093 940 2282 83 73 U+308B 1346 1981 40 67 U+306A 759 696 75 84 U+7537 441 2328 58 91 U+3078 550 717 104 53 U+3046 195 1162 37 113 U+304A 169 657 87 61 U+61F8 1322 1119 90 102 U+3042 619 1348 56 64 U+3042 566 445 75 93 U+306A 944 2360 77 80 U+306A 940 1449 77 88 U+3061 1140 1352 68 84 U+30E2 1144 2488 65 56 U+8336 560 2418 73 127 U+3093 177 1568 90 93 U+306B 624 1250 56 54 U+3089 1335 2457 58 82 U+304C 569 1016 74 62 U+3057 1174 1762 15 126 U+30AE 1531 776 82 91 U+30F1 368 837 78 48 U+3088 1537 1943 44 97 U+85E4 161 1380 92 114 U+3082 1536 2038 42 104 U+304D 612 1526 63 69 U+30DE 1143 710 63 39 U+3093 946 614 82 92 U+3069 187 1085 73 75 U+30CF 567 2213 71 51 U+51FA 1327 1725 82 69 U+306E 563 853 73 69 U+3057 786 333 16 132 U+3078 935 497 106 53 U+304B 1343 2055 41 61 U+3055 536 1794 46 58 U+3058 1359 2314 37 137 U+3066 614 1938 45 51 U+307E 184 791 50 114 U+307E 946 398 53 94 U+3061 949 959 66 80 U+3044 418 1784 59 44 U+308B 1532 1299 51 68 U+3060 557 928 84 81 U+3069 762 1436 79 75 U+30B3 769 1321 44 36 U+306B 763 2463 38 67 U+30CA 386 1580 55 70 U+305D 620 1585 48 60 U+3092 415 2250 73 66 U+3082 1531 2407 46 93 U+30EC 765 1370 70 53 U+3060 531 1968 55 47 U+30C4 1538 877 59 73 U+307E 951 1691 48 93 U+3092 529 1534 60 58 U+30B7 1138 2559 87 62 U+305D 948 2211 54 72 U+30A2 1134 2301 64 70 U+3068 1533 2236 43 92 U+30AF 1521 949 63 93 U+3044 752 868 83 63 U+3044 940 1617 78 73 U+306F 621 1825 43 62 U+8336 539 1187 56 94 U+3055 185 2463 52 73 U+306D 333 1996 61 64 U+307E 766 942 51 86 U+4E00 368 341 81 17 U+3031 363 1887 40 121 U+3089 420 1995 38 73 U+304F 532 1605 53 50 U+304C 429 1954 50 41 U+304B 627 1303 36 46 U+3078 928 1112 117 53 U+308F 552 1280 32 63 seg_fp 1147 2427 44 41 U+3046 621 1988 30 59 U+3089 974 2438 32 74 U+3084 612 1407 67 51 U+3055 952 545 54 70 U+308D 338 1852 56 57 U+3093 539 1340 66 55 U+30A4 400 741 39 87 U+3081 339 2058 49 50 U+3053 617 1706 44 49 U+3069 1529 2526 68 91 U+307E 374 1212 54 106 U+3055 758 788 58 72 U+304A 609 1893 61 39 U+3044 367 1317 80 73 U+3059 178 713 63 87 U+30A4 1130 2349 49 65 U+306F 609 2047 62 34 U+3046 1533 1808 36 91 U+308B 1339 1221 54 73 U+307E 379 1397 47 99 U+3055 179 1499 57 71 U+3053 1145 1286 46 64 U+3068 1344 2116 43 68 U+3057 780 2522 23 95 U+30EA 1538 1031 40 102 U+3055 948 1538 57 73 U+30C8 402 1695 24 74 U+306F 331 2180 58 48 U+3058 337 1784 63 66 U+3057 977 1783 20 131 U+3088 1354 532 36 74 U+3046 765 1516 44 116 U+306B 547 1389 35 44 U+3078 1510 2506 81 41 U+3053 953 871 51 77 U+3068 623 1755 34 68 U+30A2 770 1193 51 64 U+3066 542 1728 43 73 U+3057 788 1025 19 133 U+307F 549 1656 23 67 U+3057 552 2014 14 78 U+307E 343 2115 36 64 U+3057 555 1853 13 82 U+5BB6 412 2105 65 65 U+3057 1368 1788 16 93 U+3089 1152 1437 30 78 U+3089 966 1038 28 75 U+30FD 778 1258 22 34 U+3057 635 1456 17 74 seg_fp 1 59 74 135 U+3057 365 2224 13 83 U+8336 535 1471 54 62 seg_fp 423 2070 36 39 seg_fp 538 1438 48 47,umgy009-019
U+508D 256 1010 104 123 U+304A 1231 700 94 61 U+304A 1233 2212 87 52 U+4ECA 828 2501 109 117 U+3031 1057 748 58 226 U+304A 1035 1497 92 61 U+6848 80 622 94 140 U+7D42 1426 710 100 123 U+306E 1427 2549 82 66 U+304A 842 1029 85 57 U+3092 274 331 82 73 U+7531 1306 1451 61 64 U+5408 68 1486 118 119 U+5206 666 427 82 120 U+304A 265 1437 88 60 U+51FA 1237 2286 90 72 U+3066 106 858 44 120 U+304A 1033 2471 90 57 U+4ED5 1411 1398 109 103 U+3089 1449 579 53 106 U+3082 274 2191 64 99 U+306A 1431 1080 78 87 U+7ACB 1246 1098 65 109 U+304B 1427 497 90 83 U+304A 82 993 93 63 U+304A 262 2001 94 60 U+805E 267 1130 88 134 U+3078 649 1011 101 63 U+304B 477 582 48 69 U+58C1 1212 324 107 124 U+3082 660 2551 67 77 U+3059 1034 2379 94 97 U+5C11 851 739 84 111 U+3090 655 1888 86 80 U+306B 1043 1414 79 60 U+7531 89 1066 73 78 U+898B 82 1373 79 116 U+7121 1427 845 87 116 U+3064 82 2290 85 94 U+304C 472 1919 66 72 U+8A34 1220 467 106 104 U+306B 476 2421 52 67 U+3066 1258 1307 42 119 U+98A8 276 744 102 124 U+304A 1035 1170 92 72 U+306A 275 1800 70 87 U+3067 1041 1954 84 83 U+3066 864 1496 47 122 U+3089 858 619 48 112 U+5B85 656 870 100 128 U+4F55 256 2297 106 101 U+7537 1119 548 56 89 U+306A 456 1767 80 89 U+5410 75 1956 103 71 U+3060 1433 1870 75 87 U+308A 476 2302 55 109 U+30DB 100 1719 66 47 U+6642 643 321 103 104 U+30C4 95 1778 59 76 U+304F 476 1658 37 90 U+60C5 267 874 103 117 U+304A 640 2399 96 69 U+3057 458 2112 93 89 U+9854 77 1250 94 103 U+51FA 1237 1220 87 84 U+6B21 1233 938 97 95 U+7531 271 1509 80 95 U+72B6 1226 583 104 100 U+30CF 1061 671 65 46 U+307B 1046 1241 77 83 U+5176 281 621 80 123 U+30A2 1243 1622 54 76 U+305D 480 663 56 87 U+6C17 455 2497 77 128 U+3084 256 2394 96 65 U+3068 480 1025 45 84 U+7B48 1421 1741 82 128 U+6709 479 336 62 117 U+51FA 657 1154 92 83 U+3082 1435 1283 68 99 U+3078 459 534 100 47 U+308B 1437 1664 46 75 U+3032 103 2404 71 171 U+51FA 650 2467 101 79 U+30A4 1054 995 46 87 U+7336 444 1125 102 110 U+306A 845 462 74 92 U+3068 98 2544 49 77 U+8776 254 2070 114 119 U+306D 642 1546 102 111 U+3080 276 527 86 83 U+30DE 1243 1568 66 43 U+3065 451 1408 90 87 U+306F 272 1605 80 62 U+306A 1229 2388 94 85 U+66F4 266 1678 90 118 U+3059 469 856 64 96 U+306A 1429 1499 73 90 U+30F1 1045 1090 72 53 U+304F 654 1712 80 77 U+3078 641 1663 107 45 U+305B 81 1603 77 81 U+8A71 1027 1663 106 104 U+30C8 489 2002 37 85 U+304D 1041 1325 82 90 U+3059 283 1266 54 99 U+3080 452 1332 93 82 U+3082 297 415 42 108 U+7531 1242 777 72 94 U+30C8 1464 1974 25 72 U+3058 682 1980 50 106 U+3061 1244 1981 70 83 U+3092 89 2187 86 90 U+3055 1439 328 65 87 U+30A4 1064 706 41 88 U+304A 652 1080 84 73 U+3068 100 1157 42 80 U+304F 846 1618 77 76 U+805E 1425 2058 83 121 U+30C8 111 1860 35 91 U+307E 1035 1860 81 94 U+3046 483 751 41 111 U+3084 642 2087 91 74 U+30A2 673 2164 47 75 U+606F 78 2048 94 136 U+80F8 253 2527 108 98 U+308A 290 1883 43 111 U+7F6E 845 1095 78 148 U+308B 477 952 45 64 U+304E 97 505 64 104 U+304B 458 1490 85 76 U+304D 471 2204 66 99 U+7406 1423 980 92 86 U+308B 284 1360 47 64 U+30A6 643 2302 75 92 U+3078 1231 2145 111 57 U+307E 1051 2294 48 96 U+4E16 1030 1568 102 93 U+6B64 649 792 97 78 U+3064 844 1422 81 76 U+3060 846 1693 80 85 U+3054 1050 2052 79 69 U+306A 852 1247 72 81 U+30E2 665 2241 56 50 U+30C8 1261 1804 34 71 U+3055 92 333 58 76 U+3057 879 863 18 146 U+30C1 1251 1725 63 78 U+304C 863 556 64 65 U+308B 1445 412 42 59 U+3055 1247 2477 52 80 U+3055 1048 1783 55 78 U+3057 840 2222 91 89 U+90AA 1025 2527 105 98 U+306F 1238 877 73 51 U+3081 472 458 66 67 U+3089 672 1789 37 100 U+308F 103 413 46 92 U+3055 855 1793 56 81 U+307E 672 557 51 98 U+3044 1236 2561 86 58 U+3053 1247 1901 58 70 U+3055 1435 1593 55 71 U+3056 1044 2126 82 86 U+3044 1036 2217 79 77 U+303B 485 1244 34 74 U+308B 469 1850 51 67 U+307E 1057 326 58 88 U+307E 863 1965 48 94 U+3055 662 1357 55 81 U+3044 840 1878 84 85 U+304F 100 2376 40 79 U+306A 659 1256 74 97 U+3088 1454 2269 37 69 U+3089 661 1441 45 107 U+3059 842 1327 74 94 U+3058 122 754 47 102 U+3067 673 658 57 123 U+3048 1428 2174 83 88 U+3057 1074 410 26 131 U+3057 881 2359 23 124 U+3057 882 2055 19 140 U+304C 1450 2341 54 58 U+3057 1464 2396 14 117 U+3089 288 2460 41 81 U+304B 869 2308 44 56 U+5E7F 835 321 91 142 U+3078 1236 1056 101 46 U+3089 1260 2065 34 79 seg_fp 504 1557 18 102 seg_fp 26 26 78 40,umgy009-020
U+306E 646 856 72 72 U+306E 831 1102 80 77 U+53EF 1018 960 97 97 U+306E 1413 1567 71 77 U+696D 814 1316 108 155 U+306E 1029 572 71 80 U+6625 1399 1432 109 126 U+306E 1026 1503 71 59 U+306E 1410 2452 72 64 U+6587 817 2393 109 120 U+6696 1392 1203 97 126 U+4E2D 1404 2529 79 88 U+5176 830 895 81 120 U+306E 455 2336 71 75 U+306E 1407 1109 77 85 U+306E 266 741 74 67 U+756A 256 619 104 114 U+4E09 1024 359 86 67 U+306E 79 524 70 66 U+306E 1027 1292 76 85 U+6885 1393 358 114 117 U+355D 1213 973 95 134 U+60C5 66 1364 92 113 U+304C 1228 2567 64 62 U+6C17 77 1123 60 147 U+7B4B 1020 446 87 118 U+9593 822 1653 87 96 U+89E3 1396 1924 97 118 U+4F1A 435 2527 124 118 U+306E 642 2213 75 77 U+4FE1 1004 1786 99 91 U+516B 1211 2483 100 63 U+3066 1216 2243 71 72 U+611B 1023 1078 88 117 U+8336 263 475 85 130 U+7CF8 1030 665 72 136 U+51E1 72 1874 101 103 U+3031 1236 580 57 211 U+5973 1006 1388 111 88 U+3066 84 1757 47 105 U+65B0 431 1232 100 120 U+4E39 803 2022 123 95 U+3084 1402 2049 86 76 U+4E94 641 1904 86 75 U+6D41 66 2320 113 102 U+3066 283 1782 46 115 U+7BC4 258 1174 110 113 U+4E8C 452 514 73 49 U+9CF4 250 2306 100 120 U+547C 250 2447 99 98 U+6D6E 1210 846 94 113 U+843D 259 833 86 131 U+5C45 1203 1629 93 99 U+5730 60 427 105 94 U+306E 453 1144 82 76 U+610F 78 982 72 138 U+90CE 843 2221 69 138 U+98A8 71 615 102 104 U+53CB 449 2117 93 98 U+306E 262 972 73 69 U+5FF5 1008 1634 112 126 U+306A 1219 494 72 77 U+7C73 1221 2350 70 105 U+4F4F 1203 1515 95 98 U+5E2B 257 1065 96 105 U+306E 76 1475 73 83 U+6D6E 68 1996 98 112 U+6240 262 351 90 114 U+70B9 640 2312 84 104 U+884C 61 2455 98 104 U+6614 260 1465 89 123 U+306E 78 2204 76 83 U+3082 1234 1213 44 96 U+6D3B 824 1197 96 114 U+304D 1398 2220 87 76 U+6587 438 1389 103 107 U+3082 273 2023 55 88 U+5BC4 452 2424 102 92 U+6B21 824 2128 91 85 U+5411 1402 1742 91 102 U+3066 473 1997 48 115 U+3055 1415 1346 61 75 U+6587 632 2005 102 98 U+306B 1414 1846 70 62 U+4EEE 1206 1401 106 99 U+3072 1024 2200 88 73 U+3086 1400 2295 83 67 U+4E16 818 1551 105 73 U+3065 1406 961 94 109 U+4ED5 1010 2543 108 87 U+3064 828 1765 80 105 U+3059 272 2207 60 87 U+306B 1028 2030 73 63 U+8AB9 630 1590 110 92 U+7D76 257 1661 88 108 U+308B 1229 1306 41 73 U+3092 73 2577 74 62 U+5B9F 1018 1892 86 133 U+65E5 848 1030 52 66 U+3064 1212 1113 76 103 U+3066 852 755 45 119 U+306E 649 2418 69 73 U+3089 460 1863 64 91 U+306A 647 1158 73 89 U+88CF 1212 348 86 132 U+53E5 454 1486 76 105 U+4EA6 444 756 91 125 U+9001 827 348 88 111 U+6B64 258 2562 92 82 U+3044 645 2494 77 45 U+30C9 474 950 53 80 U+6240 632 939 97 99 U+8ACB 812 645 97 108 U+4E0A 454 585 76 76 U+306F 652 442 75 54 U+3093 1408 870 104 84 U+65E5 1420 1664 47 60 U+3093 1406 636 128 87 U+805E 253 1914 91 121 U+6E90 62 1576 94 109 U+3084 639 1803 84 91 U+305B 268 2119 74 82 U+306F 268 1403 75 55 U+306F 453 431 76 56 U+3078 441 1958 103 49 U+3070 660 615 59 85 U+308C 1220 1834 66 114 U+5B57 634 2102 84 112 U+3092 826 539 91 83 U+517C 1216 2095 79 145 U+308B 1040 2452 41 69 U+4F5C 629 1045 105 107 U+30FE 479 1047 43 39 U+306F 830 1477 76 58 U+306F 450 881 74 54 U+601D 1021 2112 85 87 U+571F 82 363 66 56 U+304D 1418 2365 61 87 U+4F7F 811 2535 129 93 U+3055 1039 1222 49 69 U+306B 1232 776 34 70 U+3057 1057 812 17 134 U+304D 652 1245 62 94 U+8AE7 625 1697 109 102 U+307E 659 1354 49 81 U+306F 271 1593 70 59 U+3068 89 1276 43 82 U+308B 85 906 43 60 U+4E00 1412 505 80 19 U+4E16 60 2120 102 84 U+4FD7 69 723 87 108 U+4E00 1410 745 79 23 U+308A 671 749 35 100 U+3078 1203 2036 112 49 U+3053 461 1694 55 62 U+305D 1229 1753 53 80 U+3060 1030 2376 82 75 U+540D 625 510 96 105 U+8FBC 1010 2281 102 95 U+3055 1228 1950 49 79 U+306B 641 1499 74 65 U+4E00 1029 1601 75 17 U+3059 1422 2129 48 86 U+306B 85 1687 38 70 U+305F 81 835 60 71 U+308A 483 657 35 78 U+3092 456 1590 87 85 U+308A 1418 795 53 83 U+308A 1422 555 56 87 U+308A 847 462 40 89 U+3068 281 1304 49 91 U+307E 648 2585 72 61 U+306B 468 354 43 74 U+3068 668 346 46 90 U+4E00 440 1117 94 18 U+9054 452 2215 102 114 U+304F 829 1872 73 64 U+3057 491 1751 22 126 U+304B 670 701 27 50 U+308B 847 1940 43 60 U+304B 1239 569 37 50 U+3068 670 2536 36 49 U+309D 1447 1063 21 42 seg_fp 670 1426 30 65 seg_fp 49 12 75 41,umgy009-022
U+306E 359 363 77 83 U+306E 553 753 71 68 U+5C0F 1118 1996 93 70 U+7A00 911 588 107 137 U+4E2D 1312 1633 79 124 U+306E 550 1420 72 80 U+306E 933 1375 77 73 U+306E 1516 790 74 82 U+5341 542 1204 85 78 U+306E 939 2367 68 73 U+306E 1320 1296 77 84 U+4E8C 160 2248 83 55 U+306E 167 969 71 74 U+82B8 930 2116 101 131 U+306E 1321 2240 72 74 U+306E 355 2275 74 72 U+304D 1318 1516 66 100 U+3064 158 441 85 107 U+3059 739 1628 86 92 U+82B8 1316 1031 107 142 U+7CF8 1125 1137 77 132 U+5341 540 570 85 56 U+304C 1336 368 59 52 U+8005 1315 1180 90 116 U+6240 927 1126 90 116 U+76EE 560 647 58 88 U+6642 1305 2137 95 99 U+304C 373 2069 66 61 U+3066 1326 1883 50 98 U+5341 158 2317 86 77 U+8863 1513 1120 73 102 U+4E03 929 924 86 66 U+5225 1306 1763 97 113 U+7C92 921 1561 96 105 U+304D 356 1637 85 79 U+306F 927 361 82 51 U+306A 734 2562 83 66 U+56FD 549 2545 80 85 U+4EC1 338 456 116 94 U+4E39 341 1730 109 91 U+3066 1328 652 53 116 U+3059 549 1712 84 89 U+958B 155 635 92 104 U+5DDD 1489 2517 89 112 U+77E5 731 355 96 115 U+5DE6 162 1063 83 98 U+4F0A 1499 885 107 101 U+306E 361 978 77 72 U+90CE 358 1924 92 140 U+5DDD 732 947 90 107 U+3066 180 1640 42 101 U+6307 535 1317 100 106 U+4E8C 157 2470 86 47 U+5409 1124 928 72 95 U+306B 371 557 47 63 U+56FD 1118 593 96 89 U+3066 572 2332 39 98 U+3072 1505 485 85 84 U+597D 1489 1710 121 84 U+3066 941 806 54 113 U+306E 1505 1607 81 83 U+3089 557 363 65 97 U+5834 920 995 103 129 U+4E45 1108 1559 110 100 U+9054 1501 1003 97 115 U+64B0 915 1688 108 97 U+8A13 723 2080 103 103 U+6B73 156 1968 106 127 U+5F53 1307 1994 97 135 U+653F 1104 363 114 95 U+7B97 539 2149 93 122 U+3066 352 1478 75 78 U+6D5C 1114 2082 102 129 U+88F3 1499 1235 105 137 U+72C2 730 1977 104 88 U+5A66 721 703 123 117 U+969C 341 2353 98 122 U+898B 160 1362 87 97 U+6307 532 1517 96 112 U+9F62 157 2112 106 103 U+901A 734 1073 97 94 U+4EBA 915 1925 115 102 U+3082 1513 2053 52 94 U+5B85 351 2145 97 112 U+5993 526 1813 117 94 U+5409 1129 467 63 92 U+6B64 930 2024 85 82 U+8272 1508 1941 86 111 U+5642 921 1261 99 112 U+5C0F 1122 1057 93 70 U+591A 1316 1395 69 124 U+591A 1495 2396 76 118 U+77E5 351 634 88 95 U+624D 159 2531 78 101 U+5B9F 1501 2161 92 132 U+305D 173 363 57 80 U+8DEF 153 762 107 104 U+3068 185 533 41 79 U+6B21 158 869 98 106 U+8996 533 836 114 110 U+307E 941 407 51 102 U+4ED6 532 2442 120 84 U+601D 1500 369 93 112 U+8C4A 1114 1300 86 123 U+306F 741 2301 81 50 U+305F 926 511 72 68 U+5993 916 2260 117 91 U+8A00 757 1327 61 109 U+8FB0 1500 575 95 111 U+5DF3 1517 691 85 85 U+304A 353 1571 81 68 U+305A 554 460 75 87 U+53F3 147 1180 95 93 U+6D45 1115 816 93 117 U+6A21 1497 1382 102 107 U+5BA2 917 1805 104 120 U+5409 1124 695 69 96 U+3089 760 1539 41 95 U+9B41 1301 445 107 100 U+52A9 1117 1878 92 80 U+67D3 1497 1821 98 117 U+5A66 1488 2299 110 101 U+6298 1310 903 87 114 U+77E5 737 2366 94 87 U+3092 159 1269 89 92 U+5409 1132 1448 59 92 U+308B 378 892 40 64 U+3059 370 808 57 85 U+306B 1127 2393 71 55 U+5409 1128 1656 64 100 U+306F 750 1260 72 59 U+306F 743 636 76 51 U+69D8 1494 1508 98 98 U+3078 545 2290 96 39 U+305A 746 552 77 85 U+51FA 165 1762 92 79 U+6B21 356 1832 88 90 U+306F 747 1798 72 56 U+3078 736 1925 98 48 U+5DF1 742 2458 84 82 U+4ECA 1118 1768 103 114 U+306B 951 730 45 73 U+3053 1129 2221 58 64 U+306B 1332 2522 41 65 U+3044 746 1871 69 49 U+82B8 529 1907 125 137 U+7AEF 1305 792 100 114 U+540D 1298 2315 91 93 U+3068 755 1727 53 68 U+3089 379 728 33 82 U+4EAD 733 2187 91 114 U+3092 552 2060 86 81 U+4E00 158 2414 93 20 U+3055 360 1408 66 73 U+591A 738 819 79 129 U+3064 1118 2454 77 59 U+306F 359 1338 76 50 U+306F 170 1900 65 53 U+304B 176 1462 38 59 U+304F 1131 2552 36 75 U+306B 1335 574 51 76 U+984C 1304 2408 97 97 U+308C 1122 2285 73 102 U+308C 367 1226 55 109 U+540D 911 2472 100 85 U+308D 553 1081 75 105 U+3056 552 1631 89 79 U+3068 764 1179 38 79 U+306F 1316 2591 65 41 U+3078 161 1522 81 39 U+30C8 982 1498 29 55 U+307F 380 1055 40 77 U+308B 178 1836 44 61 U+308A 185 1562 37 81 U+3092 932 2558 80 70 U+3089 760 472 38 85 U+4E00 920 1474 92 15 U+3053 372 1153 49 67 U+3079 750 1441 92 41 U+3092 358 2554 87 75 U+309E 1151 2512 48 46 U+5B50 357 2484 74 87 seg_fp 772 1484 30 56 seg_fp 2 60 81 133 U+3068 559 961 49 100,umgy009-023
U+3082 591 1718 62 110 U+4E2D 200 420 83 130 U+306E 581 2016 82 80 U+306E 1544 1858 73 75 U+3082 784 2072 52 95 U+4E39 182 2392 109 98 U+5916 768 626 105 125 U+8272 198 1598 68 144 U+516B 183 2210 99 67 U+306E 205 327 77 71 U+306E 205 581 77 66 U+3082 597 614 58 110 U+5408 195 875 106 108 U+304D 1545 2374 66 117 U+305F 778 1345 65 91 U+306F 210 2271 50 92 U+884C 189 1439 96 142 U+516B 1351 1346 89 64 U+884C 578 1583 98 125 U+306E 1555 892 66 58 U+7528 596 1077 64 116 U+304C 406 2411 63 61 U+3066 980 1709 45 116 U+5927 1530 1943 105 94 U+306E 1548 624 71 70 U+304C 604 1206 63 72 U+304C 410 327 75 58 U+60C5 179 1837 100 112 U+6A39 1532 1724 105 106 U+3066 416 1091 45 108 U+9996 1547 964 75 132 U+306E 1353 1423 76 69 U+7C73 195 2098 81 97 U+4ED8 1547 1185 72 111 U+5C0F 392 1576 90 73 U+4F55 760 1972 108 100 U+6301 1344 892 96 112 U+3059 584 1834 75 85 U+3066 1380 411 43 115 U+3092 1357 1271 71 66 U+6BDB 1350 1153 90 101 U+9280 1545 497 96 112 U+3060 776 1711 83 78 U+5FC3 386 2514 101 81 U+30C8 420 1448 38 97 U+3051 777 1235 81 109 U+308C 593 1391 59 121 U+8A00 765 2192 84 105 U+3092 778 1089 80 68 U+3070 592 1511 77 57 U+306B 1548 1098 79 70 U+306B 413 1809 45 73 U+306D 577 721 92 118 U+308C 204 1095 72 116 U+3054 1553 1647 65 60 U+4EC7 377 2174 124 102 U+3061 1369 532 66 82 U+3042 589 1283 73 110 U+3078 1551 449 76 31 U+30B5 603 2102 49 83 U+62B1 1531 331 107 102 U+3059 212 995 59 98 U+9055 187 1217 96 122 U+3066 1149 2242 80 76 U+5B57 1346 1491 81 116 U+5409 396 2282 68 106 U+308A 797 1587 43 104 U+3066 1366 1788 49 122 U+7D30 1532 2252 98 131 U+58F0 764 927 85 159 U+307C 1351 2027 88 82 U+30A6 606 980 42 87 U+3078 582 844 97 50 U+5F7C 181 1974 113 107 U+304B 1177 2061 45 66 U+3059 597 325 73 94 U+3044 205 653 71 53 U+3072 199 1345 87 86 U+30A4 805 410 46 91 U+51FA 962 1624 93 82 U+30E8 803 1816 48 48 U+304B 801 754 36 70 U+4E39 1149 464 106 96 U+3093 1539 1550 104 91 U+304B 987 1452 41 65 U+305F 394 1339 64 92 U+3092 1354 2213 72 70 U+3064 397 1008 78 86 U+3089 806 822 31 94 U+306A 1360 2404 62 75 U+3067 956 1982 82 84 U+30F2 993 409 47 91 U+3089 982 1516 41 96 U+306D 1149 1227 91 105 U+7C73 1071 327 52 75 U+3051 771 2412 78 109 U+3066 418 506 42 139 U+7A4D 378 1675 104 130 U+6765 395 1204 73 137 U+6B21 191 2514 103 86 U+305F 1356 1918 61 108 U+3053 979 1370 63 70 U+63BB 1334 2292 109 105 U+304F 422 802 36 108 U+30A4 1381 683 41 95 U+516B 1257 405 64 49 U+8D77 1142 2140 95 98 U+3057 1577 1295 19 161 U+3042 977 1160 75 101 U+3059 983 1262 63 101 U+30F1 786 560 67 50 U+6307 1528 2502 98 108 U+30A2 981 2248 57 90 U+6E6F 574 2302 102 125 U+304A 958 1839 90 65 U+4EC7 862 325 78 53 U+3078 952 1101 106 54 U+308B 598 1915 40 74 U+30C8 811 1897 32 56 U+3055 1541 1476 75 78 U+4E0B 1362 2116 64 99 U+3070 785 1448 60 86 U+3031 989 525 52 243 U+308F 406 1997 44 91 U+304A 1144 2321 92 64 U+3055 394 1909 64 87 U+4ECA 965 789 97 131 U+304A 968 921 79 67 U+306A 403 920 70 86 U+7389 1549 2055 79 99 U+308B 408 2086 42 70 U+3093 1165 643 91 95 U+3092 1547 2153 84 83 U+3088 1383 613 33 69 U+7C73 1257 321 55 85 U+304B 980 2536 40 70 U+30CE 603 906 52 65 U+308B 602 416 45 73 U+3057 432 388 15 103 U+306B 1380 324 43 83 U+3068 215 1742 43 81 U+307F 226 777 36 80 U+306F 1169 758 67 41 U+30A6 1183 887 41 73 U+3044 958 1905 80 74 U+3058 993 2091 42 93 U+306B 1371 1621 32 66 U+51FA 1155 2387 87 77 U+304C 1372 2477 51 60 U+5BD2 393 647 90 151 U+304B 787 1165 44 72 U+3060 1152 2468 77 74 U+8D77 1152 982 90 101 U+306A 967 2370 69 98 U+30E4 976 489 56 62 U+3068 1377 791 42 83 U+304C 222 705 52 71 U+307E 980 989 45 103 U+30E2 1178 825 52 46 U+7709 1348 1015 74 120 U+3084 960 2181 86 65 U+3055 1172 577 52 68 U+3081 589 2508 64 87 U+3089 1380 2538 26 66 U+3078 1148 1343 103 55 U+304B 797 1531 38 60 U+305F 1162 1849 63 83 U+304B 1179 1171 35 52 U+4EC7 1217 1428 93 64 U+30A2 1171 1707 49 67 U+308F 781 2305 51 103 U+305F 1175 1085 51 83 U+30E8 1177 2557 40 40 U+3057 1191 1926 20 133 U+3056 593 2429 65 72 U+30A2 602 2202 40 61 U+7B04 1544 699 83 138 U+30F1 1179 1564 53 49 U+3092 771 2523 88 79 U+3044 957 2481 82 58 U+3057 1381 1686 22 100 U+30FD 816 500 23 35 U+30FD 605 2260 21 35 U+30FD 1180 1781 19 23 U+30FD 1201 1612 29 51 seg_fp 1266 448 48 64,umgy009-025
U+306D 1423 2186 46 53 U+4E39 604 2346 67 61 U+306D 329 2514 65 60 U+3044 721 2429 53 43 U+3088 1439 2132 27 51 U+3046 671 2535 30 66 U+3055 613 2415 35 40 U+30A6 551 2417 34 43 U+6E6F 717 2475 66 77 U+3093 605 2457 50 54 U+3044 780 2382 53 43 U+3084 720 2379 57 48 U+516B 1421 2244 58 45 U+3090 383 2451 52 44 U+30E2 542 2378 49 33 U+305D 787 2429 42 49 U+3060 726 2558 36 41 U+304A 533 2467 55 43 U+306E 663 2478 48 48 U+304B 488 2537 29 33 U+305F 482 2479 46 55 U+306F 606 2512 52 29 U+304D 541 2513 49 58 U+3078 473 2574 65 25 U+3078 327 2577 80 31 U+306B 441 2505 31 49 U+3061 442 2460 42 42 U+305F 789 2324 40 56 U+306F 733 2334 36 44 U+3046 444 2406 24 43 U+308B 393 2507 32 28 U+3046 798 2482 21 56,umgy009-031
U+306E 1046 521 72 60 U+4E2D 1223 1309 86 141 U+6D6E 1413 593 100 109 U+8584 1412 710 88 136 U+5A66 1024 1259 105 134 U+3082 1050 1057 51 89 U+3046 1251 2073 40 90 U+4E39 155 606 74 60 U+304C 1242 1642 63 62 U+306A 90 1520 77 80 U+3092 86 1428 78 81 U+3081 280 539 72 75 U+306E 87 1777 69 65 U+3082 470 906 53 98 U+79C1 1221 1536 100 106 U+4ED5 641 313 94 95 U+306A 654 1497 83 84 U+56F2 463 1006 80 105 U+306A 268 2314 86 81 U+4F59 648 913 101 114 U+517C 274 1131 82 136 U+6C17 273 988 68 137 U+306A 89 1020 74 93 U+306E 276 1679 76 61 U+3066 270 1428 83 77 U+3092 1236 1918 67 76 U+5BFE 1414 310 100 119 U+79C1 644 746 99 99 U+3051 658 1672 74 86 U+308D 88 314 76 78 U+5916 833 2244 111 106 U+3066 1418 511 73 80 U+3082 1046 2206 48 81 U+3067 1034 2131 82 71 U+3066 1022 1613 89 77 U+3089 1250 366 42 89 U+79C1 641 2250 100 95 U+3092 274 1270 80 73 U+3066 1220 2293 82 81 U+3066 480 1111 41 111 U+3046 110 391 34 91 U+306A 1232 955 81 86 U+667A 82 1305 91 126 U+3093 840 1227 105 84 U+306A 1236 1133 72 89 U+7C73 1308 1023 58 85 U+306E 846 2159 72 70 U+3070 268 2109 88 52 U+6E08 1413 1332 101 112 U+306B 1239 1461 57 70 U+304B 647 1117 95 64 U+308C 262 2029 121 78 U+3066 84 2284 79 73 U+306D 837 316 96 101 U+306A 1417 843 84 81 U+592B 1026 1156 108 106 U+611A 90 1189 83 115 U+5927 1412 2257 93 87 U+3058 91 2133 76 79 U+3075 830 1447 104 75 U+307B 1422 1985 76 71 U+304A 1029 316 92 65 U+306A 276 318 83 89 U+3082 1442 1451 45 93 U+7FA9 654 397 76 115 U+3066 1420 1230 81 90 U+59BE 457 681 92 131 U+3093 87 941 96 81 U+3066 1219 2527 88 81 U+306A 1036 1459 78 84 U+4EA6 845 1964 88 106 U+306A 1233 717 78 85 U+5C45 266 1504 93 104 U+623F 76 1996 94 130 U+3066 647 2558 80 59 U+304B 481 416 43 60 U+3051 466 2382 78 86 U+3044 658 1262 72 59 U+7537 468 563 73 112 U+306B 1435 2122 51 62 U+3093 1227 871 105 87 U+3060 845 631 73 82 U+306B 106 1114 44 62 U+7F6E 468 1218 66 121 U+898B 1035 1702 82 102 U+5973 74 1914 101 76 U+308B 291 473 45 61 U+3084 1035 1872 84 59 U+3068 1062 1369 44 81 U+3060 91 1840 80 69 U+624B 1056 602 51 120 U+305C 90 779 87 85 U+6069 1033 2009 89 116 U+3075 1022 988 99 76 U+306B 485 1453 45 64 U+304C 673 2342 57 50 U+306E 1422 1542 76 70 U+30CD 120 489 48 57 U+65AF 640 2399 96 94 U+3066 650 2161 80 81 U+308F 675 1586 41 80 U+3093 267 2242 110 67 U+6709 856 1725 65 111 U+304B 1250 313 46 53 U+3078 263 620 112 56 U+305D 1432 1684 51 71 U+3060 1416 2542 83 67 U+3082 872 1508 41 91 U+69D8 450 1344 100 100 U+3093 1419 2048 100 72 U+3078 1213 1870 119 58 U+305D 669 1333 53 76 U+6848 1225 462 87 128 U+3044 657 2029 76 67 U+306A 88 711 68 79 U+3075 255 1877 103 77 U+308A 680 1025 35 84 U+4E08 1413 2336 98 103 U+3058 1266 587 31 109 U+3046 676 1412 39 85 U+305D 857 2083 48 73 U+308A 1439 1754 42 79 U+3053 1243 2004 57 61 U+3082 1050 2535 54 78 U+3067 469 1944 77 68 U+3044 1045 926 73 63 U+3069 287 1804 74 72 U+3068 293 716 47 65 U+3067 476 817 63 97 U+3060 657 1749 74 76 U+3092 1419 1035 92 96 U+3082 479 2011 53 87 U+307E 1238 1773 54 97 U+3059 275 1943 70 92 U+6C17 272 2407 98 122 U+3068 482 1519 45 80 U+3064 1030 1541 86 72 U+307E 1241 1222 52 86 U+3089 487 476 32 79 U+3051 858 534 64 88 U+3064 654 2094 86 68 U+30F1 103 557 57 39 U+30A2 1440 1900 50 66 U+3060 272 2525 67 84 U+305D 99 878 55 69 U+52A9 1037 727 88 100 U+3044 88 2526 84 48 U+308A 1059 1806 41 76 U+3078 1029 481 104 53 U+3055 849 1168 60 64 U+304C 674 848 62 46 U+3057 1255 2171 20 118 U+3055 1240 804 56 68 U+3084 1418 1825 88 73 U+306E 849 1599 71 71 U+3078 644 1911 108 49 U+30A2 1057 1933 42 59 U+304A 1228 2390 83 61 U+306B 487 2244 44 65 U+5B09 68 2358 109 88 U+308F 680 1177 39 80 U+3044 856 1383 71 63 U+4E91 854 2541 55 63 U+306E 470 1770 66 67 U+304B 297 650 46 61 U+8A71 1022 2373 98 95 U+3084 456 2475 88 69 U+7FA9 278 877 71 105 U+3055 289 408 57 66 U+3068 678 1938 41 85 U+308B 288 1608 47 54 U+3078 831 416 105 47 U+3067 1033 2469 83 59 U+3079 86 1658 85 51 U+3051 851 721 74 87 U+30A2 481 2544 47 57 U+306D 652 1825 84 86 U+65AF 830 2413 93 109 U+305D 283 2177 48 69 U+3044 1233 2453 77 73 U+304A 1226 1713 88 63 U+306F 845 1674 81 50 U+306B 295 1740 56 62 U+3058 687 519 40 71 U+304A 460 310 82 53 U+308B 108 1711 39 52 U+30E8 1444 2194 43 46 U+592B 1407 2429 111 112 U+307E 1047 380 51 102 U+3057 881 1833 15 131 U+3084 651 591 87 63 U+6C17 462 2109 76 132 U+4E00 464 1619 83 17 U+8776 832 1069 98 93 U+8A00 455 1657 88 112 U+3068 1062 837 38 84 U+4E16 1020 2294 103 84 U+304B 474 2320 46 64 U+308F 869 450 37 89 U+306B 862 2349 39 62 U+304B 1439 1609 44 50 U+304C 109 2565 66 42 seg_fp 861 808 43 82 U+592A 281 793 59 78 U+30A2 677 654 41 72 U+3068 867 1296 40 85 U+307F 110 2216 30 68 U+3057 1450 1112 25 120 U+304F 488 346 41 78 U+3057 1436 415 30 107 U+3057 291 1343 30 92 U+3057 103 2447 32 82 U+304A 843 1001 61 50 seg_fp 123 1599 20 59 U+3069 849 899 78 91 U+3057 660 2502 35 69,umgy009-032
U+3082 717 937 66 121 U+304A 88 2165 86 52 U+3065 497 1168 136 117 U+6240 1224 1204 122 185 U+305F 866 1761 121 130 U+306A 684 1065 120 124 U+7C73 177 352 60 85 U+6C17 340 1573 111 186 U+8FBA 97 1735 61 135 U+5915 85 1631 77 117 U+3051 86 1319 78 104 U+7A0B 660 2039 146 167 U+3069 106 1542 63 81 U+304C 1080 2378 97 104 U+5EA7 85 2240 83 136 U+898B 1405 1051 108 149 U+304B 1227 992 122 106 U+308F 902 585 53 129 U+308C 90 1420 82 112 U+306E 98 2078 67 69 U+5F53 83 574 80 131 U+3066 105 1035 41 110 U+3067 86 2569 77 82 U+3064 339 1856 110 172 U+306A 87 1150 70 97 U+3044 86 1249 77 70 U+306E 366 1764 70 96 U+540D 78 467 83 104 U+3084 87 762 81 67 U+304A 1051 2119 121 87 U+7532 689 591 103 183 U+7533 1444 1452 41 162 U+9593 1245 2306 78 142 U+304F 738 1195 40 159 U+5EA7 499 750 112 173 U+306F 90 701 72 59 U+306E 901 1875 68 89 U+308C 885 829 85 121 U+5F85 1223 1752 122 164 U+304B 333 574 134 105 U+3057 556 1288 20 210 U+5BA2 1041 2202 127 174 U+3059 341 880 131 141 U+7269 1396 1201 132 154 U+3076 81 832 97 91 U+304D 95 2459 65 100 U+304B 375 2014 47 95 U+69D8 1383 1905 140 136 U+306B 1439 2040 51 74 U+5408 1218 1911 122 137 U+306E 348 1463 147 127 U+306B 381 2374 61 117 U+308A 900 1178 58 122 U+308C 97 924 60 105 U+308A 1269 1629 60 128 U+306A 878 1070 97 106 U+306F 536 1064 53 106 U+4E0B 530 1600 78 155 U+304B 900 711 54 123 U+5DE6 1400 1741 109 177 U+306E 1255 1101 77 107 U+983C 495 2000 114 126 U+69D8 489 1827 123 188 U+305F 886 2317 65 88 U+6590 682 758 117 120 U+306F 898 1594 72 80 U+3057 1046 1821 112 97 U+69D8 334 2232 131 140 U+306A 365 683 85 111 U+306C 336 2129 117 101 U+306E 1406 931 125 124 U+306B 1280 909 48 81 seg_fp 809 2401 47 83 seg_fp 1271 1455 48 94 U+308C 704 1563 89 138 U+3092 521 925 80 121 U+309D 927 1674 16 83 U+304F 679 1464 105 102 seg_fp 1253 1551 89 78 U+3078 1233 1411 157 72 U+3044 859 2248 106 70 U+5EA6 1049 814 138 176 U+5370 376 1343 60 134 U+304F 713 2339 49 153 U+304F 1100 1708 50 131 U+3057 920 1967 25 121 U+4E0A 518 2123 98 82 U+6025 1050 654 128 160 U+88AB 534 1504 49 95 U+3068 1452 1325 33 125 U+5915 1240 653 109 99 U+5EA7 83 1950 77 127 seg_fp 1277 573 74 82 U+3031 1091 973 78 284 U+3088 713 2203 44 148 U+5019 552 2316 20 204 U+7533 1277 2052 39 178 U+65B9 1251 748 95 152 seg_fp 679 883 120 49 U+4E0D 870 1305 110 123 U+3082 696 1891 63 110 U+5019 725 1355 48 84 U+306B 907 2170 46 81 U+306F 1423 2334 68 128 U+5019 1429 1624 51 112 U+3078 1381 2216 147 82 U+3057 1108 1985 17 133 U+304B 1093 1915 41 70 U+9055 1052 1412 115 167 U+829D 1409 567 115 109 U+5176 520 603 52 145 U+7C73 356 1164 96 177 U+5C45 1388 767 127 172 U+88AB 531 2205 45 125 seg_fp 282 2050 22 101 U+306A 1076 1594 89 118 U+3068 922 950 27 105 U+307F 912 2093 34 76 seg_fp 280 2152 22 232 U+3089 370 796 54 90 U+5019 1268 2214 32 86 U+5019 1439 2132 41 68 seg_fp 272 909 42 186 U+9593 1081 1329 69 78 U+3057 119 2362 35 92 U+3057 836 2151 35 276 seg_fp 921 1438 19 151 seg_fp 1058 585 78 89 U+3031 726 1648 68 254 seg_fp 1423 657 92 106 U+4E00 86 1898 75 43 seg_fp 1083 1271 69 59 seg_fp 395 1057 46 119 seg_fp 280 581 19 351 seg_fp 256 1092 41 398 U+5019 535 1744 39 91 seg_fp 288 1768 21 278 seg_fp 282 2276 29 221,umgy009-034
U+8CAC 172 977 83 145 U+5C0F 362 1930 102 90 U+5DDD 1504 1200 89 126 U+9AD8 936 324 80 122 U+514D 174 1837 102 146 U+4E39 234 421 94 70 U+5C11 1125 1888 88 119 U+969C 1508 1666 98 159 U+3084 736 1582 93 86 U+306A 556 1961 86 87 U+3082 764 826 50 99 U+90CE 1525 1516 67 150 U+7531 1589 2134 57 67 U+4E39 600 1162 96 76 U+306E 376 454 67 97 U+304A 375 1128 84 66 U+7531 1395 1487 62 70 U+306F 1321 2211 82 52 U+3060 1133 1431 85 99 U+3066 961 1086 47 117 U+306A 1129 325 72 85 U+304A 1325 1152 83 60 U+6709 379 337 66 107 U+3031 1149 666 49 234 U+4ED8 378 865 70 113 U+3075 357 1467 92 94 U+884C 544 1434 106 107 U+85E4 168 576 105 127 U+5150 368 2032 95 101 U+3082 579 1534 48 111 U+843D 173 1129 102 143 U+884C 554 525 94 115 U+3059 365 2391 102 86 U+3046 1154 1307 38 116 U+51FA 1133 915 87 70 U+306A 177 322 91 97 U+3066 955 1879 50 118 U+306E 748 2536 74 83 U+3093 1326 1043 101 97 U+3090 943 1207 85 81 U+306A 373 1372 82 86 U+5B85 1321 325 94 117 U+306D 1316 2270 98 100 U+30A6 1339 1816 51 110 U+30CA 1337 1606 61 72 U+30E2 1328 1747 69 56 U+304B 959 1356 45 71 U+306B 1530 2029 52 68 U+3051 1131 1046 78 102 U+3089 1147 2536 44 82 U+3093 1310 2537 133 78 U+3084 170 1588 92 73 U+7C73 449 1000 58 82 U+304F 1344 2102 46 101 U+6240 554 327 91 136 U+7C73 1408 582 58 79 U+5FA1 179 1772 84 60 U+884C 933 977 91 107 U+3092 367 2145 81 78 U+304C 1145 2288 68 67 U+4E39 730 1680 117 102 U+306B 197 892 42 75 U+685C 1503 1079 112 113 U+3060 181 1990 90 90 U+6B64 1505 2503 98 104 U+884C 930 2370 95 103 U+7531 1513 1338 80 79 U+3089 958 1425 41 101 U+7C73 263 2159 62 82 U+3084 363 2472 90 59 U+306A 370 1826 85 91 U+30A2 197 1667 43 78 U+5C4B 933 812 101 107 U+308C 180 1374 75 113 U+5EA6 739 1057 101 130 U+5B50 1523 1819 73 90 U+62B1 353 753 112 107 U+3093 932 2048 130 105 U+305C 168 2081 90 83 U+304A 1130 1555 86 66 U+306B 394 551 42 79 U+3060 371 2227 87 91 U+3061 182 1497 75 93 U+3093 1507 2423 113 78 U+3084 1312 2023 95 78 U+3044 1521 769 76 59 U+7528 1137 2156 69 116 U+30CD 1353 1399 64 73 U+308D 1130 572 75 107 U+8336 938 659 80 149 U+3044 1135 1626 77 68 U+30E8 965 2236 43 46 U+8D8A 1497 1911 112 105 U+7C73 834 321 59 78 U+30C8 1549 683 29 84 U+3082 579 2359 47 100 U+30CA 579 1310 59 66 U+6709 1143 2360 68 108 U+3093 746 1854 127 92 U+304D 371 1713 69 111 U+306A 942 2149 88 78 U+652F 744 940 86 114 U+304B 553 2052 93 81 U+4ECA 737 2173 105 146 U+305D 1143 1214 53 90 U+3057 748 1290 88 89 U+7531 1321 887 84 82 U+304A 746 1953 92 70 U+30A2 1159 1783 45 88 U+306A 561 908 77 109 U+30E4 1320 791 77 71 U+306E 943 562 73 88 U+304A 170 2260 84 60 U+304B 1339 446 45 55 U+3078 935 937 107 50 U+3078 550 473 106 42 U+306E 559 1642 76 81 U+7C73 1516 2239 76 120 U+3055 754 1783 62 75 U+3051 367 1561 76 105 U+3046 958 1620 45 133 U+3092 759 1193 66 76 U+6B21 1512 1413 93 97 U+304D 568 734 62 102 U+3093 551 1853 127 104 U+3078 1315 503 106 58 U+3044 941 1741 74 65 U+30E8 580 1101 47 55 U+3046 370 2528 62 88 U+3044 556 1017 82 70 U+3046 201 777 36 120 U+3081 1522 427 69 79 U+3078 355 1667 111 54 U+4ECA 741 2407 111 131 U+3053 566 1795 52 64 U+3078 733 2135 121 60 U+3055 186 1272 63 99 U+96C4 924 455 90 106 U+30CB 566 1376 76 36 U+304C 1143 407 69 54 U+3053 198 702 49 73 U+6240 1516 910 85 103 U+30CB 1328 1682 66 36 U+308B 956 1288 42 61 U+3055 1517 2361 57 67 U+3057 1516 327 85 96 U+3046 770 1466 43 118 U+305D 956 1535 52 84 U+307E 758 2023 53 111 U+3044 1326 1325 75 60 U+3088 392 1195 45 85 U+307E 178 2315 74 71 U+30C9 783 429 47 79 U+30C8 417 655 30 84 U+3068 581 644 43 78 U+306E 561 2458 69 92 U+904E 943 2477 63 87 U+3055 1335 979 52 65 U+3078 1510 1020 107 45 U+3064 936 1808 85 75 U+3078 165 2387 104 45 U+30EC 769 519 70 53 U+30E8 1349 2407 49 46 U+305D 1138 478 53 89 U+3078 1505 508 102 47 U+3078 1317 2371 103 47 U+304B 583 832 35 66 U+3084 178 2490 83 62 U+3089 786 729 27 102 seg_fp 765 2327 44 67 U+304B 1145 991 43 59 U+306F 1341 1939 50 81 U+308B 1145 1143 42 59 U+30C8 971 2302 33 77 U+304F 947 1994 59 63 U+3057 1156 1997 19 154 U+30F2 1340 708 48 91 U+304A 750 591 85 69 U+3044 753 661 74 66 U+307E 374 2317 69 79 U+30A2 203 2553 45 51 U+3044 560 2229 79 71 U+308B 952 2563 46 60 U+65E9 1338 1222 56 100 U+3058 204 2410 49 87 U+3075 1499 830 92 84 U+3057 1554 535 18 146 U+308F 579 2138 35 86 U+304B 1150 2467 39 65 U+304B 576 1718 43 61 U+3089 1164 1695 24 92 U+3088 771 1372 36 92 U+307F 1334 2466 48 72 U+309D 595 2304 22 53 seg_fp 590 2555 22 40 U+3057 397 1273 32 96,umgy009-037
U+6625 508 677 119 132 U+884C 167 1797 113 136 U+3080 900 2206 105 98 U+3082 1508 2085 49 82 U+3082 1307 1508 56 87 U+8272 1095 891 92 153 U+6240 309 335 134 131 U+5951 1458 1030 145 136 U+304A 1269 2080 127 96 U+9675 533 2307 108 110 U+306F 1314 2492 60 94 U+3092 173 2022 79 92 U+805E 1278 722 110 117 U+304D 917 742 92 110 U+4EBA 510 1131 152 109 U+304B 1094 1869 95 84 U+5973 695 1316 126 84 U+306E 1107 1495 72 72 U+592B 513 335 112 121 U+306E 1495 1660 73 71 U+304A 1461 1155 111 95 U+7537 1289 1597 107 123 U+8449 1067 673 124 152 U+306E 735 2514 74 77 U+9675 519 456 131 122 U+307E 915 1334 76 112 U+3042 1492 1734 84 95 U+3044 557 2480 67 55 U+3092 354 640 69 87 U+304D 358 1530 86 105 U+306E 357 737 67 68 U+7D05 1088 568 101 105 U+3042 918 559 82 87 U+3082 357 1094 61 96 U+675F 1281 1374 101 134 U+306E 1295 1725 86 79 U+308C 1477 1910 106 109 U+4E16 1442 664 141 103 U+7BC0 344 1754 104 137 U+6642 340 1651 105 108 U+3057 529 1244 92 83 U+4E16 311 551 129 81 U+5F7C 159 1511 105 128 U+3053 727 576 75 112 U+306E 1105 443 67 123 U+5149 725 975 95 124 U+308D 713 467 93 112 U+7D04 1272 1250 128 131 U+592B 155 1077 101 112 U+308C 338 897 107 110 U+5B5F 700 848 119 125 U+308C 1286 1017 74 117 U+306B 540 1608 84 76 U+306B 344 464 87 78 U+306A 1109 2256 81 100 U+3093 898 2086 134 102 U+306A 1480 326 92 114 U+3066 1500 927 45 113 U+306B 939 1902 40 71 U+3061 552 1758 71 95 U+306A 905 855 93 87 U+306A 1480 2174 103 109 U+8987 525 2169 106 141 U+308C 540 1932 76 122 U+3092 170 2509 96 79 U+308D 1302 2257 75 93 U+3075 713 1243 100 78 U+3064 1482 2284 112 121 U+308C 710 2209 108 104 U+8349 181 2366 64 137 U+4F2F 504 585 117 91 U+306E 733 1783 58 66 U+3042 713 1414 93 79 U+3093 1087 2484 142 96 U+304F 1521 1244 32 97 U+3082 368 2274 56 83 U+304A 539 1692 92 62 U+3044 735 1179 62 63 U+5F8C 1468 561 122 108 U+3069 748 2311 56 74 U+3055 360 1014 57 76 U+308C 1109 1945 73 94 U+3078 156 1748 120 45 U+5A18 714 1846 111 108 U+8EAB 1286 1805 104 131 U+306E 1316 1938 52 68 U+308B 558 1042 55 94 U+3057 1482 1339 89 93 U+79CB 1070 331 124 113 U+305B 149 875 90 99 U+3078 1285 2356 117 46 U+51E6 161 1649 102 87 U+3061 1101 1573 80 80 U+306A 908 1986 87 111 U+306F 165 331 62 119 U+3075 538 2533 103 63 U+91CE 1086 1256 108 115 U+3044 909 1038 90 66 U+5B09 1260 327 135 112 U+305A 177 973 64 96 U+3082 737 342 65 120 U+7530 162 1941 98 82 U+3068 1134 1796 31 87 U+3044 537 1396 83 65 U+3056 930 1824 70 76 U+3055 1124 1720 51 76 U+306A 912 1521 87 82 U+3076 541 1851 106 76 U+3062 929 648 81 92 U+3068 562 812 35 86 U+304F 949 943 28 91 U+3066 1295 2407 80 83 U+5149 360 2475 110 111 U+8FBA 1108 1357 59 132 U+304D 1292 834 74 91 U+306B 191 1442 40 82 U+3031 948 1148 48 198 U+306F 1508 1831 48 78 U+308C 347 2089 102 114 U+4E0A 1280 1998 102 67 U+3082 189 1346 37 98 U+4EBA 704 1698 158 94 U+306A 1101 2419 91 78 U+3031 1130 2042 44 139 U+306A 346 1433 89 91 U+304B 188 2120 42 78 U+3057 191 552 21 160 U+304F 1506 2499 39 78 U+3082 174 795 58 91 U+304B 1306 932 47 89 U+5B5F 332 2368 126 112 U+305D 719 2403 89 106 U+3060 546 1328 81 66 U+3068 1343 2168 30 80 U+304F 1305 533 45 85 U+304B 1507 771 41 74 U+306E 349 1261 75 76 U+306F 926 451 60 102 U+304C 370 807 72 91 U+3069 388 2202 54 69 U+3082 1308 612 80 104 U+3055 923 1449 54 72 U+3057 221 2250 16 119 U+306B 1503 2021 66 62 U+306B 744 772 40 68 U+308A 1112 1165 54 90 U+3046 180 450 39 107 U+3051 740 2123 58 77 U+308F 925 1729 52 94 U+306F 1112 1112 67 53 U+3078 155 2208 109 41 U+3031 572 1425 66 183 U+3044 536 906 82 67 U+305F 1498 1431 58 63 U+3068 190 708 35 88 U+3068 1128 817 39 81 U+3057 1523 437 22 120 U+3051 1494 843 66 79 U+306B 1131 2177 30 63 U+3066 565 2053 40 113 U+304F 1113 1653 73 63 U+3057 946 2407 25 170 U+305F 359 1193 56 65 U+3078 518 983 110 50 U+304B 931 2319 43 96 U+308A 1143 2361 32 50 U+307F 1513 1578 33 81 U+304B 1119 1045 39 73 U+3057 1330 1127 27 137 U+306A 738 1967 70 61 U+308A 753 1488 38 81 U+306A 360 1988 65 98 U+3068 580 2411 28 70 U+3068 748 1090 31 85 U+308A 756 2042 34 76 U+304B 1521 2406 34 47 U+3068 182 1232 49 114 U+304D 926 1606 74 104 U+3057 1521 1492 20 84 U+5BCC 710 1559 109 137 U+3057 1327 437 20 96 U+307F 372 1339 35 90 U+3068 381 1893 27 86 seg_fp 749 695 32 77 U+3068 951 1103 32 77 seg_fp 933 360 43 89 U+3057 1532 2443 22 71 seg_fp 912 327 62 34 seg_fp 202 1187 17 59,umgy010-004
U+8272 1517 491 103 138 U+4F55 745 1108 118 130 U+4EBA 739 700 121 110 U+8A89 1522 906 124 158 U+4ECA 547 1063 112 129 U+5642 743 891 106 148 U+6625 1500 341 137 135 U+97F3 936 1835 104 142 U+885B 932 1623 120 122 U+306E 770 795 70 73 U+90CE 566 525 89 118 U+3082 189 1830 60 99 U+4E03 943 432 96 68 U+5F97 174 479 101 120 U+6E08 372 1034 106 135 U+306E 1532 1346 71 68 U+4E5D 1119 916 121 91 U+3092 572 1950 70 77 U+306A 753 358 90 89 U+3082 771 1021 49 98 U+3092 752 2212 83 79 U+5FC3 743 2112 100 81 U+51FA 376 1423 97 72 U+3092 947 2099 77 79 U+5F85 929 2190 103 126 U+5341 1148 797 78 85 U+306B 952 2318 76 62 U+306E 573 1205 68 74 U+9F63 1127 1022 112 121 U+3059 371 2220 93 88 U+304A 563 1286 94 66 U+304B 750 1643 91 70 U+306B 758 1559 91 84 U+3060 187 2087 80 85 U+306E 771 625 71 75 U+306C 377 1169 86 70 U+4EAD 1314 1991 115 135 U+85E4 931 1372 112 153 U+885B 379 467 93 114 U+3093 176 1997 115 105 U+6C17 755 1412 77 151 U+3066 204 364 54 111 U+8074 747 1916 107 117 U+30A4 204 1372 46 67 U+5F8C 554 1833 108 107 U+3046 210 1733 31 94 U+98A8 752 1806 106 104 U+8A13 1306 1852 112 127 U+5DFB 1499 1213 137 116 U+4F55 373 819 98 107 U+308C 379 2551 68 89 U+5341 1528 1420 86 92 U+805E 568 2096 85 107 U+304A 949 684 83 61 U+6885 1502 640 125 129 U+306F 965 1165 59 96 U+306E 579 1631 60 47 U+6238 1307 1402 91 148 U+6B21 945 586 94 96 U+5175 383 361 71 105 U+7B2C 1124 624 103 144 U+4E3B 1322 2149 96 98 U+5F7C 937 1267 121 113 U+3084 754 1249 92 65 U+30CD 197 2402 69 73 U+305F 195 583 67 85 U+7531 839 2508 58 57 U+5341 944 355 94 70 U+5150 1515 785 112 119 U+3069 196 1664 76 65 U+6765 382 1512 76 130 U+7532 945 2398 78 82 U+304D 769 449 68 92 U+56DE 943 511 96 75 U+4FE1 931 1989 102 103 U+306B 397 752 51 63 U+4EBA 1292 2258 166 95 U+4E94 266 1247 62 45 U+819D 166 867 109 119 U+8776 935 936 111 108 U+5175 936 1522 100 100 U+7F8E 1519 1069 107 137 U+305D 774 548 60 76 U+8A00 566 1365 92 110 U+304C 970 1761 60 48 U+3044 380 2064 76 67 U+304A 559 2036 93 58 U+8457 1325 2361 96 148 U+308A 198 667 54 112 U+30E2 189 1536 66 53 U+3055 192 2296 63 90 U+5BC4 180 1067 89 154 U+305B 564 2373 86 75 U+30F1 183 1470 78 53 U+3093 381 655 101 98 U+72C2 1309 1713 120 101 U+3089 579 959 50 109 U+305F 378 1643 73 72 U+306B 774 2045 45 58 U+5B9A 752 2298 89 109 U+3055 575 650 54 69 U+307E 584 2206 48 99 U+3068 392 2351 46 84 U+5409 952 1052 80 110 U+3055 394 592 60 66 U+3056 382 1982 86 82 U+30A2 194 2493 59 75 U+3067 376 1813 76 92 U+3093 561 717 105 82 U+7531 951 746 81 86 U+3054 387 1908 78 69 U+524D 565 1698 93 130 U+3068 206 767 47 94 U+6C5F 1320 1308 108 91 U+3084 555 882 93 78 U+304C 399 1344 61 64 U+3064 756 2407 76 54 U+306E 380 1738 65 73 U+3089 774 1314 50 96 U+3070 582 2449 57 83 U+30B7 196 1598 88 56 U+56DB 267 1298 60 41 U+305E 394 929 58 99 U+85E4 557 2533 112 101 U+805E 370 2441 83 118 U+3092 189 988 85 81 U+308B 776 1734 41 69 U+3068 194 1938 55 62 U+30CE 186 2562 44 57 U+307E 392 2128 47 101 U+3068 966 836 51 89 U+3046 596 2304 27 81 U+304B 400 2303 39 48 U+6590 944 2513 110 126 U+3068 591 801 37 76 U+8449 565 1477 92 142 U+4E94 567 364 91 82 U+56DB 561 452 97 58 U+90CE 285 1343 33 63 U+309D 796 2460 20 32 U+30E2 762 2562 65 45 U+309D 799 1703 20 36,umgy010-013
U+5408 1432 327 102 127 U+3066 1049 334 87 81 U+4ECA 296 536 100 150 U+91D1 1057 2300 101 133 U+306E 878 2527 75 89 U+304A 480 332 90 62 U+7531 203 2447 63 61 U+534A 1069 2168 69 125 U+306E 1443 866 70 69 U+305F 1259 945 65 94 U+306F 116 1298 80 50 U+306E 690 2277 72 64 U+516B 484 2239 116 77 U+306A 120 1543 91 82 U+5EF6 286 924 112 113 U+304A 1249 335 75 50 U+3082 1079 2538 49 87 U+3068 1466 1790 52 92 U+91D1 1059 1823 101 125 U+306A 1264 2144 70 88 U+306A 118 687 84 78 U+65B9 673 331 98 107 U+3066 890 891 44 120 U+304A 1069 1577 82 56 U+3060 1249 1255 85 92 U+304C 1082 1024 63 61 U+3092 489 1195 79 80 U+6E21 861 326 106 134 U+3051 1253 1132 77 118 U+304C 1080 1249 63 60 U+306A 1448 1465 68 90 U+3060 128 2376 72 67 U+30E2 1257 1657 70 55 U+306B 310 1303 72 78 U+3092 1441 2558 77 64 U+3051 1259 1347 74 102 U+306B 880 2314 76 64 U+624B 515 2326 49 147 U+304A 493 841 83 61 U+3093 490 1091 104 102 U+3046 1256 721 58 115 U+5185 1258 1807 77 111 U+4EE3 476 399 97 104 U+7559 872 780 79 110 U+5C0B 1251 393 76 135 U+3082 1450 1359 62 103 U+963F 1069 1646 83 107 U+3075 1429 2073 107 101 U+8868 879 2393 86 123 U+6C17 687 2111 72 151 U+898B 1064 418 79 107 U+306B 1085 1747 45 72 U+4ED5 1057 791 90 96 U+307E 1262 614 47 105 U+30A2 1072 2093 61 95 U+3084 486 1281 97 60 U+30A6 1274 1714 46 83 U+5CA1 684 445 77 107 U+805E 1436 1062 91 128 U+6298 870 2054 85 111 U+308C 124 402 69 102 U+306D 1058 1103 92 108 U+85E4 1435 2309 99 123 U+5185 872 1028 73 107 U+303B 1278 1924 40 72 U+963F 490 912 88 103 U+3093 686 1617 111 96 U+6E08 872 1143 94 111 U+306B 889 1261 50 64 U+3059 323 1038 54 94 U+308C 303 2205 133 94 U+3092 1065 1948 87 98 U+30A2 1075 688 51 92 U+304B 1469 2165 38 56 U+4E94 685 1271 87 80 U+85E4 110 989 95 128 U+3093 122 585 102 104 U+306F 1259 2083 79 57 U+5CA1 500 2122 80 107 U+3081 315 2298 70 79 U+308A 1083 524 38 88 U+65E5 320 684 45 79 U+3057 874 1334 78 92 U+30F2 501 1783 61 99 U+304D 1458 1887 63 108 U+6368 1433 1178 109 116 U+516B 668 564 97 69 U+5B98 491 503 79 115 U+3078 1440 1759 104 55 U+306F 696 620 54 112 U+3059 504 1497 65 87 U+3084 301 1134 87 69 U+304B 327 2435 42 63 U+3081 125 1765 65 87 U+65E5 322 843 43 63 U+3069 1274 1555 64 77 U+3089 1474 2218 32 95 U+3044 882 1900 74 60 U+90CE 685 1422 85 124 U+3093 117 1190 98 96 U+6BD2 681 2351 87 122 U+3084 1060 606 80 80 U+3053 129 1909 59 64 U+30BC 503 1582 91 67 U+58F0 682 737 76 147 U+305F 1448 458 64 81 U+306A 690 1864 73 84 U+3082 895 1560 46 99 U+308B 133 1707 48 70 U+3093 1448 2482 101 64 U+639B 673 981 99 107 U+306E 1459 1995 59 79 U+304C 696 2550 61 71 U+307E 132 1973 47 81 U+3068 1279 2434 40 68 U+304B 897 2168 42 68 U+304B 1081 874 41 68 U+3093 124 1447 121 106 U+3055 128 1631 64 76 U+308C 1263 1446 58 106 U+306D 1444 1653 92 107 U+304F 306 1949 84 68 U+306A 312 1487 76 93 U+56DB 686 1357 87 64 U+3066 888 559 42 112 U+306F 118 930 82 59 U+3084 490 1430 88 69 U+305D 699 1711 54 70 U+308A 509 1338 46 102 U+3081 501 2486 69 78 U+3078 1250 2397 116 62 U+304A 688 2047 83 63 U+3092 690 892 69 85 U+306D 1254 526 81 82 U+53D6 873 665 84 112 U+3060 881 1726 80 82 U+805E 1244 2511 90 101 U+3067 1077 2436 64 102 U+3044 878 1498 74 61 U+3075 292 404 89 78 U+3089 697 1945 54 97 U+77E5 110 1355 92 98 U+3069 319 329 62 72 U+308C 317 2019 64 109 U+3055 1451 2426 53 59 U+3060 686 2475 88 76 U+3055 124 1123 60 70 U+305E 1081 1470 66 86 U+3093 690 1774 120 90 U+3078 106 1851 106 53 U+30E2 126 2525 63 49 U+305F 1071 941 58 78 U+3078 304 2381 100 57 U+3075 1054 1395 88 86 U+3078 492 778 100 56 U+306E 124 2313 71 65 U+3053 131 323 51 77 U+3055 501 620 53 73 U+4E00 299 785 93 21 U+30A2 332 1847 49 89 U+30B7 129 2582 95 50 U+306E 883 1655 72 71 U+3031 516 1896 50 210 U+305F 123 2146 69 83 U+3061 309 1679 78 91 U+5CA1 766 1140 49 69 U+30DE 1077 2050 55 41 U+305F 1449 642 60 78 U+305F 880 1424 65 70 U+3089 1467 1553 39 105 U+308F 1269 1043 43 86 U+3055 502 1015 51 78 U+3082 139 2227 41 92 U+3089 903 2235 30 81 U+30A4 494 1860 62 79 U+3084 303 1766 96 78 U+306F 320 1393 53 95 U+3057 1283 820 20 124 U+307E 498 692 67 85 U+3046 325 1202 40 107 U+3057 1472 718 20 144 U+3078 489 2569 106 44 U+3075 863 1962 99 92 U+30A2 317 2524 61 62 U+3064 121 2061 75 84 U+3053 133 525 46 65 U+3089 1288 2231 33 88 U+3055 698 1547 59 70 U+3069 1077 1316 75 79 U+306D 1258 2317 78 79 U+306B 1453 1298 66 65 U+306B 1271 2007 40 72 U+308F 1458 554 41 87 U+3078 1063 1210 89 59 U+304B 322 477 43 56 U+56DB 578 1708 61 49 U+30C8 914 1813 28 86 U+3057 897 446 21 115 U+4E94 578 1661 61 52 U+516B 765 1214 62 44 U+3089 332 2131 33 88 U+30FD 332 2584 25 37 U+3057 350 1572 18 133 U+309D 143 886 29 50,umgy010-016
U+91D1 1404 317 112 135 U+4E57 266 667 89 145 U+306E 1222 1457 81 96 U+91D1 72 891 102 128 U+304A 1026 1106 86 64 U+5916 824 838 113 121 U+3082 655 908 61 117 U+304A 85 1407 78 69 U+3082 471 2447 54 88 U+3082 1430 1708 52 100 U+306B 649 845 82 92 U+3066 1043 982 45 113 U+4E94 1016 1354 102 76 U+3082 1236 2138 58 98 U+3093 1414 2355 110 89 U+5341 836 1339 78 88 U+90AA 1404 1361 100 115 U+90CE 653 1470 89 148 U+3031 664 2206 60 192 U+821F 253 1109 110 134 U+91D1 1013 2292 119 116 U+3084 244 2292 115 71 U+3046 1247 2038 43 103 U+3056 1035 322 82 80 U+534A 87 756 64 130 U+3060 272 1247 83 87 U+4E03 265 2026 89 74 U+30A2 91 383 56 79 U+4E94 837 1439 88 73 U+3092 461 948 73 81 U+3059 470 1580 63 98 U+306A 81 1775 84 87 U+4E21 833 1599 92 102 U+306D 1410 959 80 90 U+306E 1228 1070 74 90 U+6D45 646 559 92 138 U+307B 844 1708 83 80 U+3078 258 608 108 59 U+3086 1412 1107 85 79 U+3066 265 2547 87 78 U+306E 843 753 70 88 U+304B 1410 1821 94 81 U+98A8 840 2222 103 113 U+3064 79 555 78 123 U+805E 1029 862 82 131 U+306B 1422 1282 68 65 U+76F8 1018 1735 97 101 U+6C17 1226 577 70 149 U+3044 85 2484 77 68 U+306E 1038 2202 69 88 U+624B 1235 316 60 154 U+4ED5 449 2539 108 86 U+8863 848 428 66 113 U+3082 1423 1473 62 125 U+306A 272 1833 81 97 U+6E21 646 1041 108 131 U+639B 251 818 116 129 U+3078 261 2247 115 58 U+3084 639 2526 100 96 U+3091 1414 1187 89 92 U+85E4 1404 2169 101 128 U+6301 1216 1222 102 100 U+30DE 96 323 59 53 U+5F37 1218 1562 90 108 U+516D 826 1515 98 93 U+3046 104 2215 39 112 U+3084 262 2173 103 71 U+3093 459 839 103 103 U+6765 454 2002 83 143 U+6B32 1217 1667 96 111 U+3092 82 1674 94 93 U+4ED5 1208 2244 111 88 U+76F8 1418 2526 81 73 U+4E94 732 1971 63 56 U+3093 1031 658 108 104 U+305B 1028 580 70 85 U+53D6 842 956 66 118 U+307E 1039 484 52 97 U+3070 652 1243 87 74 U+306E 1224 1862 84 85 U+3092 1420 2437 78 79 U+5C11 1011 2424 99 113 U+3081 840 1239 79 94 U+3092 273 1542 96 101 U+304C 469 2225 77 69 U+308F 472 324 47 106 U+4E94 641 1322 101 76 U+304D 848 2527 71 86 U+85E4 455 643 89 142 U+306A 1225 814 72 92 U+305B 74 2119 82 94 U+306E 852 1861 69 82 U+8CAF 1016 2094 99 108 U+3075 65 2551 104 78 U+305F 1229 2384 72 66 U+30E4 650 2114 68 56 U+8AC7 1023 1836 99 111 U+306D 450 1257 88 99 U+304B 283 325 50 63 U+3060 90 1018 76 93 U+305A 1425 2070 75 94 U+306B 1040 1640 77 83 U+305B 639 1159 91 86 U+3084 71 2044 98 79 U+3056 88 473 81 81 U+305F 462 429 64 63 U+3055 1423 2292 60 67 U+305D 652 325 62 87 U+3068 858 323 50 98 U+5442 845 2340 67 91 U+3064 838 1167 85 76 U+985E 828 545 99 115 U+3070 474 1685 79 94 U+7531 1028 1192 88 88 U+975E 1415 1599 89 108 U+3093 270 1735 117 98 U+306F 663 691 50 91 U+305F 1233 986 67 76 U+53D6 1226 466 85 118 U+3044 1030 410 76 73 U+53D6 660 1732 69 103 U+54C1 840 1955 83 108 U+306F 461 582 75 64 U+3046 482 1478 35 105 U+30C8 1085 775 32 77 U+307E 1430 1901 49 104 U+3042 844 1074 76 90 U+304C 1235 2447 63 68 U+3068 96 2325 57 83 U+307E 469 1362 55 118 U+306B 1226 728 76 83 U+90CE 1033 1516 81 123 U+3067 81 1316 84 88 U+3068 101 659 48 92 U+306F 1414 2008 86 64 U+308C 275 1426 72 117 U+305F 276 1036 73 74 U+3075 443 2378 104 78 U+304B 1244 2322 48 61 U+3089 291 1928 44 101 U+3082 1245 1767 45 99 U+307E 89 1563 54 115 U+3078 1408 1052 104 49 U+304A 456 1030 84 68 U+305D 849 672 58 79 U+3065 455 1172 103 87 U+3092 843 2132 87 95 U+3081 88 1944 74 98 U+303B 1054 2539 40 69 U+56DB 1029 1444 83 70 U+306D 267 517 81 94 U+8ACB 637 1606 99 134 U+3069 1235 1956 73 79 U+30EC 658 2166 83 53 U+3069 867 1782 56 75 U+304F 76 1492 85 73 U+304C 283 453 68 67 U+53D6 1423 468 69 109 U+3060 87 1858 79 83 U+305F 268 388 71 68 U+3064 272 948 78 90 U+3057 1061 1949 17 137 U+306F 89 2414 75 63 U+304C 1430 893 64 66 U+3064 1228 906 73 82 U+3066 662 445 53 114 U+3069 461 2295 81 81 U+3054 1230 2529 70 75 U+306B 465 1924 80 72 U+30C4 288 2108 59 63 U+56DB 642 1400 87 70 U+306F 669 2432 48 91 U+56DB 734 2034 65 42 U+308C 91 1200 65 116 U+307E 1413 810 80 82 U+306F 1033 1284 82 64 U+308A 482 1832 41 100 U+307E 1229 1332 59 96 U+305F 464 1100 67 80 U+3066 670 1831 52 111 U+305D 282 1652 54 86 U+3078 633 415 114 51 U+3053 87 1117 61 79 U+306F 1229 1162 79 54 U+3053 283 1350 61 70 U+3089 277 2359 62 97 U+305F 459 2146 75 82 U+3064 1412 577 85 63 U+304B 659 784 46 69 U+3078 1214 1429 103 48 U+3057 483 488 22 96 U+3057 873 2435 21 89 U+3055 465 766 49 77 U+3057 1443 707 23 112 U+304B 287 2439 39 52 U+304B 484 1781 37 52 U+304F 1440 628 45 84 U+303B 862 2067 35 77 U+3057 302 2485 19 73,umgy010-018
U+6765 184 1950 87 118 U+304A 570 873 86 53 U+306E 570 1445 82 73 U+308B 1356 1045 48 77 U+304A 185 877 82 54 U+306E 772 1040 68 69 U+3059 1143 2196 92 108 U+6B64 1334 1121 97 113 U+80CC 379 2343 91 132 U+3044 763 372 76 60 U+304A 948 2341 87 55 U+304A 763 1132 82 55 U+65B9 376 1296 75 127 U+963F 567 949 91 112 U+304C 782 738 64 66 U+6577 378 2219 94 136 U+4EE3 1320 1227 112 126 U+9580 185 668 87 107 U+7531 1215 890 60 66 U+3059 375 1788 89 100 U+4EBA 1510 2204 124 113 U+98A8 379 1980 108 118 U+4E39 168 2242 110 105 U+6B64 372 1186 88 100 U+3046 789 607 37 113 U+65B9 177 1143 95 97 U+5916 1532 1781 90 126 U+66F8 1317 2062 94 135 U+304B 1327 932 92 68 U+3092 182 1251 78 85 U+53C2 374 1470 87 146 U+308C 1147 2449 75 97 U+30CA 1168 1160 56 66 U+30C8 427 1885 34 78 U+5185 955 1195 74 116 U+3082 1549 374 48 108 U+30CB 1144 1242 73 41 U+3066 1161 1822 50 109 U+3078 367 1432 103 39 U+6E08 947 649 94 116 U+307E 1157 533 47 87 U+3059 569 2440 89 102 U+30A2 1357 1748 48 71 U+6570 1332 1830 99 114 U+85E4 946 1315 94 122 U+305F 575 379 63 87 U+304F 969 532 46 112 U+30F1 1146 1101 74 48 U+5B85 759 1195 82 127 U+307C 1145 1615 100 100 U+308C 383 370 68 118 U+306F 942 371 85 42 U+4E94 179 2593 94 68 U+306F 1538 919 70 43 U+306E 956 1098 73 85 U+3072 374 2602 91 69 U+7269 1331 1358 97 121 U+5927 1140 1302 91 97 U+671D 376 797 92 107 U+306F 573 641 77 48 U+306B 958 936 69 61 U+306E 955 2251 74 76 U+90CE 189 2430 76 138 U+3044 1146 453 78 64 U+77E5 1527 1141 89 103 U+306E 1531 483 72 79 U+30A2 595 706 45 69 U+30E8 1167 2304 52 52 U+306F 762 1344 81 42 U+308B 198 590 50 61 U+304A 1140 1557 87 65 U+6B21 181 2349 92 80 U+88CF 567 1726 81 154 U+5411 1526 1026 83 111 U+3051 190 500 73 86 U+660E 382 691 90 98 U+3051 1532 1570 78 113 U+304B 1160 813 42 60 U+3067 1534 1674 69 97 U+76D7 1530 2070 81 132 U+3067 384 1017 81 88 U+304B 181 2080 87 66 U+308A 1161 2004 43 95 U+30A4 1171 1005 47 78 U+304A 1148 1948 81 60 U+3061 767 1481 69 94 U+754C 1149 1404 76 134 U+304C 1541 2316 65 42 U+8776 168 946 106 120 U+9644 1331 2206 86 108 U+3061 1347 815 73 92 U+304A 570 2200 87 60 U+3044 765 1914 77 78 U+3078 1325 1002 107 49 U+3093 1144 707 98 106 U+304C 204 1069 65 62 U+306B 396 1110 51 67 U+85E4 1516 614 94 114 U+3078 758 995 104 54 U+3093 567 1336 94 101 U+305B 1137 617 82 92 U+3044 568 2544 84 54 U+307E 389 1712 52 82 U+307E 391 492 52 110 U+3048 1148 1717 72 103 U+306A 955 1855 73 92 U+304F 573 468 73 63 U+307E 402 909 39 105 U+306D 184 1531 82 98 U+306B 585 2120 48 75 U+3046 972 832 37 106 U+3093 1529 809 85 105 U+3093 953 1518 90 96 U+30A4 762 2481 52 74 U+307E 1152 2100 52 107 U+3084 950 768 89 65 U+30A2 588 1168 47 82 U+305F 379 602 73 78 U+3078 188 1898 92 57 U+308A 597 2258 38 95 U+305D 774 517 52 89 U+308A 1160 2610 43 60 U+3059 762 2101 81 102 U+3065 183 1449 97 85 U+65E9 964 428 60 105 U+3089 986 1946 33 82 U+4E94 838 2233 74 53 U+306B 574 1650 80 62 U+306D 1530 1329 81 99 U+306B 1350 2318 44 74 U+5442 392 2108 62 93 U+9577 569 1892 74 105 U+305F 191 1347 58 102 U+51FA 189 370 89 77 U+3078 1523 1434 96 42 U+307E 776 2001 47 100 U+51FA 950 1773 91 76 U+51FA 1531 2394 87 85 U+3070 583 1072 57 95 U+3067 766 1654 71 85 U+307E 588 2351 49 92 U+3089 1548 1968 37 97 U+305D 1160 2366 56 82 U+5C4B 563 2000 96 107 U+305D 966 1016 55 79 U+304A 764 816 85 79 U+3061 1349 609 69 100 U+3092 954 2571 88 82 U+30CF 768 2440 70 37 U+3065 559 2592 113 63 U+76F4 574 1535 71 109 U+30DE 1354 1698 52 39 U+304F 1360 1586 38 95 U+3067 1350 2392 72 94 U+30F1 770 2376 78 55 U+308A 390 1613 52 110 U+305F 769 433 57 81 U+305F 1347 503 65 103 U+5484 940 2408 107 74 U+304C 978 1624 53 50 U+307E 955 2119 53 102 U+3088 1163 2559 37 51 U+308F 1548 1479 44 89 U+3064 188 1629 77 73 U+308F 778 2575 47 82 U+3069 775 1388 82 88 U+7230 187 1744 72 147 U+53E3 191 799 58 51 U+8CA0 363 2486 79 112 U+3055 1154 373 50 76 U+4E00 1521 992 89 23 U+3092 1338 1955 73 98 U+307E 1354 710 43 101 U+3055 573 1261 55 75 U+307E 775 893 47 95 U+304A 943 2049 90 71 U+3055 1540 734 56 76 U+308B 201 2155 48 82 U+306A 1320 2577 97 89 U+306F 1341 450 81 60 U+304A 949 1706 78 61 U+56DB 840 2292 63 44 U+305F 1524 2483 69 84 U+3054 776 1752 78 68 U+304B 1543 1905 41 63 U+3056 770 1825 88 84 U+30CE 596 792 22 51 U+3082 1342 2487 53 90 U+306B 1359 371 37 78 U+3078 943 2223 104 52 U+65E5 1532 2596 45 62 U+3055 959 1459 48 62 U+304B 785 2199 42 57 U+3089 1568 1242 27 91 U+3088 1355 1488 44 104 U+3057 600 542 17 98 U+304B 203 450 40 56 U+3089 778 1573 41 99 U+309D 1562 563 17 32 U+3057 985 2480 41 93 U+309D 215 1701 25 32 U+309D 223 2137 21 31,umgy010-019
U+4ECA 185 1946 110 131 U+5009 1514 397 111 122 U+306B 1346 2180 93 92 U+4E8C 772 1183 77 49 U+306E 200 1489 81 91 U+3066 784 1046 52 108 U+4E39 1328 2565 116 109 U+304A 576 1095 85 56 U+4E8C 768 2511 88 56 U+304A 577 1752 93 59 U+304A 198 693 91 51 U+4ED8 1341 1161 74 124 U+3082 1542 1397 62 114 U+6B20 202 2077 82 118 U+9580 196 980 88 100 U+9053 191 1840 90 100 U+6B20 767 2169 99 125 U+304A 583 2512 84 59 U+3059 394 2302 90 105 U+5408 948 484 105 119 U+8352 954 698 97 152 U+884C 1523 1510 99 136 U+5FA1 1518 526 103 124 U+6211 385 402 100 107 U+3059 1145 2107 80 95 U+305F 211 2363 69 106 U+306F 386 521 87 48 U+624B 210 1704 57 133 U+3082 202 865 58 99 U+516B 1350 2420 89 57 U+304C 1360 2495 73 55 U+7531 201 779 83 95 U+3070 197 605 92 69 U+3046 400 1264 57 126 U+5012 1135 873 102 109 U+6240 1524 646 93 141 U+547C 1528 939 85 120 U+307E 401 827 49 96 U+6B21 1145 389 88 99 U+306E 396 1750 72 93 U+4E39 1326 1296 111 113 U+306B 1530 1068 78 72 U+7D44 1327 1048 101 109 U+308C 204 499 64 109 U+4E39 561 2222 113 106 U+30C8 1570 2610 43 59 U+90CE 1353 870 74 165 U+4E94 191 2492 98 76 U+56DB 198 2604 94 60 U+3061 777 1586 83 94 U+4F55 1144 1895 96 122 U+308C 580 491 76 106 U+3078 194 1106 96 38 U+3081 1155 1751 72 71 U+4F3C 939 404 106 94 U+8776 639 1597 78 102 U+304B 408 1109 49 72 U+6CE3 390 2469 95 115 U+5144 584 1834 103 102 U+3084 765 1779 98 89 U+30B5 979 1132 63 83 U+3075 185 1417 98 77 U+5CA1 1351 2285 79 109 U+5F15 1143 746 84 124 U+898B 573 700 84 110 U+305D 588 399 64 92 U+306D 1531 2466 98 104 U+6B21 1333 1411 104 105 U+3051 1535 1945 93 108 U+884C 1536 2350 90 116 U+6765 1529 1146 80 136 U+4EBA 743 2589 129 81 U+3066 1545 1284 57 118 U+306C 952 607 98 83 U+3067 387 1835 90 84 U+3068 601 609 50 78 U+3059 197 397 82 110 U+308A 1541 2057 68 103 U+306B 1162 2589 72 78 U+3042 1347 1521 80 96 U+8776 561 1166 107 123 U+3078 956 2242 121 61 U+3066 769 2080 89 92 U+30A4 629 1938 38 85 U+3059 391 1476 78 97 U+4E94 964 1304 86 80 U+3078 1529 2569 101 48 U+7E04 186 1597 110 115 U+306A 390 1391 88 87 U+3089 1561 837 33 102 U+3053 1160 1257 63 78 U+5411 198 1325 90 92 U+305F 1540 1652 67 109 U+304B 950 864 94 67 U+306A 778 1680 74 104 U+3092 1154 2013 93 98 U+308D 1346 2064 83 103 U+306A 390 571 84 88 U+306E 1160 2276 74 107 U+30A2 1553 2252 55 95 U+3059 789 2386 56 107 U+51FA 582 1501 91 87 U+306E 1156 1338 75 86 U+51FA 203 1155 88 91 U+3093 966 1689 109 103 U+3055 588 2027 70 83 U+4E39 939 2368 123 110 U+3084 1522 2162 99 88 U+305F 399 1661 75 84 U+9854 758 464 99 124 U+3093 578 2108 104 118 U+30C8 999 2287 32 75 U+90CE 1155 491 76 130 U+307E 776 1874 65 97 U+308A 599 977 42 105 U+3044 402 2113 81 79 U+3060 1157 2382 87 94 U+3089 1364 1620 44 90 U+3092 770 585 89 88 U+305D 1354 1718 62 89 U+305B 956 923 88 86 U+306A 1533 1862 83 89 U+304C 793 398 69 67 U+306F 580 1295 82 55 U+90CE 967 2543 80 124 U+30C8 439 2393 32 56 U+307E 408 2203 59 101 U+305B 386 920 80 85 U+9854 1145 2476 97 111 U+308B 1167 2198 50 73 U+30C4 804 1248 50 62 U+51FA 200 2201 85 82 U+663C 1152 1448 70 123 U+3075 1322 1812 109 98 U+3092 1151 626 92 111 U+602A 576 2578 108 93 U+4E09 772 1317 83 86 U+58F0 396 2570 77 120 U+51FA 772 2298 98 84 U+3044 391 748 80 74 U+30F1 1174 1826 62 51 U+3046 785 1484 47 111 U+3055 588 2333 60 73 U+304F 1556 1758 39 97 U+3059 1353 609 60 97 U+51FA 1340 513 91 91 U+3054 405 1936 81 77 U+90CE 967 1459 72 143 U+3064 396 1574 88 86 U+4E94 1342 720 87 72 U+3076 763 755 107 91 U+8D70 580 1358 73 136 U+3055 395 658 66 89 U+3057 1180 980 22 164 U+304B 1554 768 35 71 U+30C4 793 1406 54 77 U+3068 1361 1897 52 80 U+9CF6 1147 1587 85 138 U+30A2 973 1212 59 90 U+6025 960 1790 91 154 U+308B 205 1244 56 68 U+6B20 1343 396 81 124 U+305B 964 2144 83 93 U+3093 582 2402 68 92 U+56DB 958 1391 91 67 U+308B 593 807 51 67 U+3088 597 875 45 103 U+3053 789 681 52 73 U+3069 404 1184 87 77 U+304E 972 1012 80 114 U+306A 958 2066 86 85 U+3056 405 2016 84 94 U+3093 381 1004 81 109 U+306B 790 965 44 79 U+56DB 1344 809 86 59 U+6B21 962 2482 90 69 U+3055 976 1601 52 87 U+5CA1 1236 1131 54 73 U+3057 248 2274 18 89 U+304E 970 1949 78 107 U+3057 818 836 21 117 U+3053 1366 1980 43 82 U+3057 809 1969 29 112,umgy010-023
U+3066 378 1972 85 88 U+306E 1157 952 71 66 U+306E 774 610 75 87 U+5FF5 178 2544 108 107 U+85E4 375 616 104 127 U+306E 391 1324 75 93 U+4ED6 181 993 109 127 U+756A 1536 708 82 140 U+304A 765 1715 92 60 U+306B 1530 625 91 90 U+90CE 188 1880 96 154 U+3082 397 1002 65 104 U+306E 1544 2589 68 71 U+91D1 944 1755 112 122 U+6709 1547 1298 65 116 U+306E 1348 2430 68 65 U+540C 1148 1330 80 106 U+8776 757 1778 100 125 U+306E 198 2286 76 85 U+6B64 1147 2202 91 102 U+5408 755 1281 114 118 U+639B 757 1167 108 122 U+60AA 185 2402 89 115 U+5175 393 743 67 132 U+3070 192 1632 89 76 U+65B9 1341 711 84 103 U+3051 972 2200 79 101 U+306A 1347 1949 75 81 U+9810 955 2073 97 137 U+8776 942 678 98 125 U+624B 398 1431 55 133 U+3066 1167 624 53 100 U+306B 599 2281 72 75 U+3070 206 613 65 96 U+306E 578 830 74 85 U+5C71 1152 735 96 86 U+3066 1355 1555 46 106 U+306B 1155 2598 66 71 U+304A 954 615 86 57 U+5C71 1344 618 90 77 U+65B9 765 972 87 114 U+304F 982 1317 35 101 U+6642 1141 1912 92 101 U+58F2 1341 1217 91 132 U+3082 1155 2094 59 108 U+5BEE 944 2314 126 149 U+306F 206 1121 60 88 U+3092 772 1085 74 76 U+306A 1539 1056 75 86 U+75C5 185 2150 95 134 U+304A 783 2101 85 67 U+885B 388 873 87 122 U+753A 955 2583 89 73 U+963F 762 787 98 115 U+6B64 1536 1950 81 98 U+306E 391 2260 77 99 U+885B 1539 1830 88 114 U+306B 212 915 48 72 U+5546 1344 1081 83 145 U+304C 776 895 79 66 U+5175 1544 1725 63 108 U+9053 1144 1430 84 112 U+7ACB 1157 1807 62 103 U+982D 1536 852 92 107 U+7528 1350 1344 66 119 U+3068 1558 985 39 64 U+65B9 1157 828 75 105 U+77E5 184 1214 102 112 U+3066 1539 1216 75 83 U+304A 763 707 93 63 U+524D 379 1570 92 140 U+3089 590 615 63 107 U+304C 588 2593 68 61 U+7531 779 2185 82 90 U+304C 1557 1536 65 65 U+6301 185 2045 98 103 U+85E4 1531 1596 94 123 U+306B 1354 1012 71 67 U+305B 565 1690 93 92 U+307B 1538 2070 75 68 U+305A 587 721 75 104 U+306A 572 1973 82 91 U+3069 1554 2136 56 80 U+6025 1345 875 81 132 U+7528 1351 2192 65 112 U+307E 775 1497 61 118 U+306A 383 2469 80 99 U+9632 965 2478 101 86 U+51FA 1345 2497 88 65 U+5DDE 1542 2491 67 88 U+65C5 1138 1684 88 117 U+304F 968 1075 74 67 U+308C 204 1518 61 117 U+90CE 1155 2443 69 147 U+308C 383 2569 77 90 U+6BCD 366 1115 114 104 U+306F 964 1145 75 56 U+307E 588 1081 52 100 U+305B 564 1184 89 97 U+4E94 1151 2298 85 69 U+305F 768 1612 80 90 U+304C 972 804 71 68 U+304B 407 1810 42 65 U+6765 1337 2563 84 106 U+355D 1344 2315 87 120 U+3092 958 1980 75 89 U+305B 574 2062 88 86 U+4E94 184 1719 100 76 U+3055 205 737 63 83 U+3092 384 1704 96 101 U+5185 394 2084 84 112 U+306D 383 1875 97 97 U+6B8B 752 2553 109 109 U+89AA 377 1222 110 110 U+306E 1159 1144 68 83 U+4E0A 1544 2233 70 71 U+3078 1341 827 96 40 U+306F 575 1638 86 60 U+306C 1337 2114 100 84 U+306A 961 1532 78 88 U+3066 591 1281 43 103 U+307F 601 916 40 84 U+4FE1 1515 2398 107 91 U+3092 784 2467 83 83 U+884C 1340 1682 83 119 U+3053 589 1015 55 63 U+306B 1362 1477 40 79 U+306F 977 1433 49 95 U+3092 956 980 89 97 U+3068 593 1866 50 97 U+5DDE 1540 2318 66 84 U+305B 769 1397 76 92 U+3055 586 2372 76 106 U+5B50 968 1882 70 87 U+3056 200 1422 87 93 U+3093 579 1778 85 106 U+3059 588 2486 71 104 U+3068 1170 1225 45 93 U+3057 1181 1563 21 119 U+3070 1355 1878 71 58 U+56DB 1156 2375 74 64 U+306F 589 1398 50 94 U+303B 413 2185 41 71 U+3089 208 1322 47 112 U+304C 800 2277 63 66 U+3057 628 2144 24 128 U+3082 1161 1027 57 116 U+3057 997 1179 20 138 U+3057 1575 1418 19 110 U+306D 1344 1799 78 88 U+3089 222 820 30 101 U+304B 600 1493 35 62 U+3089 595 1553 43 87 U+3089 1373 2031 30 85 U+56DB 183 1806 93 74 U+3057 1187 1999 21 107 U+308A 1554 1136 47 93 U+304C 788 1904 69 62 U+3057 1003 1610 19 131,umgy010-025
U+306E 946 483 72 86 U+90CE 377 361 77 166 U+306F 769 2054 53 114 U+4F8D 168 912 108 133 U+306E 1526 1248 79 94 U+306E 1520 2219 80 100 U+7ACB 191 556 81 117 U+306E 189 816 78 87 U+6D3E 177 692 117 115 U+3082 180 2091 55 113 U+3042 760 466 73 100 U+7531 937 667 89 84 U+963F 1507 1907 112 115 U+4E94 1318 2477 98 86 U+5CA1 373 2027 85 112 U+65B9 1507 2100 100 109 U+304C 1534 2015 66 72 U+5B50 763 364 72 97 U+5F15 557 361 88 126 U+308B 1354 598 49 82 U+306B 943 1422 106 94 U+304C 954 2169 69 65 U+5175 954 1893 59 126 U+3084 753 567 87 78 U+4E8C 736 2189 101 60 U+3068 963 753 55 88 U+304A 1510 1832 98 67 U+9003 362 1648 105 132 U+8776 935 855 97 108 U+885B 949 2017 82 129 U+3059 382 1904 66 99 U+3092 743 2594 80 76 U+516B 365 2158 105 86 U+6765 362 2553 85 127 U+9593 366 1452 91 122 U+307E 1342 691 50 108 U+3066 754 868 79 95 U+5409 951 970 69 126 U+4E94 1521 600 97 80 U+805E 1321 903 93 126 U+306E 744 2369 76 106 U+306E 372 2229 73 93 U+6885 928 360 116 116 U+3081 565 2176 68 85 U+900F 358 1292 110 146 U+30A2 583 1601 56 96 U+4EBA 730 2249 114 116 U+843D 933 1528 104 149 U+5411 361 2321 86 117 U+306C 938 1677 101 80 U+308C 571 1776 74 117 U+306E 951 2314 74 90 U+5BDF 1134 1714 73 157 U+57D2 1493 2345 114 140 U+51FA 376 1807 88 84 U+306B 393 1565 46 69 U+304A 942 583 79 65 U+306F 944 1101 85 58 U+304B 1525 931 58 75 U+308C 1332 1426 71 117 U+304B 388 531 42 65 U+6765 1319 1953 84 117 U+85E4 742 1683 99 125 U+4E94 550 2478 103 83 U+69D8 1511 1355 98 112 U+5834 920 2396 119 126 U+624B 388 610 55 142 U+305F 770 974 57 86 U+3080 759 1237 82 91 U+53D6 1525 1013 78 113 U+304B 365 997 93 80 U+3072 180 1349 97 92 U+304B 175 363 97 82 U+884C 180 1050 89 150 U+56DB 548 2593 103 71 U+3044 180 2362 77 60 U+305B 1128 2252 84 88 U+3075 356 2434 92 70 U+305D 1320 1334 81 99 U+305F 1335 1021 68 82 U+3092 1136 727 91 97 U+308A 1346 1641 47 114 U+637B 361 862 111 118 U+9003 1514 1115 106 126 U+516B 176 1764 95 81 U+85E4 930 1765 111 138 U+56DB 1322 2596 85 65 U+885B 747 1924 98 122 U+308D 1134 1411 84 89 U+3067 1323 802 86 95 U+5CA1 179 1625 87 118 U+5175 760 1818 65 109 U+3059 391 1185 64 100 U+7230 1331 1762 71 134 U+3078 1118 2511 109 46 U+3092 1523 1568 96 111 U+3084 552 1512 92 84 U+5974 734 2492 112 87 U+624B 191 1946 52 137 U+3078 354 2508 123 63 U+56DB 1520 683 91 74 U+3078 1316 1903 111 69 U+305F 1141 2342 53 92 U+90CE 1523 757 79 182 U+3048 374 1078 89 106 U+3066 1127 1970 81 84 U+3092 375 750 92 96 U+307E 182 2419 80 74 U+6848 932 1271 100 137 U+3081 179 2586 76 87 U+3092 178 1851 89 100 U+306A 560 694 92 100 U+4EBA 536 2061 127 110 U+3059 771 1125 60 107 U+3078 749 1612 105 65 U+3055 191 1446 59 84 U+306A 175 2211 77 84 U+3091 1326 2362 94 92 U+3086 1321 2278 79 85 U+3057 556 1417 93 95 U+601D 943 1178 86 93 U+30A2 582 1213 51 84 seg_fp 1707 1901 66 84 U+304F 1153 1621 43 104 U+307E 1137 2431 70 80 U+3055 1526 2605 57 60 U+3061 197 1195 71 91 U+5B50 1533 1474 73 102 U+308D 752 1514 82 102 U+306E 946 2524 71 67 U+307E 186 1530 86 81 seg_fp 1728 1653 46 102 U+307E 1140 2146 52 115 U+306A 1135 1125 81 86 U+3042 1515 2463 76 79 U+3046 578 1311 48 118 U+3089 581 2259 41 87 U+805E 1516 1661 88 154 U+3053 961 2249 53 64 U+3068 579 2344 56 111 U+305A 560 494 89 86 seg_fp 1707 1788 68 111 U+30B5 579 1139 66 81 U+308B 206 452 47 81 seg_fp 1728 1068 60 112 U+308A 1145 1203 57 96 U+76D7 559 1915 83 143 U+308A 1334 2071 48 106 U+90CE 1139 597 75 137 U+3088 1147 2048 39 97 U+3057 1361 1154 22 176 U+3089 572 859 72 116 U+3068 1148 827 57 81 seg_fp 1712 2222 45 71 U+304C 584 792 60 68 seg_fp 1716 1574 62 76 U+3068 764 1351 61 79 U+69D8 923 2587 115 90 U+85E4 623 979 85 93 seg_fp 1714 1454 65 118 seg_fp 1738 959 51 107 U+304C 577 1695 75 84 U+3078 1128 996 104 64 seg_fp 1700 2429 65 97 U+3088 1152 1300 47 105 seg_fp 1728 2154 37 66 U+3057 784 656 21 122 U+304B 1533 2535 39 69 U+3088 1347 1543 41 100 U+307F 783 776 36 92 U+309E 1357 1101 39 56 U+3057 1158 1875 21 96 U+3057 1166 1499 21 131 U+304C 200 1284 69 74 seg_fp 1741 851 50 93 U+308A 569 579 61 125 U+3053 771 1438 52 74 seg_fp 1697 2608 64 73 seg_fp 1719 1318 65 126 U+304F 201 2270 45 85 U+309E 785 1058 57 67 seg_fp 1724 2007 46 86 seg_fp 1714 2090 54 65 seg_fp 1726 2516 36 95 U+3057 1356 2172 18 106 U+3089 1161 908 32 92 U+3057 208 2492 28 94 U+3057 1159 1023 30 102 seg_fp 1706 2351 57 73 seg_fp 1717 2295 46 65 seg_fp 1741 727 53 131 seg_fp 1741 1239 43 65,umgy010-027
U+306E 698 631 73 88 U+82B9 301 2152 88 129 U+8349 136 463 63 162 U+306E 323 1089 76 63 U+7530 700 554 78 79 U+3082 335 711 53 92 U+6625 681 2251 112 141 U+3031 1091 1108 62 245 U+306E 510 1172 71 62 U+5165 488 1673 97 71 U+65B9 1461 519 82 110 U+306E 695 2404 69 78 U+9003 1443 1901 101 132 U+3066 325 2031 53 113 U+5F73 1089 1461 54 127 U+306E 1258 2617 74 63 U+3042 703 1972 75 77 U+3066 904 1238 45 130 U+885B 1462 1390 88 124 U+306A 307 2428 86 98 U+3084 497 509 95 73 U+3080 1067 1598 92 97 U+5185 886 869 72 110 U+3072 492 2033 103 91 U+7ACB 506 1540 71 113 U+4F1A 885 2209 72 137 U+306E 134 634 68 70 U+306B 686 1878 91 82 U+3072 321 1167 77 78 U+306E 309 2613 75 74 U+5F7C 868 1859 108 126 U+3078 292 1859 119 63 U+305D 318 1561 64 98 U+5185 504 1260 71 106 U+5F8C 119 1167 98 117 U+8FFD 484 1417 98 120 U+5175 1470 1272 62 116 U+6253 691 1143 91 131 U+3044 499 2495 80 59 U+6B64 1442 394 101 106 U+3072 1459 881 88 102 U+672C 693 393 84 144 U+4F8D 867 1995 104 135 U+90CE 1074 525 87 133 U+306A 306 2276 76 81 U+3051 501 2173 79 110 U+3067 689 2153 87 90 U+8776 881 384 95 125 U+3072 131 780 76 102 U+3032 1096 2164 68 223 U+5F15 504 387 75 118 U+4E03 129 383 88 68 U+306B 900 979 47 68 U+58F0 1255 387 86 150 U+67AF 300 1917 94 117 U+5175 899 1512 57 128 U+3065 299 2346 105 84 U+885B 886 1640 85 116 U+3080 1453 721 92 96 U+306B 897 2134 52 69 U+91C8 866 2349 102 126 U+308D 1266 1251 81 91 U+306A 1444 2515 89 86 U+306E 326 468 73 77 U+3090 123 1934 87 87 U+85E4 1452 1145 102 127 U+3082 706 1041 52 99 U+6240 307 952 97 116 U+3092 1467 1805 63 81 U+308C 1274 823 63 127 U+7E04 501 596 99 102 U+3068 1097 1339 54 107 U+7B39 497 922 103 113 U+304B 124 706 87 71 U+91CE 674 2497 103 119 U+3059 1456 2333 68 107 U+304A 1265 1089 81 59 U+6094 118 1282 103 110 U+3072 124 1653 87 98 U+304C 888 1785 77 75 U+57A3 499 1052 89 96 U+971E 694 1690 80 164 U+3059 863 2466 85 88 U+308C 321 1657 62 112 U+3065 313 1234 99 76 U+5C60 300 812 101 141 U+8CB4 1257 2108 84 138 U+307E 1468 2205 52 124 U+304F 1284 1343 38 109 U+306A 491 2287 85 100 U+308C 127 1817 80 111 U+85E4 868 1387 108 130 U+3051 1259 616 84 103 U+7A32 296 1440 103 117 U+6B21 1064 401 91 118 U+5176 1443 1532 91 148 U+3081 328 383 69 81 U+5974 1452 1684 92 95 U+5409 886 522 67 113 U+3078 1450 650 88 34 U+305E 129 1566 83 86 U+306B 686 2624 76 65 U+3046 706 1272 43 114 U+4EBA 300 623 124 107 U+306A 690 1381 77 97 U+541B 1241 2253 96 135 U+5175 1269 1582 67 118 U+3078 1069 1954 108 69 U+308C 896 1117 64 120 U+304C 895 637 67 68 U+3069 1287 1149 59 93 U+304B 1244 541 97 72 U+3089 1289 735 31 93 U+3092 508 829 80 84 U+3075 1058 2632 93 64 U+4EBA 475 1844 135 104 U+306A 130 982 72 85 U+308C 879 2547 68 95 U+85E4 1257 1463 89 116 U+305D 313 2527 61 90 U+3066 125 1494 71 77 U+3082 145 867 45 106 U+304D 696 1563 65 115 U+308D 1078 1865 78 91 U+624B 521 688 55 143 U+3057 351 1303 19 142 U+304D 504 2391 70 101 U+4E8C 313 563 88 56 U+30E4 1255 1966 81 67 U+3068 1085 1701 59 86 U+601D 488 1947 103 88 U+85E4 1333 1819 73 88 U+3053 1086 832 60 87 U+308B 135 2016 47 58 U+3078 491 1379 102 33 U+3068 1473 2610 33 82 U+306F 1074 1054 82 55 U+3055 1080 678 59 70 U+307E 1076 748 75 78 U+8FCE 1043 2514 105 118 U+308C 1089 916 63 134 U+7530 1255 2542 92 77 U+672C 1250 2419 93 126 U+3066 1284 952 40 105 U+306F 1255 2380 86 57 U+3055 312 1774 64 84 U+51FA 1066 2406 77 109 U+307E 498 2556 76 67 U+4F8D 1518 987 69 106 U+304B 1475 816 37 70 U+3057 1483 2031 23 178 U+3065 678 1471 112 83 U+304F 149 1049 45 108 U+304C 510 2119 56 63 U+304B 134 1752 44 75 U+3064 875 1053 85 67 U+6B21 698 754 77 100 U+3070 875 2644 96 40 U+90CE 704 855 74 194 U+4E8C 496 1766 80 73 U+3053 1089 1786 45 89 seg_fp 725 2067 29 85 U+308B 1456 2438 51 79 U+3057 144 1399 23 102 U+30FD 1292 2039 27 41 U+6848 887 707 84 97 U+3053 1086 2018 57 69 U+885B 1267 1697 88 128 seg_fp 887 789 79 65 U+308F 1097 2093 49 106 U+3057 536 2607 29 64,umgy010-028
U+3031 1173 910 61 165 U+4EE3 199 355 101 122 U+306E 401 2478 71 68 U+4ECA 766 1457 103 141 U+5EAD 962 1351 83 141 U+3092 394 1967 77 75 U+4E39 380 890 115 106 U+304A 1156 367 84 58 U+4E8C 1542 787 92 60 U+4E0D 1161 1744 82 99 U+53C8 573 2459 112 91 U+306E 1360 1650 67 82 U+5341 1535 859 97 77 U+306B 1168 1427 81 89 U+90CE 394 1079 92 137 U+306B 786 357 80 92 U+306E 591 589 75 76 U+3082 229 1008 46 100 U+767D 599 1777 61 96 U+3066 1181 1626 41 107 U+306E 1161 2042 73 83 U+518D 1345 360 94 109 U+3066 970 2319 78 83 U+306F 793 2344 48 109 U+5CA1 783 1687 73 111 U+306E 1360 778 67 77 U+3051 794 781 52 82 U+8EAB 768 1228 87 138 U+306B 212 1787 81 79 U+306B 400 1666 91 85 U+306B 207 1188 87 92 U+306E 1165 841 68 86 U+306A 590 2264 75 93 U+306A 595 1978 74 100 U+7FA9 407 1862 70 114 U+4ED8 1168 1512 69 122 U+7530 1354 706 83 74 U+5EA7 1338 1742 91 131 U+96E3 394 1753 104 102 U+7573 1166 1296 65 134 U+60AA 962 952 83 112 U+3070 973 605 86 63 U+672C 1358 587 84 113 U+3066 605 1014 41 121 U+306E 209 1106 72 77 U+517C 587 1141 74 146 U+307E 790 441 49 118 U+6A39 958 1587 108 119 U+306F 1351 1101 75 57 U+307E 987 359 48 113 U+5FA1 587 674 77 67 U+7531 1352 1259 78 93 U+5C45 1339 1540 94 107 U+7ACB 975 1702 74 100 U+885B 208 639 82 112 U+304A 1158 784 83 59 U+9996 1149 1092 93 122 U+308C 596 2078 62 114 U+3042 596 1628 77 82 U+306F 1155 719 81 65 U+7A7F 585 1492 78 141 U+6F22 964 1069 89 124 U+4E3B 786 2456 65 102 U+4F55 198 1532 94 95 U+5B9A 197 2369 88 114 U+306A 973 1943 79 82 U+624B 412 2550 56 99 U+3084 200 2283 90 81 U+306F 401 829 73 52 U+6B21 965 674 95 93 U+6355 764 2058 101 151 U+6B64 775 1596 93 92 U+53EC 221 1871 60 81 U+306E 975 1493 66 93 U+7531 1160 420 76 85 U+65BC 1339 1164 102 93 U+3044 400 1302 80 67 U+6355 388 526 96 123 U+3044 212 831 73 68 U+90CE 973 770 76 115 U+305F 783 2196 63 94 U+3092 780 1881 82 97 U+77E5 585 836 87 103 U+901A 1336 2127 104 109 U+4F3C 193 1285 106 93 U+7FA9 1167 1935 71 111 U+305F 411 682 64 87 U+3078 1342 2085 107 51 U+3066 225 2555 55 99 U+6765 1157 2132 86 127 U+554F 1163 2480 79 102 U+601D 1155 1847 85 86 U+3070 579 2188 98 76 U+8A6E 573 1375 103 112 U+9F63 1534 945 110 124 U+5FE0 391 2377 94 93 U+3066 966 2151 84 87 U+61F8 399 2047 75 106 U+4E0B 599 748 63 96 U+8AAC 1342 477 108 110 U+516B 774 1814 99 69 U+306F 781 930 79 60 U+306E 406 1586 66 80 U+3068 225 752 55 84 U+3092 1164 1210 84 86 U+3091 212 1693 77 96 U+5176 580 2551 90 103 U+3068 421 1213 47 86 U+5F92 586 1877 104 109 U+3046 781 557 56 114 U+304D 1364 1980 58 99 U+53EC 787 1977 66 87 U+3092 974 1272 78 85 U+3072 1161 2576 81 72 U+308C 1360 2243 60 114 U+5E38 1351 953 85 147 U+3086 205 1628 77 65 U+3081 216 2486 62 73 U+3068 1182 2386 47 79 U+305F 215 1371 66 63 U+65B9 401 362 76 105 U+672C 853 980 58 107 U+6211 769 1118 103 121 U+7B2C 1544 617 97 156 U+5409 1165 616 71 104 U+85E4 962 2400 95 108 U+4E0D 403 2286 83 93 U+3055 978 2234 63 84 U+304C 1365 1346 66 62 U+8FD1 1350 860 98 93 U+8776 1153 506 89 109 U+3082 420 1475 46 112 U+308B 791 2284 46 62 U+885B 975 2577 82 76 U+305B 972 2066 79 85 U+308B 412 770 46 59 U+53EA 786 1371 66 94 U+677E 196 463 99 94 U+6B21 401 1003 82 77 U+541B 765 2564 85 90 U+305F 214 2141 64 82 U+3078 397 655 102 64 U+85E4 1340 2392 102 126 U+306F 970 885 79 68 U+3064 968 1880 72 62 U+3070 1350 2345 97 63 U+304C 414 468 66 60 U+308B 797 860 46 65 U+304C 994 2021 63 58 U+308A 222 1439 53 94 U+5175 977 2501 64 78 U+308B 412 2221 44 61 U+7B49 976 1190 70 85 U+3068 224 1955 50 89 U+306B 610 935 34 79 U+308A 580 2352 73 109 U+91CD 581 364 80 97 U+305F 404 2155 65 71 U+3057 812 653 15 126 U+308B 606 1706 48 62 U+303B 616 1291 36 76 U+308B 224 2225 44 62 U+5FE0 581 476 83 109 U+3078 202 2108 103 69 U+305B 970 523 71 86 U+306B 984 1810 52 73 U+3078 394 1371 90 42 U+3078 204 904 86 39 U+5175 221 536 54 104 U+5BD3 1355 1411 77 118 U+308B 223 944 56 64 U+3057 1382 1873 25 104 seg_fp 1357 2512 77 137 U+3046 990 468 34 67 U+308B 415 1412 58 61 U+3089 235 2048 28 66 U+99D5 1154 2255 91 127,umgy010-029
U+4ECA 677 364 114 118 U+90CE 298 1448 98 162 U+6587 1240 2077 103 101 U+3082 1272 567 51 105 U+672C 306 1056 79 130 U+4E39 675 975 107 118 U+304A 494 357 84 66 U+306B 324 981 50 66 U+7531 870 1883 82 93 U+5916 477 2215 107 116 U+306E 876 902 68 92 U+5E38 483 1241 98 144 U+5206 1448 1689 88 128 U+306E 1261 1291 68 68 U+5341 866 1068 83 89 U+3044 875 2281 70 61 U+5175 891 471 57 102 U+7262 109 1231 85 145 U+4EBA 464 1932 126 97 U+306E 1071 837 73 81 U+898B 1445 1110 90 107 U+304A 868 1820 83 65 U+304D 318 461 65 98 U+306A 1256 1362 74 96 U+6355 1052 1113 109 134 U+516B 1247 1724 98 72 U+90CE 681 2077 72 141 U+306B 1070 1036 79 90 U+306D 1259 375 91 104 U+3066 310 2456 54 108 U+5C4B 110 1390 93 105 U+7530 307 1195 76 88 U+305D 509 423 58 84 U+5F73 685 1564 64 128 U+304C 688 2222 66 74 U+65B9 1061 724 87 113 U+3042 1268 1036 72 93 U+885B 887 574 76 112 U+3092 121 753 73 81 U+306E 305 1282 78 83 U+5176 683 2296 53 111 U+51E1 491 1686 103 105 U+8997 298 351 98 111 U+5F15 119 835 76 132 U+6263 292 567 102 95 U+8A08 660 2506 102 104 U+3066 1444 1021 86 82 U+4F55 1052 2014 92 96 U+4EBA 470 1553 115 118 U+7FA9 1443 2216 75 111 U+8776 854 1985 107 114 U+4E8B 1056 2111 80 167 U+3051 876 1545 75 100 U+5CA1 1262 1601 77 114 U+3044 300 2269 85 79 U+306A 1446 1826 71 87 U+308C 313 2340 59 115 U+3092 875 1161 77 77 U+3068 1075 2374 51 69 U+51E6 488 987 93 99 U+306B 1273 779 54 64 U+5409 871 2107 70 112 U+5CA1 121 567 77 108 U+60AA 1250 928 94 115 U+304C 1075 1627 59 68 U+308D 1259 1883 70 99 U+3042 1462 857 72 85 U+9580 304 1888 84 117 U+308C 510 508 61 102 U+65E7 1260 851 78 76 U+306F 864 2220 88 58 U+3070 871 1749 96 59 U+6B21 300 1368 87 90 U+6B64 876 685 79 100 U+308C 874 1642 64 116 U+554F 1060 2451 84 92 U+305E 1067 2293 72 83 U+3082 684 1320 68 103 U+3066 697 1801 52 114 U+7A0B 870 790 88 115 U+3070 1253 1515 91 77 U+6240 1231 2288 101 122 U+304C 1467 1446 71 69 U+4E94 669 1916 96 80 U+516B 114 678 97 74 U+3082 1269 1771 44 116 U+308B 328 660 46 79 U+304C 510 1390 57 70 U+8FD1 491 1143 89 99 U+4E94 296 2573 97 75 U+66F4 846 2478 102 113 U+3093 1061 512 99 101 U+3082 1281 1180 42 110 U+65E2 1255 679 102 100 U+6CE8 1240 2186 90 94 U+57A3 460 2041 123 90 U+5DEE 477 2519 101 134 U+306E 492 2134 73 74 U+624B 1085 927 51 122 U+5171 1252 1979 70 92 U+3075 843 2341 110 75 U+3055 1079 362 66 74 U+3069 1280 483 62 82 U+5176 1061 604 82 127 U+60AA 1058 1702 93 116 U+5176 1435 2096 84 117 U+65AF 482 790 99 127 U+5F7C 1051 1436 103 102 U+85E4 871 360 90 114 U+852D 676 1423 92 154 U+6765 114 2229 77 135 U+3082 881 2393 50 78 U+5974 1047 1546 113 88 U+308B 512 921 50 73 U+306B 1264 2398 51 54 U+8A00 121 1882 61 124 U+5165 675 487 101 74 U+60C5 291 868 98 111 U+308C 119 1606 75 102 U+3088 131 1706 48 78 U+60AA 671 2412 88 94 U+547C 296 2150 95 118 U+305B 1067 433 75 86 U+6765 679 630 82 130 U+3068 132 1786 46 90 U+90CE 682 1167 79 168 U+308A 506 2408 52 106 U+3051 509 614 58 71 U+3064 115 1547 71 64 U+5BB6 108 2543 92 110 U+4F9B 482 1465 99 96 U+6B21 686 1094 79 72 U+308C 1241 2582 118 73 U+98A8 311 738 99 125 U+6E21 111 966 104 132 U+3078 475 1097 108 43 U+4E00 870 1023 84 22 U+3057 147 1091 19 146 U+77E5 1424 2503 99 92 U+305F 1456 1515 67 73 U+9000 1441 1213 110 112 U+7D30 1442 768 96 91 U+306F 1058 1943 84 73 U+53EC 1244 2458 76 79 U+304D 1455 1589 70 107 U+308A 684 755 70 101 U+3088 1479 362 46 98 U+306B 691 2592 55 57 U+308A 118 2361 59 91 U+3057 719 840 22 133 U+56DB 122 354 78 62 U+3081 119 2146 71 97 U+90CE 124 417 72 153 U+3057 1489 1312 20 139 U+308A 706 549 50 90 U+5B50 1450 656 73 106 U+3088 514 2333 39 78 U+308A 518 684 43 111 U+4E8B 1066 1824 69 117 U+56DB 678 2004 80 67 U+304B 1474 459 40 54 U+3053 313 1608 55 70 U+3092 300 1787 94 100 U+3089 1268 1457 43 89 U+3078 1069 1257 78 36 U+3093 1446 1989 92 109 U+3057 142 2435 19 102 U+306C 1449 585 89 79 U+3089 1460 1912 39 82 U+3057 710 1692 23 109 U+3064 1233 2539 84 56 U+4E5F 858 2598 107 59 U+3046 898 1346 33 90 U+307E 893 1247 45 98 U+3057 1099 1287 18 150 U+3078 110 1504 97 63 U+4F55 1426 2358 97 103 U+308B 1273 1129 47 53 U+3057 903 1435 16 120 U+308A 1474 939 42 87 U+3075 102 2012 86 71 U+3089 1458 2579 38 79 U+304B 1448 2466 44 60 U+3089 1473 516 33 74 U+308A 314 2060 64 109 U+3088 326 1981 45 86 U+308C 309 1685 64 110 U+304F 139 2066 40 81 U+308C 1070 2531 56 77 seg_fp 485 1798 89 133 U+306F 1434 2330 80 53 U+3066 1053 2605 78 50,umgy010-030
U+7533 398 1805 49 127 U+306F 1334 826 81 54 U+306E 188 1231 78 83 U+5973 932 559 109 86 U+3082 1153 1969 49 107 U+85E4 178 1964 104 126 U+5B85 570 1473 87 114 U+306E 952 765 74 87 U+5148 1521 563 100 116 U+306B 188 1885 91 85 U+306E 572 1392 78 77 U+3066 1521 1800 87 87 U+3082 580 1787 57 110 U+4EBA 749 923 111 96 U+65B9 179 1317 98 101 U+3066 964 2109 47 109 U+3082 1150 2193 56 101 U+306B 1531 687 88 73 U+3070 949 490 95 65 U+7E01 564 1084 101 104 U+3072 1338 878 81 86 U+3067 769 1150 74 80 U+3046 405 2113 37 100 U+8FF7 943 2230 108 105 U+4ED6 748 828 113 108 U+885B 194 2174 82 104 U+306E 956 1062 74 81 U+9000 553 554 106 109 U+52DD 176 998 112 111 U+306B 1337 1098 92 85 U+5426 1142 378 79 129 U+3055 1159 590 61 74 U+819D 174 2276 107 113 U+3081 957 2028 70 82 U+7FA9 1348 701 72 120 U+4E3B 962 655 63 106 U+884C 183 1661 89 120 U+3092 383 2453 86 88 U+6765 1529 374 72 132 U+306E 768 552 72 73 U+3066 1527 2608 81 60 U+306E 574 1199 70 76 U+3059 1157 1166 58 92 U+308C 577 666 69 104 U+5C11 572 1592 83 100 U+885B 1533 2401 83 93 U+305B 376 1727 86 81 U+3044 570 2296 84 72 U+4F4F 943 851 94 108 U+306F 1324 2206 88 65 U+30E4 1143 1498 79 63 U+30AD 1530 2073 59 87 U+306B 1534 1388 90 91 U+5185 573 963 75 111 U+306F 1529 1224 72 57 U+3075 364 2380 104 80 U+304B 1138 2075 83 65 U+305B 375 2032 91 78 U+307E 1341 2329 59 92 U+983C 1331 377 88 126 U+306A 1141 1328 83 81 U+85E4 831 2043 67 92 U+3044 770 1706 77 62 U+3044 1334 2272 74 61 U+305F 766 1225 73 93 U+5185 765 371 69 112 U+5176 1520 988 94 117 U+3084 1136 1018 94 62 U+9060 387 1237 64 137 U+898B 1129 2571 106 89 U+3057 380 374 84 87 U+5C45 936 954 98 107 U+3044 385 1512 80 63 U+9060 571 1974 72 122 U+3070 380 692 104 62 U+5FA1 575 1907 82 57 U+805E 377 2535 87 120 U+304C 1164 807 62 65 U+96E3 567 782 98 108 U+307E 395 1940 56 97 U+3092 1143 2504 76 64 U+3057 383 607 80 90 U+5BC4 187 2553 94 103 U+6B64 1143 2292 88 95 U+5175 195 2075 65 100 U+4E2D 764 1008 78 142 U+5175 1539 2304 63 100 U+616E 374 1377 92 137 U+3068 402 2222 50 88 U+3055 387 1651 72 81 U+3082 772 1607 53 100 U+7ACB 197 1447 68 108 U+3044 578 897 70 61 U+306F 1534 508 72 56 U+85E4 1512 2204 107 109 U+305F 391 1571 70 71 U+305F 1344 1165 71 88 U+79C1 557 381 97 109 U+5BB6 1143 2386 87 114 U+305B 564 2533 86 74 U+3088 210 373 52 105 U+8776 179 557 100 115 U+65BC 170 765 95 100 U+8005 559 1269 97 122 U+5E30 1520 760 99 90 U+3050 1142 671 84 55 U+9577 943 1348 90 119 U+60D1 950 2345 89 106 U+616E 569 2098 80 144 U+304F 396 824 37 91 U+3068 1161 1894 52 74 U+8DE1 1518 1290 104 94 U+306E 1147 1645 74 79 U+305D 1352 965 56 80 U+3068 1543 1473 56 77 U+308C 958 374 64 116 U+306D 757 1391 90 84 U+305F 962 2582 65 65 U+3092 765 740 86 86 U+304C 579 471 75 76 U+306F 184 945 85 55 U+3044 390 2317 74 61 U+5409 191 667 69 100 U+306F 754 2605 87 47 U+8DE1 177 1797 103 85 U+304F 1332 1438 84 70 U+306D 1525 2544 79 73 U+3092 1142 506 90 94 U+305F 1337 1750 70 83 U+7686 381 912 81 112 U+69D8 938 1142 101 101 U+624B 201 1108 59 123 U+8FD1 1595 1904 65 79 U+3065 765 1317 89 80 U+5B9F 1324 2570 85 102 U+8EAB 1518 1104 90 129 U+3060 1337 2412 83 81 U+308C 1326 1682 127 98 U+7531 190 860 75 87 U+308C 762 2506 75 98 U+307E 1536 1611 54 108 U+3059 203 2388 56 78 U+307E 578 2446 54 96 U+308A 550 2365 86 98 U+3060 955 1945 82 79 U+3044 1147 945 74 69 U+306F 567 2241 80 57 U+305D 1157 1570 59 76 U+308A 1163 723 46 98 U+306C 566 2605 91 58 U+3053 765 2436 65 69 U+303B 786 479 38 65 U+5B50 961 1243 76 105 U+308B 1345 1832 46 63 U+3066 210 1557 48 113 U+306F 1146 1845 75 51 U+3046 1164 1081 36 87 U+304B 1345 1899 46 69 U+307E 958 2471 59 111 U+3044 767 1986 72 70 U+306F 382 1179 73 63 U+308A 187 2464 66 104 U+308C 1338 1509 75 109 U+304B 1157 1259 44 68 U+3057 604 1680 21 120 U+5176 1343 2494 57 79 U+305F 1338 1968 69 95 U+308A 200 470 54 97 U+305F 1147 871 69 69 U+303B 412 1027 34 79 U+304B 1548 2495 40 51 U+3031 774 2288 59 179 U+30A4 1155 1401 55 74 U+30F1 752 2237 84 59 U+30CB 1534 2163 65 36 U+308A 1548 1716 36 89 U+3057 1557 843 29 148 U+3078 182 1430 99 46 U+304B 1355 1045 43 55 U+306B 398 1104 46 73 U+304B 781 1768 45 57 U+3057 1367 1303 18 137 U+3089 411 747 31 80 U+3070 952 1794 89 74 U+304B 402 457 41 48 U+30C8 1568 2004 27 73 U+3055 963 1867 61 75 U+309E 1369 1253 39 56 U+3044 952 1585 80 70 U+5EA7 954 1473 76 114 U+7533 780 1478 46 130 U+307F 1363 502 30 78 U+3057 1370 580 22 123 U+3057 1358 2119 22 89 U+309E 791 1820 44 48 U+3089 1357 1623 36 73 U+304F 1170 2127 42 79 U+3057 404 503 30 106 U+309E 1366 2065 41 51 U+309E 1558 1552 54 58 U+30A4 775 2172 52 41 seg_fp 792 1871 20 117 U+3055 958 1733 69 66 seg_fp 1162 1766 39 78,umgy010-031
U+547D 1407 1216 116 153 U+306E 1045 2368 78 86 U+3044 472 1533 78 61 U+6C17 845 349 73 155 U+7531 351 2233 63 76 U+30CA 280 347 73 84 U+7BC0 280 1790 85 163 U+6642 266 1678 112 124 U+3082 1050 2059 63 118 U+3082 1242 1831 64 119 U+3031 291 443 64 202 U+304A 648 501 92 60 U+30A6 1042 978 62 82 U+306A 100 2299 82 80 U+5584 272 677 78 141 U+304B 675 975 49 68 U+4ECF 1409 2041 110 150 U+53CA 1416 815 88 100 U+306A 657 1426 85 88 U+3082 662 861 62 110 U+66AE 1225 709 82 138 U+306E 283 1440 72 102 U+7D42 1414 1369 93 130 U+963F 644 582 92 109 U+968F 1410 1719 101 120 U+305D 672 1225 63 91 U+4F4D 1410 1010 91 100 U+304A 469 2124 86 66 U+5B9D 1416 689 92 114 U+30CA 305 2134 61 77 U+3075 458 2288 113 84 U+306A 1231 518 85 80 U+306E 98 466 67 83 U+307B 457 510 90 105 U+306B 272 1118 88 75 U+3082 107 361 51 113 U+6240 1040 1780 99 125 U+306E 1041 1255 73 87 U+65E5 100 1960 60 87 U+30E4 85 1490 80 74 U+8005 1408 1833 107 126 U+3059 849 2312 98 88 U+3067 108 547 66 108 U+304A 1023 504 89 65 U+60AA 277 815 83 119 U+6642 1417 1493 93 109 U+304B 1245 2545 48 78 U+3044 851 2125 80 80 U+4F55 1028 1675 104 107 U+4E0D 1422 1610 77 94 U+304B 1031 1350 91 78 U+3064 1223 999 86 124 U+3084 453 1351 102 76 U+306F 289 2070 80 65 U+81E8 1417 1114 98 110 U+3089 102 1649 64 82 U+304C 490 2568 70 58 U+307C 1038 694 97 96 U+6765 1035 2468 79 115 U+306B 850 1423 89 89 U+3044 658 1720 86 76 U+30A2 664 413 57 78 U+73CD 1412 578 93 99 U+4ECA 86 1828 100 124 U+307E 1433 2251 76 91 U+3066 1246 1120 40 113 U+307E 668 2037 63 107 U+3046 676 1334 44 93 U+30DE 662 355 52 46 U+3080 278 1196 88 92 U+3046 1041 791 49 124 U+306D 1229 1940 95 123 U+3042 858 1515 71 87 U+30DB 1440 2396 67 66 U+3082 292 1006 48 113 U+8001 1220 1248 104 126 U+3051 847 584 84 103 U+306E 471 896 69 83 U+85E4 157 1298 71 84 U+306D 656 2387 95 108 U+3093 649 765 110 108 U+30A6 1044 401 47 72 U+3082 497 2181 46 111 U+30B3 1043 353 51 40 U+306A 462 359 76 81 U+3055 1433 2185 62 67 U+3044 1226 942 84 66 U+3060 104 2453 79 74 U+3044 283 2570 84 70 U+307E 99 927 56 110 U+304B 1066 1900 40 72 U+3044 277 1361 82 82 U+30E2 1030 927 81 54 U+8776 895 1053 94 102 U+304A 459 712 84 72 U+306D 838 800 80 106 U+5207 88 2211 96 81 U+65E5 113 2382 53 73 U+306D 95 1146 81 92 U+30A2 464 1427 73 99 U+304A 88 1571 90 77 U+305F 665 1794 70 86 U+307E 865 2208 54 105 U+3044 657 1146 97 77 U+308A 1261 2424 36 79 U+3068 1447 1962 46 75 U+8776 1037 576 82 125 U+3053 294 2381 62 80 U+30A4 103 1408 46 93 U+30A2 87 1729 73 113 U+3044 93 856 71 70 U+59BB 1418 341 75 150 U+3059 103 1034 56 114 U+3081 476 2387 69 94 U+3060 287 1965 89 102 U+3069 483 608 58 98 U+305D 1249 2126 64 95 U+3055 657 690 66 75 U+306F 478 2051 79 58 U+305F 676 2301 60 82 U+3075 835 1856 102 99 U+3057 1042 2187 79 91 U+305C 834 949 103 82 U+3073 472 1757 96 89 U+304C 1441 2336 67 63 U+65AF 87 2532 99 111 U+307E 858 1175 55 116 U+3060 1034 1514 89 91 U+3092 1232 847 87 95 U+3060 480 1837 79 114 U+3054 97 667 75 84 U+3068 284 937 60 72 U+85E4 750 2537 72 96 U+91CE 1217 600 83 105 U+3078 460 2484 110 75 U+306F 1043 1606 76 63 U+3081 470 780 63 86 U+3081 1039 1136 74 87 U+3081 465 1108 70 88 U+3078 834 905 107 53 U+308A 856 1599 68 119 U+3057 851 2403 81 102 U+306F 102 2045 69 56 U+3078 1230 2070 108 53 U+3057 690 1873 23 160 U+308C 1242 2225 68 119 U+3078 655 2497 89 45 U+306F 840 743 87 58 U+6C17 469 992 87 123 U+30A4 1438 2468 63 71 U+5927 95 2103 88 103 U+3088 1260 2343 38 82 U+305F 866 1779 62 69 U+304C 872 1711 76 68 U+738B 1417 918 75 83 U+304F 283 1544 71 64 U+3056 855 2025 94 98 U+3089 1074 1970 33 95 U+3092 657 1625 95 96 U+308B 1051 2594 50 45 U+308B 1250 1619 55 121 U+308F 296 2466 47 100 U+3093 1233 426 88 89 U+3065 839 510 107 78 U+308F 674 1049 46 93 U+304C 1251 1550 68 71 U+3078 83 1252 100 47 U+3056 99 752 64 102 U+3078 457 860 106 69 U+308B 289 1612 53 73 U+3054 864 1948 82 71 U+5B50 1419 484 75 93 U+3089 1073 1428 29 94 U+3078 460 1191 103 65 U+3057 701 2138 22 145 U+3068 497 1954 47 94 U+308A 1068 2277 42 67 U+304A 1030 1076 90 63 U+3078 1036 1221 103 63 U+30CB 273 433 63 38 U+3053 1241 357 51 69 U+3031 1445 2511 48 122 U+308B 473 435 49 79 U+304D 476 1657 68 101 U+305F 1234 1473 63 78 U+3078 838 687 92 49 seg_fp 1251 1742 43 82 U+8FBC 1225 1370 93 99 U+3058 495 1217 55 143 U+304B 872 2495 40 52 U+3057 882 2537 22 98 U+304F 306 1277 38 84 seg_fp 684 1568 32 58 U+309D 494 1608 35 50 seg_fp 672 1525 53 22,umgy010-042
U+4ECA 199 387 108 133 U+4F59 202 1048 112 140 U+4ECA 966 2536 109 115 U+306A 601 558 72 92 U+306E 790 1243 75 92 U+304A 1158 377 92 65 U+3084 1547 1437 86 100 U+3051 780 2536 91 106 U+7531 1241 1291 55 58 U+6CCA 1159 445 88 120 U+65B9 960 1363 96 115 U+3072 785 474 85 86 U+7BED 1353 523 95 131 U+9053 398 693 82 119 U+306B 1160 2243 88 91 U+3078 965 853 112 59 U+306A 409 1669 80 85 U+304A 1162 2338 90 63 U+3070 209 1838 101 65 U+3093 592 2456 103 102 U+306A 1168 1180 87 96 U+662F 781 1534 84 113 U+306B 1355 983 93 92 U+6D32 785 1763 89 130 U+306A 215 1908 73 88 U+3078 960 1494 97 45 U+306A 414 1387 73 95 U+3070 602 489 80 62 U+30E4 398 1979 84 69 U+3072 1170 1730 87 81 U+6B64 1361 2375 87 103 U+6B64 979 1262 83 97 U+3046 1569 1249 47 97 U+4F55 1156 1411 96 113 U+3044 208 1302 85 76 U+3073 972 1655 100 91 U+3078 1540 1539 106 60 U+308C 223 1732 61 110 U+3066 1187 1987 44 120 U+3066 423 1092 48 110 U+79C1 391 390 93 114 U+540C 405 597 73 104 U+306B 983 1745 68 66 U+306A 1169 660 71 101 U+5D0E 779 1893 105 120 U+306A 405 2314 73 89 U+30E4 1346 1661 71 62 U+308C 983 2348 66 111 U+3051 212 1626 98 113 U+53C2 793 2083 69 144 U+306E 981 536 62 100 U+601D 1161 1636 85 96 U+3046 617 1860 35 109 U+3075 194 2362 105 75 U+601D 779 386 89 92 U+306D 209 2080 72 87 U+5B9F 976 1056 80 133 U+3078 789 2034 96 56 U+85E4 649 1655 77 93 U+306A 209 1537 96 87 U+5DF3 791 1140 81 101 U+51FA 409 1289 89 88 U+306B 424 810 46 68 U+8776 643 2060 77 84 U+305D 224 1379 58 91 U+65B9 1364 2477 63 118 U+306F 1375 2255 58 111 U+30A4 1561 2376 45 84 U+308C 598 379 66 113 U+5929 593 1192 86 110 U+3069 992 2460 66 68 U+5F01 594 1047 85 138 U+306F 975 1191 83 69 U+304A 403 1211 86 74 U+3078 593 1578 101 62 U+99D5 1346 382 94 138 U+975E 780 1652 88 101 U+306E 980 2068 70 83 U+306D 588 744 91 103 U+306A 1169 2572 80 74 U+306D 203 883 96 112 U+306D 967 733 92 119 U+904A 957 1542 96 114 U+85E4 1048 924 72 95 U+3057 1360 1084 81 90 U+3089 234 2574 43 70 U+3090 1554 796 78 94 U+8776 645 939 86 81 U+3059 786 661 84 99 U+6025 1167 2102 71 139 U+7A0B 201 1194 109 99 U+3055 981 377 62 89 U+3051 977 2241 80 110 U+5E30 1164 2400 95 96 U+3064 400 2396 83 71 U+3060 977 2149 86 82 U+3066 1544 2299 87 73 U+3044 218 2294 74 68 U+304A 402 2064 89 76 U+305F 411 2464 66 63 U+59C9 572 2214 103 136 U+30E8 613 1991 46 57 U+3078 199 996 112 56 U+3055 606 1298 59 87 U+308C 1561 978 57 121 U+307E 1185 944 47 109 U+3084 1541 611 91 87 U+3078 204 2173 103 44 U+591C 1359 2122 90 130 U+306F 220 606 74 70 U+6298 206 2425 88 96 U+304B 231 2519 44 56 U+51FA 779 576 91 81 U+65E5 800 1353 50 74 U+306A 1359 1742 67 87 U+821F 1353 846 85 134 U+3046 1565 2065 47 114 U+3078 584 1477 113 60 U+304B 426 2527 33 49 U+308C 412 960 65 125 U+308B 991 458 44 75 U+304B 1376 1399 43 69 U+305D 1561 1975 55 90 U+305D 414 2147 62 77 U+307E 598 1388 69 86 U+3064 409 884 78 78 U+3068 812 749 44 82 U+3078 1541 1199 107 51 U+3092 1167 1526 81 97 U+308A 1189 558 43 102 U+3031 1560 2489 57 151 U+65E5 230 522 43 79 U+3044 1171 864 74 68 U+30A2 1567 700 48 93 U+30A4 406 1888 59 92 U+51FA 1162 1820 96 78 U+65E5 801 974 48 82 U+3060 789 1427 78 87 U+4ECA 779 840 113 138 U+306D 783 2362 81 90 U+306F 796 1059 79 55 U+3092 1553 1890 76 78 U+3078 770 2456 102 48 U+3044 406 1581 75 75 U+305D 613 1770 50 88 U+3057 1574 380 27 162 U+8A63 765 2237 98 122 U+85E4 467 1760 73 96 U+6765 975 1834 80 132 U+3061 1557 525 72 89 U+3060 975 630 79 99 U+3089 613 652 42 92 U+3068 607 2550 50 93 U+3068 427 497 43 93 U+7BED 1540 1732 94 155 U+3088 1376 640 38 102 U+3089 428 2576 33 67 U+3055 604 2384 54 75 U+308A 1191 2492 44 83 U+30E4 1552 2459 64 53 U+3078 584 854 97 33 U+304F 427 2223 42 90 U+304B 233 1469 40 70 U+3055 1171 761 66 101 U+305C 1348 1828 92 79 U+8A00 1558 2188 66 112 U+308A 1377 741 44 104 U+3088 235 665 41 101 U+3089 247 1992 29 93 U+99D5 1548 1596 83 135 U+304B 611 1514 41 62 U+30F2 1370 1573 52 86 U+3046 1378 1270 39 127 U+306D 1548 1099 76 97 U+3089 1572 893 37 94 U+3055 416 1484 59 96 U+8776 1413 1470 78 79 U+3088 1384 1166 35 99 U+305F 980 1977 64 76 U+3057 1203 1049 23 138 U+3068 238 2203 38 87 U+3057 1584 1342 17 107 U+30F1 1385 1928 59 50 U+3078 1373 2607 57 24 U+3057 225 769 38 117 U+3057 1203 1893 32 99 U+4ECA 1358 1990 75 126,umgy010-043
U+4ECA 314 373 112 125 U+306E 1481 527 60 83 U+3082 154 1476 56 104 U+4ECA 1267 366 114 136 U+3082 911 1116 57 103 U+78EF 130 512 110 108 U+306E 149 976 71 95 U+306E 721 1906 71 67 U+3066 155 378 50 122 U+3042 149 2181 72 82 U+3066 1108 1497 51 120 U+4EBA 493 590 115 122 U+5F01 330 1014 79 116 U+306B 1481 1507 81 83 U+4EC7 1074 1633 125 110 U+591C 331 1292 88 138 U+306E 1105 2049 67 82 U+3066 1302 1758 45 116 U+76EE 155 2091 59 97 U+306E 1112 2390 65 75 U+4E39 877 689 112 101 U+6BCE 887 1233 108 112 U+4EC7 695 1096 119 107 U+306E 531 1913 71 82 U+524D 515 715 87 124 U+3051 526 1339 76 100 U+610F 1103 2148 74 135 U+4E03 1474 363 85 79 U+3084 1083 1082 93 92 U+308C 522 461 71 121 U+7531 1540 1188 60 65 U+306E 332 911 75 80 U+5BB5 319 511 90 122 U+6D32 327 632 82 133 U+304C 925 2024 68 67 U+304D 1095 433 69 113 U+4EBA 131 1984 108 105 U+306B 718 1582 84 78 U+5929 327 1149 95 113 U+793E 715 1996 97 109 U+308C 900 355 71 120 U+306A 142 1720 78 89 U+5D0E 320 763 110 134 U+6D6E 908 2373 101 116 U+3082 1115 2475 37 94 U+7C73 1090 554 77 117 U+306E 915 2580 71 66 U+306E 711 641 66 75 U+604B 1089 1929 90 126 U+516B 1076 676 109 78 U+5409 712 1202 74 115 U+306A 717 803 71 90 U+5409 344 2015 71 123 U+306A 146 1160 73 102 U+3066 714 2331 75 74 U+3065 152 627 94 79 U+6025 1282 1226 77 147 U+3092 338 2311 83 80 U+308C 153 1262 76 117 U+30A6 1475 1662 64 106 U+3092 532 2246 81 83 U+899A 536 2008 79 126 U+591C 135 1586 99 122 U+30C8 1313 1125 40 85 U+4EC7 323 1922 123 106 U+820C 890 1597 94 119 U+5EA6 904 1346 91 125 U+516B 712 1691 107 64 U+3060 1481 1924 83 80 U+304B 928 1464 42 60 U+609F 516 2129 102 121 U+3064 1093 2570 81 74 U+5E61 706 1756 97 133 U+90CE 903 867 71 128 U+30DC 1491 764 66 71 U+65E5 158 1084 51 70 U+3070 137 1918 107 59 U+304A 1085 363 80 73 U+53C2 344 1427 74 155 U+3057 335 2397 93 97 U+3060 1482 2477 92 95 U+6068 1086 2289 110 104 U+5409 1100 1730 68 116 U+5185 719 2106 69 107 U+5DF3 140 892 90 84 U+6B64 911 2089 83 111 U+5E78 135 2472 89 105 U+3072 146 788 84 82 U+3066 916 566 36 104 U+3042 1289 1487 76 90 U+5E30 1274 1884 95 124 U+304F 1305 2182 46 98 U+3092 908 1712 81 103 U+85E4 1541 2110 79 96 U+3061 733 2487 63 67 U+5176 519 1445 82 145 U+306A 1480 2279 82 94 U+3059 345 1741 58 108 U+305F 149 711 70 79 U+3044 1090 846 79 73 U+9418 1459 620 99 129 U+308C 150 1805 63 120 U+3072 140 2577 92 72 U+30E2 1479 1600 66 49 U+5056 1276 2531 115 104 U+3057 520 1596 84 82 U+304C 732 1316 63 53 U+3068 1118 1853 45 80 U+306C 134 2330 101 79 U+3069 157 1388 66 88 U+3046 531 1236 52 108 U+7ACB 719 371 62 125 U+3078 329 1264 103 48 U+306F 1281 575 73 67 U+3092 332 1655 95 99 U+304D 538 2353 71 119 U+3093 1479 2362 105 104 U+3092 145 2387 77 80 U+4E03 1468 1768 88 82 U+304C 356 2132 64 54 U+3066 536 924 50 121 U+53E3 910 1539 70 57 U+8DE1 325 2200 98 107 U+304E 1291 1378 67 98 U+307F 734 719 40 82 U+6065 510 1057 96 101 U+3092 518 1156 93 94 U+304C 1299 736 54 41 U+306B 916 485 36 79 U+304B 1495 2572 46 63 U+65E5 1287 648 54 75 U+305E 1100 989 76 95 U+3053 1297 2300 58 69 U+540D 902 2469 79 112 U+306F 1285 2479 87 49 U+3093 1486 1393 99 99 U+306F 910 2310 78 55 U+308B 346 1844 54 59 U+30C4 1494 454 49 46 U+30CD 1503 2024 54 71 U+6B21 902 795 77 72 U+305A 722 976 66 104 U+307B 1481 1317 71 84 U+9803 906 2202 85 107 U+305F 353 2495 60 68 U+305F 721 1379 57 103 U+308C 1300 2366 56 109 U+3086 1281 2103 91 80 U+3064 1092 919 86 75 U+3081 533 2550 74 80 U+308F 1305 1579 37 88 U+3055 519 368 63 99 U+30A6 1485 854 50 60 U+3075 319 2566 103 89 U+3066 1283 1671 80 83 U+3088 1112 1173 36 104 U+306B 542 839 37 83 U+308A 1116 1277 38 106 U+65E5 1295 498 44 78 U+305B 905 1789 83 92 U+3044 1287 1059 71 65 U+306F 1099 736 51 114 U+3081 723 1484 66 95 U+3067 736 2209 59 97 U+3084 711 2553 88 49 U+3062 1291 909 76 82 U+3089 732 889 41 93 U+3057 1117 1381 19 116 U+30C4 1506 1851 47 71 U+306F 537 2475 75 69 U+308A 1311 2009 39 96 U+3068 914 1017 55 99 U+3046 737 2404 41 92 U+307F 1298 815 38 99 U+308A 360 1581 39 83 U+3057 945 1878 28 143 U+3057 559 1767 17 142 U+30F3 1481 952 57 37 U+304F 743 2601 46 43 U+304B 539 1678 46 62 U+3089 167 2261 37 75 U+3078 520 1739 79 35 U+304B 1305 991 35 59 U+3057 747 493 25 119 U+5F15 1494 1000 65 148 seg_fp 1501 1007 25 83,umgy010-044
U+306E 1461 1330 72 93 U+306E 886 1860 71 95 U+306E 698 2211 71 80 U+306E 1071 662 67 77 U+3064 874 2282 87 125 U+308D 1449 748 80 119 U+5DDD 864 486 86 126 U+4ECA 1442 2304 113 131 U+4E39 280 1659 125 108 U+307B 501 935 78 79 U+885B 693 2087 80 115 U+685C 857 357 108 119 U+306B 1068 1992 96 79 U+7ACB 885 1268 79 124 U+7C73 492 363 82 137 U+5370 316 1764 68 149 U+82B8 1059 357 109 168 U+306E 891 2056 70 92 U+7ACB 889 2163 72 119 U+8005 1050 529 100 119 U+5927 300 2008 97 102 U+3082 503 1710 63 111 U+6D3E 870 1415 118 112 U+4EFB 1063 2086 94 103 U+30A2 125 2377 63 92 U+3084 1054 1003 95 98 U+5F15 1059 1212 82 123 U+304A 685 1213 94 74 U+306A 693 1632 70 100 U+5FC3 303 2560 102 88 U+308B 332 2465 50 84 U+5175 695 1963 66 126 U+4E8B 303 2096 85 186 U+3066 680 741 84 96 U+5175 1078 1728 62 127 U+3082 881 688 58 110 U+4E39 1246 939 103 97 U+3044 311 1312 78 66 U+9023 1258 2102 103 128 U+3072 305 914 93 106 U+306F 1077 1315 58 115 U+610F 1062 754 74 148 U+304C 484 849 112 87 U+3092 120 1445 74 78 U+7ACB 1072 1082 66 130 U+3064 1256 1902 86 79 U+3059 129 2131 56 104 U+306A 494 1351 80 91 U+4ECA 1056 2561 115 95 U+3044 302 366 88 78 U+5FC3 1246 361 98 94 U+3064 494 1595 84 133 U+5175 127 1014 61 125 U+3031 325 1442 62 195 U+305F 1453 513 72 80 U+3051 1071 2471 80 89 U+306B 902 1520 44 65 U+3066 1091 2287 44 128 U+306B 1259 1637 90 93 U+3059 327 2358 55 102 U+3051 1450 1532 82 100 U+85E4 111 879 90 119 U+308C 683 438 71 127 U+624B 896 1598 53 136 U+306B 312 2278 93 81 U+6C17 309 662 92 142 U+3064 1446 438 81 81 U+304A 1255 1730 90 75 U+306E 123 2570 77 85 U+5C3D 1266 548 61 125 U+304C 1471 866 59 68 U+4E8B 1261 1455 76 186 U+3044 1449 359 72 78 U+3066 1282 1982 46 96 U+4ED5 863 2408 106 97 U+898B 678 837 84 110 U+305D 129 2476 62 93 U+85E4 1062 1605 95 142 U+516B 488 512 103 67 U+885B 1081 1855 77 113 U+6B21 1258 1055 81 75 U+85E4 683 1843 97 118 U+3051 687 1529 87 104 U+306E 1072 1507 69 88 U+308C 1462 2173 78 119 U+306F 299 596 81 58 U+3093 492 1246 101 108 U+65B9 864 2498 104 94 U+9854 874 1959 96 106 U+8449 695 2446 75 133 U+308B 132 2236 47 72 U+3084 1445 1739 89 78 U+304F 497 2028 78 66 U+7C73 567 1028 60 92 U+306A 1264 2471 81 80 U+305F 314 1104 61 100 U+304D 695 1731 75 108 U+8AC7 856 894 104 120 U+306D 1448 1931 93 117 U+885B 117 1139 86 123 U+4E16 98 1843 107 87 U+3072 689 1385 88 97 U+307E 1469 2427 52 111 U+305B 673 943 92 84 U+8AAC 1438 1226 126 110 U+6C17 1269 2347 72 126 U+3092 1256 458 89 91 U+30C8 716 1115 41 96 U+3081 316 1208 67 92 U+305F 1258 829 73 98 U+306F 111 810 82 64 U+6DFB 1259 2227 97 118 U+305F 311 511 71 84 U+3075 487 566 83 109 U+9803 1450 1045 84 100 U+77E5 113 467 93 121 U+308C 130 591 51 119 U+808C 101 1338 130 98 U+306C 117 1527 85 89 U+306F 881 2608 71 35 U+8A71 103 1935 102 115 U+3082 1282 1795 42 105 U+90CE 1265 1128 68 128 U+3078 868 1820 103 63 U+3078 485 2213 113 71 U+308C 516 2576 75 83 U+3078 1446 2048 102 51 U+85E4 572 2296 71 92 U+304A 667 366 95 74 U+3066 108 715 78 89 U+305F 883 1157 75 101 U+5927 1253 1360 87 94 U+3067 135 1699 61 126 U+3053 1465 2106 52 67 U+3092 122 2046 90 90 U+3092 306 803 77 94 U+304A 1069 2411 87 64 U+8A00 686 2310 73 136 U+305D 502 1162 64 88 U+5730 1047 899 112 109 U+3081 883 1735 70 85 U+30A2 1470 1823 50 86 U+76F8 875 793 76 99 U+3092 1259 1255 85 104 U+3093 497 773 98 80 U+30DE 129 2317 53 48 U+3044 495 1532 82 65 U+3068 1460 599 53 72 U+304C 697 565 67 58 U+3067 1471 2537 67 114 U+3058 1482 1633 44 110 U+3044 115 1619 82 87 U+304C 705 1475 79 60 U+305F 505 1939 72 88 U+3092 307 1917 93 92 U+306B 710 2580 41 73 U+3082 711 1277 40 108 U+308B 699 1022 50 83 U+304F 332 1015 36 108 U+308C 494 2440 135 90 U+3064 301 439 92 73 U+3068 890 590 49 99 U+3057 906 1019 20 140 U+3053 521 2516 57 60 U+308F 517 1829 49 109 U+304B 521 2381 46 67 U+308F 1471 1433 43 100 U+3053 1084 1444 51 61 U+53E3 1453 1154 74 68 U+65E5 1465 951 48 97 U+3057 707 632 21 105 U+3070 1269 2590 87 60 U+304C 135 1259 70 52 U+3089 513 1439 45 98 U+3068 135 375 54 98 U+3057 1288 674 20 151 U+3057 1106 2169 21 121 U+3053 1467 677 49 76 U+3057 524 2100 26 105 U+3057 521 672 23 106 U+3088 333 1379 43 98 U+3089 1292 2547 32 62,umgy010-046
U+306E 746 1073 70 77 U+306E 172 1139 71 66 U+306E 1323 1853 70 71 U+4F53 158 1214 100 151 U+4E2D 364 1235 77 128 U+306E 368 1368 71 68 U+85E4 738 1871 97 120 U+304A 363 1603 77 64 U+306F 168 1580 78 53 U+304B 1527 1077 39 58 U+753A 1317 2125 94 98 U+7531 614 1274 57 53 U+58F0 1502 1553 80 149 U+305F 1317 1123 71 97 U+65B9 733 2289 95 104 U+3059 1504 986 86 95 U+304A 1504 1704 75 64 U+3051 550 1154 74 101 U+306A 555 383 79 89 U+304A 163 372 84 56 U+5927 1315 1934 90 94 U+306B 1121 1025 88 72 U+3066 181 776 52 110 U+5185 167 1371 82 103 U+306B 180 1996 67 62 U+8449 1321 1717 68 130 U+304A 557 2018 75 61 U+3044 934 528 73 63 U+9593 374 1455 57 99 U+5965 744 953 79 125 U+65B9 737 1161 91 100 U+3044 360 712 78 57 U+8449 748 1365 72 124 U+3093 553 1647 97 90 U+898B 164 679 72 96 U+3044 1510 821 68 60 U+4F55 163 1647 92 85 U+3084 167 1735 77 64 U+3061 1514 2454 73 78 U+3082 381 1931 43 97 U+306E 177 2542 70 72 U+79C1 1299 1475 97 98 U+7533 1149 2234 48 105 U+7531 167 432 72 83 U+8776 352 1668 96 110 U+306B 185 2378 64 60 U+306A 1314 664 73 86 U+3093 544 550 108 118 U+58F0 545 959 79 148 U+306F 1309 1582 77 46 U+304A 1115 715 81 60 U+885B 756 2114 71 103 U+6D99 166 2071 100 116 U+304F 1142 1777 35 91 U+5175 760 1993 54 119 U+3061 1514 438 64 68 U+3064 360 837 80 71 U+34B5 168 559 73 115 U+3068 375 1856 56 73 U+3078 354 1559 97 41 U+5165 351 2103 99 75 U+8FCE 353 1035 94 117 U+304B 1335 374 40 50 U+30C8 397 610 36 84 U+5185 368 2410 76 107 U+3067 1505 570 73 80 U+3082 941 1566 58 108 U+548C 1302 2020 100 98 U+7531 1120 782 74 80 U+3059 927 696 83 92 U+304B 1341 2229 35 64 U+5343 1323 1625 57 98 U+8776 1495 1769 103 110 U+3044 929 2409 82 61 U+304A 1124 1884 84 59 U+3044 1319 828 69 64 U+8776 1571 2153 77 83 U+304A 547 747 80 53 U+3066 1143 1488 42 101 U+3072 366 764 73 73 U+3061 564 1810 67 83 U+5185 1402 1196 55 74 U+306A 1128 2034 70 85 U+305F 1128 574 57 86 U+3082 573 2203 43 112 U+304C 1132 659 66 53 U+304A 1125 1100 75 55 U+51FA 359 949 91 78 U+308A 769 2506 42 92 U+308C 366 502 69 97 U+304A 1504 1254 83 59 U+7FA9 174 1475 71 106 U+4E92 178 2193 63 109 U+306B 373 2031 64 64 U+3093 1125 929 87 92 U+3075 163 884 80 96 U+304C 945 785 63 52 U+3044 748 466 68 62 U+7ACB 1512 1931 65 117 U+3072 172 2298 82 80 U+305F 1137 2344 60 91 U+3060 945 2259 71 72 U+304A 935 1118 81 54 U+9023 540 2084 107 122 U+3066 551 2526 81 91 U+3055 937 2338 56 69 U+305E 937 1015 75 105 U+305D 190 2455 56 88 U+773C 165 1884 96 98 U+51FA 1317 577 84 74 U+3054 941 379 77 65 U+304D 750 1579 62 103 U+304A 1310 514 80 63 U+304A 351 375 83 64 U+3069 939 847 78 76 U+3089 571 470 41 80 U+307E 943 2463 55 76 U+30A2 1333 1328 57 72 U+3092 741 594 86 82 U+307E 1329 898 47 104 U+3075 351 1153 90 81 U+6765 365 2238 82 112 U+3068 387 1774 45 77 U+304B 1125 1329 80 59 U+306F 171 511 67 51 U+5343 752 1266 64 97 U+3075 731 531 87 72 U+3065 929 1253 85 77 U+3046 571 2315 38 95 U+307E 1132 367 48 98 U+3056 938 451 69 72 U+51FA 1514 2058 78 75 U+3044 1131 2438 68 55 U+30CE 1326 1407 50 52 U+3080 934 1181 81 78 U+3093 172 1055 98 79 U+304C 762 2213 58 57 U+30CF 1522 2266 61 40 U+3053 1516 372 53 62 U+8776 538 1461 98 114 U+3089 1348 2293 30 79 U+30A4 1525 2298 40 66 U+306B 1130 1258 69 62 U+7FA9 1400 1271 61 81 U+3069 1519 2384 79 65 U+304A 551 1392 74 60 U+304F 940 2198 70 59 U+306F 745 1817 78 59 U+304A 933 1683 77 68 U+304F 948 1488 36 85 U+805E 735 672 85 117 U+3053 569 1741 54 66 U+3044 744 1685 75 64 U+7FA9 362 2518 79 95 U+3055 940 1980 64 67 U+307E 1522 882 44 107 U+3068 762 373 39 90 U+53C2 1324 2385 62 122 U+3055 561 1581 57 67 U+3068 765 1493 41 80 U+3055 1135 865 50 66 U+3065 1511 1385 88 57 U+3054 1518 656 69 67 U+30C8 1542 1149 29 98 U+307E 947 602 42 97 U+304B 565 1099 40 55 U+3055 1320 754 58 73 U+3066 740 1749 76 67 U+3078 547 1961 96 50 U+3089 199 1798 29 72 U+30C8 585 665 29 74 U+308B 1518 1440 45 64 U+3064 1124 1423 70 65 U+3089 1321 436 47 77 U+304C 1143 2572 60 47 U+3089 1540 2530 26 69 U+304F 356 438 75 60 U+3058 1349 2504 31 97 U+76EE 1139 1157 57 95 U+308A 393 2167 37 68 U+3056 1514 730 72 84 U+306A 943 1881 73 88 U+3066 952 2105 46 105 U+308B 381 2347 47 62 U+3088 770 2412 39 97 U+308A 752 855 52 104 U+306F 1511 1881 72 57 U+306F 1145 1944 40 89 U+304F 1121 1587 77 60 U+3068 1522 1303 49 82 U+3046 946 927 41 102 U+3064 931 2052 72 50 U+9022 924 1755 86 112 U+3057 585 2418 22 108 U+3057 1155 459 22 84 U+306F 1119 1645 75 54 U+309D 396 908 21 29 U+3088 764 772 38 86 U+3089 1530 509 32 69 U+309D 1534 1506 26 47 U+3057 202 972 14 89 U+3089 582 1892 27 68 U+304B 959 1340 29 62 U+3057 971 2538 20 76 U+3057 963 1396 20 95 U+3057 1350 996 21 127 U+7531 556 823 75 87 U+3057 1164 1685 24 107 U+3057 1161 2109 28 128 U+309D 1160 1386 19 34 U+306F 550 901 70 52 seg_fp 1137 2504 45 65,umgy011-003
U+3082 596 1984 58 110 U+5206 962 1826 89 111 U+3080 194 549 78 69 U+3082 215 773 51 91 U+306E 785 1819 72 67 U+7531 288 2297 56 62 U+66F8 1130 1962 99 137 U+5F8C 961 1110 85 101 U+9AD8 1535 627 69 118 U+53E4 961 1502 82 84 U+3082 1361 1166 52 98 U+7531 200 689 75 88 U+3066 1170 1352 46 107 U+7531 830 967 63 59 U+3066 208 2219 78 81 U+5BC4 209 1922 87 113 U+3066 1347 805 75 74 U+4E8B 595 1849 64 141 U+3066 395 1180 65 73 U+306E 1354 963 75 86 U+534A 962 1692 76 120 U+6765 580 2182 77 126 U+624B 983 311 44 123 U+306A 396 1478 87 70 U+3066 1555 505 45 113 U+306B 399 1971 79 74 U+306E 1164 1883 69 73 U+3093 584 535 103 85 U+3066 968 2080 68 72 U+3092 201 1242 71 80 U+304C 1547 860 65 65 U+582A 373 2060 116 97 U+3042 1167 909 68 85 U+5C3E 1527 749 102 110 U+3066 413 2388 45 114 U+6DFB 200 2047 87 107 U+6BCD 375 1568 111 75 U+5FCD 394 2175 90 99 U+898B 391 1364 89 114 U+306B 1348 440 83 84 U+8EAB 1336 1050 85 120 U+5F7C 1145 1473 90 108 U+305F 779 2508 63 89 U+304C 407 586 59 72 U+3042 204 1324 74 79 U+3064 769 612 76 109 U+306A 780 1322 70 93 U+3082 971 833 62 110 U+7FA9 1169 1695 69 108 U+3058 1382 2307 35 113 U+5185 1157 1580 72 104 U+3093 773 1240 112 96 U+3080 206 1503 82 75 U+3067 958 444 72 79 U+8A18 1140 320 105 97 U+305B 1146 408 82 88 U+7533 789 2311 52 126 U+3072 203 2151 79 72 U+3044 582 868 82 68 U+624B 1363 317 57 125 U+3092 1155 825 88 88 U+304A 190 630 84 63 U+3068 602 1663 51 71 U+3052 1352 715 91 96 U+79C1 766 1509 86 104 U+306E 968 1291 66 83 U+6C88 197 442 88 97 U+6B62 1156 1192 72 96 U+65E5 985 1224 42 69 U+306A 967 942 67 93 U+8A3C 947 1377 100 112 U+3067 579 636 75 79 U+305D 1171 1809 54 74 U+305B 199 1578 73 78 U+7B46 1537 924 70 131 U+306A 1545 1504 71 86 U+66F8 1156 623 68 87 U+3044 970 1038 70 61 U+4E94 770 1683 86 70 U+305D 1361 894 56 74 U+7BB1 1349 1573 74 117 U+6CE3 198 316 82 109 U+3042 1351 641 80 82 U+63A8 383 846 98 101 U+3044 970 1938 72 59 U+6D99 965 2156 83 105 U+3044 582 2530 81 53 U+90AA 381 1263 97 92 U+3066 1367 1925 41 94 U+624B 1361 1440 55 121 U+5225 767 2081 82 111 U+306B 587 2336 76 79 U+5C01 1343 2216 92 105 U+307E 1365 1261 49 112 U+6B73 773 1900 85 106 U+304A 1532 1699 83 66 U+304C 1173 2538 56 53 U+5185 662 1162 49 67 U+3072 965 1995 75 86 U+3073 770 532 93 83 U+51FA 1348 1780 84 74 U+304F 1560 2495 44 85 U+3052 200 1389 88 96 U+305B 1539 1298 87 80 U+30C4 804 1747 47 55 U+80F8 385 654 93 114 U+9644 1154 712 84 114 U+30C8 241 1006 31 71 U+3055 593 472 54 64 U+30B5 598 1319 62 69 U+3059 590 1040 60 92 U+516B 1339 2036 99 62 U+3044 1547 2201 80 69 U+308C 772 2191 77 116 U+3068 988 1594 43 86 U+3092 1348 1688 84 85 U+308F 416 326 42 85 U+3092 394 769 90 73 U+3064 1536 1235 80 74 U+3046 1562 1135 40 102 U+3064 205 1814 73 84 U+58F0 958 2251 85 129 U+3054 596 715 75 61 U+3092 1537 1051 86 89 U+3066 795 432 44 86 U+51FA 581 2109 91 70 U+805E 772 314 81 127 U+308C 1552 1988 55 114 U+4E0A 1357 2424 80 79 U+3051 1153 2159 76 93 U+91CF 397 954 68 131 U+8FD4 561 1742 93 97 U+30EF 223 884 48 58 U+304A 957 2388 84 54 U+6BCD 559 303 107 95 U+305F 401 413 65 72 U+304C 789 1608 62 65 U+304B 593 1133 49 52 U+7FA9 658 1228 61 77 U+30C4 219 945 54 64 U+306B 1553 431 45 77 U+3092 1158 1112 82 82 U+307E 586 933 58 109 U+3089 788 1415 43 88 U+308A 1544 1589 60 113 U+3056 590 778 69 81 U+5FA1 581 400 73 73 U+304F 1163 992 62 58 U+3053 1551 1921 59 67 U+3031 228 2439 65 131 U+305F 1166 2384 60 62 U+30A2 595 1487 57 66 U+58F0 196 1093 78 150 U+3081 1165 1289 57 67 U+3064 1163 2106 73 52 U+308F 1179 2304 48 82 U+306F 1150 2252 78 48 U+305D 787 1169 58 72 U+3068 414 2509 48 96 U+3057 425 2278 25 108 U+3078 201 1705 77 44 U+30A2 595 1389 60 78 U+3092 1542 2104 86 82 U+30F1 212 2434 59 41 U+3057 1193 2441 17 96 U+3057 426 483 20 103 U+53D6 1346 522 75 120 U+305F 1350 1369 65 66 U+3068 411 1638 45 93 U+601D 385 1746 95 80 U+3072 960 722 83 117 U+304B 219 1653 42 51 U+304F 601 2403 48 93 U+3057 1186 494 21 114 U+30A4 214 2367 53 56 U+308A 225 1744 43 73 U+305A 407 1878 60 91 U+307F 978 522 43 94 U+3076 1529 2272 105 76 U+3057 1570 1377 31 126 U+5B57 1540 312 64 114 U+306F 966 2537 70 50 U+7531 965 2462 76 80 U+7531 1538 1773 88 97 U+308B 1171 1051 44 64 U+3057 805 827 18 136 U+306B 1363 2525 72 55 U+307E 971 615 59 109 U+30F1 793 1071 59 51 U+30A4 589 1544 49 94 U+3057 426 1085 18 94 U+306F 399 1826 73 56 U+3057 1587 2387 19 115 U+304B 1568 2337 39 63 U+30B7 812 2440 57 65 U+3057 1382 1850 26 76 seg_fp 777 722 72 102 U+304A 770 2034 58 46 U+91CD 1349 2100 64 101 U+306F 1547 1860 70 53 seg_fp 799 2000 46 67 U+309D 231 1887 25 27,umgy011-005
U+4ECA 169 504 109 121 U+3031 205 876 54 193 U+306E 1335 1387 71 67 U+306E 1525 645 74 68 U+306E 572 1279 64 66 U+3082 1149 940 58 113 U+5341 1521 1087 84 98 U+3075 365 2240 96 77 U+304B 1503 579 106 61 U+306B 953 1271 78 77 U+304A 1518 1453 86 67 U+4ECA 365 1842 102 116 U+306B 1525 1366 85 74 U+3066 774 700 41 100 U+9AD8 759 814 71 113 U+4F5C 1357 1167 80 104 U+304A 373 1695 83 54 U+304D 1329 1921 63 106 U+306B 373 312 82 80 U+65AF 551 308 93 126 U+3092 761 1081 75 66 U+4E8C 1521 1023 88 58 U+3066 580 438 46 93 U+306E 1138 2028 76 79 U+8005 1350 1263 79 101 U+306B 1150 2525 53 61 U+308A 1162 843 43 94 U+7C73 1513 719 89 117 U+7531 379 1755 72 73 U+3070 1340 1082 81 63 U+3044 383 2178 76 66 U+6BCD 541 791 113 78 U+307E 387 1954 54 105 U+304B 1127 576 92 71 U+3066 388 1321 68 80 U+3064 562 2062 87 106 U+306F 1535 894 56 109 U+554F 569 1639 81 94 U+5F8C 948 1146 88 112 U+3086 1328 2036 68 82 U+304F 965 2351 37 87 U+6642 564 2174 99 95 U+767A 1130 2313 93 99 U+306E 765 1377 67 77 U+6587 547 1176 104 91 U+524D 554 1054 91 116 U+306F 188 1563 79 55 U+89A7 760 942 94 131 U+308B 584 2403 44 61 U+305F 379 2325 64 61 U+624D 1521 1252 76 106 U+30A6 380 1591 65 100 U+30C1 210 1630 63 78 U+308A 380 735 56 102 U+3042 1335 1757 66 79 U+89AA 555 877 82 109 U+7AEF 1124 2422 87 87 U+3092 569 1542 92 87 U+304A 562 559 79 52 U+5BDF 940 2464 100 128 U+306F 1138 2249 76 49 U+610F 1145 1876 69 131 U+3057 404 828 21 148 U+4E8C 1524 1197 80 53 U+3042 1137 1057 83 88 U+516B 1520 843 90 59 U+6765 187 1163 75 133 U+65E5 201 631 47 70 U+3091 1327 2117 80 88 U+304C 1315 2432 104 81 U+3031 1543 2164 51 181 U+3044 950 571 74 76 U+7656 1124 2119 101 127 U+306F 398 2418 53 72 U+306A 376 614 70 83 U+306A 1513 1688 72 75 U+3075 743 1305 96 76 U+679C 376 400 74 115 U+306F 565 990 77 49 U+306D 756 1166 89 89 U+3078 178 2021 100 65 U+7DB4 1312 1481 95 110 U+306D 1329 1001 83 96 U+3068 582 698 36 76 U+5E38 947 1628 82 119 U+3051 188 1467 79 101 U+3059 951 1490 84 80 U+305F 1339 759 62 95 U+3076 1498 1602 97 93 U+6709 197 2315 64 93 U+305F 1323 2513 66 75 U+304A 179 1857 91 68 U+3060 1153 769 78 77 U+7531 551 624 87 74 U+3070 955 1941 88 71 U+4F5C 1132 1752 91 119 U+904E 385 2506 66 91 U+3092 950 1047 85 85 U+30C8 219 1770 38 77 U+305F 192 308 72 89 U+6761 556 1431 95 110 U+6BCD 439 1433 84 56 U+554F 559 1806 88 95 U+307E 1336 854 70 88 U+3084 369 1035 85 61 U+308D 937 2104 91 110 U+3059 945 874 69 106 U+304C 205 2413 53 55 U+3057 951 1351 77 79 U+304C 373 971 87 70 U+308C 961 1838 58 107 U+307E 192 1923 58 100 U+304C 189 2242 90 70 U+307F 781 1457 40 74 U+30C4 194 1705 67 73 U+306B 200 2060 52 76 U+308F 198 714 47 80 U+3068 204 1074 48 86 U+3057 979 2204 20 135 U+3079 1513 1823 90 54 U+308B 1154 637 49 66 U+51E1 1140 1421 88 104 U+3064 564 2331 81 71 U+308B 1533 1758 46 64 U+983C 178 2140 87 107 U+307F 1354 682 43 79 U+305F 189 1300 65 71 U+306F 1336 943 70 53 U+3079 1140 1194 76 48 U+304C 957 1566 83 55 U+3064 610 1739 35 56 U+308C 576 1946 56 117 U+3042 386 1153 76 89 U+308F 199 1377 49 89 U+3078 1509 2524 100 57 U+567A 564 2495 82 95 U+308A 1335 2341 53 93 U+304D 955 773 62 100 U+3088 1545 1520 38 82 U+3082 375 518 62 102 U+3057 1166 1258 16 145 U+304C 1145 1676 84 78 U+304C 1336 1685 75 69 U+304F 1146 707 66 59 U+4E00 565 1376 80 19 U+3088 962 2002 54 103 U+308A 400 1239 43 92 U+3088 1543 2050 40 86 U+3088 1350 578 47 102 U+3075 931 644 94 79 U+3062 952 966 78 87 U+3057 1550 1880 19 166 U+306A 955 1761 71 79 U+30CE 408 1533 38 58 U+308A 1312 1591 80 109 U+304B 1538 2308 42 76 U+304C 1532 2452 70 64 U+304C 788 1254 60 58 U+308F 1347 2212 36 92 U+304B 397 694 34 44 U+308B 1154 1138 52 66 U+805E 187 2473 73 105 U+306F 581 1899 62 51 U+308B 968 1429 45 54 U+3046 590 2253 33 81 U+3057 1369 1827 20 117 U+3079 938 713 83 54 U+3057 777 575 29 124 U+3093 1519 2381 76 74 U+304F 1541 2134 33 77 U+3067 393 2056 71 105 U+3056 195 797 64 96 U+304B 1352 2297 31 49 U+309D 403 1106 30 48 seg_fp 1179 1544 68 63 seg_fp 1179 1598 30 83,umgy011-013
U+306E 1251 2044 69 73 U+5341 481 1729 83 104 U+306B 304 1417 80 81 U+4ECA 288 1499 104 132 U+8A3C 474 813 101 113 U+3082 1252 1786 57 111 U+306F 867 1863 73 54 U+3082 299 1627 61 105 U+4E2D 863 323 78 122 U+306E 1054 2084 73 70 U+306E 1059 2539 71 70 U+304A 1438 1210 86 62 U+4ECA 660 2344 120 128 U+306E 111 1819 69 71 U+306E 114 1443 68 88 U+306E 300 1125 75 66 U+548C 291 408 90 112 U+6BCD 473 1240 102 64 U+306E 1257 501 67 82 U+4E09 679 323 79 77 U+306E 880 2542 66 69 U+3064 1432 2508 84 98 U+4EBA 1220 2511 125 90 U+89AA 289 1288 106 123 U+306E 685 517 71 91 U+5C0F 679 832 83 76 U+7C73 493 555 70 127 U+6BCD 919 1300 84 61 U+3067 861 1772 93 84 U+3070 1444 1131 88 66 U+4EBA 1031 1457 123 113 U+3093 302 1018 104 97 U+3093 107 1718 101 93 U+306E 489 1324 68 68 U+753A 294 533 96 99 U+30A2 1055 2218 64 83 U+305F 1439 2335 68 93 U+80B2 1252 1479 66 154 U+3093 1054 382 100 107 U+89AA 1048 2305 89 104 U+306E 496 2529 65 74 U+5927 290 321 96 99 U+5225 1238 1153 87 110 U+3051 1436 462 84 92 U+3066 113 2173 74 96 U+7D44 673 417 94 97 U+306E 688 1292 62 82 U+8449 1257 776 67 135 U+305E 1071 902 77 85 U+304A 1435 624 81 71 U+819D 1421 1434 108 116 U+3042 304 2324 75 78 U+7523 1236 1896 80 131 U+4ED6 1051 1347 99 107 U+30A2 871 639 56 93 U+3066 1437 551 77 75 U+307E 117 885 60 80 U+3069 884 2247 69 91 U+306E 488 1035 68 82 U+5225 675 1565 81 124 U+6BCD 1234 2426 96 72 U+53E4 479 924 76 93 U+5B50 1059 2428 78 85 U+4E8C 485 1673 81 56 U+306E 682 2221 70 68 U+5E74 489 1827 80 148 U+85E4 99 428 96 105 U+6B64 867 2342 88 81 U+306B 485 1978 83 89 U+305F 1263 914 57 100 U+5B50 111 1355 65 89 U+5DE6 108 526 72 107 U+983C 1050 491 80 133 U+305D 1259 422 54 81 U+306A 104 2402 81 71 U+3042 493 2062 76 93 U+306A 1055 714 74 91 U+4EE3 100 1896 111 121 U+6BCD 93 337 91 67 U+7FA9 299 2104 76 121 U+304C 498 746 69 72 U+3072 679 1002 82 87 U+3093 867 1142 97 105 U+306E 114 1209 75 80 U+3044 1441 1032 76 56 U+3051 866 2037 82 105 U+308C 875 2137 56 105 U+85E4 99 1528 93 123 U+3084 863 562 81 74 U+305F 688 2147 63 61 U+54C1 485 1116 91 90 U+305D 877 1568 62 94 U+6069 1237 2133 82 117 U+30DE 1065 2157 60 55 U+7406 291 2229 108 90 U+6709 876 1934 57 103 U+9580 106 718 87 99 U+4E21 296 1209 89 78 U+3066 1262 1370 41 117 U+3044 868 904 75 61 U+30A2 876 1492 58 77 U+676F 872 2422 80 116 U+65B9 117 2316 67 85 U+305F 1257 324 57 92 U+308A 1447 1637 57 100 U+305F 494 460 63 91 U+7531 1510 1944 59 67 U+305B 866 1059 75 86 U+3066 1249 1705 74 87 U+3059 1451 1552 57 84 U+3092 681 1471 82 87 U+3089 111 1028 52 99 U+307E 1065 1620 47 110 U+6240 680 1373 78 100 U+3059 691 1087 51 98 U+306B 689 1902 69 65 U+306A 681 2550 79 64 U+304B 1452 879 46 69 U+3093 685 731 99 98 U+6642 672 1797 95 110 U+309E 1467 403 45 60 U+306E 301 2540 67 72 U+308C 1254 1256 55 110 U+3056 880 807 73 88 U+30A2 1454 2091 49 81 U+6B64 485 1391 80 99 U+305B 294 1872 78 88 U+885B 116 622 69 93 U+5BC4 1436 1733 90 125 U+3080 1056 627 73 80 U+3046 877 1668 48 117 U+88AB 1067 1082 60 97 U+308C 1446 762 67 110 U+307E 1446 2433 46 83 U+308B 504 2250 47 67 U+307E 303 1733 51 102 U+3064 1257 1641 63 67 U+306A 1053 1905 80 82 U+3068 1449 327 53 73 U+3042 1250 2256 79 85 U+8A00 1257 651 63 120 U+305B 1431 1852 83 81 U+3093 1065 797 96 107 U+4EF0 1044 1181 93 100 U+306F 1061 1284 77 59 U+7FA9 494 2434 77 116 U+85E4 291 644 94 102 U+306C 96 2535 105 71 U+304B 131 969 35 62 U+307E 876 981 49 86 U+6069 487 2326 77 106 U+305D 123 1125 51 84 U+9063 684 1981 66 96 U+3068 1076 984 43 86 U+5175 313 741 49 94 U+3051 114 2091 72 92 U+304C 1070 1555 72 70 U+3055 116 1655 53 66 U+3093 1054 1983 89 95 U+885B 297 835 86 110 U+3053 312 2474 46 62 U+3055 127 827 46 59 U+3068 1457 949 44 70 U+3091 681 1180 80 95 U+306F 677 2292 79 65 U+306F 484 1613 74 50 U+3064 678 2074 80 73 U+3055 688 927 54 70 U+3058 894 464 42 104 U+30B5 876 1418 68 59 U+306F 689 2476 48 72 U+6539 1413 2246 119 101 U+3055 1071 328 53 61 U+3070 691 651 60 87 U+308B 1259 2334 48 74 U+3078 1247 1101 86 47 U+516B 475 703 106 52 U+3055 318 945 47 78 U+3057 325 1955 29 135 U+3044 1054 1823 73 73 U+3053 876 735 48 70 U+3078 1437 1090 78 43 U+308B 315 2397 48 63 U+7531 1444 1276 74 102 U+304B 845 1240 77 64 U+30CE 1420 2178 66 64 U+304F 1438 693 73 67 U+3057 520 319 21 146 U+4E00 112 2278 79 17 U+307E 502 2157 51 92 U+3068 1271 1017 30 80 U+304A 1247 583 81 63 U+308B 701 1691 43 62 U+306F 1442 1375 73 54 U+304B 128 2047 42 47 U+3078 105 2008 103 35 U+4E00 680 621 78 18 U+304B 312 1834 38 47 U+8EAB 473 1489 87 134 U+3089 137 2467 31 71 U+304A 106 1299 65 51 U+3057 1078 1726 28 95 U+309D 703 1753 27 49,umgy011-014
U+3031 218 327 53 230 U+3082 1548 2088 51 99 U+3082 1166 2199 58 97 U+3066 594 2505 51 111 U+307B 580 1092 78 73 U+516B 1343 786 95 71 U+3082 200 1553 63 95 U+6BCD 748 1811 119 85 U+306E 972 1484 65 74 U+3082 781 817 55 115 U+306B 1351 857 77 82 U+306E 1547 759 65 74 U+308D 582 1960 78 88 U+3082 210 531 57 113 U+304A 1150 2062 83 55 U+6577 961 1690 85 127 U+304A 383 1855 85 65 U+304A 1534 2366 84 54 U+4F1A 565 2237 105 138 U+58F2 960 1228 81 126 U+5916 958 1357 100 122 U+3070 1158 890 80 61 U+5510 1139 955 91 111 U+884C 963 1866 84 115 U+7C73 1353 666 68 117 U+304A 572 1698 92 65 U+5EA7 958 1568 78 116 U+306B 1545 571 73 73 U+3082 583 1596 67 102 U+662F 1351 949 71 108 U+7B54 194 1417 74 127 U+6B64 769 1711 87 97 U+306E 396 2136 75 76 U+5C11 1155 1359 75 94 U+306A 200 1648 67 71 U+3042 968 2152 74 88 U+304A 961 849 79 64 U+3051 1160 828 70 73 U+3064 1151 1824 84 113 U+308D 775 2339 72 79 U+76F8 572 819 87 95 U+65B9 775 1022 72 118 U+6B64 1150 501 79 91 U+898B 958 568 77 101 U+3066 402 959 46 117 U+3059 586 1013 59 79 U+305A 577 2165 96 87 U+5FC3 1344 2009 87 80 U+306F 966 1030 76 51 U+3042 777 2247 76 79 U+3046 988 2323 38 103 U+3066 575 610 80 84 U+308C 395 1290 65 110 U+306A 1161 2304 69 83 U+306E 1549 1493 61 88 U+9060 391 320 67 136 U+4ED8 1545 990 67 99 U+3061 395 2297 71 80 U+9803 1149 601 81 91 U+306A 207 641 68 94 U+30A2 383 2475 72 64 U+5546 958 1091 77 132 U+304C 784 1913 66 53 U+3082 1356 2434 57 92 U+306A 1543 2195 64 90 U+30A4 382 2530 63 73 U+983C 763 1501 85 126 U+3067 581 1241 73 71 U+3066 1363 1345 47 104 U+91C8 565 2382 106 103 U+3046 791 2427 39 97 U+3089 1347 1124 52 99 U+3067 1540 1766 71 79 U+308B 211 1914 49 62 U+3066 1173 1938 42 105 U+5C4B 1145 1204 100 106 U+3044 200 735 76 62 U+308C 780 1237 60 103 U+306E 966 2566 76 63 U+7121 766 1976 85 91 U+308C 391 1619 64 110 U+8FD1 754 338 98 102 U+3080 774 1628 81 81 U+3044 1352 2265 73 65 U+3044 391 1503 82 65 U+308D 973 2246 65 76 U+3068 782 2534 47 79 U+306A 1350 2180 68 83 U+3046 1348 391 59 108 U+304A 959 2431 87 57 U+5176 1537 1267 74 117 U+805E 574 336 90 112 U+3067 1539 2014 72 78 U+3070 967 774 82 55 U+53EA 392 2383 73 88 U+3044 771 464 72 61 U+3067 771 2171 73 76 U+306F 390 1563 72 57 U+3067 776 752 70 81 U+3057 193 1102 85 83 U+7C73 960 913 76 114 U+3046 1557 1161 37 99 U+672C 1525 329 87 124 U+51FA 1156 2126 84 71 U+3051 586 525 69 85 U+305D 1168 2493 53 68 U+3044 1159 2387 70 61 U+7434 1151 1074 101 129 U+3044 1154 428 69 69 U+8170 1527 653 92 101 U+3056 400 469 80 64 U+611B 586 701 70 116 U+3084 1541 1108 74 48 U+306A 1344 1521 76 86 U+3069 1549 1849 70 72 U+7531 389 1917 74 94 U+9022 1334 1214 88 128 U+3058 197 810 96 79 U+3046 406 711 44 95 U+306F 576 1312 76 62 U+306F 1154 1311 78 51 U+3066 979 444 37 102 U+3091 773 1414 80 86 U+3066 404 1732 47 116 U+306B 411 812 36 69 U+7406 768 2079 88 85 U+9060 1153 1599 68 117 U+5F97 1342 1892 88 125 U+4ED5 1529 1579 106 92 U+3069 599 1163 48 70 U+7531 1540 2426 76 82 U+65B9 1537 1384 83 110 U+3084 190 886 92 71 U+306F 210 1187 64 72 U+6709 1364 2535 55 83 U+305D 784 1148 53 86 U+308C 970 673 54 100 U+3084 370 649 101 65 U+308B 1553 2279 41 69 U+3051 202 1834 74 85 U+306F 202 1349 78 61 U+3064 579 910 75 55 U+3078 959 1826 90 49 U+306F 393 2007 76 55 U+5B85 1534 458 81 102 U+6B64 770 934 95 85 U+304B 1367 1068 30 51 U+53E3 400 2077 63 49 U+843D 1535 851 82 135 U+3082 983 2054 46 91 U+3060 1354 515 77 62 U+306F 1355 1436 47 85 U+3055 403 1220 55 70 U+306A 583 1369 70 79 U+308B 408 585 53 68 U+8DB3 971 2481 65 82 U+6253 1537 1669 79 98 U+3056 1165 1725 79 65 U+805E 1147 691 86 128 U+3046 796 647 38 113 U+304F 390 1072 76 67 U+307E 1155 331 57 98 U+3068 405 1403 44 92 U+3086 775 1346 73 67 U+308F 601 445 38 80 U+3053 1359 329 51 60 U+3089 1329 1805 70 90 U+304F 202 966 69 51 U+308A 212 1015 48 83 U+3068 593 1492 54 106 U+3060 395 1141 83 79 U+3046 1554 1925 41 102 U+3068 1361 578 39 82 U+3075 1130 2559 103 62 U+3046 400 2211 48 93 U+308A 195 1765 58 87 U+3082 596 1754 51 106 U+3057 1184 1466 16 136 U+304B 604 2042 42 57 U+3068 1180 2437 31 55 U+3089 597 2097 41 74 U+304B 408 534 35 51 U+65E5 983 1986 48 68 U+305F 1357 1716 52 78 U+306F 775 526 73 48 U+304B 1174 1788 30 55 U+304F 597 1422 55 103 U+304B 595 964 40 52 U+3069 781 564 74 77 U+3057 991 344 21 96 U+304B 213 1720 41 48 U+3057 1376 2108 19 68 U+3057 425 878 18 78 U+3057 229 1254 30 94 U+3057 1378 1596 28 121 U+3057 613 1852 19 100 U+3082 1541 2512 49 81,umgy011-017
U+306E 673 1295 70 87 U+4E09 1427 879 97 85 U+5225 662 892 89 113 U+306E 486 1093 62 62 U+7D44 1409 1059 112 89 U+306A 296 1591 68 82 U+30C4 1460 970 49 61 U+51E1 475 1005 89 85 U+676F 1416 1181 101 115 U+306E 108 1664 67 54 U+3092 481 2494 72 58 U+306E 111 333 69 58 U+5F8C 668 1192 89 109 U+3092 481 1531 80 71 U+3082 683 1793 47 90 U+5C0F 483 2296 77 61 U+4EBA 654 756 111 92 U+6240 986 479 84 78 U+8A3C 652 1382 111 100 U+3082 486 2555 53 66 U+56E0 665 2110 76 97 U+306A 296 2085 68 67 U+5C0F 474 1361 85 72 U+5C0F 105 396 83 51 U+3056 300 1452 81 65 U+306E 1039 1849 52 66 U+306E 1420 1317 81 83 U+91CD 477 1700 72 95 U+53E4 660 1484 84 74 U+73CD 477 1602 101 97 U+91CE 100 1091 76 85 U+56F3 1422 1406 81 93 U+305B 660 1629 80 79 U+7531 1229 1158 55 67 U+304C 683 843 61 47 U+90E8 286 422 88 96 U+3044 668 2257 77 59 U+6642 666 1079 85 120 U+306F 477 406 80 48 U+8535 284 1838 94 99 U+3075 645 2315 98 61 U+5668 475 1443 78 85 U+3066 104 1600 73 65 U+306E 677 1880 64 70 U+6C0F 484 593 72 99 U+89AA 662 501 95 102 U+5B50 672 603 71 85 U+306A 670 1952 75 73 U+3075 81 2214 101 77 U+3044 108 1231 72 57 U+676F 478 2362 82 109 U+305B 472 1789 78 74 U+304A 1222 1105 68 46 U+6B66 289 1739 83 108 U+308C 673 399 76 99 U+9053 469 1163 94 110 U+597D 469 738 99 75 U+3064 106 608 72 87 U+4F55 286 2296 84 78 U+516B 1146 507 77 49 U+8535 96 993 87 93 U+308B 688 992 43 77 U+3068 692 1563 44 72 U+6B66 101 904 80 99 U+5F62 651 2546 105 74 U+6900 279 932 106 85 U+3067 287 2018 68 67 U+3066 481 927 71 69 U+4E09 673 693 67 62 U+6301 989 563 77 84 U+3055 107 1876 59 71 U+3044 109 2157 69 59 U+306B 673 2201 69 59 U+676F 101 455 82 107 U+8B0E 86 2288 106 93 U+305E 110 2557 73 69 U+91CE 285 1943 84 74 U+3053 680 333 64 67 U+308A 121 841 38 65 U+304D 293 871 67 63 U+7E54 281 334 99 95 U+3075 283 739 90 63 U+3072 288 1387 85 77 U+305F 112 777 64 65 U+5177 475 1266 81 100 U+308C 110 1946 56 86 U+308A 671 2017 62 88 U+306B 309 1232 44 66 U+5F62 279 520 89 95 U+308C 485 1920 59 95 U+6BCD 1018 1777 85 68 U+3068 498 336 44 67 U+306B 497 810 38 65 U+7E54 651 2368 101 100 U+4E45 286 1013 89 87 U+306E 491 678 59 55 U+90E8 281 2541 97 85 U+308A 300 2147 54 86 U+304C 1167 552 51 42 U+306A 104 2378 73 67 U+308A 100 2440 59 67 U+53E4 293 790 69 80 U+5504 280 1147 105 95 U+90E8 647 2463 102 73 U+3068 108 2506 56 56 U+3089 315 1670 32 71 U+53E4 474 448 84 80 U+306E 291 1087 77 67 U+3068 119 1173 48 60 U+6301 931 1941 67 69 U+3068 120 2084 42 71 U+6B64 472 2234 93 62 U+3068 310 2233 40 60 U+6240 930 1875 64 64 U+3075 90 1286 90 57 U+7530 482 526 72 63 U+7C73 1153 423 64 87 U+306B 123 1547 41 57 U+5927 89 1356 95 95 U+3044 302 685 69 55 U+3064 102 1777 72 48 U+306C 106 2033 87 62 U+3057 514 2009 30 103 U+601D 285 1302 85 89 U+6301 1145 1237 78 66 U+3057 326 1514 26 85 U+304C 1239 1229 51 50 U+307F 120 1719 36 60 U+308A 122 714 40 71 U+7E54 279 2454 104 99 U+3058 319 2379 39 46 U+3089 504 1864 32 54 U+304F 129 1819 37 61 U+3068 311 635 36 50 U+3084 282 2416 83 54 U+676F 97 1439 81 107 U+30C8 158 556 24 36 U+3057 704 1706 21 88 U+3086 478 2114 71 65 U+6240 1145 1166 76 72 U+3057 512 874 17 58 U+306F 101 1331 78 55 U+309E 145 677 42 41 U+3091 481 2174 84 70,umgy011-018
U+547D 152 957 107 155 U+3082 178 1865 61 103 U+3067 163 1785 83 84 U+4ECA 916 1247 110 161 U+5E74 1312 1633 83 179 U+306E 362 1286 75 88 U+306E 365 1874 73 78 U+7533 180 2278 50 108 U+306E 936 1152 70 82 U+306E 942 2167 73 72 U+306E 557 2303 72 90 U+306E 170 884 79 72 U+88F3 347 580 94 154 U+795E 1123 1835 87 165 U+306E 1130 2179 71 94 U+5408 920 661 108 126 U+5C0F 552 2079 86 86 U+3059 751 904 65 94 U+6599 345 878 107 147 U+307C 747 1235 77 93 U+91E3 734 410 94 118 U+306E 556 2540 76 83 U+3084 1116 1995 96 86 U+305F 556 1549 64 91 U+8CB8 343 318 108 148 U+904E 363 2142 72 107 U+6885 543 2177 96 128 U+696D 337 1504 106 147 U+3066 1331 316 48 118 U+4F50 1312 2036 94 101 U+306B 1316 1455 86 90 U+306A 1317 1225 74 94 U+6642 1115 315 102 96 U+3092 734 320 92 84 U+306E 1510 1351 80 87 U+3066 1137 699 46 128 U+3066 567 771 40 107 U+306E 747 1632 73 85 U+305F 167 417 73 84 U+304A 1506 2242 91 67 U+30A6 751 2182 60 101 U+30C8 1344 977 42 113 U+304A 163 1977 89 66 U+3066 1525 1125 44 112 U+3081 747 1460 71 89 U+8863 364 470 67 106 U+6065 736 1781 101 102 U+3059 742 1544 98 102 U+306B 934 2435 82 81 U+4E03 1310 1552 89 73 U+3057 540 1289 97 84 U+5EB5 150 1588 99 135 U+6D3B 355 1385 101 121 U+5B85 553 2411 83 121 U+6210 159 1467 100 125 U+591C 356 1031 90 132 U+79C1 1496 1236 96 127 U+3066 179 2408 51 106 U+4EBA 148 324 111 97 U+3066 376 2402 50 117 U+3059 1516 1645 63 97 U+3051 556 1446 77 103 U+3072 1505 570 96 88 U+3064 547 1376 83 76 U+308A 1143 487 40 86 U+5009 1303 2136 109 143 U+4ECF 1116 2096 96 84 U+524D 1322 1903 77 105 U+6D6E 924 1418 94 120 U+640D 342 757 99 109 U+3072 554 1880 92 80 U+304A 736 1175 92 65 U+5FCD 1511 899 76 101 U+30E2 751 2115 62 62 U+53C2 168 2045 76 145 U+6075 1129 2296 82 125 U+3081 942 2338 61 95 U+73FE 155 1358 104 104 U+4EE5 1305 1814 96 87 U+3086 547 1806 89 77 U+305D 372 1789 56 83 U+5177 353 1168 89 131 U+308B 944 857 46 70 U+3093 162 792 113 90 U+304F 1315 435 76 71 U+6D99 1313 1094 96 135 U+3067 564 1146 66 128 U+3055 750 2286 71 71 U+306F 157 1279 82 70 U+3073 928 567 93 85 U+307E 1518 1442 52 106 U+7537 936 2516 75 104 U+3062 1521 412 77 91 U+3044 744 2036 77 65 U+3071 756 2430 63 88 U+306A 1509 2418 74 84 U+3078 159 1727 98 67 U+3092 356 2046 96 91 U+5FC3 1120 823 95 97 U+304C 1334 1314 63 59 U+65E5 949 1067 49 87 U+662F 555 887 74 139 U+304A 165 518 83 58 U+3067 1314 2282 76 91 U+6545 356 2530 119 92 U+582A 1484 782 113 113 U+3067 371 1657 70 117 U+305F 943 2248 63 90 U+901A 1502 2027 93 115 U+60DA 931 1825 91 113 U+3068 569 329 46 88 U+3064 738 2362 80 68 U+3044 1323 666 71 71 U+9022 1305 2375 96 128 U+3064 545 698 78 75 U+3060 1325 504 73 75 U+304C 754 1713 74 58 U+3066 938 1936 72 83 U+308A 747 2517 59 101 U+3057 393 2245 17 143 U+305B 1115 1131 88 82 U+8EAB 928 2020 88 137 U+3092 1507 1850 83 98 U+3067 946 1671 69 140 U+3046 1528 1549 34 98 U+3088 1143 403 37 88 U+3068 572 1958 48 102 U+805E 1513 2302 72 117 U+304D 552 603 66 95 U+30A2 1494 722 84 87 U+304F 741 746 67 72 U+4ECA 920 928 110 140 U+30DE 1525 667 61 43 U+304B 764 1884 39 58 U+65E5 178 1126 50 81 U+3055 1327 593 61 69 U+3064 162 651 81 74 U+3081 1134 1738 68 89 U+308A 185 2188 44 98 U+305B 733 651 82 84 U+307E 1334 737 49 97 U+306B 179 1206 40 77 U+3068 762 1069 42 92 U+3072 540 507 83 89 U+3057 1538 1009 18 113 U+305F 939 789 59 70 U+3057 1352 2501 20 119 U+307E 562 1038 46 109 U+5BC4 750 532 74 114 U+65E5 369 1964 60 88 U+4E00 1502 1978 89 23 U+306B 1144 2438 43 75 U+3068 192 573 36 74 U+601D 548 428 80 82 U+304B 763 1002 40 68 U+3089 1331 1371 39 88 U+3064 1512 2569 77 59 U+308A 1544 2142 35 85 U+304B 1524 515 42 58 U+3089 765 818 30 89 U+3057 1151 592 18 106 U+6C17 944 1548 78 127 U+4E00 164 2581 92 21 U+3057 780 1323 23 123 U+3057 1351 829 23 147 U+307F 1525 314 45 97 U+3055 1517 2503 62 66 seg_fp 177 727 79 66 U+64CD 1109 1346 97 121 U+305F 944 439 60 72 U+3066 1148 2515 37 104 U+9AEA 547 1651 92 155 U+3092 1128 921 84 92 U+5C3D 1132 1024 62 67 U+3084 1114 1560 92 76 seg_fp 925 373 84 66 U+3082 1159 1640 32 91 U+3057 770 1939 25 97 U+309D 955 511 24 60 seg_fp 958 319 32 63 seg_fp 1127 1491 40 60,umgy011-023
U+306E 311 989 76 68 U+6C17 499 2223 74 161 U+5408 302 1670 105 95 U+306B 869 904 77 74 U+898B 871 2046 93 102 U+4E07 300 544 94 123 U+306E 694 2046 72 78 U+306E 119 1157 77 80 U+306E 127 829 71 81 U+7CF8 695 1539 77 126 U+5FC3 298 1069 95 79 U+5408 1435 2517 106 96 U+5FC3 672 476 91 84 U+62DD 300 1940 98 104 U+5C4B 697 1945 89 94 U+3067 308 2045 78 86 U+4EF2 1110 1664 80 85 U+65B9 115 916 72 121 U+6C17 493 1014 74 130 U+3066 679 753 74 79 U+65B9 672 376 89 101 U+306B 121 1338 86 80 U+5408 869 2133 99 107 U+3059 1437 834 78 93 U+306E 1121 1754 55 48 U+3051 313 1206 79 88 U+3090 309 2132 85 75 U+3093 495 779 98 92 U+305F 1259 1508 67 86 U+6238 683 2133 69 124 U+306B 705 1468 52 64 U+306E 879 2544 75 72 U+305A 1117 1213 71 68 U+4EBA 1433 2250 110 87 U+3066 872 1203 70 79 U+5F8C 111 716 93 122 U+534A 495 599 63 106 U+82B1 692 1669 80 111 U+3072 1446 422 84 77 U+308D 1259 1599 77 72 U+3051 1032 571 64 67 U+90E8 683 1833 98 114 U+306E 1235 2541 56 59 U+5915 1441 1610 83 117 U+306E 124 634 71 78 U+3055 880 979 62 72 U+304A 868 1288 87 55 U+3066 877 2315 67 67 U+3093 875 1397 101 92 U+306E 1311 2357 52 51 U+306E 121 1783 77 84 U+753A 1117 1806 71 71 U+3089 124 1476 57 94 U+306A 1440 507 75 85 U+30A6 324 1395 42 52 U+5BA2 1440 2127 105 113 U+3092 685 2356 83 75 U+534A 578 1873 46 88 U+3044 118 1034 77 60 U+305E 1262 743 79 88 U+304A 1439 1111 81 65 U+3066 1446 755 78 86 U+3070 123 374 72 98 U+68DA 862 2478 99 75 U+76EE 890 1869 58 93 U+6238 885 2382 58 98 U+3042 1445 1826 78 96 U+306F 691 1778 86 52 U+6749 107 1929 97 110 U+306A 1242 369 83 78 U+3075 1238 1147 107 82 U+82B1 126 2226 69 101 U+843D 1442 2388 85 129 U+4ECA 1106 369 80 71 U+660E 478 379 94 83 U+304A 501 1475 84 53 U+306A 1113 1123 65 60 U+3084 129 1416 73 61 U+6E6F 682 835 97 116 U+3092 887 1960 78 79 U+304C 516 2156 66 63 U+9063 124 1571 69 91 U+306F 1446 1781 81 60 U+3067 496 1393 99 77 U+3093 880 1541 94 82 U+306E 1124 1005 48 60 U+6B8B 669 562 109 114 U+307E 1458 592 46 89 U+3078 301 1293 99 48 U+306A 1448 1347 71 84 U+3044 1440 365 79 60 U+3084 507 1659 70 62 U+884C 684 1263 94 116 U+3064 873 1053 79 65 U+306C 1028 1082 77 54 U+3067 1111 1880 70 63 U+30B3 325 1348 46 39 U+305B 874 2234 77 79 U+3093 1450 1421 101 96 U+3058 1255 829 103 87 U+534A 1227 2345 58 76 U+3065 312 1150 95 63 U+30CD 525 1798 62 68 U+68DA 668 2262 114 99 U+3066 314 1857 65 62 U+6709 1258 1223 71 105 U+8DE1 682 1379 95 82 U+624B 132 1666 59 117 U+3081 307 868 74 79 U+306E 1049 1522 47 55 U+624B 321 1473 53 109 U+3055 503 851 61 79 U+305D 696 2441 54 70 U+3065 497 1146 96 68 U+3092 306 1583 91 85 U+3042 1119 1938 62 65 U+4F11 1434 1175 94 104 U+3075 1013 1575 96 56 U+4E8B 308 664 68 146 U+3078 301 947 106 61 U+3075 1227 1935 58 76 U+3046 1275 1670 38 105 U+3092 1112 601 68 72 U+3088 321 377 46 84 U+30B5 883 636 53 74 U+3079 1452 1724 81 49 U+3081 1111 726 61 59 U+3066 1117 1329 60 66 U+304A 303 807 83 65 U+306E 689 1026 71 73 U+304A 117 1864 86 63 U+307E 511 2458 54 88 U+306A 111 473 77 76 U+308B 329 2205 43 61 U+306B 1039 875 61 63 U+30A4 888 562 39 71 U+3064 112 1093 84 67 U+3093 1249 438 97 81 U+308C 1260 914 67 97 U+3044 1308 1943 61 46 U+308A 330 457 38 78 U+306A 878 1476 74 69 U+3093 119 2366 101 59 U+307E 510 1213 48 96 U+307F 1053 1271 34 56 U+3055 501 712 56 68 U+306E 1040 1208 54 60 U+3072 1044 2127 55 62 U+3055 130 2306 53 61 U+305E 501 932 70 82 U+3057 1476 1505 20 110 U+3046 505 1723 49 86 U+306F 1302 2042 68 41 U+5175 1046 1931 42 67 U+30F1 891 1720 72 53 U+3092 1117 1508 62 54 U+307B 1307 2189 64 57 U+51FA 688 1203 92 67 U+3053 317 2416 50 51 U+306F 576 559 51 50 U+3066 1037 1802 52 52 U+9593 127 1241 61 101 U+3086 1026 1330 73 52 U+304D 1116 1440 68 65 U+304C 1458 2338 70 53 U+306B 1466 1993 41 63 U+306B 1054 2396 40 49 U+304D 1046 1448 53 74 U+3075 1292 1991 77 56 U+305F 1270 1068 55 76 U+7CF8 126 2106 83 111 U+3044 1447 1923 79 69 U+30C4 518 1527 51 54 U+307E 1035 931 58 68 U+308C 1038 683 49 82 U+308A 1247 2208 36 51 U+30C8 339 2333 30 65 U+306E 1312 2130 54 58 U+3046 1130 2193 36 73 U+308C 505 2057 62 98 U+3069 1326 2242 46 63 U+3091 1234 2464 59 69 U+307F 1130 1065 37 57 U+308A 1130 1561 39 65 U+304C 1313 2543 65 44 U+308A 523 2545 37 68 U+3055 1128 2045 46 54 U+30C8 1285 1854 40 99 U+3069 705 950 68 81 U+305D 1049 2185 47 55 U+3055 1270 665 52 75 U+304F 880 1343 58 60 U+30C4 1286 1011 41 54 U+3092 1037 2070 62 50 U+6749 199 2047 65 66 U+3057 1111 2426 68 66 U+306F 1115 440 56 37 U+3053 1460 924 50 62 U+601D 1029 774 69 56 U+305D 317 2470 54 70 U+3065 507 2386 87 69 U+3088 1057 1620 29 63 U+3068 594 516 28 39 U+3075 1111 1998 74 51 U+3053 1318 2312 39 44 U+3057 1472 984 21 138 U+306F 1120 1622 62 36 U+3044 1114 559 59 46 U+307E 880 711 54 106 U+3059 1125 2261 45 69 U+30E8 335 2272 47 34 U+304B 1023 2452 66 46 U+3068 977 559 31 53 U+3053 1315 2088 39 41 U+304A 501 1994 76 63 U+3068 1127 657 35 71 U+3091 1037 1380 62 72 U+3061 1235 2076 55 55 U+306E 972 484 44 39 U+3044 1307 2421 61 44 U+308C 1114 829 58 86 U+534A 1043 1853 52 80 U+3079 1230 2421 67 41 U+307F 1474 1278 35 74 U+3068 1319 2464 37 63 U+4E5F 840 382 79 45 U+30CD 1281 1780 58 65 U+306B 1053 2276 38 47 U+3082 1128 2120 41 80 U+3031 333 2490 60 130 U+304F 1476 2050 37 75 U+3057 1282 1400 24 109 U+3066 1256 584 61 75 U+6709 930 370 48 77 U+3084 1034 2348 60 51 U+304F 1247 2009 38 75 U+30A2 879 512 55 55 U+30C4 718 2514 46 34 U+308A 515 1309 39 88 U+308A 1059 1682 27 52 U+3068 897 1776 45 86 U+3075 1016 829 81 48 U+3044 964 526 49 35 U+30A4 1283 1328 34 75 U+4E8C 1108 482 71 32 U+3057 903 1608 22 108 U+305B 1038 1010 57 70 U+3057 710 675 20 82 U+3078 682 1101 105 45 U+3057 1256 2266 16 80 U+7CF8 209 2411 58 90 U+885B 1047 1997 53 71 U+3066 1116 2562 63 59 U+3078 1026 2325 68 29 seg_fp 226 2112 53 38 U+6C17 1028 369 55 112 U+304E 1235 2128 66 80 U+3057 900 1117 21 91 U+308C 1124 2490 49 75 U+304B 1117 518 34 44 seg_fp 1043 1141 55 69 U+3057 1142 914 21 91 U+3068 1132 1387 27 54 U+3057 1280 505 19 78 U+304B 1055 2237 29 39 U+3031 1129 2315 50 125 U+3057 1479 674 18 84 U+3053 972 454 28 35 U+3057 154 545 18 98 U+30A4 106 2545 51 65 U+3068 703 1124 42 71 U+3068 705 2558 34 61 U+3057 526 1588 24 71 U+3044 568 477 55 40 U+306A 577 612 59 51 U+3066 1020 2571 61 48 U+30F1 110 2464 71 60 seg_fp 885 819 56 82 U+3092 1027 481 71 70 U+3057 1059 1739 12 65 U+3078 1126 2100 63 31 U+3089 1143 1180 18 42 U+3057 341 1785 18 74 U+3089 1051 639 17 48 seg_fp 580 427 63 50 U+30FD 157 2516 24 53 U+3089 1139 785 21 43 U+3057 1142 1274 16 57 U+304F 1060 2494 24 48 seg_fp 111 2068 111 81 U+3064 1029 531 62 42 seg_fp 1040 2549 41 23,umgy012-002
U+306E 1449 1589 75 76 U+3082 112 1341 57 116 U+4E0B 1256 2020 67 97 U+77E5 300 751 88 99 U+3092 849 586 96 79 U+306B 1058 1770 88 78 U+306B 1254 1517 92 83 U+4EBA 1439 420 99 101 U+305F 871 1092 69 90 U+4EBA 847 481 111 104 U+3092 110 544 73 73 U+3092 1245 1936 79 73 U+70BA 1247 1397 87 116 U+6B64 1248 1599 92 84 U+306E 1065 1580 74 80 U+4ECB 652 1834 113 102 U+5185 1058 421 79 102 U+306E 1252 1304 77 86 U+4EBA 1232 1823 112 112 U+30E4 297 1311 63 62 U+5185 304 471 71 100 U+6240 1054 529 88 137 U+9AA8 1056 1092 88 135 U+6577 113 744 81 119 U+7B4B 1062 961 87 120 U+4EBA 102 427 103 103 U+7F6E 121 901 59 134 U+305A 1261 2282 82 81 U+3066 1076 2053 47 101 U+6240 298 596 86 113 U+3082 304 1671 52 93 U+6B64 480 1532 88 105 U+305C 279 2494 99 75 U+62DD 657 2320 97 104 U+4F55 100 1874 87 101 U+3066 1069 302 51 113 U+6B8B 1433 1317 104 113 U+5FC3 1436 2292 94 72 U+305D 500 2032 54 89 U+3066 1462 835 46 103 U+8A00 307 2160 57 111 U+5408 1042 1847 117 124 U+3044 490 951 77 68 U+306A 1441 2367 76 84 U+3092 297 2268 82 81 U+5F15 1242 2173 85 110 U+3081 872 670 71 80 U+76EE 1072 1660 60 101 U+534A 750 1328 48 87 U+540C 110 1469 72 92 U+308C 483 1421 77 107 U+305B 1243 1033 83 82 U+3057 293 1770 81 75 U+30B3 684 1452 57 38 U+308F 312 2071 41 80 U+3066 503 756 51 112 U+3055 1461 1420 54 72 U+3081 1255 1221 73 82 U+5EA7 110 629 74 120 U+3093 1449 1491 98 98 U+308C 312 848 56 103 U+76D7 1443 301 81 118 U+3059 656 1122 69 69 U+3031 698 1539 51 187 U+30C8 901 1195 34 80 U+304B 686 2423 39 60 U+304A 483 884 84 65 U+4E0D 1446 1217 78 106 U+307E 878 303 66 90 U+3042 299 1382 73 94 U+6577 1446 1873 85 124 U+3044 301 2357 69 63 U+3093 107 1245 104 117 U+5C45 1450 945 74 101 U+3402 666 1730 89 109 U+3044 99 2440 72 62 U+3082 501 1219 47 104 U+3042 918 1749 56 56 U+305F 306 2000 60 68 U+3060 488 2220 98 94 U+3078 279 1957 126 39 U+3075 275 2420 100 80 U+308A 898 392 35 81 U+305D 110 2180 63 81 U+76D7 110 313 84 114 U+308C 1064 2261 63 99 U+306D 292 1849 76 90 U+305C 730 356 73 64 U+304C 1465 508 65 55 U+304C 326 406 64 51 U+3093 674 2024 88 91 U+30A6 686 1499 52 70 U+30B5 1260 667 69 74 U+5927 737 293 62 63 U+306E 657 406 58 53 U+304B 484 1807 89 77 U+306A 660 463 56 57 U+3042 1068 2379 66 102 U+307B 1064 1415 79 82 U+306F 475 1092 98 59 U+3042 490 1325 79 98 U+3060 107 1692 67 75 U+304C 116 2371 65 51 U+307E 1261 300 59 102 U+3066 307 961 71 82 U+304A 113 1038 74 64 U+305A 836 2416 70 64 U+3064 1448 763 73 72 U+306E 838 1645 62 57 U+3031 1266 772 48 156 U+7528 1450 2164 66 126 U+3059 1456 571 64 96 U+3067 1054 879 110 82 U+3093 1045 2477 117 86 U+76D7 1251 1703 81 124 U+985E 98 1569 81 90 U+3089 890 815 39 83 U+3055 737 777 43 58 U+3046 502 2126 42 93 U+3068 500 1145 50 76 U+3044 740 426 53 46 U+3044 1449 2523 69 49 U+307E 1456 669 51 92 U+3055 1445 2451 68 71 U+524D 1063 744 76 133 U+629C 1041 1310 109 91 U+306B 506 597 43 78 U+5408 656 1037 75 84 U+624B 670 888 41 85 U+3044 107 2123 70 66 U+6B64 652 296 66 51 U+306E 484 2495 77 83 U+306E 918 2272 56 49 U+304B 672 781 36 51 U+308A 1271 2363 47 72 U+30A2 115 1774 53 85 U+306E 1064 655 74 77 U+3046 131 2264 29 81 U+308C 298 1565 62 108 U+3069 929 2120 50 63 U+5175 844 1367 50 66 U+305F 668 833 48 57 U+30B3 500 2330 49 38 U+306B 885 912 42 67 U+306B 837 1952 61 64 U+3072 913 2066 61 58 U+3078 111 870 90 45 U+3093 485 503 94 96 U+30E8 1286 495 32 45 U+3070 663 346 51 60 U+3084 1054 2176 87 82 U+3084 1433 1049 93 67 U+304A 477 294 87 64 U+308F 116 2035 41 83 U+3042 841 1703 59 57 U+7CF8 487 1616 77 137 U+306A 741 1110 50 69 U+306A 917 1930 53 70 U+3078 1244 2132 98 36 U+307E 840 1808 47 71 U+3046 932 2188 31 81 U+3075 651 2182 98 73 U+3092 724 677 82 61 U+3092 664 976 62 63 U+3044 118 1104 71 64 U+3059 1457 1118 56 88 U+3093 648 514 90 70 U+304A 735 734 58 47 U+3051 915 1860 58 72 U+3056 846 2098 54 59 U+304A 1439 1676 80 62 U+51FA 1250 2429 89 78 U+8EAB 732 865 57 89 U+30A4 312 1234 43 74 U+305B 1054 1969 76 78 U+3073 491 430 92 81 U+304D 738 1057 64 54 U+3093 484 348 98 91 U+3089 669 2480 54 99 U+3069 1075 1496 65 81 U+3080 916 1574 57 59 U+308B 115 2503 52 71 U+306A 837 2318 56 58 U+3053 498 2433 50 61 U+306C 724 1247 79 56 U+305E 682 2242 70 86 U+304F 874 751 73 61 U+3084 913 1633 63 49 U+307F 1271 950 41 82 U+3078 296 721 92 35 U+304D 301 1470 66 99 U+5EA7 1447 1765 80 107 U+306F 308 1049 80 43 U+3084 918 1389 66 45 U+30A2 1267 738 51 67 U+885B 847 1434 50 75 U+3069 689 1949 52 79 U+30EC 502 2378 72 40 U+8EAB 835 1545 61 103 U+308A 851 1881 30 72 U+3054 742 1011 55 47 U+3082 832 2224 47 76 U+4ECB 390 1183 71 59 U+5FA1 1442 2096 79 68 U+3044 489 1948 84 75 U+304B 117 1978 40 58 U+3042 733 569 56 65 U+3067 1445 2004 72 87 U+3089 938 1681 22 60 U+3084 828 1758 70 50 U+3069 686 2101 62 80 U+304C 486 1748 87 60 U+306F 487 1885 77 60 U+3092 1062 1227 103 110 U+3084 647 627 72 42 U+307E 666 1180 48 70 U+3064 925 1338 54 46 U+3076 916 1278 75 65 U+304E 660 559 54 69 U+3046 742 943 34 72 U+3046 924 2384 32 56 U+8005 1341 608 64 61 U+82E5 1337 529 55 77 U+306B 850 2541 40 43 U+306D 658 1255 62 55 U+306F 850 1514 53 28 U+3078 733 838 77 30 U+3075 908 1514 66 61 U+3061 923 2440 41 49 U+624B 848 2004 43 93 U+3057 906 975 18 116 U+3057 1292 397 19 88 U+3089 134 1173 37 76 U+3066 915 2331 46 53 U+304F 931 1987 36 70 seg_fp 852 2479 41 64 U+3089 941 1437 22 65 U+3057 1285 1115 16 112 U+3089 755 1179 26 69 U+3031 674 702 50 89 U+3046 673 667 41 60 U+3089 510 1030 37 65 seg_fp 910 2490 64 76 U+3057 520 671 23 80 U+3057 1299 2504 16 75 U+624B 749 475 32 81 U+534A 850 1285 48 83 seg_fp 864 2372 17 46 U+3402 381 1094 66 91 U+3089 938 1807 20 57 U+3057 758 630 24 49 U+3057 869 2171 10 62 seg_fp 1472 1739 22 34,umgy012-004
U+306E 283 2315 75 74 U+306E 1434 1287 72 65 U+3092 1427 2150 76 71 U+3082 674 1523 61 96 U+306E 1249 953 71 64 U+306E 866 931 67 63 U+3082 480 1341 63 91 U+62BC 648 1805 107 126 U+4ECA 834 1407 119 131 U+4E0B 676 1625 66 107 U+65B0 475 792 91 137 U+306A 476 390 93 87 U+304B 99 879 85 80 U+306E 1051 1288 71 67 U+306F 1027 2392 97 60 U+306E 858 1723 76 83 U+3066 113 1497 55 110 U+3082 866 2320 49 98 U+3067 473 1258 76 84 U+898B 1233 1150 97 116 U+3067 91 2153 79 91 U+90FD 472 482 98 110 U+3066 125 580 43 99 U+306B 1428 2599 61 68 U+3061 102 1135 69 81 U+3064 843 2219 97 111 U+306B 278 1874 96 91 U+3059 1432 649 96 101 U+6B64 1426 1754 92 104 U+3093 1418 2498 98 101 U+3092 863 1007 73 73 U+7CF8 673 948 76 129 U+3084 465 2362 92 78 U+3082 116 786 48 94 U+304C 680 1249 74 57 U+6765 1046 730 86 130 U+3042 1037 1373 97 90 U+624B 1257 704 54 126 U+305A 1058 872 80 86 U+3044 278 2040 79 62 U+3082 862 585 70 96 U+3093 1041 1737 107 123 U+3044 471 2604 83 62 U+51FA 1041 2587 90 80 U+5F8C 1234 1036 93 113 U+3060 1048 1858 84 80 U+7F6E 849 2078 68 134 U+4E8C 668 1333 81 47 U+3052 663 2014 104 101 U+304B 671 2382 49 63 U+70BA 268 2425 93 135 U+3057 468 1436 86 81 U+51FA 1051 650 84 78 U+3066 850 499 89 89 U+6577 859 807 80 115 U+3082 291 681 66 97 U+3031 301 1360 65 182 U+679A 651 1407 118 111 U+3066 1224 1698 87 76 U+3092 1236 1276 76 64 U+7CF8 1434 1853 74 130 U+304A 1414 2232 92 66 U+50CD 1029 1165 110 105 U+30A2 1448 1664 47 83 U+885B 1432 987 87 101 U+5175 1442 872 59 111 U+3093 667 1161 104 97 U+3064 96 479 83 107 U+9020 454 942 110 106 U+30A2 494 1878 51 69 U+3064 1230 1548 79 63 U+30E8 110 2602 49 60 U+7406 648 2566 88 101 U+3046 860 2584 45 84 U+3051 1229 1606 83 97 U+3066 674 502 73 84 U+3051 96 2050 80 112 U+3084 1413 1590 92 72 U+3044 1431 488 79 71 U+8179 1409 1365 114 122 U+308C 666 2192 61 113 U+3059 83 2518 96 93 U+898B 664 590 84 104 U+65E6 1230 1784 76 105 U+7A81 1033 2449 97 126 U+9E7F 275 1241 96 140 U+3078 652 1742 106 43 U+304C 1070 580 63 52 U+306E 906 1202 54 58 U+3081 475 2122 69 82 U+3056 482 1786 81 81 U+308C 1059 478 62 102 U+3055 1040 2235 78 68 U+3066 1241 608 75 79 U+307F 1437 2345 48 75 U+3058 498 2224 51 143 U+308A 310 1033 45 99 U+4F55 98 691 88 95 U+3093 1430 1179 98 89 U+307E 303 926 50 110 U+3093 1038 2301 98 87 U+3078 278 448 106 57 U+3057 95 1613 84 85 U+3082 1044 1046 65 106 U+3070 848 1075 104 62 U+7121 651 2461 91 99 U+5B9F 271 1739 93 130 U+305D 1060 397 69 82 U+305F 103 1868 65 75 U+9B3C 1426 746 101 120 U+534A 1039 2096 76 118 U+306A 471 1966 82 93 U+4F4D 1225 1351 89 102 U+3069 1447 1102 67 82 U+3055 671 1928 57 84 U+3093 1424 2055 103 88 U+90A3 1226 1897 95 98 U+3055 675 1090 59 74 U+3067 851 1630 84 92 U+3042 83 2248 92 91 U+3044 1232 2100 82 77 U+601D 104 397 81 86 U+99AC 288 1136 80 110 U+3044 901 1258 61 45 U+5EA7 856 677 75 138 U+304A 278 1971 83 66 U+3056 1439 395 83 84 U+3042 295 788 77 76 U+3067 474 716 79 83 U+3089 296 2102 43 85 U+306A 469 1522 81 80 U+3082 113 948 57 84 U+305D 299 493 58 80 U+3044 288 1605 74 65 U+3081 1247 833 70 77 U+3092 1234 1454 92 86 U+3067 853 2005 75 82 U+306A 469 2509 78 93 U+304A 1048 1522 83 74 U+51FA 478 1054 83 85 U+3089 486 1692 45 98 U+3078 1229 912 115 59 U+3093 291 855 102 87 U+3093 273 2179 109 125 U+306A 828 1278 65 59 U+3089 1066 2004 31 74 U+305D 855 2505 60 82 U+308A 853 2411 60 96 U+304C 914 1345 57 43 U+3044 1039 1597 85 66 U+6B64 668 850 86 109 U+307E 1442 560 58 95 U+3092 274 2564 94 101 U+3089 1056 1665 51 79 U+3055 1431 1986 62 71 U+901A 842 1816 96 115 U+3055 1428 2431 59 70 U+307E 861 1529 52 109 U+3089 681 2114 38 87 U+3053 110 1235 53 67 U+3053 835 1161 47 52 U+3066 1223 2347 78 70 U+76F4 1242 397 75 105 U+307E 104 1697 49 103 U+308B 673 2304 50 70 U+5408 466 587 113 129 U+3078 1221 2420 102 52 U+304B 1060 1937 38 68 U+3068 303 1662 48 79 U+307E 95 2423 61 102 U+3078 455 2206 110 48 U+308F 110 1307 45 95 U+3058 1455 1486 49 112 U+3064 89 1799 86 66 U+308F 109 1955 48 95 U+306F 1234 2175 74 58 U+308C 1233 2236 63 108 U+308B 1064 1458 48 55 U+3068 688 753 45 98 U+3055 480 1604 63 88 U+308C 294 573 71 103 U+308A 96 2339 62 95 U+304B 308 391 46 53 U+3053 912 1155 38 46 U+30A2 490 2447 55 63 U+308B 483 2055 51 64 U+3068 1244 2002 58 105 U+3068 1063 961 48 89 U+3076 92 1039 99 98 U+308B 683 692 54 56 U+308A 847 1334 34 52 U+304B 1439 2293 42 52 U+3068 916 1299 31 50 U+3068 841 1212 31 67 U+3057 892 390 18 113 U+308A 869 1930 48 90 U+3057 701 389 17 112 U+3057 126 1397 28 102 U+3057 1261 500 29 114 U+3057 313 1487 20 122 U+4E86 1233 2458 56 100 U+7C21 1231 2576 64 95 U+3057 508 1140 21 120 seg_fp 1229 2551 59 49,umgy012-014
U+4E2D 435 380 92 120 U+3031 1029 2453 69 169 U+5C0F 255 1574 93 68 U+3031 656 825 57 181 U+306F 276 2552 65 105 U+306E 264 1787 79 66 U+306E 1410 480 67 61 U+3031 460 1654 62 215 U+8A00 273 1653 66 113 U+306E 72 1012 74 67 U+5185 633 1396 83 119 U+306E 837 2605 73 57 U+306A 258 384 79 85 U+306E 645 1636 72 89 U+306B 637 2077 102 82 U+6765 827 932 82 125 U+3082 1421 380 49 98 U+4EBA 1382 2523 131 119 U+76EE 1216 372 68 98 U+6577 828 758 83 128 U+3059 255 719 91 95 U+90E8 1196 1094 101 104 U+306E 1412 2125 79 76 U+307E 265 628 55 97 U+304C 1045 1839 63 65 U+70BA 68 1084 86 118 U+306F 1209 1765 85 49 U+3057 453 2566 98 89 U+304C 1033 1671 66 59 U+79C1 1010 1559 97 117 U+624B 1222 959 57 131 U+30C8 290 893 38 94 U+5EA7 825 630 84 137 U+3078 813 1252 112 55 U+304A 821 1305 86 61 U+6B64 70 377 92 87 U+306E 74 1286 68 75 U+3072 1407 2427 89 73 U+3044 253 555 87 69 U+3081 1026 787 71 79 U+5185 261 2195 81 106 U+306B 86 1206 50 68 U+3031 1227 2438 68 219 U+9054 1393 1275 100 111 U+30B5 1038 2354 67 70 U+3075 1197 701 101 86 U+306B 1020 722 75 61 U+3078 829 902 94 47 U+305F 454 2008 70 97 U+3084 1203 1193 90 85 U+304B 1394 1520 100 70 U+3093 446 1095 108 86 U+3072 451 2181 95 87 U+5FC3 1399 557 84 79 U+306B 826 542 89 92 U+306A 263 809 90 89 U+3066 1417 1701 49 114 U+304A 1210 1574 89 67 U+3059 1417 1956 63 99 U+6240 633 1516 92 128 U+53E3 448 570 72 53 U+307E 648 1722 54 101 U+3059 1020 1904 80 98 U+3078 442 513 103 49 U+30E2 449 1192 75 64 U+306F 636 1873 86 57 U+306A 828 1067 78 92 U+3078 1402 1591 98 49 U+968E 633 2555 107 110 U+3072 76 2215 93 86 U+308C 455 838 75 110 U+3061 646 759 72 85 U+51E6 817 438 97 101 U+306E 77 690 66 57 U+3093 1011 2254 110 102 U+6749 1195 1658 103 105 U+306B 1035 1038 55 68 U+3051 84 2303 61 83 U+3044 642 1932 81 66 U+3044 828 1368 78 70 U+5F79 1009 1740 106 103 U+65B0 66 767 86 128 U+3078 1395 1398 89 44 U+3055 264 466 69 84 U+305B 444 1020 76 77 U+30A2 1037 1467 54 74 U+3084 1010 1385 97 76 U+6749 1284 2169 85 87 U+3061 1025 1308 72 83 U+3042 259 995 83 92 U+3084 73 1600 82 59 U+3051 641 1081 81 98 U+308C 1022 1194 69 111 U+9020 57 895 93 102 U+3057 639 381 86 80 U+3031 277 1980 69 215 U+304D 265 1271 65 95 U+306B 92 1745 49 68 U+3064 1402 1631 77 72 U+303B 291 2298 46 81 U+3067 835 2201 80 88 U+304A 819 1918 94 66 U+3092 1208 472 98 87 U+3060 642 457 90 67 U+3067 828 2537 84 70 U+308B 277 1495 47 61 U+3081 835 1816 71 85 U+306F 1402 1448 82 59 U+3044 454 2102 79 84 U+3046 92 1657 38 90 U+4E8C 651 2504 76 50 U+3089 843 1437 49 97 U+305A 650 2397 78 95 U+3044 1216 558 84 64 U+30A2 1033 2420 58 72 U+306C 1393 859 88 65 U+307E 1022 450 58 99 U+308A 96 2381 46 114 U+308A 1237 872 37 81 U+7CF8 81 455 65 117 U+305D 84 1903 71 94 U+304A 636 2170 90 70 U+305B 821 1154 77 93 U+304A 1005 383 93 67 U+306F 1419 2209 54 85 U+305F 1221 1963 56 94 U+3044 640 697 77 61 U+3055 1023 1111 63 82 U+3093 1398 1151 109 124 U+304D 448 688 71 93 U+3031 464 1309 57 216 U+305B 257 1423 76 74 U+3070 636 2329 107 63 U+306A 79 1449 71 85 U+3075 627 1997 100 83 U+304C 458 623 67 52 U+30F1 1205 2366 90 59 U+3078 252 1233 109 49 U+305B 1013 2171 78 86 U+3092 641 602 91 83 U+3066 281 2470 66 116 U+3093 824 1526 106 129 U+3089 1402 1072 60 97 U+3084 68 571 88 61 U+307E 1028 2083 58 94 U+307F 89 1362 48 86 U+3044 1403 1006 74 66 U+3084 440 953 95 70 U+3084 622 1244 102 73 U+3092 453 2460 100 95 U+3053 1412 2064 61 59 U+3078 824 2062 106 62 U+58F0 1210 1812 86 158 U+304A 1400 930 81 69 U+3053 77 639 57 49 U+3078 1004 552 118 58 U+3081 835 1983 72 82 U+306F 840 1647 51 91 U+308F 471 2271 50 94 U+3089 1048 944 32 78 U+306F 89 1992 59 99 U+307E 837 2093 59 113 U+308F 656 997 44 83 U+307E 842 2444 54 94 U+304F 1022 866 77 75 U+30A2 657 1320 46 77 U+305F 264 1088 71 62 U+9063 1213 770 70 103 U+308F 1226 1285 50 92 U+308C 844 2343 69 110 U+3053 849 2285 56 61 U+3062 452 1577 84 88 U+306B 655 1177 44 69 U+307F 1040 2003 41 78 U+3088 1418 635 46 93 U+3053 83 1826 52 71 U+308B 86 1528 46 62 U+3051 464 2362 77 106 U+304B 1389 1816 98 77 U+3078 637 1826 82 45 U+30A6 459 1252 53 80 U+3050 456 1516 91 55 U+4E00 814 382 88 18 U+3057 481 1873 16 139 U+3068 1230 1473 46 96 U+304F 1220 2100 55 84 U+308A 280 1148 41 86 U+3089 1424 2355 44 77 U+306B 283 2389 47 79 U+3056 1217 1380 70 87 U+304B 1424 2294 42 61 U+3089 85 2146 42 79 U+304B 1417 730 39 54 U+30A4 1223 2284 51 82 U+3089 649 526 47 91 U+304B 285 1871 37 58 U+3089 1412 785 42 86 U+305A 270 1926 74 101 U+3068 1231 617 44 82 U+304B 276 1368 41 63 U+3058 861 1737 47 86 U+305F 1023 644 77 72 U+304B 100 2094 38 51 U+3088 657 2242 44 93 U+304B 1229 2054 40 55 U+304C 1032 588 82 59 U+304B 465 781 59 65 U+304F 1424 1854 50 99,umgy012-016
U+4ECA 242 1487 101 120 U+80B4 1193 1763 95 141 U+306E 821 368 75 71 U+306E 1214 589 62 62 U+713C 1188 912 114 123 U+98DF 1384 915 101 137 U+4E2D 625 1421 83 141 U+306E 1204 1562 77 79 U+3082 643 1185 62 101 U+306E 825 1440 72 67 U+306E 1396 1810 73 62 U+3082 1024 494 52 87 U+306E 1016 2035 75 67 U+843D 1388 353 112 148 U+304A 1197 1918 89 60 U+3066 459 1470 42 115 U+77E5 431 1590 94 101 U+6587 429 1285 107 106 U+96D1 439 1150 96 139 U+81EA 445 772 62 107 U+4EBA 808 443 110 97 U+3081 1206 496 76 80 U+3082 1402 2031 57 100 U+306E 828 2456 68 56 U+306F 255 473 70 49 U+5DFB 1006 1222 98 113 U+6CB9 1207 815 84 95 U+306B 1017 979 79 86 U+306E 77 846 62 69 U+9B5A 1395 1534 82 146 U+3066 1415 506 48 106 U+5C4B 828 1331 81 93 U+84B2 817 1663 92 155 U+306F 1204 1041 78 53 U+8CB8 811 1511 91 140 U+306B 819 1034 83 78 U+3082 825 525 60 99 U+632F 804 628 107 107 U+3059 649 2120 64 88 U+56E3 816 1816 92 108 U+6708 630 1637 67 115 U+3093 241 2474 101 87 U+4E0D 448 659 77 99 U+79C1 242 355 96 109 U+6B64 442 1039 86 109 U+4E09 1393 625 79 69 U+306E 636 1568 71 64 U+7533 82 1696 49 97 U+8077 1192 1982 108 124 U+5C4B 1203 1448 94 102 U+7ACB 1212 1653 70 102 U+304C 257 2554 69 67 U+6804 1378 1145 90 127 U+9326 1007 1876 92 156 U+306E 1399 1052 70 82 U+8FB0 810 1116 92 108 U+6700 628 1294 81 117 U+51FA 252 1779 91 79 U+5C4B 632 614 91 89 U+7269 1192 1342 107 103 U+308C 261 716 65 97 U+8CDE 630 1839 88 152 U+5EA6 1388 702 96 126 U+6C11 511 2411 68 82 U+4453 1387 1884 89 141 U+3044 1208 2210 82 55 U+3044 1206 1275 73 60 U+3066 1030 1468 40 101 U+5DF3 817 1235 86 86 U+5207 242 823 94 84 U+304C 268 1419 66 53 U+84CB 63 2005 84 142 U+306E 1400 829 73 74 U+663C 640 2511 71 111 U+98FD 1382 2144 105 97 U+91D1 55 2393 97 127 U+5BDF 439 1694 84 133 U+30E4 426 2572 78 53 U+76EE 830 925 61 107 U+5DFB 1006 2119 106 105 U+591C 628 2392 93 113 U+6B64 1191 2546 93 83 U+9905 624 365 99 102 U+8868 253 1602 78 133 U+733F 619 493 96 108 U+7CF8 1018 351 71 132 U+6577 828 2220 83 121 U+304A 72 357 71 59 U+5317 1004 1569 91 84 U+7FEB 629 2010 115 101 U+5937 1017 1663 83 123 U+5C45 239 1025 94 97 U+5BD0 819 2334 92 110 U+306E 428 2104 52 44 U+305F 264 1331 62 89 U+3092 74 1125 67 70 U+91A4 1203 662 84 137 U+8000 1382 1268 99 120 U+306C 439 576 91 75 U+51FA 1012 1779 82 81 U+3066 273 910 42 101 U+3066 83 1810 38 102 U+53D6 640 1099 71 96 U+3068 654 1735 44 87 U+308C 77 1411 61 94 U+305F 462 1836 52 85 U+304A 58 2330 88 53 U+67CF 808 2534 97 96 U+7740 1017 1342 75 123 U+30F2 449 2493 51 86 U+305F 265 2054 61 90 U+6D74 1010 596 84 102 U+6B64 65 1918 84 94 U+305D 832 1940 56 78 U+7269 55 2154 98 81 U+307E 1218 1100 47 97 U+3059 1209 347 76 83 U+3092 824 2128 87 79 U+308C 831 2019 66 107 U+4E0A 1027 898 66 74 U+517C 262 2262 75 134 U+6D25 73 411 77 162 U+306E 1022 808 70 74 U+3067 639 715 66 71 U+3059 265 623 54 94 U+7531 433 898 84 86 U+308B 1219 427 46 64 U+306F 1400 1480 74 54 U+8CB7 631 798 82 113 U+305F 79 1507 54 95 U+3078 444 2005 98 51 U+305F 1415 2241 51 84 U+53E3 1381 2519 87 55 U+983C 72 1207 71 106 U+53E3 636 1045 63 47 U+308F 462 364 43 83 U+8CC0 70 557 80 141 U+96A3 998 2416 98 116 U+3068 81 2238 47 72 U+308A 1392 2327 73 97 U+3080 420 2275 62 52 U+308C 1213 2329 75 96 U+307E 265 1124 59 98 U+306F 435 987 82 49 U+306F 1202 2267 88 60 U+5E2F 1007 2238 92 134 U+8863 1012 701 81 103 U+307E 81 1311 46 100 U+306B 462 1397 40 73 U+3055 258 2405 58 71 U+5BD0 1007 1079 91 135 U+30D8 254 1740 96 37 U+306B 1391 2573 74 63 U+3093 72 765 89 79 U+307E 451 1927 70 71 U+307E 266 1857 47 93 U+3089 276 2149 36 84 U+3068 1224 2108 50 86 U+308A 847 832 40 86 U+305F 458 510 57 63 U+308F 267 543 42 80 U+304A 486 2222 65 52 U+306B 420 2226 60 52 U+5BB6 1004 2534 93 98 U+307F 506 2327 33 51 U+305F 495 2271 46 53 U+3092 58 2527 92 86 U+3055 84 693 42 74 U+3057 666 2237 20 158 U+3065 1203 1194 102 82 U+3068 89 1604 50 88 U+3079 624 2212 104 34 U+4F1D 68 1015 83 109 U+3057 1428 2410 16 116 U+3057 668 906 17 138 U+3053 432 2060 39 42 U+3057 1237 2424 18 115 U+5973 497 2063 60 53 U+7CF8 428 2148 51 86 U+304B 466 448 35 61 U+306B 1408 1400 46 78 U+3072 421 2355 59 48 U+3057 293 1946 20 105 U+304B 841 736 41 56 U+3078 819 797 82 33 U+8A00 67 924 75 96 U+306F 1017 2379 71 46 U+3057 289 1218 20 115 U+623F 487 2131 70 88 U+5409 1403 1683 68 110 U+304B 434 2324 29 31,umgy012-018
U+306F 753 362 97 59 U+4E2D 194 718 75 119 U+306E 392 369 77 73 U+3093 1537 2013 107 100 U+306E 395 1865 69 63 U+3044 1158 1051 79 59 U+3066 1335 2226 93 84 U+306E 631 999 60 54 U+3059 186 2374 94 90 U+306B 966 1230 83 84 U+5206 204 488 76 116 U+534A 193 357 84 127 U+3082 1365 694 51 100 U+304A 580 1701 84 53 U+3044 1159 527 80 66 U+8A00 585 1767 68 101 U+3068 1369 2005 44 97 U+30E4 967 896 66 62 U+5207 952 1143 100 87 U+3093 1154 649 100 94 U+306E 1161 1204 74 67 U+30E4 197 1902 76 65 U+304A 771 2109 85 67 U+9053 201 614 77 97 U+3044 777 554 80 63 U+51E6 377 1935 99 99 U+30A2 595 1320 58 65 U+6D25 389 1462 89 119 U+3093 573 2564 100 82 U+7230 396 1126 79 132 U+3082 1181 1100 47 107 U+9022 762 1810 104 132 U+305D 209 1970 56 80 U+5FA1 1348 2439 74 58 U+6B64 1045 744 67 74 U+304C 1551 2102 74 58 U+3044 585 1398 76 57 U+3046 204 2052 48 102 U+3066 962 1901 81 80 U+3066 1364 1265 49 112 U+3051 1548 1470 77 91 U+3064 1350 428 88 70 U+4F55 1534 2171 98 96 U+304B 791 1266 47 61 U+884C 769 1586 86 114 U+306A 1156 366 83 80 U+30A2 961 2042 77 81 U+304B 207 2442 49 72 U+304A 1163 818 83 58 U+3072 1163 2247 78 77 U+3042 778 847 78 82 U+3067 1535 1103 90 75 U+304C 1169 1267 71 52 U+305B 961 360 86 73 U+306E 383 2468 71 61 U+306A 1159 732 88 80 U+84CB 1159 1935 78 129 U+3093 773 1168 97 99 U+4EF2 370 2341 96 123 U+3066 1178 2449 42 112 U+51FA 1161 2571 90 74 U+304A 392 1402 86 56 U+308B 593 2028 48 73 U+4FE1 953 1034 98 99 U+5B09 955 1315 105 105 U+6B64 970 488 81 99 U+30E4 580 1266 73 49 U+8CC0 389 1578 81 116 U+30A2 394 2257 60 80 U+3093 393 1771 93 87 U+3044 393 1057 82 62 U+9060 776 421 69 129 U+3044 196 2237 73 64 U+3044 1163 2390 75 58 U+3066 1537 830 89 75 U+3044 1543 2523 69 58 U+304A 1351 356 84 74 U+3084 191 1265 97 73 U+3055 1161 445 62 76 U+3052 679 1069 62 67 U+4E0A 1348 1180 76 78 U+306A 580 1875 79 81 U+7A0B 567 2254 98 101 U+305B 194 1337 87 90 U+3080 392 779 83 80 U+30F2 206 1825 55 88 U+3052 817 2490 73 66 U+308C 1548 981 68 114 U+6709 208 1159 62 99 U+3053 1169 603 61 50 U+306A 579 2112 79 81 U+3046 210 1431 46 106 U+8CC0 960 2331 77 105 U+7D66 1537 2366 87 108 U+3092 575 1615 98 83 U+30C8 1178 1860 44 76 U+6D25 965 2222 83 109 U+3065 393 853 94 74 U+307E 206 2302 52 80 U+3089 587 2480 60 82 U+3082 634 515 55 76 U+3066 791 1700 49 119 U+3044 1162 877 76 65 U+306A 1343 1587 83 76 U+305D 638 940 46 57 U+30DE 976 1990 61 46 U+304A 1348 1385 86 57 U+3092 1352 865 89 88 U+3070 965 433 94 66 U+3051 564 470 56 62 U+7533 1365 2113 45 114 U+3084 378 2195 88 60 U+305F 1161 1759 65 88 U+30CD 991 1605 56 60 U+3084 772 715 86 63 U+3089 399 1302 48 99 U+3044 579 2417 71 65 U+3070 208 2517 69 83 U+308A 1158 1462 65 86 U+307E 1162 1541 61 110 U+3056 199 2156 87 82 U+5EF6 943 2131 115 92 U+306A 553 534 61 51 U+308B 1364 633 50 58 U+306E 1352 793 68 76 U+3093 1348 1486 99 106 U+3042 555 360 63 57 U+3044 1353 1741 66 66 U+3092 1154 2169 91 77 U+3059 781 2223 57 91 U+3066 564 970 34 80 U+306F 1542 1179 77 52 U+308F 642 596 41 73 U+3092 559 648 53 59 U+3044 969 1524 77 63 U+304B 412 1250 39 52 U+3064 1538 1408 84 68 U+3093 955 2499 108 83 U+89A7 1343 2512 97 136 U+3075 760 2028 96 88 U+3078 757 2398 108 61 U+308B 208 927 52 62 U+305D 972 1723 66 86 U+304A 566 2358 88 57 U+30A2 417 698 47 68 U+8A00 571 1488 77 130 U+7269 1150 2073 102 96 U+307E 394 2035 56 96 U+53C2 1161 1327 74 136 U+3089 1559 1922 43 87 U+3060 1549 1567 89 83 U+3059 214 848 53 78 U+8FD1 777 1332 65 110 U+307B 197 998 89 76 U+307E 1558 658 54 105 U+30A2 791 781 48 65 U+3044 1550 1863 71 57 U+3055 397 1697 55 76 U+3053 1553 464 67 72 U+30F1 976 1672 76 41 U+3084 1347 579 87 56 U+8CB7 1341 957 94 132 U+3092 379 2586 75 65 U+3044 770 1445 76 70 U+30F2 979 817 56 80 U+3072 631 728 64 65 U+304A 1532 1796 91 64 U+3088 1564 355 42 106 U+7CF8 972 584 81 116 U+305F 789 1937 47 93 U+307E 1357 1818 53 91 U+5FA1 960 964 82 68 U+3068 1563 2580 51 68 U+30CF 210 1542 70 45 U+3066 1365 1082 45 96 U+304D 554 588 62 63 U+3076 1537 1223 94 89 U+3068 794 1514 46 70 U+3058 804 624 50 93 U+306A 639 362 56 67 U+3069 227 1071 55 74 U+516B 805 2560 78 39 U+3084 394 628 85 65 U+3069 565 414 54 56 U+3055 592 1959 53 69 U+30B3 592 1164 59 42 U+307E 782 1008 64 77 U+516B 676 1129 66 42 U+308A 777 925 64 96 U+305F 1546 2456 60 69 U+3055 967 2439 61 66 U+30EA 608 1205 31 64 U+30EC 1355 2372 74 52 U+30B3 1367 2320 51 38 U+6B64 276 1700 70 72 U+3055 1357 1663 66 74 U+3093 555 756 68 60 U+304B 571 714 28 46 U+7CF8 1052 808 59 82 U+304B 410 931 34 53 U+51E6 958 2578 98 64 U+304B 824 2455 34 39 U+306F 961 700 82 62 U+3089 1530 1705 68 101 U+306D 759 2313 81 86 U+3058 422 2128 38 70 U+3060 638 783 64 55 U+306F 822 2586 43 62 U+3057 993 1802 18 103 U+304B 211 2598 46 46 U+305B 777 1084 73 88 U+308B 591 2190 53 64 U+3093 730 2600 70 51 U+4E01 376 2523 83 73 U+3058 420 537 41 95 U+3053 1552 911 59 69 U+304B 1560 1651 35 52 U+304F 1356 1438 62 56 U+304B 688 1040 29 34 U+30C4 797 2174 46 54 U+3057 659 838 16 102 U+3057 1385 1903 22 131 U+305E 1551 2272 64 86 U+3057 1574 533 20 133 U+304C 649 423 52 40 U+3057 1382 499 18 82 U+3089 647 671 26 63 U+3089 1178 2323 40 74 U+3073 732 2445 78 72 U+3057 575 903 14 69 U+30FD 237 1683 23 32 U+3057 1190 1645 22 116 U+3057 1191 940 21 116 U+3057 1579 1304 20 107 U+309D 614 1456 23 34 U+3089 658 464 24 48 U+7CF8 282 1760 56 87 U+3057 999 1430 15 90 U+3046 753 2517 31 53 U+306B 737 2556 39 44 U+30FD 242 1591 18 26 U+8DB3 396 446 77 94 U+3057 424 980 15 74 U+30FD 243 1622 15 25 U+3093 558 865 72 47 U+3057 1572 760 23 75 U+30FD 241 1653 15 24 U+3057 575 802 10 70,umgy012-019
U+3089 1419 352 66 95 U+306E 645 1362 78 71 U+306B 641 1955 93 81 U+3072 1398 1634 89 79 U+304C 1209 2359 75 66 U+82B8 638 1697 99 140 U+3082 1416 1540 51 94 U+3093 1211 867 98 94 U+306F 628 1640 94 45 U+304A 1214 420 85 55 U+305F 1404 1881 73 82 U+3044 267 1198 74 60 U+91D1 1212 481 97 121 U+7A00 623 2052 114 142 U+306B 1388 2044 64 57 U+306E 83 602 63 59 U+79C1 1397 614 98 97 U+308C 251 2401 115 79 U+3066 67 1230 79 80 U+5207 629 1547 96 83 U+3066 281 779 48 114 U+3092 1022 347 79 75 U+3066 445 1831 80 85 U+6B64 1211 347 92 76 U+3051 637 2438 80 82 U+4ECA 418 2436 120 123 U+5206 83 471 71 113 U+79C1 1193 2247 97 107 U+81EA 83 354 65 114 U+3066 89 2196 40 109 U+91D1 439 674 105 113 U+306B 448 2560 88 74 U+6CE3 261 899 89 113 U+304A 1398 1490 89 54 U+304A 1024 1184 84 58 U+3052 913 1819 68 68 U+308C 271 446 60 102 U+6301 70 1128 92 95 U+306D 640 347 76 85 U+306B 464 1191 57 62 U+306E 461 603 59 62 U+3044 644 652 79 54 U+3093 443 1089 108 103 U+5927 1397 1020 92 93 U+3084 820 966 89 72 U+304A 817 2267 89 67 U+306A 1013 2560 96 69 U+307B 76 2317 70 72 U+3067 1018 2030 86 80 U+30F1 1399 2553 88 54 U+3066 249 2091 84 86 U+306A 259 1771 75 89 U+8A00 81 2074 59 122 U+3060 271 348 83 98 U+516B 1378 1980 79 56 U+3075 249 1258 97 75 U+3066 446 1440 87 85 U+9020 1391 1111 108 106 U+306D 432 2303 101 105 U+305D 270 2539 59 76 U+4E0A 1219 1007 69 81 U+30B5 1216 1892 65 79 U+305B 1210 1384 82 87 U+5FD8 74 837 80 108 U+3046 847 1280 41 102 U+3080 1388 2103 63 56 U+3092 643 570 86 79 U+4FE1 634 1441 93 98 U+3066 1222 2534 68 108 U+6301 1196 2433 98 99 U+306A 68 1445 76 79 U+3075 643 707 80 72 U+3093 1021 1726 101 100 U+30C4 1039 1244 56 56 U+304A 1013 1486 89 64 U+898B 251 2182 76 98 U+30A4 1427 1698 38 69 U+5EF6 633 899 102 85 U+58F1 452 353 65 115 U+3066 1016 849 77 70 U+8005 633 1836 98 115 U+3093 642 1276 105 81 U+3057 1022 926 81 80 U+6765 258 643 84 133 U+3092 445 788 92 87 U+6D25 643 979 86 115 U+3075 55 2391 89 66 U+3092 258 1110 98 91 U+3093 1021 1374 98 97 U+304C 1039 1123 69 53 U+884C 70 1311 86 128 U+306A 634 2189 99 78 U+3031 843 2076 56 178 U+6B64 1282 1648 73 64 U+305E 271 554 72 85 U+3058 862 890 43 84 U+304A 1214 663 84 57 U+305F 1025 682 56 87 U+3066 74 1044 76 81 U+305B 1023 1299 75 79 U+3044 261 1606 82 74 U+3059 841 1705 62 96 U+307E 1417 842 54 106 U+305D 1029 1832 64 85 U+3078 630 851 107 48 U+306A 647 778 79 73 U+308C 79 943 58 98 U+7F6E 1224 1174 61 124 U+305F 451 1664 75 83 U+3044 1208 2161 83 69 U+3044 1410 543 77 61 U+307E 831 2477 56 82 U+307E 1026 1549 57 96 U+3044 1408 1344 76 68 U+306A 72 1755 70 77 U+306F 1464 2138 56 41 U+3046 1233 1472 42 115 U+3068 1430 1411 51 71 U+30A2 1434 769 49 68 U+30E8 850 537 50 57 U+3044 1019 2112 84 64 U+307E 833 342 75 98 U+9060 1404 1215 72 125 U+3060 643 2367 76 68 U+30CD 1237 1581 66 73 U+3089 451 1006 61 92 U+3092 1013 2342 88 85 U+3089 1220 785 59 88 U+8CB7 1011 2436 85 120 U+304A 1204 1976 86 57 U+307E 1227 1299 51 89 U+306F 1207 601 86 51 U+3053 274 2475 55 60 U+305F 1412 946 66 67 U+307E 81 1518 51 100 U+6B69 450 470 88 113 U+51FA 70 2545 85 67 U+7269 1005 2245 110 96 U+305F 1030 1057 65 66 U+3044 451 1597 77 67 U+3044 1220 722 72 61 U+6301 443 1257 96 101 U+3084 1408 708 84 59 U+306F 274 1676 46 91 U+304A 446 881 88 62 U+6C11 1480 2291 66 81 U+30A2 847 1041 54 85 U+308F 839 1129 47 82 U+306F 462 1912 53 94 U+3072 1385 2192 62 53 U+30EC 843 1983 58 48 U+3044 835 1537 72 76 U+3044 454 946 70 60 U+305E 85 1919 71 70 U+30B5 831 2034 68 75 U+304B 275 1315 45 64 U+305D 262 2330 57 76 U+3089 836 2563 54 66 U+3092 265 1918 88 84 U+30E2 1403 2402 68 47 U+304A 450 1527 83 68 U+3057 1436 1764 17 116 U+308C 1027 1914 67 114 U+3052 1455 2208 73 72 U+3078 1217 974 96 38 U+3078 640 433 94 41 U+3054 843 1391 82 58 U+3093 83 1822 101 99 U+307E 849 1613 53 90 U+304F 260 1385 73 53 U+308B 844 1212 43 65 U+308A 73 2453 53 75 U+3084 251 2286 88 56 U+307F 1475 2077 35 60 U+308C 836 766 65 99 U+30B7 1417 2463 68 64 U+3066 1384 2240 65 46 U+6C11 905 605 71 83 U+3055 654 1210 58 69 U+30EC 1225 1842 62 44 U+3066 1232 1090 50 102 U+306F 73 775 79 54 U+305F 1466 2021 47 56 U+307E 452 2123 64 104 U+30B3 851 1937 44 38 U+3056 846 1450 72 80 U+306F 1033 1645 47 84 U+3089 456 2224 47 83 U+3058 476 2005 44 124 U+3078 428 2409 114 58 U+308B 1038 2176 42 61 U+308C 639 2518 64 80 U+3068 1041 767 43 79 U+3068 92 1987 53 87 U+304A 1463 1974 65 51 U+304B 1047 1006 38 52 U+30A2 1216 1781 64 74 U+6C11 818 2332 88 113 U+3057 1430 447 19 95 U+7CF8 1294 1709 55 89 U+304B 1219 2032 45 49 U+3064 811 2429 80 49 U+308A 1029 422 55 92 U+3068 471 1746 47 85 U+3069 644 2588 77 56 U+308B 278 1440 48 63 U+516B 920 1886 59 45 U+3057 1047 567 19 105 U+8CC0 639 1101 89 103 U+304B 925 1786 32 41 U+3057 478 1345 17 103 U+3057 870 439 15 94 U+3057 103 1612 25 132 U+304B 1468 2180 31 41 U+305D 839 692 56 73 U+304B 1401 2159 33 36 U+3057 285 1504 22 103 U+3057 276 1852 42 80 U+3057 1230 2074 29 91 U+3057 291 1976 15 113 U+30A4 1036 497 45 68 seg_fp 89 681 41 57,umgy012-020
U+306E 1143 1713 77 60 U+306E 1524 1513 70 64 U+306E 1518 1110 70 56 U+306E 1335 2007 69 62 U+5ED3 1303 1442 114 164 U+306E 1521 756 67 62 U+306E 572 1475 74 64 U+3031 770 2415 58 185 U+306A 755 1508 78 96 U+7533 201 1830 51 131 U+304A 554 630 96 60 U+5916 1498 1186 114 123 U+969C 1499 845 104 158 U+7533 391 1932 59 134 U+9019 748 1765 109 122 U+616E 368 357 91 143 U+306B 1520 1319 87 76 U+5973 1495 1409 113 84 U+3059 571 2201 99 93 U+969C 736 363 104 134 U+304A 371 946 99 58 U+4E45 173 1295 107 112 U+304F 207 1510 37 99 U+305F 384 2088 69 91 U+306A 381 2345 90 82 U+30C1 1529 1955 69 86 U+306F 196 2579 70 46 U+4F55 559 1364 100 99 U+3066 749 1675 84 87 U+304C 1156 2043 61 59 U+3070 756 2118 87 63 U+4F55 1125 2119 103 98 U+3070 176 915 98 65 U+306A 1520 2382 85 91 U+30A4 196 1184 51 77 U+852D 1325 2087 97 144 U+3093 1136 617 104 94 U+5A18 1122 1583 108 108 U+3082 1524 477 56 116 U+3067 1130 712 82 79 U+3067 579 1758 69 95 U+3052 1226 1242 67 67 U+5165 1495 593 104 85 U+3044 1141 943 70 66 U+3060 188 361 88 94 U+304A 369 2442 86 64 U+7528 577 1625 65 135 U+9060 755 1137 79 146 U+5FA1 569 1556 76 64 U+3046 399 1651 44 100 U+304A 179 1620 83 60 U+898B 374 1831 87 104 U+304B 390 1760 45 65 U+5FA1 1516 2172 83 53 U+3082 755 1021 66 104 U+616E 763 1289 72 140 U+516B 1319 2235 113 67 U+30A4 1535 1864 40 72 U+6C11 1394 573 66 80 U+30C8 983 2571 39 66 U+3054 578 1858 76 69 U+5A18 253 981 83 91 U+3044 572 2024 80 67 U+660E 752 689 86 88 U+3061 390 728 70 84 U+306A 943 1899 80 84 U+6C11 837 2185 69 92 U+9022 172 1691 105 141 U+3067 930 1102 86 80 U+514D 1514 2238 108 133 U+306A 380 1196 69 74 U+307E 1137 423 55 90 U+58F0 1131 1788 75 151 U+3093 1136 2466 108 84 U+30F1 1331 1085 80 49 U+3084 369 2190 99 65 U+5165 928 1820 121 84 U+3059 1133 1110 79 85 U+3044 192 602 79 64 U+3060 1146 1951 86 91 U+304A 946 1625 88 68 U+3078 547 579 121 59 U+307E 580 2103 59 104 U+30A4 962 2464 44 80 U+304B 582 2292 55 59 U+3052 660 2348 71 64 U+5165 752 1894 98 64 U+3093 186 2150 113 97 U+30A4 1335 714 47 91 U+306A 755 787 75 84 U+3044 953 2074 79 67 U+3055 1341 2298 58 75 U+30CF 194 1136 80 38 U+307E 194 1979 61 100 U+30C6 385 1470 63 83 U+3093 1330 2371 95 77 U+3078 1322 1620 108 60 U+3078 370 1353 112 57 U+77E5 1135 2286 99 104 U+30CF 381 1419 90 37 U+3046 402 2253 37 93 U+305B 371 1265 79 84 U+3044 559 1062 79 65 U+308A 398 1093 51 87 U+58F0 1515 1588 81 160 U+9019 933 1698 109 121 U+3059 946 1526 94 97 U+53E3 1520 679 64 53 U+30A6 1340 1345 45 90 U+5B50 1519 1005 74 91 U+305B 177 2071 95 80 U+3069 1341 817 68 73 U+3061 572 424 67 83 U+51FA 1334 1909 90 82 U+3088 1349 1659 42 99 U+306A 568 897 75 79 U+307E 571 1134 66 100 U+305F 1323 986 75 84 U+30CA 1149 1500 56 65 U+4E8C 991 686 66 37 U+304D 199 2455 69 105 U+3092 767 1434 79 65 U+3044 1526 2565 79 67 U+5B50 386 2535 75 91 U+308A 563 786 72 110 U+306A 376 501 74 75 U+3055 1535 2481 57 78 U+3078 1111 511 113 59 U+307E 1332 359 60 91 U+6C11 1021 738 66 92 U+306E 1333 2454 74 70 U+3055 950 1985 66 84 U+3078 369 886 99 51 U+306A 1327 894 81 93 U+304A 1336 1841 80 64 U+3076 175 664 104 75 U+4E0A 565 703 78 85 U+308C 192 801 64 115 U+304B 198 741 46 63 U+3089 768 921 49 98 U+3056 574 1930 75 91 U+516B 1234 1311 48 42 U+30CF 956 2421 74 41 U+304C 776 865 58 55 U+306D 762 2039 78 86 U+3060 1153 2212 68 72 U+30CF 1531 1813 69 48 U+30CF 1155 1379 70 34 U+3055 1138 551 52 69 U+307E 1139 1018 59 99 U+5FA1 573 2456 76 62 U+3053 390 656 60 68 U+30CE 1340 1292 43 55 U+3061 199 2366 72 98 U+304F 1350 1752 42 81 U+3056 949 1260 93 87 U+3056 1139 863 81 77 U+3044 914 401 56 45 U+30B5 765 2284 68 62 U+3054 957 1190 76 65 U+4E0A 384 1012 66 82 U+3092 757 604 85 76 U+304B 1145 1192 51 50 U+304C 210 460 62 65 U+3061 954 938 64 77 U+5B50 755 516 76 93 U+30CF 1335 679 64 42 U+3068 202 524 48 63 U+3044 950 1349 75 68 U+308C 920 569 47 95 U+30A2 770 2352 52 62 U+3057 224 1389 17 117 U+304F 400 563 47 84 U+304A 1127 359 80 59 U+3055 571 980 60 75 U+3053 953 859 49 73 U+3054 1143 798 71 60 U+3078 912 447 75 44 U+307E 944 1431 72 97 U+308F 196 2276 52 83 U+30A2 1350 1218 53 69 U+3057 981 2248 29 111 U+306E 1200 2594 53 47 U+304D 994 479 50 73 U+3089 1162 2380 45 97 U+307E 964 2160 48 92 U+304B 670 2317 32 39 U+304B 1231 1211 35 38 U+308B 920 667 40 49 U+7CF8 1132 2537 55 74 U+516B 663 2411 57 31 U+304B 926 365 28 33 U+9060 579 2518 63 113 U+3057 602 1228 17 106 U+3089 587 508 32 77 U+3066 1000 591 36 78 U+3068 1002 419 24 55 U+3053 1203 2554 35 40 U+3057 1551 373 13 106 U+3053 576 361 55 60 seg_fp 680 2464 36 46 U+3089 408 812 27 70 U+51E6 1307 2527 113 82 U+30C6 1146 1423 63 84 U+304B 922 480 37 47 U+4E01 996 366 52 62 U+3057 1360 446 22 107 U+3089 789 1954 30 85 seg_fp 1544 2037 42 114 U+3089 970 1015 32 86 U+306F 1136 2613 49 31 U+3068 397 1551 46 100 U+3057 788 1602 19 77 seg_fp 670 2512 49 49 seg_fp 1012 553 20 40 U+304F 935 521 23 51 U+306F 1331 2593 91 42,umgy012-027
U+5C0F 255 2306 110 67 U+7533 842 2538 62 115 U+306E 280 2494 71 54 U+514D 825 380 104 120 U+6C17 836 1416 76 123 U+30A4 1420 1875 57 99 U+306B 1227 380 81 61 U+3082 96 2190 55 92 U+79C1 71 1353 93 121 U+305F 1218 2228 68 88 U+305F 272 586 66 92 U+307E 271 1806 69 99 U+306A 452 2408 100 91 U+304C 856 1556 69 54 U+30A4 293 2210 43 80 U+5C11 843 2192 84 110 U+30A4 1427 1007 43 89 U+3051 1411 1523 83 106 U+304A 1207 2329 101 62 U+5C45 249 1426 111 111 U+305D 1036 1709 65 96 U+7434 1407 513 91 138 U+306B 106 375 47 84 U+3064 1217 1590 87 119 U+3066 465 2145 74 93 U+4F55 255 1061 104 99 U+4E45 1396 2217 107 110 U+3059 1021 774 85 97 U+304A 456 2243 87 58 U+5C45 1214 455 96 105 U+306E 1415 757 68 71 U+30C8 868 1163 41 79 U+3060 1418 1369 79 89 U+65B9 259 2563 96 84 U+306A 266 1545 83 93 U+304F 667 1522 46 93 U+304A 257 1355 99 62 U+30CF 283 2161 79 50 U+304F 1417 2387 53 69 U+3059 265 1898 104 97 U+3067 1024 376 86 76 U+306B 646 783 82 66 U+8776 1211 2396 101 117 U+6885 248 2389 114 81 U+305F 1038 2463 69 88 U+30B5 656 2298 74 75 U+3046 660 1044 46 99 U+30CD 1422 1628 70 68 U+3075 67 1926 103 79 U+5510 1404 380 82 119 U+3042 87 2287 85 101 U+75C5 826 1259 101 131 U+3082 472 1767 57 107 U+3046 482 1013 39 87 U+3052 1499 839 68 68 U+306B 276 1277 61 70 U+51FA 466 2308 89 86 U+3081 86 2443 75 84 U+3051 84 2090 80 103 U+4ECA 261 678 114 124 U+7528 85 1646 66 119 U+3067 1021 1906 82 90 U+672C 1397 2447 90 104 seg_fp 1043 1428 54 86 U+306A 659 1863 83 87 U+305D 89 1091 63 95 U+5A18 1093 906 80 82 U+304C 94 2569 69 70 U+306B 468 735 63 62 U+30F1 274 1998 100 52 U+3055 657 373 62 77 U+30E8 116 774 42 47 U+30CF 94 951 86 41 U+51E6 243 1175 111 99 U+305F 656 2100 77 79 U+6642 456 642 98 99 U+30C8 870 1632 40 91 U+306B 94 1485 59 76 U+5BB6 1404 2549 88 115 U+3089 1247 1089 34 79 U+30C4 862 1091 49 58 U+3084 1203 1526 106 73 U+898B 825 2438 99 102 U+30A2 286 974 51 84 U+306D 642 454 98 104 U+30A6 1418 2119 55 108 U+306D 450 470 88 86 U+5927 646 862 88 93 U+6B64 833 734 99 100 U+3059 97 671 54 89 U+30C1 852 1012 72 84 U+3044 84 1856 80 71 U+3078 633 559 122 53 U+304A 639 2385 92 65 U+306A 1223 767 76 86 U+306F 835 945 88 55 U+307E 96 570 48 99 U+3044 1037 608 73 61 U+3044 270 1731 86 68 U+5C45 73 460 94 110 U+304A 644 1625 92 59 U+30A2 90 1008 70 89 U+3052 175 841 68 64 U+3069 471 930 83 80 U+30B3 660 2195 57 51 U+306A 659 1683 75 84 U+30CF 1414 962 83 45 U+306A 1414 1184 79 98 U+304B 1050 2552 42 46 U+3064 647 1247 83 66 U+3068 1235 1704 49 85 U+3044 1024 2160 93 73 U+3060 1225 934 86 94 U+30CF 1237 1357 64 45 U+307E 1041 2235 53 118 U+8776 337 2050 86 83 U+3084 267 894 91 75 U+30C4 1439 1464 51 63 U+3054 1037 460 80 64 U+305F 467 1900 68 94 U+307E 1032 681 65 99 U+30CF 1419 1840 73 42 U+305B 829 588 92 87 U+3066 77 1279 76 77 U+3066 477 1219 45 112 U+308A 677 1762 41 80 U+3078 74 2530 96 48 U+3059 648 1943 95 89 U+305F 1416 1280 73 83 U+306A 889 1838 59 65 U+306D 464 2062 87 89 U+30A4 1041 1098 47 95 U+3056 1037 526 81 78 U+3072 1226 1962 88 80 U+30EC 656 2248 73 49 U+3055 469 2504 62 82 U+30A2 1234 1439 61 88 U+30A2 1437 1990 57 73 U+3093 1224 839 94 104 U+4E0A 480 379 63 64 U+5FA1 1035 2605 76 58 U+8336 653 2446 69 117 U+308F 98 2003 42 85 U+3069 1425 1114 75 70 U+3046 658 595 46 112 U+5FA1 81 1573 74 73 U+307E 282 375 58 107 U+3055 1225 2518 62 64 U+3061 650 702 73 77 U+30EC 1044 1377 69 48 U+3052 1118 1186 72 70 U+306A 842 513 72 78 U+3093 1219 2579 95 83 U+516B 1514 908 44 43 U+5A18 1467 1704 87 93 U+9593 845 842 63 104 U+516B 1305 1234 52 45 U+3057 684 1402 18 121 U+3078 452 1875 111 59 U+3046 666 1149 45 101 U+3055 273 1637 66 85 U+308F 474 1351 52 85 U+3044 462 2587 71 56 U+51FA 1223 2055 82 77 U+3044 888 1723 60 55 U+3031 1043 1512 50 168 U+3054 1041 1997 69 69 U+305D 660 961 46 83 U+30A2 482 856 45 72 U+304B 1233 1028 44 62 U+3078 827 680 104 50 U+304B 462 580 59 68 U+3069 474 1695 75 76 U+304F 670 1310 38 80 U+3092 645 2564 107 92 U+3068 99 1779 41 78 U+3064 464 1997 82 64 U+304B 1055 864 36 55 U+3056 1032 2070 89 88 U+3072 889 1779 66 58 U+3064 656 2030 81 70 U+30E4 1029 1324 72 61 U+307E 1230 569 57 96 U+3057 874 2311 17 128 U+3048 824 1934 57 76 U+308B 95 2386 50 60 U+304A 808 1728 71 59 U+304B 829 1885 37 46 U+30DE 455 804 75 41 U+305F 459 1437 67 76 U+304F 465 1513 56 59 U+3078 448 556 108 51 U+3058 304 803 47 106 U+30F1 1222 1293 91 52 U+3046 1045 1805 47 108 U+304D 823 1787 51 83 U+3066 822 2072 55 67 U+3052 1300 1172 62 61 U+3053 897 2081 43 45 U+30CE 1435 2054 34 71 U+516B 172 911 71 35 U+516B 1125 1257 55 36 U+304B 1507 811 33 35 U+304B 184 804 31 41 U+5C4B 1409 648 88 102 U+3059 887 2012 68 69 U+3057 104 1180 23 100 U+3057 491 1116 16 98 U+308A 835 2009 32 60 U+3057 483 1572 23 123 U+304B 1131 1151 33 39 U+3057 313 475 20 113 U+3057 1069 2347 20 114 U+3057 1261 2128 17 105 U+3057 1450 2300 15 93 U+3089 903 1949 29 67 U+3057 1257 658 22 109 U+304C 909 1904 48 44 U+3082 1245 1863 51 98 U+3057 913 2128 12 69 U+30CF 1038 1044 80 51 U+304A 1219 1802 75 65 U+304B 1305 1143 35 31 seg_fp 1261 1397 26 45,umgy012-028
U+91D1 188 1255 110 126 U+30B5 208 1921 84 99 U+304A 194 1190 95 67 U+306B 587 1228 63 72 U+306E 203 2364 82 76 U+3082 587 701 70 113 U+4F55 761 1423 102 106 U+3051 1536 1960 88 112 U+5ED3 1516 1004 110 147 U+4F7F 1517 1204 115 132 U+4F55 949 898 100 120 U+304C 1356 1090 77 63 U+3082 1545 1528 70 121 U+306A 396 659 89 80 U+305F 1149 2556 75 82 U+68D2 567 1102 106 130 U+85AE 566 817 107 129 U+3067 400 922 73 82 U+304C 970 358 87 81 U+91D1 187 2438 118 120 U+3066 575 617 82 85 U+307C 782 1522 83 93 U+305D 973 2534 66 100 U+3072 578 1967 92 79 U+8A00 1345 1601 66 99 U+3046 416 1377 43 108 U+6240 959 1028 89 132 U+305D 209 2276 63 84 U+53C2 1537 1638 79 147 U+308C 1530 448 82 104 U+304A 1146 711 89 69 U+30A6 1156 605 59 107 U+304C 1349 2166 71 75 U+307E 207 356 72 88 U+3072 1344 2340 87 85 U+3046 404 1799 57 122 U+8776 268 598 90 81 U+304F 1359 1493 36 101 U+5207 1329 2436 108 89 U+3059 196 441 101 99 U+306F 598 2550 61 87 U+306E 198 2559 83 79 U+304B 599 937 50 72 U+3042 1151 1888 79 98 U+3059 208 874 71 102 U+3060 776 924 93 75 U+306A 1536 743 76 93 U+306E 393 2267 77 80 U+304C 769 2022 91 81 U+3089 593 1005 56 92 U+3060 774 1307 89 98 U+5165 184 1459 108 84 U+304C 216 1381 77 70 U+3078 947 1246 122 63 U+30F1 966 2346 87 56 U+305E 1540 911 90 89 U+4E2D 768 2249 85 126 U+305F 396 2185 75 75 U+30CD 1547 2150 69 68 U+3066 1361 2533 51 102 U+3078 768 1777 114 60 U+3042 395 1010 86 82 U+304B 1548 2075 52 70 U+3078 1521 1158 113 53 U+30C8 1377 1163 31 77 U+306B 1146 1101 91 89 U+3089 218 1824 47 96 U+3042 1352 628 79 87 U+3093 1147 996 107 104 U+3031 412 466 55 173 U+3059 211 1658 67 104 U+305D 1352 1717 63 82 U+30F1 230 535 70 51 U+3051 395 839 87 94 U+3067 392 2343 84 81 U+3064 583 2053 83 63 U+307E 203 1542 65 117 U+3057 1342 1249 85 95 U+307E 1352 804 56 105 U+3070 1344 1340 100 67 U+3092 575 1702 86 85 U+3093 1341 983 110 103 U+308C 1351 1916 65 128 U+305B 383 1281 92 97 U+3093 581 1387 112 102 U+3064 959 1372 85 114 U+307E 1162 783 51 91 U+3078 1150 877 99 49 U+304F 1342 1838 87 75 U+306A 577 1489 77 87 U+8776 1597 2220 81 86 U+304A 771 1620 94 71 U+304A 574 1793 94 69 U+305D 588 1316 63 75 U+3064 395 2103 85 85 U+306A 400 1925 80 91 U+304C 391 1501 89 84 U+79C1 946 684 106 121 U+3093 1536 825 103 85 U+3082 1542 642 62 94 U+30A2 400 1634 71 80 U+30A2 1170 475 62 73 U+8776 1222 357 83 75 U+306A 588 361 82 86 U+80B2 775 2522 68 118 U+306A 775 1104 76 85 U+308A 794 364 48 103 U+307E 1156 2367 70 96 U+3044 402 2560 75 74 U+3081 781 1689 69 90 U+3066 1165 2065 52 96 U+3088 415 361 52 86 U+30A4 215 765 48 96 U+3093 779 819 102 90 U+3068 784 748 57 76 U+3068 1547 554 53 90 U+30A6 976 588 53 87 U+3069 406 1714 83 81 U+3082 601 1864 46 103 U+601D 1343 2246 91 95 U+516B 1059 2278 58 43 U+305D 1545 366 57 82 U+304B 220 1761 44 65 U+308B 593 2382 51 69 U+30A2 969 446 67 84 U+30A4 974 2401 53 109 U+306A 980 2116 72 85 U+3064 1148 1988 86 78 U+30A4 1554 2324 42 75 U+305B 1355 901 67 86 U+3093 778 1914 105 108 U+3052 1054 2208 67 67 U+30A2 783 671 58 73 U+30B5 223 2136 68 79 U+308B 1549 1784 55 74 U+307E 403 1192 59 101 U+30C1 1164 1188 67 69 U+30CF 216 726 76 52 U+3055 596 451 62 81 U+305D 1535 2494 64 70 U+516B 298 2065 63 47 U+5176 765 2094 88 135 U+308F 1542 1865 61 96 U+3064 580 533 87 85 U+3053 403 2424 72 61 U+3089 1378 1406 34 87 U+306B 1540 1341 56 81 U+3067 1550 1423 74 108 U+3055 777 1841 63 75 U+3053 213 980 52 66 U+30F1 1535 2444 77 50 U+3055 402 2022 62 77 U+3055 1159 933 62 65 U+304A 760 2457 92 64 U+3084 582 2326 84 59 U+306F 774 1009 61 91 U+304C 1166 1814 77 76 U+3056 402 2487 99 73 U+3084 961 1298 91 74 U+305E 972 1163 82 81 U+3068 594 2455 57 92 U+308A 1362 713 50 97 U+53C2 1157 2150 77 132 U+308F 409 749 51 89 U+3066 982 1485 46 117 U+30A2 227 2206 52 72 U+3067 770 2369 80 88 U+304F 404 445 55 65 U+3075 1521 2570 96 71 U+308A 415 1088 48 108 U+3057 1381 2035 26 123 U+308A 1167 2282 53 94 U+3092 963 805 86 86 U+30A2 1363 529 54 104 U+30A2 784 534 55 82 U+30C4 1164 1264 57 57 U+304A 959 1612 98 59 U+3057 241 1037 23 146 seg_fp 1154 1606 81 43 U+3093 981 1731 103 100 U+3057 1193 2456 18 104 U+3057 608 2225 19 101 U+30CE 964 505 49 68 U+30FD 1565 2400 25 38 U+306E 1172 1531 59 71 U+30DE 399 1581 71 47 U+309D 1383 1802 23 35 U+3084 769 464 79 72 U+3044 976 2052 66 58 U+304B 602 2119 35 47 seg_fp 1158 1654 59 77 U+3057 809 1180 31 127 U+30C4 601 2162 51 43 U+30DE 784 617 58 45 U+304B 1065 2178 29 36 U+3052 293 1991 72 71 U+304F 974 1677 51 58 U+306A 964 1841 76 94 U+3084 1341 438 94 88 U+30C8 1185 1329 33 67 U+30CE 1158 567 40 36 U+305F 1164 1450 61 75 seg_fp 1168 1733 46 82 U+3055 963 1944 68 108 seg_fp 188 2068 125 95 seg_fp 983 1930 35 47,umgy012-029
U+65BC 1463 1928 113 90 U+6B64 140 1180 96 74 U+306E 140 737 54 55 U+306E 252 733 54 57 U+7531 1482 2027 75 81 U+306E 196 1835 56 68 U+3084 1532 1842 70 43 U+306E 284 1774 54 55 U+898B 132 796 75 79 U+5FC3 132 681 69 55 U+304D 1543 1786 49 58 U+82B1 272 1827 80 74 U+898B 102 1810 82 88 U+3046 1553 1883 34 67 U+304D 1542 1709 46 76 U+5FC3 188 1766 79 56 U+59FF 269 1680 77 92 U+7ACB 104 1894 71 84 U+59FF 235 642 84 93 U+7ACB 137 869 66 70 U+79CB 120 1538 223 116 U+7CF8 155 1296 70 109 U+82B1 235 793 76 81 U+6625 130 501 205 122 U+3055 238 1110 53 66 U+3089 237 1222 44 74 U+304F 241 1175 46 45,umgy012-032
U+898B 399 1974 75 80 U+898B 1280 673 80 83 U+306E 526 1827 52 60 U+306E 414 1917 52 58 U+7ACB 1271 757 84 66 U+5FC3 1277 567 73 59 U+306E 1289 623 54 52 U+7ACB 390 2056 91 63 U+306E 1414 594 54 60 U+82B1 1399 659 83 78 U+590F 1330 341 168 128 U+59FF 1405 496 77 99 U+82B1 510 1889 86 77 U+7C73 205 678 119 90 U+8776 1341 1792 91 88 U+5FC3 405 1864 70 57 U+5409 1342 1886 76 80 U+3042 305 532 64 71 U+516B 203 789 133 57 U+6885 1172 1766 89 83 U+59FF 512 1737 80 93 U+3084 296 598 76 73 U+3081 309 664 57 63 U+306E 1272 1835 41 42 U+304D 1268 1757 52 69,umgy012-033
U+4ECA 1202 1904 114 134 U+306E 452 1897 77 71 U+306E 1213 2032 79 86 U+672C 828 1228 82 118 U+306E 265 657 80 84 U+306A 641 1546 85 85 U+306B 471 2174 53 65 U+306B 1229 809 54 66 U+8449 458 1396 71 134 U+3031 104 872 73 179 U+8AA0 1199 698 115 113 U+5E97 821 1350 92 118 U+3066 89 349 72 83 U+53E4 1012 1118 96 83 U+306E 1036 2045 69 68 U+30B5 1423 1765 62 79 U+3067 813 2562 86 75 U+305D 1045 356 59 89 U+3093 450 1805 108 95 U+5F8C 1206 2374 108 109 U+306E 1217 1074 78 67 U+3042 1025 705 79 89 U+306F 1206 2323 97 61 U+3090 1413 597 76 76 U+3059 647 2175 69 88 U+3060 1028 554 88 83 U+3059 70 2221 91 86 U+3042 639 346 100 91 U+306F 1403 973 85 62 U+4EBA 1007 1955 124 108 U+592A 1034 1522 63 83 U+6B64 1489 1842 66 76 U+77E5 444 699 96 96 U+3054 1028 2552 71 68 U+5909 653 1417 78 129 U+304C 656 2555 66 64 U+3067 646 1747 70 91 U+3059 835 549 85 95 U+3075 246 1252 105 86 U+305F 841 1747 62 68 U+5C45 434 2245 103 119 U+65E6 1214 2124 76 89 U+306A 1408 681 92 85 U+307E 655 2068 50 109 U+5343 461 1299 66 98 U+3093 829 989 110 83 U+306F 831 2312 79 53 U+305D 83 1663 56 89 U+9CE5 1018 1209 90 122 U+9B3C 829 1821 97 122 U+305D 84 2303 65 85 U+3046 1050 447 38 102 U+305B 1399 1354 94 81 U+3042 80 1035 81 99 U+3059 643 608 83 99 U+5BB6 449 2046 88 119 U+3075 1003 1770 102 79 U+30F1 1213 505 84 59 U+3044 1404 2330 79 62 U+3044 646 2003 75 64 U+307E 82 2118 58 107 U+5175 842 1942 64 107 U+305D 95 425 57 87 U+304D 1218 884 74 100 U+3069 470 342 74 81 U+3051 839 1651 78 100 U+885B 269 548 80 110 U+3076 1202 1214 112 79 U+3093 1408 1432 112 90 U+3067 258 1604 79 83 U+3060 83 755 88 73 U+90A3 1207 2222 97 94 U+3056 1411 2240 84 87 U+885B 835 2050 95 97 U+306A 838 1059 69 86 U+898B 1200 2483 96 91 U+3044 1412 1187 73 67 U+91CD 257 1954 73 118 U+306E 459 1532 72 76 U+85E4 445 1613 89 125 U+308C 459 797 74 104 U+306A 1211 1626 82 97 U+3093 830 2236 107 84 U+3067 1408 892 87 80 U+6765 76 1443 76 141 U+8005 255 1474 99 126 U+304C 466 2566 64 57 U+30E2 1216 573 69 58 U+305C 837 347 95 89 U+30B5 1229 1829 65 77 U+304C 277 1891 71 57 U+30E2 1033 1003 56 58 U+307E 266 2252 68 85 U+308C 263 1775 72 115 U+3069 853 2162 64 79 U+3059 1394 2485 96 97 U+308C 645 2457 73 94 U+3067 1020 2458 79 79 U+8776 900 630 72 89 U+5909 1410 1610 87 174 U+305D 844 921 55 73 U+76D7 1029 1844 79 117 U+3082 1227 982 60 95 U+307E 1422 1264 56 98 U+7537 456 2447 70 113 U+677E 256 350 99 94 U+3052 739 823 62 72 U+30A2 656 1256 50 77 U+3046 472 431 38 90 U+5FE0 251 2073 100 99 U+3044 265 1185 81 67 U+304C 1044 635 64 66 U+3067 76 1841 80 83 U+305C 71 2002 90 84 U+3050 1412 460 84 71 U+305D 651 2373 56 80 U+3054 85 1935 76 67 U+3064 1215 1155 79 61 U+5175 269 435 59 114 U+6587 1029 1426 88 103 U+5927 641 1323 94 88 U+308C 76 2386 80 101 U+3068 475 1220 47 77 U+307E 662 519 48 91 U+3060 1216 2561 92 69 U+4EBA 797 2487 133 86 U+3078 65 2084 103 60 U+305F 455 2363 64 70 U+3093 1407 2151 96 105 U+3089 96 668 41 88 U+3066 453 634 75 80 U+30F2 1420 1932 53 87 U+30A2 662 1117 53 86 U+3054 657 1848 67 63 U+30A2 1041 925 53 84 U+3093 81 825 90 81 U+76D7 832 2371 78 118 U+307E 857 465 44 86 U+5DE6 1013 1329 94 104 U+305D 1036 2279 59 89 U+982D 1020 2121 82 104 U+3091 70 2544 87 83 U+3075 457 1147 81 72 U+53EC 267 2384 70 75 U+4E94 267 741 82 79 U+3078 839 437 99 53 U+3056 649 1913 87 87 U+3066 74 1363 78 88 U+305F 82 1588 63 70 U+6355 244 2457 96 105 U+3084 1015 852 85 71 U+306F 1227 1531 55 94 U+306A 1406 2076 76 83 U+304A 1210 1465 85 66 U+5584 718 2261 59 97 U+5927 1405 1529 99 88 U+3086 75 2484 78 58 U+3044 1030 1704 71 66 U+308F 281 1323 44 91 U+3078 633 765 101 53 U+307E 1411 2398 59 91 U+308C 1228 1289 59 111 U+308A 658 432 61 95 U+30DE 665 1200 48 44 U+308B 283 1409 48 73 U+5584 1301 348 58 92 U+3054 1413 1034 83 68 U+308C 262 2551 71 76 U+3044 462 1082 75 67 U+308C 89 1258 56 105 U+305D 269 1679 65 96 U+308C 89 513 55 104 U+30B7 1047 1066 60 42 U+3089 837 1146 56 87 U+308A 668 977 43 74 U+5FA1 438 1976 88 70 U+3084 637 1043 96 71 U+3055 271 2181 57 73 U+30E4 1395 1997 78 78 U+3046 92 1753 39 99 U+306F 85 1194 78 62 U+3055 465 1737 52 69 U+30A4 1247 428 39 64 U+3056 1410 1101 83 84 U+3046 1040 2369 41 94 U+3078 256 2338 94 43 U+30B7 1240 643 80 59 U+3060 1029 2209 79 65 U+305F 1219 1398 72 71 U+308A 1043 791 43 65 U+305F 470 900 54 86 U+3068 288 1040 42 83 U+3064 828 1598 91 56 U+30A4 853 847 31 67 U+305D 655 900 54 77 U+3068 473 985 45 91 U+30F1 1400 2563 96 55 U+3057 479 522 17 110 U+56DB 272 820 79 64 U+3068 672 695 31 71 U+304B 101 617 35 53 U+304B 858 1466 36 50 U+90CE 275 891 76 136 U+3089 1433 530 31 74 U+304B 287 1125 44 61 U+516B 742 894 39 42 U+3068 1041 1608 45 93 U+3089 112 1130 29 65 U+3057 1253 1716 20 107 U+304B 750 794 33 38 U+30F1 847 734 61 48 U+3089 841 1515 47 97 U+30FD 877 787 22 32,umgy012-038
